4 0.3910409759615385 0.22512025 0.3827121177884615 0.23166847836538462 0.3780671730769231 0.24163317788461539 0.37790700721153847 0.25871551682692306 0.3823917764423077 0.27067315625 0.39088081249999995 0.28120726201923074 0.4014520600961538 0.27579785336538465 0.4073783653846154 0.26526374759615384 0.4075385408653846 0.24049435576923078 0.3999874206730769 0.22554962740384615 0.3910409759615385 0.22512025
4 0.41850981009615384 0.23574900240384616 0.4093800961538462 0.24315134615384615 0.4074580552884616 0.2630807427884615 0.41066146634615386 0.2795936658653846 0.4196310048076923 0.28984306730769227 0.43116328365384615 0.2878501346153846 0.43885145192307695 0.2721913245192308 0.43708957692307693 0.24827604567307693 0.4267811923076923 0.23498335817307694 0.41850981009615384 0.23574900240384616
4 0.3961127980769231 0.2723338701923077 0.3882644423076923 0.28514562259615384 0.3885847836538462 0.3087761971153846 0.3986755264423077 0.32557382692307696 0.4094069423076923 0.3247197115384616 0.4188569951923077 0.3096303100961538 0.4170951201923077 0.2862844519230769 0.40684422115384616 0.2714797572115385 0.3961127980769231 0.2723338701923077
4 0.3692525456730769 0.26822931009615386 0.3617088173076923 0.2758481153846154 0.3593085456730769 0.293219 0.3622231658653846 0.31302790625 0.37130993028846154 0.3215609783653846 0.37971089423076926 0.3200372091346154 0.38794042548076924 0.3102851322115385 0.39016925480769227 0.28864771875 0.3877689711538462 0.2755433653846154 0.3785107644230769 0.2667055456730769 0.3692525456730769 0.26822931009615386
4 0.34149072836538463 0.2660886346153846 0.3336041033653846 0.28345952403846153 0.3370330600961538 0.30936346875 0.3480057572115385 0.3188107932692308 0.35983570192307696 0.3139347596153846 0.3630932163461538 0.2977828822115385 0.36155018028846153 0.2752312043269231 0.35317793028846156 0.26365446153846156 0.34149072836538463 0.2660886346153846
4 0.4326360913461539 0.2913849471153846 0.42543525721153846 0.31241285817307696 0.4288642259615385 0.3346597860576923 0.4405227139423077 0.34502136538461536 0.45200975 0.33953581971153846 0.4571531971153846 0.3133271129807692 0.4475265673076923 0.28980382932692306 0.4326360913461539 0.2913849471153846
4 0.47002464423076923 0.2694131418269231 0.4609378798076923 0.2767272067307692 0.45665167788461536 0.2919648197115384 0.45836615625 0.31268798557692307 0.4660813389423077 0.32579233894230775 0.4792828533653846 0.32731609615384616 0.48854107211538456 0.30811669951923076 0.4875123725961539 0.28343175961538464 0.47996864423076924 0.27063215865384616 0.47002464423076923 0.2694131418269231
4 0.5115260961538461 0.2242756995192308 0.5039823677884615 0.23890381971153846 0.5060397403846154 0.2669410360576923 0.5192412668269231 0.2806548918269231 0.5334714807692308 0.2712075673076923 0.53724334375 0.24865589903846155 0.533814375 0.2270184735576923 0.5223018125000001 0.21915975240384616 0.5115260961538461 0.2242756995192308
4 0.5489655552884616 0.22121033653846153 0.5390215552884615 0.22791488942307694 0.53370665625 0.2483332980769231 0.5373070673076923 0.2702754735576923 0.5501656971153847 0.28216081009615385 0.5642244663461539 0.27149447836538465 0.5676534350961538 0.24437151923076922 0.5595953581730769 0.22425786057692307 0.5489655552884616 0.22121033653846153
4 0.5142126899038462 0.2704792283653846 0.5037543413461538 0.2656031899038461 0.4931245384615384 0.26986972596153846 0.4876381947115384 0.28785011778846153 0.49055281490384617 0.3143635769230769 0.5051259230769231 0.3259441610576923 0.5188417980769231 0.3128398076923077 0.5202133822115385 0.28724061538461537 0.5142126899038462 0.2704792283653846
4 0.522279295673077 0.27503567307692306 0.5193646634615384 0.3055109110576923 0.5320518509615385 0.3280625889423077 0.5486823341346153 0.31892001442307694 0.5526256538461538 0.2957588341346154 0.5500539302884616 0.2753404230769231 0.5360379903846154 0.2658664543269231 0.522279295673077 0.27503567307692306
4 0.5573758052884615 0.2679893076923077 0.5500035168269231 0.2890172235576923 0.5517180072115384 0.3130926610576923 0.5657767668269231 0.32833027403846154 0.5803498870192307 0.31553068269230766 0.5836074014423077 0.28810296875 0.573663391826923 0.26920831730769235 0.5573758052884615 0.2679893076923077
4 0.31993507692307693 0.3166737283653846 0.31552288701923076 0.3357203557692308 0.3197249663461538 0.3555139038461539 0.33275141346153847 0.36559741346153846 0.3459879543269231 0.3528996634615385 0.3459879543269231 0.32190221394230767 0.3325413028846154 0.30733714903846154 0.31993507692307693 0.3166737283653846
4 0.35191137499999997 0.31388846634615386 0.34686887980769227 0.32397197355769236 0.3456082620192307 0.34376552163461543 0.35191137499999997 0.36131829086538464 0.3661984543269231 0.3669202475961538 0.3758632331730769 0.3456328341346154 0.3741823918269231 0.32135772596153844 0.3634670889423077 0.3101538317307692 0.35191137499999997 0.31388846634615386
4 0.3324970841346154 0.36001656009615385 0.31989084615384616 0.35777578125 0.31043616346153846 0.37159392307692307 0.3102260673076923 0.39288131971153845 0.3167392884615384 0.4108075649038462 0.3299758317307692 0.4141687355769231 0.3396406105769231 0.3951221057692308 0.3396406105769231 0.3753285576923077 0.3324970841346154 0.36001656009615385
4 0.3391473557692307 0.37933972355769235 0.3416685961538462 0.4039882980769231 0.35448494471153846 0.41481872355769234 0.36793159855769236 0.4054821466346154 0.3694023149038462 0.3741112331730769 0.3584769158653846 0.35879924278846154 0.34619916105769233 0.3609694783653846 0.3391473557692307 0.37933972355769235
4 0.32583777884615384 0.40570909374999997 0.3142820649038462 0.40570909374999997 0.30503749038461536 0.4161660576923077 0.3048273942307692 0.4367065360576923 0.31176082451923076 0.4565000913461539 0.3268883028846154 0.45948780048076926 0.33466214663461535 0.43969424759615383 0.3336050360576923 0.4152024471153846 0.32583777884615384 0.40570909374999997
4 0.32141655769230765 0.4554931322115384 0.31238209615384616 0.4480238774038462 0.30355772836538464 0.4539992836538461 0.2974647139423077 0.4704316658653846 0.30061626923076923 0.4920925432692308 0.31175177884615385 0.50479028125 0.32645905048076923 0.4962006394230769 0.3283499879807692 0.4704316658653846 0.32141655769230765 0.4554931322115384
4 0.3542017884615385 0.40807990144230766 0.3397046129807692 0.4099472259615385 0.3321408798076923 0.42787345673076926 0.3344520240384616 0.45065472115384614 0.3481087716346154 0.46223207211538464 0.3623958365384615 0.4521485697115385 0.36176553365384617 0.4226449735576923 0.3542017884615385 0.40807990144230766
4 0.34060906730769236 0.4506546971153846 0.3282129375 0.4581239519230769 0.32506138221153846 0.4790379038461538 0.3294735576923077 0.49957837019230766 0.3443909399038461 0.5059272403846153 0.35405571875 0.4921091033653846 0.35342540384615384 0.4626055216346154 0.34060906730769236 0.4506546971153846
4 0.37518071875 0.3224417764423077 0.3745504158653846 0.3515719086538462 0.38505560817307694 0.3680042908653846 0.39829215144230773 0.3665104423076923 0.40501548317307695 0.34522303365384616 0.4016538173076923 0.3224417764423077 0.38946778365384616 0.3119848052884615 0.37518071875 0.3224417764423077
4 0.41384885576923075 0.31500561778846153 0.40502448798076923 0.3217279615384615 0.40040220192307696 0.34040112259615385 0.4035537740384615 0.36355584375 0.418261045673077 0.37102511057692306 0.430657173076923 0.35758042548076924 0.4312874903846154 0.3321849326923077 0.4243540625 0.3194871754807692 0.41384885576923075 0.31500561778846153
4 0.3821141490384615 0.36003159615384617 0.3676169879807692 0.37459665625 0.36887760576923073 0.4033533269230769 0.3802232115384615 0.4182918605769231 0.39535070432692304 0.41156951923076923 0.3997628798076923 0.3891617283653846 0.39366986538461535 0.36675393990384614 0.3821141490384615 0.36003159615384617
4 0.37749188942307693 0.4074613990384615 0.36425534615384614 0.41530412740384615 0.36068358413461543 0.43733846875000004 0.36551596634615385 0.45638508653846155 0.38085355528846154 0.4642278269230769 0.39177895432692306 0.4436873365384616 0.38918386538461536 0.4188986201923077 0.37749188942307693 0.4074613990384615
4 0.37752590625000004 0.4574940673076923 0.36533988942307694 0.45301250961538464 0.35315385576923075 0.46720412019230767 0.35336396634615386 0.492973079326923 0.3626085384615385 0.5094054639423077 0.38004716105769226 0.5030565817307692 0.3823583028846154 0.47878147115384617 0.37752590625000004 0.4574940673076923
4 0.41597019471153845 0.3673333413461538 0.40336397115384615 0.3688271899038461 0.3947496995192308 0.3904880625 0.40021239903846156 0.4166304903846154 0.41723082932692307 0.4222324350961539 0.4271057043269231 0.40355926682692306 0.42542487740384616 0.3815249399038461 0.41597019471153845 0.3673333413461538
4 0.41106479326923073 0.4153800576923077 0.4016101081730769 0.4112719615384615 0.3923655360576923 0.42172893749999996 0.39005439423076926 0.4441367259615384 0.39530699759615384 0.4635568197115385 0.4112748894230769 0.4680383774038462 0.41967904807692313 0.44787136057692306 0.41876400721153845 0.4246489254807692 0.41106479326923073 0.4153800576923077
4 0.41099171875 0.4710095480769231 0.3998562091346154 0.45681795192307695 0.38304788942307694 0.46690145192307697 0.3822074759615385 0.4941642740384615 0.393132875 0.5154516658653846 0.4084807764423077 0.5049692524038462 0.41099171875 0.4710095480769231
4 0.4176420168269231 0.45386339903846157 0.4067166177884615 0.46992231971153847 0.40860754086538464 0.5035339975961539 0.4285674158653846 0.5117501899038461 0.4390726081730769 0.4844873798076923 0.43147525721153845 0.46059508173076924 0.4176420168269231 0.45386339903846157
4 0.4295539375 0.4019354783653846 0.4165274903846154 0.41500668990384615 0.41904873076923077 0.4478714543269231 0.43438631971153846 0.46019574278846154 0.4493036875 0.4366675528846154 0.44342079567307696 0.4101516682692308 0.4295539375 0.4019354783653846
4 0.4343953125 0.34182437980769226 0.42220927884615383 0.36535256250000003 0.4291427091346154 0.39410923798076924 0.44616113942307695 0.4000846442307692 0.4572966346153846 0.37506260817307696 0.44915137499999996 0.3443286466346154 0.4343953125 0.34182437980769226
4 0.44774614663461537 0.4408677043269231 0.4332489855769231 0.45468584134615386 0.4342994951923077 0.48829753125 0.45047749759615385 0.50099528125 0.46413425961538457 0.4793344158653846 0.46056249759615386 0.4528185168269231 0.44774614663461537 0.4408677043269231
4 0.4492258966346154 0.38621203365384615 0.44082173798076923 0.4045117259615385 0.4422924663461538 0.43252146634615385 0.4567896298076923 0.4418580576923077 0.46834534375 0.43065415625000003 0.4714969158653846 0.4063790432692308 0.46225234134615384 0.38957319711538463 0.4492258966346154 0.38621203365384615
4 0.46831246875 0.36868931490384615 0.4762964206730769 0.36196697115384613 0.4786075649038462 0.3358245480769231 0.4777671514423077 0.32275333173076926 0.4632699759615385 0.3149106081730769 0.45507592548076925 0.32013909134615387 0.44940311538461536 0.3455345889423077 0.4575971658653846 0.3638342956730769 0.46831246875 0.36868931490384615
4 0.4734271370192307 0.4128927139423077 0.48372221875 0.41438656249999994 0.4917061706730769 0.4035561225961538 0.49317690144230764 0.37479945192307695 0.4799403461538461 0.3572466899038461 0.46532910096153846 0.3714437764423077 0.46334213701923077 0.3964603317307693 0.4734271370192307 0.4128927139423077
4 0.49654757211538464 0.3197869278846154 0.4824706177884615 0.3153053701923077 0.4723856322115385 0.3317377524038462 0.4721755216346154 0.3578801754807692 0.48331103125 0.3765533365384615 0.49738798557692304 0.37057793028846153 0.5043214158653846 0.35153130048076925 0.5039012091346154 0.33360506971153847 0.49654757211538464 0.3197869278846154
4 0.527981125 0.31582537499999996 0.5139041682692308 0.31246420913461537 0.5027686586538461 0.32964351682692306 0.5042393894230769 0.3602675048076923 0.5185264543269231 0.3733387139423077 0.5349145528846153 0.36362867548076927 0.5357549663461538 0.3344985360576923 0.527981125 0.31582537499999996
4 0.5056369783653847 0.35901712259615387 0.4909297067307692 0.36872716826923074 0.48756804086538463 0.3915084206730769 0.49261053365384616 0.41354275961538456 0.5087885360576924 0.42138547596153847 0.5207644567307692 0.4012184735576923 0.5200995625 0.37575422355769234 0.5056369783653847 0.35901712259615387
4 0.47166297355769227 0.4242297115384615 0.4605274663461539 0.4343132139423077 0.45674560576923073 0.45821486538461537 0.4670406875 0.48099611538461534 0.4836388966346154 0.47688801923076923 0.4895218173076923 0.4526129086538461 0.4840591033653846 0.43244590384615383 0.47166297355769227 0.4242297115384615
4 0.5101119951923077 0.4187411947115385 0.4876308798076923 0.4030557427884615 0.48110990625 0.4254324639423077 0.49048334134615384 0.4482585865384615 0.5074944375 0.4482585865384615 0.5094692524038462 0.43286431249999996 0.5101119951923077 0.4187411947115385
4 0.5059739302884615 0.4509890961538462 0.4918969615384615 0.44874831009615385 0.48265238942307687 0.47264995913461544 0.4874847860576923 0.4995393197115385 0.5057638197115385 0.5032739543269231 0.5133275673076922 0.4875884951923077 0.5137477740384615 0.46181953365384615 0.5059739302884615 0.4509890961538462
4 0.552019733173077 0.3112114903846154 0.5377326682692307 0.32465616346153847 0.53416090625 0.35005166346153843 0.5431953677884616 0.36984521634615386 0.5562218125 0.3739533125 0.5677775288461538 0.35565362019230773 0.5667796899038462 0.33179482451923076 0.552019733173077 0.3112114903846154
4 0.5396236057692307 0.3572774783653846 0.5270173653846154 0.36026518990384615 0.5188233173076923 0.37595064663461536 0.5202940456730769 0.4024665336538461 0.5352114158653847 0.41703159375 0.550128798076923 0.4017196081730769 0.5508341442307693 0.37636979326923076 0.5396236057692307 0.3572774783653846
4 0.5701617475961538 0.3198176995192308 0.5644889375 0.34483973076923075 0.5705819519230769 0.3676209927884615 0.5852892259615385 0.37546372355769225 0.5976853533653845 0.35828441586538456 0.59852578125 0.3325154423076923 0.5851512403846153 0.3139214855769231 0.5701617475961538 0.3198176995192308
4 0.5698055408653846 0.3581709543269231 0.5559386826923076 0.36153212500000004 0.5485850456730769 0.38543376201923074 0.5532073317307693 0.40970887500000003 0.5687550192307692 0.41979238942307695 0.5819915745192308 0.3996253725961539 0.5819169447115384 0.3775996129807692 0.5698055408653846 0.3581709543269231
4 0.5569610889423077 0.40263833653846154 0.5409931826923077 0.4071198942307692 0.5340597524038462 0.4272869110576923 0.5372113076923077 0.4496947139423077 0.5498175480769231 0.46239246153846153 0.56368440625 0.45342933413461534 0.5670118701923077 0.42587483413461535 0.5569610889423077 0.40263833653846154
4 0.5251623653846154 0.4027517283653846 0.5138167596153846 0.40648636298076923 0.5060429182692308 0.4214248846153846 0.5068833317307692 0.44271230048076926 0.5150773798076923 0.4565304350961539 0.5274735096153846 0.45951814423076925 0.5375584951923077 0.4434592235576923 0.53593015625 0.4180702355769231 0.5251623653846154 0.4027517283653846
4 0.5269072067307692 0.4515454038461538 0.5151413966346154 0.4642431538461539 0.5128302524038462 0.4948671346153847 0.5258566850961539 0.5101791177884615 0.540353860576923 0.5049506490384615 0.5456825408653846 0.4797216033653846 0.54014375 0.46088198076923076 0.5269072067307692 0.4515454038461538
4 0.6111531490384615 0.2233787283653846 0.6035155408653846 0.23695100721153844 0.6030617139423077 0.2691464447115385 0.6190383701923078 0.28392935817307696 0.6328264350961538 0.267979375 0.6356716057692308 0.2415257235576923 0.6264283966346155 0.2233787283653846 0.6111531490384615 0.2233787283653846
4 0.6141707235576923 0.2791391298076923 0.6006015240384616 0.2701915721153846 0.5874700240384615 0.27797206009615383 0.5835305721153846 0.3028696129807692 0.5881266033653846 0.3227098389423077 0.6023523846153845 0.33399154567307693 0.6157027331730769 0.3176525264423077 0.6176724591346154 0.2978122860576923 0.6141707235576923 0.2791391298076923
4 0.6539123533653846 0.22324158894230767 0.6425317163461539 0.2423037764423077 0.6440637259615385 0.2718696177884615 0.6585083701923077 0.28587448798076925 0.6742661754807693 0.27575986298076927 0.6782055985576924 0.24385986778846155 0.6674230528846153 0.22180558173076925 0.6539123533653846 0.22324158894230767
4 0.6485314471153847 0.2696022475961538 0.632117076923077 0.2692132235576923 0.6226095913461538 0.28507092548076923 0.6233627451923076 0.3155070961538462 0.6375885384615384 0.32990100000000006 0.6537840456730769 0.3155070961538462 0.655761875 0.28980016586538465 0.6485314471153847 0.2696022475961538
4 0.6320482043269231 0.3171415360576923 0.6165092788461538 0.31130617307692304 0.6040343605769231 0.3295903076923077 0.6044720745192308 0.3607122403846154 0.6197921514423077 0.3731610168269231 0.6351122259615385 0.36110126442307694 0.6386139615384615 0.3377598173076923 0.6320482043269231 0.3171415360576923
4 0.6127247740384616 0.3595475384615385 0.5974646514423078 0.35758511057692305 0.5873971730769231 0.3719790096153846 0.5876160240384615 0.40076679807692306 0.6003098076923077 0.41749484134615383 0.617599608173077 0.40932533173076924 0.6202258990384616 0.3809265721153846 0.6127247740384616 0.3595475384615385
4 0.6851084399038462 0.22983742067307694 0.6743989326923077 0.25264896875000004 0.6784654927884616 0.28228540625 0.6996116850961538 0.2880681201923077 0.7097571442307693 0.2545143028846154 0.7000365264423076 0.22675281009615383 0.6851084399038462 0.22983742067307694
4 0.7036166995192308 0.27859813942307693 0.6904915600961539 0.2895770384615385 0.6887544086538462 0.3201120961538461 0.6989842980769231 0.33829589182692305 0.7155903317307692 0.3362865625 0.7245367884615385 0.3073729519230769 0.7191881923076924 0.2829486875 0.7036166995192308 0.27859813942307693
4 0.6919416850961538 0.30720904326923076 0.6896254783653847 0.2859374302884615 0.6739911225961539 0.2732430769230769 0.661252014423077 0.28456506490384614 0.6554615168269231 0.3068659519230769 0.6606729591346153 0.3288237451923077 0.6753422403846153 0.33774409375 0.6871162620192308 0.32504974759615385 0.6919416850961538 0.30720904326923076
4 0.6543827163461539 0.3135572548076923 0.6383623269230768 0.3238499759615384 0.6337299254807692 0.34683703605769234 0.6391343918269231 0.3663931947115385 0.65225953125 0.3770290048076923 0.666542766826923 0.3619330192307692 0.6688589759615385 0.3334565096153846 0.6543827163461539 0.3135572548076923
4 0.6807645096153846 0.32313043028846156 0.6696597427884616 0.3391891129807692 0.6707012475961539 0.36448291105769226 0.6807645096153846 0.38282818750000003 0.6921524975961538 0.38214199759615386 0.7027684182692308 0.36635983413461537 0.7021893774038461 0.3368540552884615 0.6935036153846154 0.3238166081730769 0.6807645096153846 0.32313043028846156
4 0.7173974711538461 0.32601366586538466 0.7064591826923077 0.3385722019230769 0.7044653413461539 0.3685568918269231 0.7162393629807693 0.38708378125 0.7282064038461539 0.3853683341346154 0.7378572524038461 0.37267397596153845 0.7390926850961539 0.3453583341346154 0.72998909375 0.32804291586538464 0.7173974711538461 0.32601366586538466
4 0.6368747067307693 0.35912017548076924 0.6212403509615385 0.3663250769230769 0.6166079495192308 0.38862596394230764 0.6202752764423077 0.41126993990384614 0.6335934254807692 0.4201902908653846 0.6494208052884616 0.4078390336538461 0.649999860576923 0.3769608870192308 0.6368747067307693 0.35912017548076924
4 0.6526243413461539 0.37332535336538464 0.6474128846153846 0.39905714663461533 0.6560986442307691 0.4223873004807693 0.6715399783653846 0.42341656971153846 0.6811908269230769 0.4069482283653846 0.681576858173077 0.379844076923077 0.6734701538461538 0.36749281971153847 0.6630472403846154 0.36371882451923077 0.6526243413461539 0.37332535336538464
4 0.7092559903846154 0.37655165625 0.69670990625 0.37037603365384614 0.6849349903846154 0.38484135817307696 0.6810755504807692 0.4074298028846154 0.6862870072115383 0.4245843365384615 0.6992191225961538 0.43075996875 0.7123442740384616 0.4218396081730769 0.7151681033653846 0.39268384615384616 0.7092559903846154 0.37655165625
4 0.7259004206730769 0.3768213533653846 0.7143465625 0.3941553942307693 0.7153116490384615 0.4147408341346154 0.7216812043269231 0.4322384447115385 0.7365434951923077 0.43326771394230773 0.7483175144230769 0.41611319230769234 0.7471594182692307 0.39141066586538464 0.7401995721153847 0.37964834374999995 0.7259004206730769 0.3768213533653846
4 0.5912112644230769 0.40187027163461536 0.5775070817307693 0.40152718269230764 0.56901434375 0.4221126105769231 0.5711375288461539 0.44853058413461533 0.5844556778846154 0.46019566105769233 0.6010551225961538 0.4478444038461538 0.6010278125 0.4205404783653846 0.5912112644230769 0.40187027163461536
4 0.6269957836538461 0.4105828461538461 0.6165728846153846 0.4033779447115385 0.6020966249999999 0.4171015721153846 0.5997804182692308 0.4445488125 0.6088522115384616 0.46204642307692306 0.6202401995192308 0.46410497115384614 0.6322072403846154 0.44969516586538466 0.6317913966346154 0.4242783557692308 0.6269957836538461 0.4105828461538461
4 0.5580909927884615 0.44839619951923076 0.5528795480769231 0.4696678125 0.5571259182692307 0.4916256105769231 0.5689365384615385 0.5011632475961538 0.5824477115384615 0.49430143269230775 0.5859220144230769 0.4682265504807692 0.5832197764423077 0.45347365624999997 0.5695098894230769 0.4438027860576923 0.5580909927884615 0.44839619951923076
4 0.5384032620192307 0.5002689302884615 0.5360870552884616 0.5256576346153846 0.5480540985576924 0.5424690769230769 0.5615652692307692 0.5421259759615384 0.5694789663461539 0.5177665528846154 0.5660046610576923 0.49580875480769226 0.5511423701923077 0.48482985576923077 0.5384032620192307 0.5002689302884615
4 0.6054967259615385 0.44839619951923076 0.5921785769230768 0.4480531105769231 0.5829137740384616 0.4634921778846154 0.5829137740384616 0.48888088221153847 0.5952668365384615 0.504663045673077 0.6132173990384615 0.4957426947115385 0.6139007331730769 0.4634287932692308 0.6054967259615385 0.44839619951923076
4 0.5857688197115385 0.48901621875 0.5695554086538461 0.49759348076923077 0.567239201923077 0.5281285384615384 0.577855125 0.54940015625 0.5981218942307692 0.5415090649038462 0.5987873677884615 0.5079284038461538 0.5857688197115385 0.48901621875
4 0.6528958509615385 0.40787923317307695 0.6384195913461539 0.40719304807692314 0.6299268533653847 0.4270923028846154 0.6308919278846153 0.45316718509615384 0.6474913725961537 0.46689080048076925 0.661388576923077 0.45488263221153846 0.6626523942307692 0.4259986923076923 0.6528958509615385 0.40787923317307695
4 0.6352147283653846 0.4515177740384615 0.6224756201923077 0.4528901322115385 0.6128247716346154 0.4676430264423077 0.6143689134615384 0.4947471778846154 0.6278800865384616 0.5108724302884615 0.6444795288461538 0.4988642644230769 0.64522375 0.46922807692307694 0.6352147283653846 0.4515177740384615
4 0.613828733173077 0.4935793653846154 0.5978083437499999 0.5014704471153846 0.5947200721153846 0.5347502451923076 0.6088102980769231 0.5539633028846154 0.6257957740384616 0.5457291322115384 0.6279189591346154 0.5090184399038461 0.613828733173077 0.4935793653846154
4 0.6757871418269231 0.4104886466346154 0.6634340673076923 0.4228399014423077 0.6603458076923077 0.4420529711538462 0.6674874278846155 0.46675549759615387 0.6831217836538461 0.4674416754807692 0.6939307283653846 0.4523456923076923 0.6939307283653846 0.429358625 0.6850519447115384 0.41323336778846154 0.6757871418269231 0.4104886466346154
4 0.6635881899038462 0.4537841201923077 0.651428125 0.45687192788461534 0.6427423774038462 0.4764280985576923 0.6456376274038462 0.5011306105769231 0.6595348317307692 0.515197326923077 0.6757482427884616 0.49975825240384614 0.6753704302884616 0.4726612644230769 0.6635881899038462 0.4537841201923077
4 0.6565229903846154 0.5100477668269231 0.64474896875 0.49838268750000003 0.6293076225961538 0.5059306682692308 0.626412375 0.5333779110576923 0.6322028725961538 0.5525909927884615 0.6420467307692307 0.560138983173077 0.6547858365384616 0.5508755336538461 0.6596112620192307 0.5285746466346154 0.6565229903846154 0.5100477668269231
4 0.7196341105769231 0.42002675 0.7061229399038461 0.41934056971153844 0.6955070168269231 0.43340728125 0.6958930480769231 0.46291306971153845 0.70863215625 0.4797245024038462 0.7275477932692307 0.4684025144230769 0.7288989134615385 0.4406121826923077 0.7196341105769231 0.42002675
4 0.7387455 0.42432435817307695 0.7262744326923076 0.44253539423076926 0.7262744326923076 0.4682671875 0.7415227572115385 0.48404935096153845 0.7567710817307692 0.4747858990384615 0.7604383942307693 0.4469955697115384 0.7521369206730769 0.42610705528846154 0.7387455 0.42432435817307695
4 0.7320645504807692 0.4650762860576923 0.7119908028846154 0.47914300240384616 0.7089025288461539 0.5120796923076922 0.7247299086538461 0.5285480360576923 0.7402983629807692 0.5187315504807692 0.7434228774038462 0.4891192716346154 0.7320645504807692 0.4650762860576923
4 0.7035758894230769 0.46637933653846153 0.6912228149038462 0.45642970673076927 0.6775186201923076 0.46946714903846154 0.6748163942307692 0.4903956730769231 0.6790627620192308 0.5099518317307692 0.6916088461538461 0.5185290913461539 0.7060851057692308 0.5096087427884616 0.708257048076923 0.48714123317307695 0.7035758894230769 0.46637933653846153
4 0.7148861562500001 0.5108458197115385 0.7009889519230769 0.5050132764423076 0.6894079423076923 0.5201092596153847 0.6888288870192307 0.5509874086538461 0.7007959302884615 0.5653972139423077 0.7189395024038461 0.5581923100961539 0.7216894254807692 0.530203860576923 0.7148861562500001 0.5108458197115385
4 0.6904896225961538 0.5349974447115384 0.6862432548076923 0.5078932932692308 0.6715598197115384 0.49960697596153847 0.6574837596153846 0.5133827379807692 0.6567116947115385 0.5418592596153846 0.6669415841346154 0.5600430480769231 0.6825759399038461 0.5545536057692307 0.6904896225961538 0.5349974447115384