4 0.39485978125000004 0.2257371514423077 0.38653092307692305 0.23228537980769232 0.3818859783653846 0.24225007932692308 0.3817258125 0.25933241826923076 0.3862105817307692 0.2712900576923077 0.3946996177884615 0.28182416346153844 0.4052708653846154 0.27641475240384616 0.41119717067307693 0.26588064903846154 0.4113573461538461 0.24111125721153848 0.4038062259615385 0.22616652884615382 0.39485978125000004 0.2257371514423077
4 0.42337011778846156 0.23883361298076922 0.41424040384615385 0.24623595673076923 0.41231836538461536 0.2661653533653846 0.4155217740384615 0.2826782764423077 0.4244913149038462 0.2929276778846154 0.43602359375 0.29093474519230766 0.44371176201923074 0.27527593509615383 0.44194988701923077 0.25136065625000004 0.43164150240384613 0.23806796875 0.42337011778846156 0.23883361298076922
4 0.4006259206730769 0.27356769471153847 0.3927775673076923 0.2863794495192308 0.39309790625 0.3100100216346154 0.4031886514423077 0.3268076514423077 0.41392006490384614 0.3259535360576923 0.42337011778846156 0.31086413701923077 0.42160824278846154 0.2875182764423077 0.4113573461538461 0.2727135817307692 0.4006259206730769 0.27356769471153847
4 0.37411285576923076 0.2688462451923077 0.36656912500000005 0.27646505288461537 0.3641688557692308 0.29383593509615386 0.36708347596153845 0.3136448413461539 0.3761702403846154 0.32217791346153846 0.38457120432692304 0.3206541466346154 0.3928007355769231 0.31090206971153844 0.39502956250000004 0.28926465384615385 0.39262928124999996 0.2761603004807692 0.3833710745192308 0.26732248317307694 0.37411285576923076 0.2688462451923077
4 0.34530953365384615 0.26732248317307694 0.33742290865384617 0.28469337259615385 0.34085186538461537 0.3105973173076923 0.3518245625 0.3200446442307693 0.3636545072115384 0.3151686105769231 0.3669120216346154 0.2990167307692308 0.36536898557692304 0.27646505288461537 0.3569967355769231 0.2648883100961539 0.34530953365384615 0.26732248317307694
4 0.4371492403846154 0.29261881971153847 0.42994840625 0.3136467307692307 0.433377375 0.3358936586538462 0.44503586538461537 0.34625523798076924 0.45652290144230767 0.3407696923076923 0.4616663485576923 0.3145609855769231 0.4520397163461538 0.29103770192307693 0.4371492403846154 0.29261881971153847
4 0.47349629086538464 0.27311466586538463 0.4644095264423077 0.28042873076923075 0.46012332211538465 0.29566634375 0.4618378028846154 0.3163895096153846 0.4695529855769231 0.3294938629807692 0.48275449759615385 0.3310176201923077 0.49201271874999997 0.3118182211538461 0.4909840192307692 0.28713328365384616 0.48344029086538465 0.27433368028846156 0.47349629086538464 0.27311466586538463
4 0.5149977427884616 0.23044492067307693 0.5074540120192308 0.24507304086538462 0.5095113870192308 0.2731102572115385 0.5227129134615385 0.28682411298076926 0.536943125 0.27737678846153846 0.5407149903846153 0.25482511778846156 0.5372860216346154 0.23318769471153844 0.5257734591346154 0.2253289735576923 0.5149977427884616 0.23044492067307693
4 0.5534787067307693 0.2273795576923077 0.5435347067307692 0.23408411057692308 0.5382198052884616 0.2545025192307692 0.5418202163461538 0.27644469471153843 0.5546788461538461 0.28833003125 0.5687376177884615 0.27766369951923076 0.5721665865384615 0.25054073798076926 0.5641085072115385 0.23042708173076923 0.5534787067307693 0.2273795576923077
4 0.5180314687500001 0.2766484495192308 0.5075731201923077 0.2717724110576923 0.4969433173076923 0.2760389471153846 0.4914569735576923 0.2940193389423077 0.49437159375 0.3205327980769231 0.508944701923077 0.33211338221153847 0.5226605769230769 0.31900902884615384 0.5240321610576923 0.29340983653846153 0.5180314687500001 0.2766484495192308
4 0.5254037548076923 0.28243874278846154 0.5224891225961539 0.31291398076923077 0.5351763125 0.3354656586538462 0.5518067956730769 0.3263230841346154 0.5557501129807693 0.3031619038461538 0.553178389423077 0.2827434951923077 0.5391624495192308 0.27326952403846155 0.5254037548076923 0.28243874278846154
4 0.5615417692307691 0.27600928846153844 0.5541694831730769 0.2970372067307692 0.5558839711538461 0.3211126418269231 0.5699427307692309 0.33635025721153844 0.5845158509615385 0.32355066346153843 0.5877733677884616 0.2961229519230769 0.5778293557692308 0.27722830048076924 0.5615417692307691 0.27600928846153844
4 0.32444822596153844 0.3160568173076923 0.3200360360576923 0.33510344471153847 0.32423811778846157 0.35489699278846154 0.3372645625 0.3649805 0.35050110576923077 0.35228275 0.35050110576923077 0.3212853028846154 0.3370544519230769 0.3067202355769231 0.32444822596153844 0.3160568173076923
4 0.3557301778846154 0.31388846634615386 0.35068768509615383 0.32397197355769236 0.3494270673076923 0.34376552163461543 0.3557301778846154 0.36131829086538464 0.3700172596153846 0.3669202475961538 0.3796820384615385 0.3456328341346154 0.37800119711538466 0.32135772596153844 0.36728589423076924 0.3101538317307692 0.3557301778846154 0.31388846634615386
4 0.33631588942307694 0.35754886298076927 0.32370965144230773 0.3553080841346154 0.31425496634615385 0.3691262259615385 0.31404487019230765 0.39041362259615386 0.32055809375 0.40833986778846154 0.33379463701923073 0.41170103846153844 0.34345941586538464 0.39265440865384615 0.34345941586538464 0.3728608605769231 0.33631588942307694 0.35754886298076927
4 0.34261900240384613 0.37995665865384615 0.3451402427884615 0.4046052331730769 0.3579565913461539 0.4154356586538462 0.37140324278846154 0.40609908173076925 0.3728739591346154 0.37472817067307695 0.3619485600961539 0.35941618028846156 0.3496708076923077 0.36158641346153847 0.34261900240384613 0.37995665865384615
4 0.32896224038461536 0.4038583100961538 0.31740652403846153 0.4038583100961538 0.3081619519230769 0.4143152740384615 0.30795185576923073 0.43485575240384616 0.31488528365384616 0.45464930769230766 0.3300127620192308 0.4576370168269231 0.33778660576923075 0.43784346153846154 0.33672949519230766 0.41335166105769233 0.32896224038461536 0.4038583100961538
4 0.32349954086538457 0.45240852163461537 0.31446507692307696 0.44493926682692303 0.3056407115384615 0.45091467307692307 0.29954769471153847 0.4673470552884615 0.30269925240384615 0.4890079326923077 0.3138347620192308 0.5017056706730769 0.32854203365384615 0.49311602884615385 0.33043296875 0.4673470552884615 0.32349954086538457 0.45240852163461537
4 0.3573262740384615 0.40684600721153846 0.34282909855769234 0.40871332932692306 0.3352653653846154 0.42663956009615384 0.3375765096153846 0.4494208245192307 0.3512332572115385 0.4609981754807692 0.3655203245192308 0.45091467307692307 0.3648900216346154 0.42141107932692307 0.3573262740384615 0.40684600721153846
4 0.3430392091346154 0.4494208245192307 0.33064307932692305 0.45689007932692305 0.3274915240384615 0.47780403365384616 0.3319036995192307 0.49834449759615385 0.3468210817307692 0.5046933677884615 0.35648586057692305 0.49087523076923073 0.3558555432692308 0.46137164903846156 0.3430392091346154 0.4494208245192307
4 0.37799067548076926 0.5090222115384615 0.3773603725961538 0.53815234375 0.38786556490384616 0.5545847259615384 0.4011021081730769 0.5530908774038461 0.4078254399038462 0.53180346875 0.40446377403846157 0.5090222115384615 0.39227774278846156 0.4985652403846154 0.37799067548076926 0.5090222115384615
4 0.41766768750000005 0.31870714182692306 0.4088433197115385 0.3254294855769231 0.40422103365384615 0.34410264663461543 0.4073726057692308 0.3672573653846154 0.42207987740384617 0.37472663461538464 0.43447600480769233 0.36128194711538464 0.43510632211538464 0.3358864543269231 0.4281728942307692 0.32318869951923074 0.41766768750000005 0.31870714182692306
4 0.3848914759615385 0.35941463701923076 0.37039431490384617 0.37397969711538465 0.3716549326923077 0.40273636778846156 0.3830005384615385 0.4176749014423077 0.39812803125 0.4109525576923077 0.4025402091346154 0.38854476923076925 0.3964471923076923 0.3661369807692308 0.3848914759615385 0.35941463701923076
4 0.3802691899038461 0.4068444639423077 0.36703264663461543 0.4146871923076923 0.3634608846153846 0.43672153124999996 0.3682932668269231 0.4557681490384615 0.3836308557692308 0.4636108918269231 0.3945562548076923 0.4430704014423077 0.39196116586538465 0.4182816850961538 0.3802691899038461 0.4068444639423077
4 0.37995607451923075 0.4550263701923077 0.3677700552884616 0.45054481249999995 0.35558402403846157 0.46473642067307697 0.3557941346153846 0.4905053822115385 0.3650387067307692 0.5069377644230769 0.3824773293269231 0.5005888846153846 0.3847884711538461 0.47631377163461536 0.37995607451923075 0.4550263701923077
4 0.4190946826923077 0.3685671899038461 0.4064884567307692 0.3700610384615385 0.3978741875 0.3917219110576923 0.40333688701923076 0.41786433894230773 0.42035531490384614 0.42346628365384614 0.4302301923076923 0.4047931153846154 0.42854936538461536 0.38275878846153844 0.4190946826923077 0.3685671899038461
4 0.41384209375 0.415997016826923 0.4043874086538462 0.4118889206730769 0.39514283653846155 0.4223458966346154 0.39283169471153845 0.44475368750000005 0.3980842980769231 0.46417377884615385 0.4140521899038462 0.46865533653846153 0.4224563485576923 0.44848831971153846 0.4215413076923077 0.4252658846153846 0.41384209375 0.415997016826923
4 0.41342188701923077 0.4697757235576923 0.40228637740384615 0.455584125 0.3854780576923077 0.46566762740384615 0.38463764423076924 0.49293044951923076 0.39556304326923075 0.5142178389423078 0.41091094471153844 0.5037354254807692 0.41342188701923077 0.4697757235576923
4 0.419725 0.4563310504807693 0.40879960096153845 0.4723899711538462 0.4106905216346154 0.5060016490384616 0.4306503966346154 0.5142178389423078 0.44115558894230766 0.48695503125 0.4335582403846154 0.4630627331730769 0.419725 0.4563310504807693
4 0.4323312379807692 0.40255234375 0.41930479326923076 0.4156235552884615 0.42182603124999996 0.44848831971153846 0.43716362019230764 0.46081260817307695 0.4520809879807692 0.43728441826923076 0.44619809615384615 0.41076853365384614 0.4323312379807692 0.40255234375
4 0.43821414423076926 0.3442920793269231 0.42602811057692314 0.3678202596153846 0.4329615408653846 0.3965769375 0.44997997115384614 0.40255234375 0.46111546634615386 0.37753030528846154 0.45297020673076926 0.34679634375 0.43821414423076926 0.3442920793269231
4 0.4498291298076923 0.4433353557692307 0.43533196874999996 0.4571534927884615 0.43638247596153845 0.49076518269230773 0.45256047836538466 0.5034629302884616 0.46621724278846155 0.4818020673076923 0.4626454783653846 0.45528616826923074 0.4498291298076923 0.4433353557692307
4 0.4523503822115385 0.38806279567307694 0.44394622355769225 0.40636248798076924 0.4454169543269231 0.43437222836538464 0.4599141153846154 0.4437088173076923 0.47146983173076923 0.43250491826923076 0.4746214014423077 0.40822980528846153 0.46537682932692304 0.3914239591346154 0.4523503822115385 0.38806279567307694
4 0.4717841129807692 0.3730077740384615 0.47976806730769234 0.3662854326923077 0.4820792091346154 0.34014300961538463 0.4812387956730769 0.3270717908653846 0.4667416201923077 0.31922906730769235 0.4585475721153846 0.32445755048076924 0.45287476201923077 0.3498530480769231 0.4610688100961538 0.3681527548076923 0.4717841129807692 0.3730077740384615
4 0.4765515961538461 0.4153604110576923 0.4868466778846154 0.41685425961538464 0.4948306322115385 0.4060238221153846 0.4963013605769231 0.3772671514423077 0.4830648052884615 0.3597143870192308 0.4684535625 0.3739114735576923 0.46646659615384617 0.39892802884615386 0.4765515961538461 0.4153604110576923
4 0.5007135384615384 0.3234884495192307 0.48663658173076924 0.31900689182692304 0.4765515961538461 0.3354392764423077 0.47634148557692313 0.3615816995192308 0.48747699519230764 0.3802548605769231 0.5015539495192308 0.3742794543269231 0.5084873798076923 0.35523282451923077 0.5080671730769231 0.3373065913461539 0.5007135384615384 0.3234884495192307
4 0.5307583990384616 0.3219945961538461 0.5166814423076923 0.3186334302884615 0.5055459350961539 0.33581273798076927 0.5070166634615385 0.3664367235576923 0.5213037307692308 0.3795079350961539 0.5376918269230769 0.3697978966346154 0.5385322403846154 0.3406677572115384 0.5307583990384616 0.3219945961538461
4 0.5080671730769231 0.3645694086538462 0.4933599014423077 0.3742794543269231 0.4899982355769231 0.3970607043269231 0.49504072836538465 0.4190950456730769 0.5112187307692307 0.4269377620192308 0.5231946514423077 0.40677075721153844 0.5225297572115385 0.3813065096153846 0.5080671730769231 0.3645694086538462
4 0.4740931153846154 0.4273143221153846 0.46295760576923073 0.43739782451923076 0.45917574759615387 0.4612994759615385 0.4694708293269231 0.48408072596153845 0.4860690384615385 0.4799726298076923 0.4919519591346154 0.45569751923076923 0.4864892451923077 0.4355305144230769 0.4740931153846154 0.4273143221153846
4 0.5125421370192308 0.42059198076923077 0.4900610216346154 0.4049065264423077 0.48270738461538465 0.4280612475961538 0.4915317524038461 0.45495059374999997 0.5093905793269231 0.45308328365384615 0.5118993942307692 0.4347150961538461 0.5125421370192308 0.42059198076923077
4 0.5077097548076923 0.45345674519230766 0.49363278365384616 0.45121596153846155 0.4843882115384615 0.47511761057692303 0.4892206081730769 0.5020069711538462 0.5074996442307692 0.5057416033653847 0.515063389423077 0.49005614423076926 0.5154835961538462 0.46428718509615385 0.5077097548076923 0.45345674519230766
4 0.5551442475961539 0.31676379807692306 0.5408571802884615 0.33020847355769234 0.5372854182692308 0.3556039711538462 0.5463198798076923 0.37539752644230767 0.559346326923077 0.37950562019230766 0.5709020432692308 0.36120592788461536 0.5699042019230769 0.3373471322115385 0.5551442475961539 0.31676379807692306
4 0.5427481177884615 0.36344669951923075 0.5301418798076922 0.3664344110576923 0.5219478293269231 0.3821198677884615 0.5234185600961538 0.40863575480769226 0.5383359278846154 0.42320081249999997 0.5532533100961539 0.40788882932692305 0.5539586586538461 0.382539014423077 0.5427481177884615 0.36344669951923075
4 0.5736333918269231 0.32722076923076926 0.5679605817307692 0.3522428004807692 0.5740535985576923 0.3750240625 0.5887608701923077 0.38286679326923073 0.6011569999999999 0.36568748557692304 0.6019974278846154 0.3399185120192308 0.5886228846153846 0.32132455528846154 0.5736333918269231 0.32722076923076926
4 0.5725828677884615 0.36680787259615383 0.5587160096153846 0.3701690432692307 0.5513623725961538 0.39407068028846154 0.5559846610576923 0.41834579326923077 0.5715323461538462 0.4284293076923077 0.5847689014423076 0.40826229086538457 0.5846942740384615 0.38623653125 0.5725828677884615 0.36680787259615383
4 0.5593912283653846 0.40942442307692306 0.5434233245192307 0.4139059807692308 0.5364898942307692 0.4340729975961538 0.5396414495192308 0.4564808004807693 0.5522476899038462 0.4691785480769231 0.5661145480769231 0.4602154206730769 0.5694420120192307 0.43266092067307693 0.5593912283653846 0.40942442307692306
4 0.5272453221153847 0.4083040360576923 0.5158997163461538 0.4120386706730769 0.5081258725961538 0.4269771923076923 0.5089662860576923 0.44826460817307695 0.5171603365384615 0.4620827427884615 0.5295564639423077 0.4650704543269231 0.5396414495192308 0.44901153125 0.5380131129807693 0.42362254326923077 0.5272453221153847 0.4083040360576923
4 0.52829584375 0.4564808004807693 0.5165300336538462 0.4691785480769231 0.5142188894230769 0.4998025288461539 0.5272453221153847 0.5151145144230769 0.5417424975961539 0.5098860432692308 0.5486759254807693 0.48411707211538463 0.5415323870192308 0.4658173774038462 0.52829584375 0.4564808004807693
4 0.6155443221153847 0.2328568629807692 0.6059145600961539 0.24530563221153848 0.6072277043269231 0.28148488701923075 0.6232043605769231 0.29626780048076923 0.6369924254807693 0.2803178173076923 0.6398375961538462 0.25386416586538463 0.6323964086538462 0.23596905528846154 0.6155443221153847 0.2328568629807692
4 0.6172951826923078 0.28654219951923077 0.6037259831730769 0.27759464182692306 0.5905944855769231 0.2853751298076923 0.5866550336538462 0.3102726826923077 0.5912510649038462 0.3301129086538461 0.60547684375 0.3413946153846154 0.6188271947115385 0.32505559615384616 0.6207969206730769 0.30521535576923076 0.6172951826923078 0.28654219951923077
4 0.6566896802884615 0.23558003125000002 0.6453090432692308 0.25464221875 0.6468410528846154 0.28420806009615385 0.6612856971153847 0.2982129278846154 0.6770435024038461 0.2880983028846154 0.6809829254807693 0.25619831009615385 0.6702003798076923 0.2341440216346154 0.6566896802884615 0.23558003125000002
4 0.6516559350961538 0.2807068389423077 0.6352415649038462 0.2803178173076923 0.6236420745192308 0.29743488221153846 0.6264872307692309 0.3266116875 0.6407130264423077 0.34100559375 0.65690853125 0.3266116875 0.6588863629807692 0.3009047572115385 0.6516559350961538 0.2807068389423077
4 0.6348255048076923 0.3276292163461539 0.6192865793269231 0.32179385336538463 0.6068116610576924 0.3400779879807692 0.607249375 0.3711999206730769 0.622569451923077 0.38364869711538463 0.6378895264423078 0.3715889447115384 0.6413912620192307 0.34824749759615387 0.6348255048076923 0.3276292163461539
4 0.6159620048076923 0.3670001298076923 0.5995476322115384 0.36622207692307696 0.5894801538461538 0.3806159735576923 0.5896990048076923 0.40940376442307697 0.6023927884615385 0.4261318052884615 0.6196825889423077 0.4179622956730769 0.6223088822115385 0.38956353605769234 0.6159620048076923 0.3670001298076923
4 0.6866483557692308 0.24081592548076922 0.6764819158653845 0.26683817307692304 0.6805484759615384 0.2964746081730769 0.7016946682692308 0.30225732451923076 0.7147076875 0.2718980504807692 0.7058631971153846 0.23865155048076922 0.6866483557692308 0.24081592548076922
4 0.7063939735576923 0.2915535192307692 0.6932688341346154 0.3025324182692308 0.6915316826923077 0.33306747596153846 0.7017615721153846 0.3512512716346154 0.7183676057692308 0.34924193990384617 0.7273140649038462 0.32032832932692307 0.7219654663461538 0.29590406490384613 0.7063939735576923 0.2915535192307692
4 0.695066170673077 0.31831363461538464 0.6927499639423077 0.29704202163461535 0.6771156081730769 0.2843476706730769 0.6643765 0.29566965865384615 0.6585860024038461 0.3179705456730769 0.6637974471153847 0.33992833653846155 0.6784667283653847 0.3488486875 0.6902407475961538 0.33615434134615385 0.695066170673077 0.31831363461538464
4 0.6575071754807692 0.3246618725961538 0.6414867860576923 0.3349545913461538 0.6368543846153846 0.3579416514423077 0.6422588509615385 0.3774978100961538 0.6553839903846155 0.3881336201923077 0.6696672283653846 0.3730376370192308 0.6719834350961539 0.34456112740384615 0.6575071754807692 0.3246618725961538
4 0.6831946514423077 0.3354688701923077 0.6718066634615384 0.3522803028846154 0.6712276081730769 0.3769828293269231 0.6831946514423077 0.3951666298076923 0.6945826370192307 0.3944804399038461 0.7051985600961538 0.37869827644230775 0.7046195192307692 0.3491924975961539 0.6959337572115385 0.3361550504807692 0.6831946514423077 0.3354688701923077
4 0.7177446586538461 0.3395859567307692 0.7063566586538462 0.3519372139423077 0.7048125288461539 0.3821291826923077 0.7165865480769231 0.40065607211538457 0.7285535889423076 0.39894062500000005 0.7382044375000001 0.3862462668269231 0.7401345865384615 0.3601713846153846 0.7303362812499999 0.3416152067307693 0.7177446586538461 0.3395859567307692
4 0.6393048485576922 0.3689908725961538 0.6236704927884615 0.37619577403846155 0.6190380913461537 0.39849666105769227 0.6227054182692308 0.42114063701923077 0.6360235673076923 0.43006098798076925 0.6518509471153846 0.41770973076923074 0.6524300024038462 0.3868315841346154 0.6393048485576922 0.3689908725961538
4 0.6543601634615384 0.38442994471153846 0.6491487067307692 0.41016173798076927 0.6578344663461538 0.4334918942307692 0.6732758004807693 0.43452116346153846 0.6829266490384616 0.41805281971153846 0.6833126802884616 0.3909486682692308 0.6752059759615385 0.37859741346153847 0.6647830625 0.3748234158653846 0.6543601634615384 0.38442994471153846
4 0.7116861322115385 0.3888901201923077 0.6991400480769231 0.38271449759615384 0.6858218990384616 0.3950657548076923 0.6835056923076923 0.41976826923076926 0.6887171466346154 0.4369228004807692 0.701649264423077 0.4430984350961538 0.7147744158653846 0.43417807451923074 0.7175982451923077 0.40502231009615386 0.7116861322115385 0.3888901201923077
4 0.7275092331730769 0.38940535096153844 0.7157351995192307 0.4089615096153846 0.7167002860576923 0.4295469495192308 0.7230698413461538 0.44704456009615384 0.7379321322115384 0.448073829326923 0.7497061514423078 0.4309193076923077 0.7485480552884615 0.40621678365384617 0.7415882091346154 0.39445445913461535 0.7275092331730769 0.38940535096153844
4 0.5939885913461539 0.41050719230769234 0.5802844086538461 0.41016410096153844 0.5717916706730769 0.4307495288461538 0.5739148557692307 0.4571675024038461 0.5872330048076922 0.4688325793269231 0.6038324495192308 0.4564813245192308 0.6038051394230769 0.4291773990384616 0.5939885913461539 0.41050719230769234
4 0.6287316081730769 0.4173690048076923 0.6183087067307693 0.41016410096153844 0.6038324495192308 0.42388772836538463 0.6015162403846154 0.45133496875 0.6105880336538462 0.4688325793269231 0.6219760216346154 0.4708911298076923 0.6339430649038462 0.4564813245192308 0.6335272211538462 0.4310645144230769 0.6287316081730769 0.4173690048076923
4 0.55947965625 0.45641620673076927 0.5542682115384616 0.4776878173076923 0.5585145817307692 0.4996456153846154 0.5703252019230769 0.5091832524038462 0.583836375 0.5023214399038461 0.5873106778846154 0.4762465576923077 0.5846084399038461 0.4614936610576923 0.5708985528846153 0.4518227908653846 0.55947965625 0.45641620673076927
4 0.5397919543269231 0.5058212379807693 0.5374757451923077 0.5312099423076924 0.5494427884615385 0.5480213870192308 0.5629539591346154 0.5476782860576923 0.57086765625 0.5233188605769231 0.5673933509615384 0.5013610625 0.5525310600961538 0.4903821658653846 0.5397919543269231 0.5058212379807693
4 0.6079268677884616 0.45641620673076927 0.59460871875 0.45607311538461537 0.5853439158653846 0.47151218509615384 0.5853439158653846 0.4969008894230769 0.5976969759615385 0.5126830504807692 0.6156475408653846 0.5037627019230769 0.616330875 0.47144880048076926 0.6079268677884616 0.45641620673076927
4 0.5861159807692308 0.4951854399038461 0.5699025697115384 0.5037627019230769 0.5675863605769231 0.5342977596153846 0.5782022836538462 0.5555693774038462 0.5984690552884615 0.5476782860576923 0.5991345288461538 0.514097625 0.5861159807692308 0.4951854399038461
4 0.6549788605769231 0.4189838245192308 0.6405026009615384 0.41829763942307696 0.6320098629807693 0.43819689423076924 0.6329749375 0.46427177884615384 0.6495743798076923 0.4779953918269231 0.6634715841346155 0.46598722596153846 0.6647354038461538 0.43710328605769233 0.6549788605769231 0.4189838245192308
4 0.6362562307692308 0.4601546923076923 0.623517125 0.4615270504807692 0.6138662764423077 0.47627994471153845 0.6154104182692308 0.5033840961538462 0.6289215913461538 0.5195093485576924 0.6455210336538462 0.5075011826923077 0.6462652548076923 0.47786499519230774 0.6362562307692308 0.4601546923076923
4 0.6152173966346154 0.5009824591346154 0.5991970072115385 0.5088735408653846 0.5961087355769231 0.5421533365384615 0.6101989615384615 0.5613663966346154 0.6271844375 0.5531322259615384 0.6293076225961538 0.5164215336538461 0.6152173966346154 0.5009824591346154
4 0.6771757788461539 0.423444 0.664822704326923 0.4357952572115385 0.6617344447115384 0.45500832692307697 0.6688760649038462 0.4797108509615385 0.6845104206730769 0.48039703125 0.6953193653846154 0.46530104567307695 0.6953193653846154 0.44231398076923073 0.6864405817307693 0.42618872115384615 0.6771757788461539 0.423444
4 0.6646296947115384 0.46427177884615384 0.6524696298076923 0.46735958413461537 0.6437838822115385 0.4869157548076923 0.6466791322115385 0.5116182692307693 0.6605763365384616 0.525684983173077 0.6767897475961538 0.5102459110576923 0.6764119350961538 0.4831489206730769 0.6646296947115384 0.46427177884615384
4 0.6565229903846154 0.5174508125 0.64474896875 0.5057857355769231 0.6293076225961538 0.5133337163461539 0.626412375 0.5407809567307692 0.6322028725961538 0.5599940384615384 0.6420467307692307 0.56754203125 0.6547858365384616 0.558278579326923 0.6596112620192307 0.5359776923076923 0.6565229903846154 0.5174508125
4 0.7206756153846154 0.4329821033653846 0.7071644423076923 0.4322959254807692 0.6965485216346153 0.4463626346153846 0.6969345528846154 0.47586842548076924 0.7096736610576924 0.4926798557692308 0.7285892980769231 0.48135786778846157 0.7299404182692307 0.45356753846153847 0.7206756153846154 0.4329821033653846
4 0.7388191875000001 0.4336682884615385 0.7280102548076923 0.4573415336538461 0.7280102548076923 0.4830733269230769 0.7432585793269231 0.4988554903846154 0.7585069038461539 0.4895920384615385 0.76217421875 0.4618017091346154 0.7538727427884615 0.4409131947115385 0.7388191875000001 0.4336682884615385
4 0.7313702836538462 0.4767977692307692 0.7112965360576923 0.4908644855769231 0.7082082644230769 0.5238011754807692 0.7240356442307692 0.540269516826923 0.7398630216346154 0.53580934375 0.7446884326923077 0.5001279302884616 0.7313702836538462 0.4767977692307692
4 0.7035758629807692 0.4774839543269231 0.6912227884615384 0.46753432451923077 0.67751859375 0.4805717644230769 0.6748163677884615 0.5015002884615385 0.6790627355769231 0.5210564471153846 0.6916088197115384 0.5296337091346154 0.7060850793269231 0.520713358173077 0.7082570216346155 0.49824585096153845 0.7035758629807692 0.4774839543269231
4 0.7141917860576924 0.5238011754807692 0.7002945817307692 0.5179686298076923 0.6887135721153845 0.5330646153846155 0.6881345168269231 0.5639427620192308 0.7001015576923078 0.5783525673076924 0.7182451322115385 0.5711476658653847 0.7209950552884615 0.5431592139423077 0.7141917860576924 0.5238011754807692
4 0.6908367548076922 0.5461020625 0.6865903870192308 0.5189979110576923 0.6723071514423077 0.5093913701923077 0.657830891826923 0.5244873533653845 0.6570588269230769 0.552963875 0.6672887163461538 0.5711476658653847 0.6829230721153846 0.5656582211538461 0.6908367548076922 0.5461020625