4 0.34743869711538466 0.3274052548076923 0.34884559615384614 0.3386570264423077 0.35494215625 0.35178409134615385 0.36350077644230766 0.35490958413461543 0.36889388701923076 0.35178409134615385 0.37381802884615384 0.3363649951923077 0.3724111322115385 0.31740368028846155 0.3638525 0.30844393028846157 0.3557628389423077 0.30948576442307696 0.34979656490384614 0.3194267860576923 0.34743869711538466 0.3274052548076923
4 0.44024683653846153 0.35518410096153846 0.4419951802884615 0.36347004086538465 0.44649849278846154 0.3721326057692308 0.45243226442307694 0.37599310576923073 0.4590018076923077 0.3747690432692308 0.4638229951923077 0.3678013269230769 0.4675845889423077 0.3557490504807692 0.4675316033653846 0.34699232451923073 0.4659421971153846 0.33842391346153844 0.46186273557692303 0.33089124519230767 0.4559289543269231 0.3244884759615384 0.4492534567307693 0.32571253605769235 0.44422034615384615 0.33136203846153844 0.4405117355769231 0.34143698317307697 0.4398113774038462 0.34786123076923076 0.44024683653846153 0.35518410096153846
4 0.42033284375 0.2986887475961538 0.4219197427884615 0.30996996153846157 0.42881665865384616 0.32233590624999997 0.4383991033653846 0.32537315865384614 0.44663878125 0.31550209615384617 0.4495684447115385 0.2994480600961538 0.44633361057692306 0.2831770817307692 0.43833806490384614 0.27525853846153847 0.4300373557692308 0.27460769951923075 0.4236897451923077 0.28144151201923073 0.4212273245192308 0.29231036778846153 0.42033284375 0.2986887475961538
4 0.4016713052884615 0.3322657451923077 0.40171590625000003 0.33995399278846156 0.40497151923076924 0.35112969471153843 0.4111259639423077 0.35834238221153847 0.41661144951923074 0.35992759375000005 0.4229888798076923 0.3569156971153846 0.4275378173076923 0.3504163533653846 0.4296338966346154 0.3404969326923077 0.42923251923076927 0.32876641105769233 0.4266904663461538 0.3188588725961538 0.42102659375 0.3095061586538461 0.4132666418269231 0.3095061586538461 0.4070229975961538 0.3142617764423077 0.40247826201923076 0.3242291346153846 0.4016713052884615 0.3322657451923077
4 0.3837731153846154 0.35652516826923075 0.3903716177884615 0.35735207692307697 0.39612415624999997 0.3532175216346154 0.40014247836538464 0.3425428365384615 0.4014960168269231 0.3303646754807692 0.4017075048076923 0.32036655288461535 0.3974776971153846 0.31175121874999995 0.3915136658653846 0.30709043990384616 0.3843652860576923 0.30671456971153843 0.37793597836538456 0.31182639182692307 0.37438293509615383 0.32159898798076925 0.3736215697115384 0.33167228365384616 0.3734946754807692 0.33976243990384614 0.3746188629807692 0.34350699759615383 0.3784435552884616 0.3517140408653846 0.3837731153846154 0.35652516826923075
4 0.38965165865384616 0.2869322307692308 0.39033833653846156 0.2960173533653846 0.39346653365384615 0.30598386778846154 0.3986929086538461 0.31215361778846157 0.4051781923076923 0.3147977956730769 0.4124646033653846 0.3101196346153846 0.41767119471153846 0.2989953100961538 0.41805268028846154 0.2857744254807692 0.41587820192307695 0.2740451274038462 0.40862994471153846 0.2642142091346154 0.4008476033653846 0.26482440384615386 0.39443861778846157 0.27004495913461535 0.3898464423076923 0.28212925961538465 0.38965165865384616 0.2869322307692308
4 0.33107713221153845 0.38192396634615383 0.33388499759615387 0.3902077860576923 0.3383775889423077 0.39709433413461537 0.34438642548076925 0.4003879014423077 0.35146225 0.3978927716346154 0.3566287259615385 0.39010797836538463 0.3588188629807692 0.38012747596153845 0.3585942355769231 0.36765184375 0.3547193798076923 0.3580705600961539 0.34786817788461544 0.3511840144230769 0.33994999278846155 0.3519824543269231 0.3337165264423077 0.3581703701923077 0.3312772139423077 0.37186839423076923 0.33107713221153845 0.38192396634615383
4 0.36005801201923077 0.38354611057692306 0.3629491923076923 0.39217341826923074 0.3675179735576923 0.3992148221153846 0.37322894951923075 0.40149851923076924 0.37904696875 0.399657375 0.3826163293269231 0.3955629326923077 0.38625707932692305 0.3880140360576923 0.38700664663461537 0.38059201682692306 0.3867567860576923 0.3713937884615385 0.38554320673076925 0.36447925721153845 0.38179537740384617 0.35597882451923074 0.3761557860576923 0.35096737259615385 0.37083743990384616 0.3509039375 0.3649123004807692 0.35591538701923076 0.36137863461538466 0.361434326923077 0.35961548798076926 0.3697580456730769 0.36005801201923077 0.38354611057692306
4 0.3871172596153846 0.38216516826923075 0.3896648870192308 0.3917036057692308 0.3938429927884615 0.3982839230769231 0.4006026923076923 0.4017250048076923 0.40410143028846157 0.4017250048076923 0.4068868341346154 0.40027612980769234 0.41121752884615387 0.39459850240384614 0.4139349927884615 0.38638819951923076 0.41430864663461536 0.3698468581730769 0.4120487932692308 0.3619648389423077 0.4078706875 0.3550826754807692 0.40263956490384617 0.35127937499999995 0.3966095865384615 0.3527302740384615 0.3912086201923077 0.35804282211538463 0.38828734375 0.36317426201923075 0.38708743028846154 0.3690117596153846 0.3871172596153846 0.38216516826923075
4 0.41461338942307696 0.38789453125 0.4170831971153846 0.3960119831730769 0.4216168125 0.40310723798076925 0.42740225000000004 0.4058731826923077 0.43359368269230775 0.40443007932692304 0.43893929086538463 0.39745508653846157 0.44181481009615386 0.3897520168269231 0.44330302403846156 0.3821402644230769 0.44279553125000004 0.37492475240384615 0.4396829014423077 0.3646426466346154 0.4364687668269231 0.3579682980769231 0.43108932451923077 0.3548415769230769 0.4255068870192308 0.3555029975961539 0.42073643749999995 0.3588101081730769 0.4169467860576923 0.3650692451923077 0.4145108125 0.37300631009615387 0.4142791466346154 0.3814401418269231 0.41461338942307696 0.38789453125
4 0.4392795889423077 0.41489828125000006 0.44190606971153845 0.42280357692307696 0.4462694206730769 0.4289019447115385 0.45059040624999996 0.43168761538461536 0.4564788076923077 0.4308594447115385 0.4625790240384615 0.42536338221153847 0.46609512499999994 0.4153500120192308 0.46690001201923076 0.40624010576923075 0.46757781971153844 0.39585029326923077 0.4668576514423077 0.3922364447115385 0.46363809134615386 0.3842558629807692 0.45957128125 0.38056672836538463 0.45414886778846153 0.3790609567307692 0.4477944735576923 0.3819219206730769 0.44258387259615384 0.3877191370192307 0.4402115649038461 0.39329048317307697 0.4390109903846154 0.39872635096153847 0.43838997355769227 0.40631539423076923 0.4392795889423077 0.41489828125000006
4 0.41049956009615385 0.43389689903846157 0.41191964423076927 0.4410197043269231 0.41479136778846154 0.4474694831730769 0.4183573533653846 0.45240496875 0.4233118677884615 0.4541996923076923 0.42848728125 0.4538586466346154 0.4324635144230769 0.4499326923076923 0.43558769711538464 0.4445485264423077 0.4377336009615385 0.4358189471153846 0.4379860625 0.4247141057692308 0.4356192572115385 0.41641351682692307 0.4327159735576923 0.41074892548076924 0.42845572355769235 0.40665471875 0.4224598173076923 0.4051404206730769 0.4171897283653846 0.4081690144230769 0.4130241514423077 0.4134410096153846 0.41051789182692305 0.42186855528846157 0.41049956009615385 0.43389689903846157
4 0.3813990817307692 0.42783744951923075 0.3831449591346154 0.4371459735576923 0.38723398798076925 0.4452296923076923 0.39228784134615385 0.45037387500000003 0.3952282668269231 0.4500472596153846 0.4000524014423077 0.4494756875 0.4064386370192308 0.4426984230769231 0.4097466153846154 0.4328183269230769 0.41002228124999995 0.42522453125 0.408506125 0.4147728533653846 0.40441709375 0.40570929086538465 0.3999145697115385 0.4012183389423077 0.39237973317307695 0.4008917235576923 0.38691237740384615 0.40505606490384616 0.3830990168269231 0.41215993749999996 0.3814024831730769 0.4220187235576923 0.3813990817307692 0.42783744951923075
4 0.35414613461538463 0.42625834855769235 0.3552689447115384 0.4337614423076923 0.35814334134615383 0.4420627379807692 0.36308371153846153 0.4476501514423077 0.3671707403846154 0.44956583413461537 0.3728297091346154 0.44852817067307693 0.3762430552884615 0.44549500721153845 0.38010552403846154 0.43902957451923075 0.38140798798076925 0.43240449759615385 0.38149781250000003 0.41995255528846154 0.38059956490384617 0.41348712259615383 0.37651253125 0.4046270865384616 0.37157216346153843 0.40127463942307695 0.3660479326923077 0.39959841586538464 0.3599398389423077 0.4035096033653846 0.3559875432692308 0.41013467548076926 0.3540354350961538 0.41997029326923074 0.35414613461538463 0.42625834855769235
4 0.32517919711538457 0.4269453221153846 0.3264553990384615 0.43512674519230765 0.3297826418269231 0.4412020576923077 0.3337479831730769 0.4457382884615385 0.3383970072115385 0.44824941826923076 0.3425446658653846 0.4471963629807692 0.3478773677884615 0.4429031442307692 0.35220733894230766 0.4320485841346154 0.35257196634615384 0.4228951129807692 0.35115903125 0.41268858894230764 0.34792294471153845 0.4044261634615385 0.3430916105769231 0.4003759543269231 0.3383514278846154 0.3975408100961539 0.33297314903846154 0.4002139471153846 0.32868875480769233 0.40556022355769233 0.3258628774038461 0.41236457211538463 0.3251593221153846 0.42048538701923077 0.32517919711538457 0.4269453221153846
4 0.4877885793269231 0.3949880528846154 0.48553408173076923 0.38762674759615384 0.48490491826923077 0.3772836466346154 0.48605838221153846 0.36871098317307693 0.4881031610576923 0.36172240144230766 0.4869496995192308 0.3601383269230769 0.4825455576923077 0.3601383269230769 0.47646364423076926 0.35715652884615384 0.47284380528846154 0.3520059591346154 0.4706914639423077 0.35428967548076923 0.4673183870192308 0.35851455769230767 0.46436293028846154 0.367860125 0.46365619230769234 0.37454 0.4644914302884615 0.3845883629807692 0.46776813221153846 0.39298103125 0.4731971778846154 0.3995467235576923 0.47811223076923076 0.4008598605769231 0.48239212019230765 0.39962787499999997 0.4877885793269231 0.3949880528846154
4 0.47751548317307696 0.3578948677884615 0.4846124326923077 0.3600627283653846 0.4892143605769231 0.3589787932692308 0.49359451201923077 0.35434746875 0.49603343990384613 0.34936804326923077 0.4986393557692308 0.3404995408653846 0.4993046947115385 0.32897049038461534 0.49619977403846155 0.3188209831730769 0.4917087355769231 0.30965686538461534 0.48483356730769234 0.3061094639423077 0.4776811706730769 0.30837585817307694 0.47174856009615385 0.3160618966346154 0.46858819711538463 0.3298573389423077 0.4689763149038461 0.3405980841346154 0.4725859302884615 0.35147286298076924 0.47751548317307696 0.3578948677884615
4 0.4969754807692308 0.40524676201923077 0.5022600721153846 0.4057803942307692 0.5084454471153846 0.4015113197115384 0.5132496153846154 0.3927596995192308 0.5151112355769231 0.3831542668269231 0.5149310793269231 0.37194792788461534 0.51336971875 0.365224125 0.5082652884615384 0.35561869230769233 0.5026203846153846 0.35188324278846156 0.49649506490384615 0.35198996875 0.49042980048076923 0.35850032211538463 0.48646635817307693 0.3669317548076923 0.4848449495192308 0.3773910072115385 0.48592588942307696 0.3881704326923077 0.48806655528846155 0.3950962548076923 0.49115042548076926 0.40108440624999997 0.4969754807692308 0.40524676201923077
4 0.5005406682692308 0.33906125721153846 0.5036456418269231 0.3471810072115385 0.508125673076923 0.35411827163461534 0.5141581899038461 0.35648325000000003 0.5187269375 0.35593141826923075 0.5237836057692308 0.3516744615384615 0.5264006514423077 0.3471021778846154 0.5300593052884616 0.3364122019230769 0.5297488076923077 0.3257698076923077 0.5288173149038461 0.3176500576923077 0.5254018485576923 0.3100033028846154 0.519458045673077 0.3025142091346154 0.5139134495192308 0.30259304086538463 0.5093890624999999 0.30385436298076923 0.50490903125 0.3089071081730769 0.5008282091346155 0.3171845264423077 0.4998113822115385 0.3272123774038462 0.5005406682692308 0.33906125721153846
4 0.5322690264423077 0.3405552980769231 0.536231639423077 0.3505805120192308 0.5408002980769231 0.35563455048076925 0.5473735721153846 0.35704305048076923 0.5531543245192307 0.3549717307692308 0.5581425528846153 0.34842633653846156 0.5608930697115384 0.3401410288461539 0.5620119254807693 0.32862445673076923 0.56024040625 0.31843353124999996 0.557489889423077 0.31072819711538463 0.5494248052884616 0.30343712740384615 0.5428981514423077 0.30335427403846155 0.5364181129807692 0.30989966826923077 0.5325487403846154 0.31843353124999996 0.5311967908653846 0.3297015432692308 0.5322690264423077 0.3405552980769231
4 0.5640391802884616 0.34214862980769234 0.5673610120192307 0.34927905528846154 0.5727971899038462 0.35476490625 0.5761190192307692 0.35622166346153844 0.5815115985576923 0.3556849615384615 0.5884141057692308 0.34947459134615383 0.5922104783653845 0.33973734375000003 0.5935046971153846 0.3267032355769231 0.5924693221153846 0.31811605528846154 0.5867316201923077 0.3081796490384615 0.5800016754807692 0.3035026995192308 0.5733148774038461 0.3046527692307692 0.570165610576923 0.30618619471153846 0.565377 0.3130099350961538 0.563435670673077 0.31845359134615386 0.5627532451923076 0.32411057692307693 0.5627018221153846 0.33455817788461534 0.5640391802884616 0.34214862980769234
4 0.5152893942307692 0.2864550769230769 0.5173462451923077 0.2964408533653846 0.5214599350961538 0.30491093990384616 0.5268779687499999 0.3107062548076923 0.5332491802884616 0.3103496177884616 0.5400718918269231 0.30544589182692305 0.5425802403846154 0.30045299759615385 0.5456905913461538 0.2899322668269231 0.5456905913461538 0.27851994711538464 0.5441855817307693 0.2704956610576923 0.5381655432692308 0.2605098846153846 0.5318445024038462 0.25640858173076925 0.5241187884615385 0.25890502644230773 0.51724590625 0.26791006009615387 0.5152971610576923 0.2780012908653846 0.5152893942307692 0.2864550769230769
4 0.5477836538461538 0.2979657043269231 0.5515734663461539 0.3048251754807692 0.5549348653846153 0.30787074519230767 0.5587905865384616 0.3105649086538461 0.5647883798076923 0.3104477740384616 0.56992934375 0.30710935576923076 0.5745100721153846 0.2984411826923077 0.5765532788461538 0.2917643485576923 0.5773441947115384 0.27999203125 0.5753031274038461 0.2681753581730769 0.572370141826923 0.26296274038461537 0.5663064399038462 0.25757441586538465 0.559517733173077 0.2572815745192308 0.552597204326923 0.26296274038461537 0.5476869254807692 0.27256801201923075 0.5461406947115385 0.2840692764423077 0.5462018197115385 0.2904689014423077 0.5477836538461538 0.2979657043269231
4 0.3200861346153846 0.47212343990384614 0.32216037019230764 0.48212942067307696 0.32719780288461536 0.4916087716346154 0.33430946875 0.4956462668269231 0.3417174615384615 0.4907310504807692 0.34635979567307695 0.48090061057692307 0.3475450745192308 0.470368 0.34566838221153845 0.45948430769230775 0.34142114182692307 0.45000495673076923 0.33588983894230773 0.44702071634615387 0.32996344951923073 0.44702071634615387 0.3239382884615385 0.45123375961538464 0.32078066105769226 0.46040206971153846 0.3200861346153846 0.47212343990384614
4 0.34902667067307697 0.4810761610576923 0.3533726875 0.4896777908653846 0.3602868125 0.4961728966346154 0.3685837572115384 0.49389084375000003 0.37391750721153844 0.48458702644230767 0.37569542548076923 0.47194789182692304 0.3736211875 0.4596598485576923 0.3692751730769231 0.45123375961538464 0.36255859134615387 0.44737180528846154 0.3555456995192308 0.4491272379807692 0.34971808653846154 0.4573777860576923 0.3486445576923077 0.4693606754807692 0.34902667067307697 0.4810761610576923
4 0.37782025721153845 0.4839087355769231 0.3820355985576923 0.49140040384615385 0.3911688341346154 0.4959786442307692 0.3972576610576923 0.4915391346153846 0.4028000504807692 0.47960795913461535 0.4028781153846154 0.4637922139423077 0.39952145192307686 0.454497 0.3959306033653846 0.45088989663461543 0.39249588461538465 0.4507511658653846 0.39031014903846156 0.44756026682692307 0.3859386875 0.4472828028846154 0.38000598317307693 0.452693451923077 0.3764151442307692 0.4614337307692308 0.3754784014423077 0.47017400961538464 0.3767428725961538 0.47881021153846154 0.37782025721153845 0.4839087355769231
4 0.40535581249999997 0.4810891971153846 0.40680898798076925 0.4876892764423077 0.40960769711538464 0.49381109375 0.41450543990384614 0.4987850625 0.419457 0.4992633365384615 0.42494677403846154 0.49696765624999995 0.4292524783653846 0.49132410096153845 0.4317820817307692 0.48089788701923075 0.4317820817307692 0.47066297836538457 0.42957540625 0.4615759134615385 0.4254311658653846 0.45488017548076926 0.4208025336538462 0.4522975360576923 0.4161738966346154 0.45172361538461536 0.41267551201923075 0.45354103125 0.40874655528846154 0.4583236971153846 0.4060016682692308 0.46444551442307697 0.4052027379807692 0.47068461298076925 0.40535581249999997 0.4810891971153846
4 0.4314549639423077 0.4643744543269231 0.4323427668269231 0.4730110673076923 0.4350061826923077 0.4802359254807692 0.4413142740384615 0.48696251682692304 0.4469214663461539 0.48746078125 0.45215484615384616 0.4846372716346154 0.45584624999999995 0.47832590625 0.4580424014423077 0.47176540144230766 0.4584162091346154 0.46470662980769234 0.45678077884615387 0.46096963461538465 0.4548649903846154 0.4547413100961538 0.4553322548076923 0.44901125 0.45346319230769233 0.44494207932692303 0.44888398317307693 0.4407898605769231 0.44374405769230774 0.4397102860576923 0.43832377403846157 0.44203552644230765 0.43374456490384616 0.4488451634615384 0.431930108173077 0.45625472596153843 0.4314549639423077 0.4643744543269231
4 0.45453334615384616 0.4507498798076923 0.4558758822115384 0.4583592956730769 0.4587060889423077 0.46525936057692313 0.4633505288461538 0.4700958533653846 0.4675232692307692 0.4724173701923077 0.4734013894230769 0.47054726201923075 0.4785171850961539 0.46483759375000006 0.48112968269230766 0.45755060576923073 0.4823270769230769 0.44652340144230773 0.48105711538461543 0.43801117067307693 0.4772835048076923 0.42814472596153846 0.47140538221153844 0.42253439182692304 0.4641847307692308 0.423824125 0.45852431730769233 0.4303372716346154 0.45591181971153844 0.43581862980769226 0.4546449639423077 0.4441206923076923 0.45453334615384616 0.4507498798076923
4 0.47899719230769233 0.40730627884615384 0.4775603653846154 0.4149670432692308 0.47779211057692306 0.4250990264423077 0.4798778293269231 0.4342425216346154 0.4834467259615384 0.43992631490384615 0.48840610817307695 0.44355076923076925 0.4943851706730769 0.44404501201923074 0.49813946634615386 0.44124430048076924 0.5025426490384615 0.4358900024038462 0.5006423293269231 0.4296295889423077 0.5005959783653846 0.4227101875 0.5009204254807693 0.4148022980769231 0.5030988413461539 0.4086242620192308 0.5015229639423077 0.4059059254807692 0.4971661298076923 0.4050821850961538 0.4921604038461539 0.40170486057692306 0.4876285432692308 0.39520100721153845 0.48261243990384617 0.3995631394230769 0.47899719230769233 0.40730627884615384
4 0.5009536274038461 0.41551910096153843 0.5003433221153846 0.42836822115384615 0.5029723461538461 0.43896457211538464 0.5087468125 0.4489768725961539 0.5159766370192307 0.45156338701923077 0.5223614110576923 0.4484762596153846 0.5285583990384615 0.4399658028846154 0.5309989951923076 0.43032410576923075 0.5307642572115385 0.41872652403846156 0.5278066033653845 0.40771299278846157 0.5212340360576924 0.39886879326923075 0.5135816947115385 0.39694976682692307 0.5065396610576923 0.4033743293269231 0.50328459375 0.4086870120192308 0.5009536274038461 0.41551910096153843
4 0.49624747836538463 0.4493865 0.49550328365384616 0.4595264951923077 0.4967932163461538 0.46666857932692307 0.5006630192307692 0.47583867067307695 0.5051281754807693 0.48068822836538466 0.5101886850961539 0.48124224759615386 0.5148026802884615 0.4799196394230769 0.5200120288461538 0.4733065985576923 0.5194685048076922 0.4676577980769231 0.5194685048076922 0.45936945432692305 0.5208080504807693 0.4535499759615385 0.5218995360576923 0.4495821514423077 0.5170870865384616 0.45152197836538466 0.5100420625000001 0.4496950216346154 0.506221875 0.44510997836538463 0.5017139399038462 0.43679183413461536 0.49778547596153844 0.4430379783653846 0.49624747836538463 0.4493865
4 0.5162127524038461 0.3874119591346154 0.5201682836538462 0.3970884543269231 0.5278932115384616 0.40345674278846155 0.5338963173076923 0.4026296971153846 0.537454889423077 0.3992330721153846 0.5432253197115384 0.3917069158653846 0.5452263509615385 0.3826093533653846 0.5451798197115385 0.37210581009615384 0.5431322451923077 0.36102332692307687 0.5376410336538462 0.35184306490384615 0.5299161057692308 0.3486175649038462 0.5219119639423077 0.35366257932692313 0.5172583942307692 0.3616022668269231 0.5152163942307693 0.3720865048076923 0.5162127524038461 0.3874119591346154
4 0.5478174663461538 0.37647955528846155 0.5486551105769231 0.3852265528846154 0.5520056802884615 0.3946549326923077 0.5576830384615384 0.4007751129807692 0.5642911057692308 0.40193298076923073 0.5693635 0.3988728894230769 0.5749012475961538 0.3906023846153846 0.577321110576923 0.3842340913461539 0.5776003245192307 0.369678 0.5753200697115385 0.3596175072115385 0.5712249302884616 0.35283568750000005 0.56643175 0.3487831394230769 0.5594513942307692 0.34886584374999996 0.5555423966346154 0.3516778197115385 0.5513076442307692 0.3580461081730769 0.5517365889423077 0.3575622211538461 0.5483758942307693 0.36713387980769235 0.5478174663461538 0.37647955528846155
4 0.5780139639423078 0.3751513052884615 0.5795160913461539 0.38663075961538457 0.5829709879807692 0.39577428124999997 0.5881157764423077 0.40077985817307693 0.5946500336538462 0.4018477163461539 0.5996821634615385 0.40044615384615384 0.6026864206730769 0.39717584134615386 0.6071928052884615 0.38856625 0.6091073004807692 0.3763084134615384 0.6079807043269231 0.36596355048076923 0.6050891057692308 0.3576876658653846 0.5976535721153846 0.34861088701923076 0.5901053774038462 0.3490780721153846 0.5833458004807692 0.3548178028846154 0.5791253028846154 0.36497950480769226 0.5780139639423078 0.3751513052884615
4 0.5959891298076923 0.3300856899038462 0.5966368028846154 0.3408515528846153 0.5991131923076923 0.3481642139423077 0.6037992860576923 0.35513832692307695 0.6094378389423076 0.35859152884615386 0.6150001947115384 0.3581175576923077 0.6193815024038462 0.3546643581730769 0.62380090625 0.3485704735576923 0.6264296947115385 0.33939118509615385 0.6271535600961538 0.33045348557692306 0.626391591346154 0.32171891586538465 0.6235342163461539 0.3135859903846154 0.6185417596153846 0.3065812211538462 0.6117221610576923 0.3042113774038462 0.6053597379807693 0.3061126682692308 0.5996449903846154 0.3124096826923077 0.5965643173076923 0.32322211057692307 0.5959891298076923 0.3300856899038462
4 0.6141310528846154 0.2767876346153846 0.6131993677884615 0.28423883413461537 0.6145386586538462 0.2951051658653846 0.617624860576923 0.3039017235576923 0.6233896442307691 0.31073198798076923 0.6285721225961538 0.3118703629807692 0.6341622163461539 0.3111459375 0.6406257620192307 0.3035912548076923 0.643537266826923 0.29489818509615384 0.6449930216346154 0.2822725408653846 0.6435954975961539 0.2707852764423077 0.6384130192307692 0.26085034375 0.6296784975961539 0.25691776923076926 0.6223997283653847 0.25971196874999997 0.6157688365384615 0.2708013341346154 0.6141310528846154 0.2767876346153846
4 0.6538795384615385 0.2797421442307692 0.6540899471153847 0.28824939423076923 0.6552997908653846 0.2966294423076923 0.658508514423077 0.3051366947115385 0.66361090625 0.31065238701923076 0.6697127355769231 0.3130830288461538 0.6740786971153846 0.31193572355769233 0.6787602764423077 0.30791581730769235 0.6834418557692307 0.2994085625 0.6860193485576923 0.2889380961538462 0.6860193485576923 0.27687836538461535 0.6830210360576923 0.2664079014423077 0.6778134399038461 0.2583680793269231 0.6706069663461538 0.25649835576923075 0.664925954326923 0.2578071610576923 0.6599287668269231 0.2635098269230769 0.6553107860576923 0.27395459855769233 0.6538795384615385 0.2797421442307692
4 0.6862209663461538 0.2909411658653846 0.6887259471153846 0.3025549423076923 0.6936814471153846 0.3104910264423077 0.6989636899038462 0.3144590649038462 0.7053895096153846 0.31436227884615386 0.7108895721153845 0.30971676923076924 0.7139935673076923 0.30449056971153843 0.71731440625 0.2972264230769231 0.7183490697115384 0.2872579326923077 0.7179678798076924 0.27690231249999997 0.7137747572115385 0.2666434759615385 0.7064231875 0.25986877403846154 0.6979280384615384 0.2602558990384615 0.6923190649038461 0.2651917548076923 0.6876426490384616 0.2753306466346154 0.6862209663461538 0.2909411658653846
4 0.6350835841346154 0.34139949038461537 0.6390241802884616 0.34923378125 0.6461038966346154 0.35611846634615385 0.6532504014423076 0.3559997620192308 0.6597290096153846 0.34947118749999995 0.6627345504807691 0.34329871634615383 0.6651389831730768 0.3314285745192308 0.6647382427884616 0.31932103125 0.6609980192307692 0.3098249230769231 0.6561891538461538 0.30270283653846153 0.6490426442307692 0.30151582211538464 0.6418293509615385 0.30377114903846153 0.637020485576923 0.3120802475961538 0.6340149471153846 0.32145765625 0.6336251875 0.3321666923076923 0.6350835841346154 0.34139949038461537
4 0.6162251442307691 0.37359046153846154 0.6182826850961539 0.3884435168269231 0.6236941682692307 0.3972088293269231 0.6317771418269231 0.40110380048076927 0.6391751153846154 0.39806029567307694 0.6444847908653847 0.3898177692307693 0.6471252932692307 0.38284776682692306 0.6477628629807692 0.3737018798076923 0.6463510985576922 0.36374662500000005 0.6440740528846154 0.3557338605769231 0.6391101009615384 0.34958264903846153 0.6330076201923076 0.3466689158653846 0.6272694711538461 0.34877327884615383 0.6223510552884615 0.3526582572115385 0.6184171418269231 0.3620251177884616 0.6162251442307691 0.37359046153846154
4 0.647869264423077 0.37730258173076925 0.649220670673077 0.3861090817307692 0.6521737475961539 0.3950934879807692 0.6573791658653847 0.4006086754807692 0.6615334879807692 0.40265462740384617 0.6681904182692308 0.4013203100961539 0.6734959423076923 0.39598303605769225 0.6775501634615384 0.3870875793269231 0.6793520384615385 0.3750787139423077 0.6775501634615384 0.3625361225961538 0.6735960504807692 0.35444125961538464 0.6687409903846154 0.3496377139423077 0.6610830192307693 0.34857025961538457 0.654476141826923 0.35417439663461536 0.6504219206730769 0.3612018052884615 0.6484794471153846 0.3689590408653846 0.647869264423077 0.37730258173076925
4 0.669222814903846 0.32932384855769226 0.6687807451923077 0.3378946875 0.670508829326923 0.34839396875 0.6748491346153845 0.3567505384615384 0.6806763942307692 0.36246442788461536 0.6877494783653847 0.36225015865384613 0.6948627524038462 0.3571790793269231 0.6988413653846154 0.34925105288461544 0.7012315048076924 0.3365276346153846 0.7009903774038461 0.3264568966346154 0.6963657716346153 0.31427416105769235 0.6904983221153846 0.3081317235576923 0.6825812836538462 0.3072746394230769 0.6755483870192307 0.3132742283653846 0.670926766826923 0.3223450360576923 0.669222814903846 0.32932384855769226
4 0.6826490697115385 0.37766564423076926 0.6822757692307693 0.3874845961538461 0.6847768774038462 0.3975689302884616 0.68977909375 0.40560443509615385 0.6946319903846153 0.40925337259615385 0.7012393942307693 0.4090543389423077 0.708817375 0.40235356971153846 0.7121397451923077 0.39532107451923076 0.7143048798076923 0.3839762043269231 0.7137076033653845 0.3750728533653846 0.7111691634615384 0.36631540865384615 0.707249516826923 0.3598800144230769 0.7030312307692307 0.3564301105769231 0.6993355649038461 0.3553022572115384 0.6949679591346154 0.3564301105769231 0.6906750120192308 0.35961463461538457 0.6867039399038462 0.36390524759615384 0.6843289182692308 0.36917357692307695 0.6826490697115385 0.37766564423076926
4 0.7011488100961538 0.3360856778846154 0.7018308485576923 0.34626768750000003 0.7055138509615385 0.3571769831730769 0.7111974951923077 0.3632377019230769 0.7171539567307692 0.3650155144230769 0.7218827524038461 0.36396498798076926 0.7277482764423078 0.3581466971153846 0.7316586298076923 0.35006573557692305 0.7338411490384615 0.3382675360576923 0.7327044134615384 0.32800471634615386 0.7288850048076922 0.3165297548076923 0.7225647908653846 0.3101457956730769 0.7155625360576923 0.30990336778846156 0.7082874687499999 0.3149943725961538 0.702975048076923 0.32498729326923076 0.7011488100961538 0.3360856778846154
4 0.7163105528846153 0.38848343028846155 0.7187016009615385 0.40034652644230767 0.7232346346153846 0.4086684014423077 0.7290130024038461 0.4131834591346154 0.7359370889423077 0.41238668509615384 0.7436083701923076 0.40503864182692306 0.7463979302884615 0.3985759134615385 0.74839046875 0.38830636778846156 0.7481413966346153 0.37600062259615386 0.7448537043269231 0.3675016899038462 0.7410678798076924 0.3608618966346154 0.7365348509615385 0.35776332692307694 0.7292620721153846 0.35820598076923077 0.7248784807692308 0.3615701418269231 0.7209574879807692 0.3668017668269231 0.7173566370192308 0.37635474278846154 0.7163105528846153 0.38848343028846155
4 0.7277281105769231 0.4335606394230769 0.728333579326923 0.44441094471153847 0.7315627451923077 0.4528401105769231 0.7370119663461538 0.45965518028846153 0.7442271442307693 0.46198664903846154 0.7494240841346154 0.4601035384615385 0.7543687524038462 0.45346781730769237 0.7584125216346155 0.4456084158653846 0.7596684663461539 0.4348464807692308 0.7586070360576923 0.42342770913461536 0.7552769543269231 0.4141915 0.7505341129807692 0.4094388846153846 0.7449335216346153 0.40719708653846154 0.7399384014423076 0.4086318365384616 0.7342228365384614 0.4133453028846154 0.7295949711538461 0.4222619735576923 0.7277281105769231 0.4335606394230769
4 0.6952776562499999 0.4261835625 0.6956596129807693 0.4376388004807692 0.6988107572115384 0.4471424086538462 0.7045401129807692 0.4546095288461538 0.7111288701923077 0.4572399855769231 0.7168582259615385 0.45537321153846155 0.72330375 0.44782123557692305 0.7264071538461538 0.43679026682692307 0.7271233221153846 0.4265229807692308 0.7257387259615384 0.4179527644230769 0.7227785649038462 0.4106553509615385 0.7181950817307693 0.40497016105769235 0.7124657211538461 0.4031033798076923 0.7078822379807692 0.40335794230769234 0.7034419879807692 0.4066672331730769 0.7007573125 0.41015487740384615 0.6974739110576924 0.41769820192307694 0.6952776562499999 0.4261835625
4 0.661753439903846 0.43026513221153845 0.6646751971153846 0.44091905048076924 0.6692593413461538 0.44745465144230767 0.6749517355769231 0.45094627403846155 0.6799892548076923 0.45076721875 0.6868906538461539 0.44521643028846153 0.690719170673077 0.4385017740384616 0.6926838076923078 0.4304441875 0.6927845528846154 0.41970073557692306 0.6909206730769231 0.40949445913461535 0.6859839014423077 0.40116828365384616 0.6812990096153846 0.39740807692307695 0.6742464831730769 0.3973185480769231 0.6693097163461539 0.40098922836538464 0.6646248245192308 0.40788293990384616 0.662038485576923 0.41676159134615387 0.661753439903846 0.43026513221153845
4 0.6305463533653846 0.4161713341346154 0.6305927235576922 0.4268854879807692 0.6328650192307692 0.4348798942307692 0.6364821418269231 0.44155563221153843 0.641722329326923 0.4463357860576923 0.65006953125 0.4463357860576923 0.6560053245192308 0.4404017956730769 0.6599006850961538 0.4309238966346154 0.6611991370192307 0.4202097475961538 0.6609208966346153 0.41106151201923075 0.6581384951923077 0.4034791899038461 0.6537794038461539 0.3966386153846154 0.6483537211538462 0.3933419543269231 0.6420933173076923 0.3937540360576923 0.6354704350961539 0.4003541322115384 0.6323549134615385 0.4071879326923077 0.6305463533653846 0.4161713341346154
4 0.6001509375 0.4246628125 0.6026404110576923 0.4334281225961538 0.6068208533653846 0.4402734134615385 0.6117998052884616 0.4441134567307692 0.6180000096153846 0.4443638942307692 0.6252335817307693 0.4373516466346154 0.6285215721153846 0.4298385216346154 0.6300716225961539 0.42007146153846153 0.6296488822115385 0.4105548413461539 0.6271594014423076 0.4012051778846154 0.6225562211538461 0.3956955528846154 0.6202076610576923 0.39202247355769226 0.6148059663461539 0.39110419951923076 0.6086997019230769 0.39302422115384616 0.6039086346153846 0.3994521153846154 0.6009515769230769 0.4066436153846154 0.5998221370192307 0.41548011057692313 0.6001509375 0.4246628125
4 0.5629531105769231 0.41632367548076926 0.5626534807692308 0.42404513701923074 0.5637021875 0.432476625 0.566448798076923 0.43966557211538465 0.5710930649038461 0.44543832932692307 0.5764864110576923 0.4479233990384615 0.5821793846153847 0.4471246274038462 0.5873729807692307 0.4417107259615385 0.5919173677884616 0.4313266923076923 0.5934654591346153 0.42085390144230767 0.5919673076923077 0.4099373509615385 0.5891208221153846 0.40257090144230767 0.5840271057692308 0.3972457548076923 0.5792330216346154 0.39449442788461536 0.573540048076923 0.3952044495192307 0.5673510673076924 0.40129154567307695 0.5643513846153846 0.4085134639423077 0.5629531105769231 0.41632367548076926
4 0.5326298629807693 0.4198225649038462 0.5331496153846154 0.4270584302884615 0.5346655697115384 0.4329856802884615 0.5381739086538462 0.43922084375 0.5447141466346154 0.44499414182692304 0.5494352475961539 0.4454560048076923 0.55372321875 0.4430697067307693 0.557708 0.4377582740384615 0.5609997764423077 0.42921379567307694 0.5623857860576923 0.4176672043269231 0.5611730288461538 0.4091227259615385 0.5585309447115384 0.40196383653846157 0.5540264110576923 0.39730025721153844 0.5500849399038461 0.3932974399038462 0.5452772139423077 0.3928355745192308 0.5402096105769231 0.39622257451923076 0.5351681370192307 0.4047815793269231 0.5332795552884615 0.41104715625000005 0.5326298629807693 0.4198225649038462
4 0.5250677235576923 0.44453701442307697 0.5205784975961538 0.4536105144230769 0.5188180192307692 0.46221469711538465 0.5199183173076923 0.47230505528846156 0.5230431706730769 0.48176965625 0.5278404783653846 0.4877143581730769 0.5324617355769231 0.49006095432692304 0.53928359375 0.48810546153846157 0.5439048533653846 0.48372514663461536 0.5469856923076923 0.4771546826923077 0.5479525048076923 0.47073387259615385 0.5479525048076923 0.4571236201923077 0.5458399278846154 0.44961451682692305 0.5403824447115384 0.4411667740384615 0.5347929206730769 0.43842907932692304 0.5290133966346153 0.4396105024038462 0.5250677235576923 0.44453701442307697
4 0.5489893100961538 0.47213965625000004 0.5521304783653846 0.48176042788461537 0.5569709615384615 0.48844125240384617 0.5642316899038462 0.49054616586538463 0.5693296466346154 0.4879836634615385 0.5735521995192308 0.4825840913461539 0.5769508389423077 0.4740729086538461 0.5783411923076923 0.46455503125000003 0.5772083100961539 0.4549456322115385 0.5738611682692307 0.44716659134615383 0.5690721754807693 0.4439634591346154 0.5656735384615384 0.43783174759615384 0.5606270745192308 0.4381063004807692 0.5551686538461539 0.4422246153846154 0.5511093774038461 0.4486876826923077 0.54868034375 0.4576798028846154 0.5489893100961538 0.47213965625000004
4 0.5273115817307692 0.5082244783653846 0.5276447331730769 0.521842625 0.5315315264423077 0.5318095336538462 0.5375282860576923 0.5386186057692307 0.5445245072115384 0.5395067451923077 0.5495218100961539 0.5365462788461538 0.5536862259615385 0.5284543341346154 0.5564625048076923 0.5201650288461539 0.5557961971153846 0.5070402932692308 0.5537972764423077 0.49914571875 0.5496328581730769 0.4928300552884615 0.5443579326923077 0.4881919927884616 0.5391940528846153 0.4886854014423077 0.5343451923076923 0.4916617644230769 0.5295881274038462 0.49815889423076926 0.5273115817307692 0.5082244783653846
4 0.49973078365384616 0.4934213485576923 0.49768889423076923 0.5031340528846153 0.49753875480769233 0.5115726995192308 0.4988900048076923 0.5180300480769231 0.5025834206730769 0.5263552235576923 0.5068473629807693 0.5306605456730769 0.5145344711538461 0.5314610432692308 0.5210838413461538 0.5253754711538462 0.5242067283653846 0.5162497980769231 0.5254979230769231 0.5087410096153846 0.5236061754807693 0.4940652211538462 0.5203631754807693 0.4874952451923077 0.5156788437500001 0.48295908894230766 0.510994514423077 0.48242542307692304 0.5071834014423077 0.48296410576923077 0.5029737812499999 0.4867505336538462 0.49973078365384616 0.4934213485576923
4 0.47228217788461535 0.4905723052884615 0.4756676706730769 0.5021501466346154 0.48115626923076926 0.5094432716346154 0.48674746394230767 0.5107195745192308 0.4922360625 0.5086227956730769 0.49700653125 0.5021501466346154 0.49957130048076925 0.49330722836538465 0.4998790721153846 0.4819117211538462 0.49834021153846153 0.4733422932692308 0.49403140384615385 0.46595800240384616 0.4883889134615385 0.46176445432692304 0.48182311057692306 0.4620379471153846 0.4772065288461539 0.4658668389423077 0.47508617548076926 0.4695300649038462 0.47202570192307697 0.48118240625 0.47228217788461535 0.4905723052884615
4 0.44761582451923076 0.5057544831730769 0.44967480769230767 0.5171578870192307 0.45262021394230767 0.5238530913461539 0.4572170072115384 0.5279378942307692 0.4633460649038461 0.5293845985576924 0.4691399423076923 0.5252146947115385 0.47368885096153845 0.5173003918269231 0.47498169951923075 0.5060671899038461 0.47421556971153844 0.49540803125 0.4705764399038461 0.48562153124999996 0.46554869711538466 0.48068572596153847 0.4570733581730769 0.4801751274038461 0.4537694110576923 0.4836642283653846 0.45071061538461543 0.48849725 0.4482383076923077 0.49656368028846154 0.44761582451923076 0.5057544831730769
4 0.42133913461538464 0.5168783581730769 0.4222658557692308 0.5278584014423077 0.4262816514423077 0.5373744326923077 0.43184198076923075 0.542315451923077 0.43755676442307695 0.5424069543269231 0.4428596730769231 0.5390214399038462 0.44718437499999997 0.5323419110576924 0.44857445673076923 0.5227343774038462 0.4481625769230769 0.5123033389423077 0.44538241105769233 0.5026958028846154 0.44188146634615383 0.49702278605769235 0.4371963701923077 0.49418627403846155 0.43029744471153847 0.4951927788461538 0.4239133605769231 0.5029703052884615 0.4214472283653846 0.5131507860576924 0.42133913461538464 0.5168783581730769
4 0.39719558413461536 0.51837203125 0.39762296634615385 0.5271586586538461 0.40007069951923074 0.5333041923076923 0.4035674639423077 0.5391735216346154 0.40916228365384616 0.5429022716346154 0.4140577524038462 0.5424879663461538 0.41988568990384617 0.5377234519230769 0.42295507211538463 0.5292992403846154 0.42192631490384613 0.5239708774038461 0.4212269639423077 0.5178943966346155 0.4213435216346154 0.5116798124999999 0.4227810817307692 0.5067081442307693 0.41905119951923075 0.5013221706730769 0.4163703485576923 0.4990434903846154 0.41368949759615387 0.49883633653846154 0.4104258509615385 0.49490043509615383 0.4037042980769231 0.4980767764423077 0.4036888389423077 0.4981500048076923 0.3986719951923077 0.5067714735576924 0.39719558413461536 0.51837203125
4 0.36785012740384615 0.5140916466346154 0.36826327403846154 0.5230496658653846 0.3711553173076923 0.5315671225961538 0.3751215432692308 0.5372209567307692 0.38024458413461537 0.5399377283653846 0.38702021875000003 0.5385426322115385 0.39197800240384617 0.5322279591346154 0.39478727884615383 0.522965954326923 0.3945393894230769 0.5088680913461539 0.3908210528846154 0.4982946923076923 0.38483040144230773 0.4930079951923077 0.37875711778846155 0.49161289423076926 0.3718162235576923 0.4977072836538462 0.36870038221153845 0.5054688509615385 0.36785012740384615 0.5140916466346154
4 0.3409566322115385 0.5066697764423077 0.34032037740384613 0.5167337524038461 0.3422927740384616 0.5257800216346153 0.3458558269230769 0.5346001346153846 0.3528546682692308 0.5398017403846154 0.3592808774038462 0.5393494254807693 0.3641164447115385 0.5330170408653846 0.36717048557692306 0.5221615120192308 0.3667887307692308 0.5092705793269231 0.3632256850961539 0.4988673701923077 0.35616321394230765 0.4925349855769231 0.35030963221153844 0.49208266826923075 0.3436376850961539 0.4995691850961539 0.3409566322115385 0.5066697764423077
4 0.3151859639423077 0.5000270673076923 0.31314200961538463 0.5102329350961539 0.31379088461538457 0.5199576153846154 0.31635393990384614 0.5290102788461538 0.3207188100961539 0.5351622956730769 0.3260071394230769 0.5382759495192307 0.3322038918269231 0.5366614639423077 0.3391167139423077 0.5289598966346154 0.3397240216346154 0.5209580456730769 0.34028318509615385 0.511291375 0.3389615240384615 0.5033412211538462 0.33504737259615386 0.49620414423076925 0.32935405528846157 0.49358420913461537 0.324925451923077 0.48979978125 0.3195658677884615 0.49230059134615384 0.3151859639423077 0.5000270673076923
4 0.5835747644230769 0.4687294711538461 0.5862115769230769 0.47821093990384617 0.5908106658653847 0.48507683173076926 0.5961456081730769 0.4883463028846154 0.6010513028846154 0.48769240865384617 0.6079805985576923 0.4820253221153846 0.6125183653846153 0.47199894230769235 0.6134995048076923 0.4595749447115385 0.6109853341346153 0.4479138245192308 0.6054664278846154 0.43843235576923073 0.5999475216346154 0.4353808509615385 0.5932635144230769 0.43636169230769234 0.586886108173077 0.44475333894230773 0.5831256850961538 0.45857231971153845 0.5835747644230769 0.4687294711538461
4 0.6137283245192308 0.46214865384615383 0.6140577884615385 0.47067143509615383 0.6162176009615384 0.47958457211538463 0.6202443725961538 0.48550498076923077 0.6260648870192308 0.4901241971153846 0.6315193293269231 0.49005914182692306 0.638511266826923 0.4845941514423077 0.6418425096153846 0.47808820913461536 0.6435808149038462 0.4705975192307692 0.6439834951923077 0.45823623557692306 0.6418968942307692 0.44893273798076927 0.6374674423076924 0.44242680048076927 0.6336969230769232 0.43839311538461534 0.6275835504807692 0.43702686778846156 0.6222755360576924 0.44001960096153847 0.6180291225961538 0.44561470913461537 0.6145198173076923 0.45421790624999997 0.6137283245192308 0.46214865384615383
4 0.6440725192307692 0.47031197115384615 0.6458389086538462 0.48003630288461535 0.6502928076923078 0.4884264759615385 0.6542765841346154 0.4911650096153846 0.6597636682692307 0.493636375 0.6655138341346153 0.4910314254807692 0.6706626778846154 0.48502000240384613 0.6737820504807692 0.47680438942307696 0.6749471153846154 0.46551627163461534 0.6735005600961539 0.45525575240384614 0.6712831730769231 0.4499122644230769 0.6648189326923077 0.4424267692307692 0.6588808557692307 0.4404229615384615 0.652980358173077 0.44316149759615386 0.64820734375 0.44803743269230767 0.6457317403846154 0.4534924591346154 0.644410764423077 0.45982537980769234 0.6440725192307692 0.47031197115384615
4 0.676740264423077 0.45813058173076926 0.6745650048076922 0.47134675721153846 0.6760320408653846 0.47988781971153843 0.679219048076923 0.4888784182692308 0.6839236802884615 0.4951718365384616 0.6896906466346154 0.49750938942307693 0.6940917524038461 0.4967901442307693 0.6984928581730769 0.49319390384615386 0.7028939639423076 0.4866307668269231 0.705473923076923 0.4797979158653846 0.7066374326923076 0.4679303293269231 0.7045127596153846 0.4583103918269231 0.7009210552884616 0.4506683870192308 0.6960140721153846 0.445184125 0.6888812451923076 0.4441951586538462 0.6809390240384615 0.4507582908653846 0.6767453004807693 0.4581920552884616 0.676740264423077 0.45813058173076926
4 0.7092841778846153 0.48230440384615386 0.7110544447115384 0.4907250889423077 0.7154280504807692 0.4982204254807692 0.7219363942307692 0.5038650649038462 0.7269868629807692 0.5038650649038462 0.7327142067307691 0.5005338052884615 0.7382332764423077 0.49137283653846153 0.7399514783653847 0.4805462403846154 0.7402118149038461 0.47305090384615384 0.7386498125000001 0.4641675408653846 0.7352134086538461 0.45722741346153845 0.7307877403846154 0.45250812740384616 0.7263620625 0.45056489182692305 0.7206347235576923 0.45121263701923076 0.7136057163461539 0.4586154399038461 0.7102854879807693 0.46617386298076924 0.7092841778846153 0.47295836538461533 0.7092841778846153 0.48230440384615386
4 0.7409487403846153 0.4776068798076923 0.7414255985576923 0.4883822043269231 0.7446955072115385 0.49988395673076924 0.75062221875 0.5058164399038462 0.7561401899038462 0.5089642836538462 0.7649280697115385 0.5059375048076923 0.7701735528846154 0.4966150384615385 0.7728984711538461 0.4791808076923077 0.7695604447115384 0.4648944206730769 0.7647918245192307 0.4587197980769231 0.7596825913461539 0.4544823149038461 0.75287028125 0.4556930240384615 0.7462463173076923 0.46237143269230774 0.7430605528846154 0.46767905769230766 0.7409487403846153 0.4776068798076923
4 0.5669980961538461 0.5011556899038461 0.5677846274038462 0.5123385072115385 0.5707734423076923 0.5215643317307692 0.5755450600961539 0.5279012596153846 0.580421548076923 0.5305105865384616 0.5861894350961538 0.529671875 0.5886538990384615 0.5272489350961538 0.5929011610576923 0.5215643317307692 0.5965716322115384 0.5108474615384615 0.5969386826923077 0.4987327427884616 0.5947363966346153 0.4905320120192308 0.5886538990384615 0.48102661778846156 0.5844590673076924 0.47869686057692307 0.5774851706730769 0.4796287644230769 0.5723465024038462 0.4852201730769231 0.5684956346153845 0.4932533942307692 0.5669980961538461 0.5011556899038461
4 0.5972791610576923 0.50294784375 0.5971724182692307 0.5110106177884616 0.5987736009615385 0.5179351225961539 0.6027231850961539 0.5269464543269231 0.6095015288461538 0.5313098413461538 0.6157995120192308 0.5312149831730769 0.6232717019230769 0.5233419230769231 0.6265274375000001 0.5116746129807692 0.625406610576923 0.49327251442307696 0.6250863725961538 0.4923239543269231 0.6190552572115385 0.4846406033653846 0.6139848413461538 0.48094121394230765 0.6077402259615384 0.4816052043269231 0.6002826514423076 0.4905390216346154 0.5980263798076924 0.4967821923076923 0.5972791610576923 0.50294784375
4 0.6273840817307692 0.5107970360576923 0.629030860576923 0.5223265336538462 0.6333723653846154 0.5297763605769231 0.6400599158653846 0.5355129447115384 0.6452497596153847 0.5348034350961538 0.6519366778846154 0.5301029471153846 0.6559787692307691 0.5210567283653846 0.6568770120192308 0.51378428125 0.6571764254807693 0.5051815048076923 0.6550306274038462 0.4948406418269231 0.6511382427884616 0.4890758942307692 0.6472957596153847 0.4851736057692308 0.6416068894230769 0.48357721394230774 0.6357184110576923 0.48694737259615384 0.6311140649038461 0.49205625721153845 0.6278332019230769 0.5001544254807693 0.6273840817307692 0.5107970360576923
4 0.6573982908653846 0.5156296442307693 0.6590053990384616 0.5245668341346155 0.6618048774038462 0.5323983942307693 0.6682333076923077 0.538940045673077 0.6758022716346154 0.5397692692307692 0.6836304399038462 0.5328590697115385 0.687570451923077 0.5226319783653847 0.6883999254807692 0.5105621682692308 0.6859115 0.4997822572115385 0.6824899134615384 0.493424875 0.675439375 0.4879888509615385 0.6701514711538461 0.4881731225961538 0.6653301466346153 0.49093720432692306 0.6618704182692308 0.49583306971153845 0.6584869759615385 0.5038362379807693 0.6573982908653846 0.5156296442307693
4 0.6891981201923076 0.5125912403846153 0.6886111802884615 0.5222639182692308 0.6906921490384617 0.53022965625 0.6937869182692308 0.5369626057692307 0.6986425120192308 0.5419886033653847 0.7041384038461539 0.5444541850961538 0.70867384375 0.5430317307692307 0.7144898822115385 0.5376264110576924 0.7176913725961539 0.5315572788461538 0.7198790552884616 0.5223587524038462 0.7197723389423077 0.5124015817307692 0.7181182355769231 0.5041513557692308 0.7153436153846153 0.49827188221153845 0.7113417548076922 0.49400452403846157 0.7071264591346154 0.4916337692307692 0.7020040745192309 0.4913492764423077 0.6970417668269231 0.4936252019230769 0.6937148870192308 0.49851796634615386 0.6907988629807692 0.5036772043269231 0.6891981201923076 0.5125912403846153
4 0.7259253533653846 0.5117397884615384 0.7237439158653847 0.5191059567307692 0.7234712379807693 0.5289921346153846 0.7250527764423077 0.5382967716346154 0.7282703966346153 0.5453721778846154 0.7330150192307693 0.5502183389423076 0.7391230360576924 0.5525445 0.74528559375 0.5515752716346154 0.7504665072115385 0.5443060240384615 0.7545566971153845 0.5334506105769231 0.7551565865384616 0.5190090360576923 0.7529206201923077 0.5098982451923078 0.7474670264423077 0.5028228413461538 0.7425587956730768 0.4999151418269231 0.7363589014423078 0.4999196658653846 0.7301246129807691 0.5036951514423077 0.7259253533653846 0.5117397884615384
4 0.5514222764423077 0.5421374495192308 0.5518421274038462 0.5542626947115384 0.5557257139423076 0.5647269110576923 0.5608163629807692 0.5706029927884615 0.5700005216346153 0.5720953317307692 0.5780825817307692 0.5619287764423077 0.5806541490384615 0.5504564278846154 0.5803392644230769 0.5401033317307692 0.576928 0.5300300480769231 0.5698955600961538 0.5217206394230769 0.5630205625 0.52069465625 0.5577285024038462 0.5242017355769231 0.5538888822115384 0.5315978100961538 0.5514222764423077 0.5421374495192308
4 0.5809787956730769 0.5427066442307692 0.5810312740384616 0.5532462836538461 0.5828681081730769 0.5618272235576923 0.5867516947115384 0.5700350865384615 0.5919473052884615 0.5751650024038462 0.6006591394230769 0.574605375 0.6064845192307693 0.5677033052884616 0.6095808918269231 0.56042815625 0.6108404350961538 0.5487692692307692 0.6094759326923077 0.5401883221153846 0.6055923413461538 0.5298352283653845 0.6001868100961538 0.5246120432692307 0.5957784134615385 0.5237726033653846 0.5885885240384615 0.5272236370192307 0.5840307548076923 0.5334416490384615 0.5809787956730769 0.5427066442307692
4 0.6106675961538461 0.55675396875 0.6140017716346153 0.5696991923076923 0.6209778966346153 0.578086233173077 0.6290312163461539 0.5783597235576923 0.6362125216346153 0.5732545697115385 0.6402135336538461 0.560856326923077 0.6406238894230769 0.5486404134615385 0.6365715841346155 0.5353305384615384 0.6315446706730768 0.5290402572115385 0.6248763197115385 0.5263053509615385 0.6167717019230768 0.5320486514423076 0.6119355096153846 0.5416392836538462 0.6106675961538461 0.55675396875
4 0.6410220144230769 0.55186771875 0.6409654447115384 0.5608161009615384 0.6426626346153845 0.5699655769230769 0.6466227379807693 0.5778079831730769 0.6513748653846154 0.5826340793269231 0.6581636201923077 0.5829357091346153 0.6658575432692307 0.5776068990384615 0.6698176514423076 0.570066125 0.6709491081730768 0.5621231706730769 0.670439951923077 0.5524709807692308 0.66834675 0.5420144375 0.6639340600961539 0.5350769254807692 0.6589556442307691 0.5311557211538461 0.6511485769230769 0.5315578942307693 0.646339875 0.5358812764423078 0.6423021923076924 0.5433430552884615 0.6410220144230769 0.55186771875
4 0.6719904278846154 0.5498108894230769 0.6713556947115384 0.5584594495192308 0.672307795673077 0.5688001177884615 0.6757988293269231 0.5799868485576923 0.6812998509615384 0.5856272163461539 0.6889695480769231 0.5863792620192307 0.6941532043269232 0.5829950408653846 0.6992307908653845 0.5762184447115385 0.7019284086538462 0.5659717764423077 0.7013994615384616 0.5546910456730769 0.6993894735576922 0.5456664591346153 0.6954752860576924 0.5395560673076922 0.6899742596153846 0.5342917235576923 0.6844203413461538 0.5342917235576923 0.6789722139423078 0.5375819399038462 0.6737172620192309 0.5449823990384616 0.6719904278846154 0.5498108894230769
4 0.7027865264423077 0.5568613461538462 0.7025749471153847 0.5646638533653846 0.7039502019230769 0.5766026298076923 0.7081288653846154 0.5860972427884615 0.7146348822115385 0.5912675817307692 0.72098221875 0.5918316177884615 0.7259014014423077 0.5885413990384616 0.7316140024038462 0.5801748581730769 0.733518204326923 0.5702102091346154 0.7332008365384616 0.5575193870192308 0.7292866490384615 0.5468967019230769 0.7236269399038461 0.5410683221153846 0.7165919783653846 0.5391881971153846 0.71045621875 0.5421023894230769 0.7045921105769231 0.5504853701923077 0.7027865264423077 0.5568613461538462