4 0.65234375 0.3763888894230769 0.6505208341346154 0.39259259375 0.6536458341346154 0.4069444447115385 0.6614583341346154 0.41620370432692305 0.6739583341346154 0.41527777884615386 0.6822916658653846 0.4018518509615384 0.6830729158653847 0.3768518509615385 0.67578125 0.3662037043269231 0.6671875 0.3601851850961539 0.6585937500000001 0.36712962980769226 0.65234375 0.3763888894230769
4 0.6937500000000001 0.3777777788461538 0.6929687499999999 0.3939814807692308 0.6968749999999999 0.4083333341346154 0.70703125 0.4171296298076923 0.715625 0.4143518509615385 0.7203124999999999 0.40601851923076926 0.7244791658653846 0.3921296298076923 0.7242187499999999 0.37453703605769234 0.7182291658653847 0.3634259254807692 0.7093750000000001 0.35925925961538463 0.69921875 0.36527777884615387 0.6937500000000001 0.3777777788461538
4 0.37421875000000004 0.4944444447115384 0.3747395841346154 0.5120370360576924 0.3791666658653846 0.5231481490384615 0.38802083413461536 0.5277777788461538 0.39531249999999996 0.5259259254807692 0.40104166586538464 0.5134259254807693 0.40156250000000004 0.4986111105769231 0.396875 0.4847222211538461 0.38749999999999996 0.48055555528846156 0.3783854158653846 0.4833333341346154 0.37421875000000004 0.4944444447115384
4 0.3895833341346154 0.4509259254807692 0.3888020841346154 0.4648148149038462 0.3927083341346154 0.475 0.39921874999999996 0.48194444471153847 0.4072916658653846 0.4814814807692308 0.4145833341346154 0.4717592596153847 0.41536458413461536 0.45879629567307695 0.4138020841346154 0.4439814807692307 0.4091145841346154 0.43518518509615384 0.4041666658653846 0.43240740625 0.3940104158653846 0.4361111105769231 0.3895833341346154 0.4509259254807692
4 0.41536458413461536 0.44814814903846156 0.4145833341346154 0.4620370360576923 0.41927083413461536 0.475 0.42708333413461536 0.48055555528846156 0.4333333341346154 0.47870370432692305 0.4390625 0.4708333341346154 0.4419270841346154 0.4560185192307692 0.4403645841346154 0.4416666658653846 0.4356770841346154 0.4337962956730769 0.4291666658653846 0.4305555552884615 0.4190104158653846 0.43518518509615384 0.41536458413461536 0.44814814903846156
4 0.3682291658653846 0.5407407403846154 0.3677083341346154 0.5555555552884616 0.3713541658653846 0.5657407403846154 0.3765625 0.5722222211538461 0.3833333341346154 0.575 0.3901041658653846 0.5726851850961538 0.39375000000000004 0.5648148149038461 0.3966145841346154 0.5476851850961538 0.3940104158653846 0.5370370360576924 0.3888020841346154 0.5273148149038461 0.38125 0.5240740745192307 0.3731770841346154 0.5296296298076923 0.3682291658653846 0.5407407403846154
4 0.40390625 0.4851851850961539 0.40104166586538464 0.4981481490384615 0.40312499999999996 0.5106481490384616 0.4072916658653846 0.51990740625 0.4119791658653846 0.5259259254807692 0.4213541658653846 0.5236111105769231 0.4276041658653846 0.5120370360576924 0.4299479158653846 0.49490740625 0.42578125 0.4828703701923077 0.4203125 0.4754629639423077 0.4151041658653846 0.475 0.4083333341346154 0.47870370432692305 0.40390625 0.4851851850961539
4 0.36484375 0.5870370360576923 0.3638020841346154 0.5976851850961539 0.365625 0.6083333341346153 0.36979166586538464 0.6166666658653847 0.3765625 0.6212962956730769 0.384375 0.6212962956730769 0.3901041658653846 0.6120370360576923 0.3921875 0.5958333341346154 0.38984375000000004 0.5814814807692308 0.3846354158653846 0.5754629639423077 0.3765625 0.5703703701923077 0.36953125 0.5768518509615385 0.36484375 0.5870370360576923
4 0.3588541658653846 0.638888889423077 0.3598958341346154 0.6476851850961538 0.36328125 0.6569444447115385 0.36848958413461536 0.6638888894230769 0.3765625 0.6657407403846154 0.3822916658653846 0.6592592596153846 0.38541666586538464 0.6462962956730769 0.3846354158653846 0.6291666658653846 0.3794270841346154 0.6222222211538462 0.3747395841346154 0.6180555552884616 0.365625 0.6185185192307692 0.3591145841346154 0.6268518509615385 0.3588541658653846 0.638888889423077
4 0.43203125 0.39629629567307695 0.4296875 0.4055555552884615 0.4296875 0.41944444471153847 0.43229166586538464 0.4291666658653846 0.4369791658653846 0.4328703701923077 0.4434895841346154 0.43703703605769234 0.44999999999999996 0.43518518509615384 0.4552083341346154 0.42777777884615387 0.45781249999999996 0.4138888894230769 0.45781249999999996 0.3986111105769231 0.4533854158653846 0.3921296298076923 0.4481770841346154 0.38749999999999996 0.44270833413461536 0.38611111057692304 0.43671875000000004 0.3898148149038461 0.43203125 0.39629629567307695
4 0.39973958413461536 0.5342592596153847 0.3966145841346154 0.5407407403846154 0.396875 0.5490740745192307 0.3979166658653846 0.5601851850961539 0.40156250000000004 0.5666666658653846 0.4057291658653846 0.5722222211538461 0.4125 0.575 0.4197916658653846 0.5726851850961538 0.4234375 0.5615740745192308 0.4252604158653846 0.5504629639423076 0.42317708413461536 0.5356481490384616 0.4190104158653846 0.5273148149038461 0.4138020841346154 0.5231481490384615 0.40885416586538464 0.5222222211538461 0.40390625 0.5259259254807692 0.39973958413461536 0.5342592596153847
4 0.43098958413461536 0.4814814807692308 0.42838541586538464 0.49259259375000003 0.4291666658653846 0.5083333341346153 0.43359375 0.5185185192307692 0.4395833341346154 0.5231481490384615 0.4489583341346154 0.5231481490384615 0.4536458341346154 0.5162037043269231 0.45625000000000004 0.5032407403846154 0.4565104158653846 0.49027777884615387 0.45234375000000004 0.4810185192307692 0.44765625 0.47731481490384614 0.4416666658653846 0.47222222115384616 0.43619791586538464 0.47592592548076923 0.43098958413461536 0.4814814807692308
4 0.4447916658653846 0.4388888894230769 0.44218749999999996 0.44814814903846156 0.4416666658653846 0.4592592596153846 0.44401041586538464 0.46851851923076926 0.446875 0.4740740745192307 0.4526041658653846 0.4796296298076923 0.45833333413461536 0.48009259374999996 0.46562499999999996 0.47592592548076923 0.4690104158653846 0.4662037043269231 0.46953124999999996 0.44861111057692304 0.46744791586538464 0.4430555552884616 0.4638020841346154 0.4356481490384615 0.45625000000000004 0.4305555552884615 0.44999999999999996 0.43148148076923076 0.4447916658653846 0.4388888894230769
4 0.4260416658653846 0.5333333341346154 0.42447916586538464 0.5407407403846154 0.4247395841346154 0.5518518509615384 0.42708333413461536 0.5648148149038461 0.4325520841346154 0.5703703701923077 0.4375 0.5722222211538461 0.44270833413461536 0.5712962956730769 0.44843750000000004 0.5666666658653846 0.4510416658653846 0.5578703701923077 0.4526041658653846 0.5476851850961538 0.4526041658653846 0.5356481490384616 0.44843750000000004 0.5282407403846153 0.4434895841346154 0.5236111105769231 0.4380208341346154 0.5222222211538461 0.43098958413461536 0.5245370360576923 0.4260416658653846 0.5333333341346154
4 0.4614583341346154 0.47777777884615386 0.45703125 0.4851851850961539 0.4552083341346154 0.4944444447115384 0.4552083341346154 0.503703704326923 0.4565104158653846 0.511111110576923 0.459375 0.51759259375 0.46354166586538464 0.5231481490384615 0.4697916658653846 0.5254629639423076 0.4760416658653846 0.5226851850961538 0.4807291658653846 0.5157407403846154 0.4838541658653846 0.503703704326923 0.48307291586538464 0.49074074038461535 0.48046875 0.48194444471153847 0.4765625 0.47777777884615386 0.47187500000000004 0.4731481490384616 0.46744791586538464 0.4731481490384616 0.4614583341346154 0.47777777884615386
4 0.46328125 0.4037037043269231 0.45963541586538464 0.4129629639423077 0.4598958341346154 0.42638888942307696 0.46354166586538464 0.4342592596153846 0.4682291658653846 0.4416666658653846 0.475 0.4458333341346154 0.4815104158653846 0.44490740624999997 0.4854166658653846 0.4375 0.48906249999999996 0.42500000000000004 0.48828125 0.4115740745192307 0.4841145841346154 0.4004629639423077 0.4783854158653846 0.39583333413461536 0.47395833413461536 0.3953703701923077 0.4684895841346154 0.39629629567307695 0.46328125 0.4037037043269231
4 0.4815104158653846 0.4546296298076923 0.4799479158653846 0.4648148149038462 0.4799479158653846 0.4712962956730769 0.48124999999999996 0.48055555528846156 0.4841145841346154 0.4879629639423077 0.48958333413461536 0.4916666658653846 0.49375 0.49212962980769226 0.5 0.49259259375000003 0.5046875 0.48564814903846154 0.5067708341346153 0.47222222115384616 0.5072916658653847 0.46157407451923077 0.5049479158653847 0.451388889423077 0.4989583341346154 0.4439814807692307 0.4916666658653846 0.44259259375 0.48567708413461536 0.4476851850961538 0.4815104158653846 0.4546296298076923
4 0.4841145841346154 0.5060185192307692 0.48046875 0.5120370360576924 0.48046875 0.5189814807692308 0.4802083341346154 0.53009259375 0.48359375000000004 0.5370370360576924 0.4864583341346154 0.54490740625 0.4927083341346154 0.548611110576923 0.49739583413461536 0.548611110576923 0.503125 0.5453703701923077 0.50703125 0.5347222211538462 0.5080729158653846 0.5254629639423076 0.5065104158653846 0.5115740745192308 0.5018229158653846 0.5032407403846154 0.49375 0.49907407451923075 0.4888020841346154 0.49907407451923075 0.4841145841346154 0.5060185192307692
4 0.3942708341346154 0.5814814807692308 0.3927083341346154 0.5898148149038461 0.3927083341346154 0.5990740745192308 0.3942708341346154 0.6064814807692308 0.3989583341346154 0.6134259254807692 0.4026041658653846 0.6180555552884616 0.4091145841346154 0.6194444447115385 0.4145833341346154 0.6171296298076924 0.4177083341346154 0.6097222211538461 0.41927083413461536 0.6004629639423077 0.41927083413461536 0.5902777788461538 0.4174479158653846 0.58009259375 0.41484374999999996 0.576388889423077 0.4111979158653846 0.573611110576923 0.4072916658653846 0.5717592596153847 0.40156250000000004 0.5712962956730769 0.39609375 0.575 0.3942708341346154 0.5814814807692308
4 0.38828125 0.6277777788461538 0.38749999999999996 0.6361111105769232 0.3872395841346154 0.6435185192307693 0.3890625 0.6518518509615384 0.3921875 0.6592592596153846 0.39531249999999996 0.6629629639423077 0.40156250000000004 0.6652777788461539 0.4072916658653846 0.6625000000000001 0.41145833413461536 0.6532407403846154 0.4125 0.6407407403846155 0.41093749999999996 0.6282407403846153 0.4080729158653846 0.6208333341346154 0.40390625 0.6180555552884616 0.39921874999999996 0.6166666658653847 0.3947916658653846 0.61759259375 0.390625 0.6222222211538462 0.38828125 0.6277777788461538
4 0.4203125 0.5828703701923077 0.41927083413461536 0.5935185192307693 0.4203125 0.6018518509615385 0.42317708413461536 0.6092592596153846 0.42708333413461536 0.6157407403846153 0.43489583413461536 0.6194444447115385 0.44010416586538464 0.6152777788461539 0.4442708341346154 0.6106481490384615 0.4473958341346154 0.5976851850961539 0.4471354158653846 0.5865740745192307 0.4434895841346154 0.5740740745192308 0.4385416658653846 0.5703703701923077 0.4341145841346154 0.5675925937499999 0.428125 0.5675925937499999 0.42421875 0.5740740745192308 0.4203125 0.5828703701923077
4 0.4140625 0.6268518509615385 0.41276041586538464 0.6375 0.4140625 0.6467592596153846 0.41666666586538464 0.6541666658653846 0.42109375000000004 0.6601851850961539 0.4276041658653846 0.6620370360576923 0.4354166658653846 0.659722221153846 0.4385416658653846 0.6504629639423077 0.43984375 0.6370370360576924 0.43880208413461536 0.625 0.4346354158653846 0.6162037043269231 0.4307291658653846 0.6157407403846153 0.42578125 0.6115740745192307 0.421875 0.6129629639423076 0.41796875 0.6185185192307692 0.4140625 0.6268518509615385
4 0.7294270841346153 0.3694444447115384 0.7263020841346154 0.3782407403846154 0.7252604158653846 0.39074074038461537 0.7270833341346153 0.4009259254807693 0.7296875 0.4055555552884615 0.7354166658653847 0.4115740745192307 0.7416666658653847 0.41620370432692305 0.7473958341346154 0.41342592548076923 0.753125 0.4069444447115385 0.7572916658653847 0.3967592596153846 0.7591145841346154 0.38472222115384613 0.75703125 0.3722222211538462 0.7536458341346154 0.3662037043269231 0.7502604158653846 0.3597222211538461 0.7445312500000001 0.3564814807692308 0.7390625 0.3564814807692308 0.7333333341346153 0.3629629639423077 0.7294270841346153 0.3694444447115384
4 0.5111979158653847 0.43518518509615384 0.50859375 0.4490740745192308 0.5088541658653847 0.45740740625000004 0.5119791658653846 0.46388888942307693 0.5151041658653847 0.4712962956730769 0.5208333341346154 0.47731481490384614 0.5265625 0.4768518509615385 0.5317708341346153 0.47222222115384616 0.5369791658653846 0.4634259254807693 0.5393229158653846 0.44861111057692304 0.53671875 0.43842592548076925 0.5325520841346154 0.42777777884615387 0.5268229158653847 0.4240740745192308 0.5223958341346153 0.4240740745192308 0.51640625 0.4259259254807692 0.5111979158653847 0.43518518509615384
4 0.4533854158653846 0.5365740745192308 0.4520833341346154 0.548611110576923 0.453125 0.5578703701923077 0.4541666658653846 0.5629629639423077 0.4575520841346154 0.5694444447115384 0.4619791658653846 0.5731481490384616 0.4677083341346154 0.575 0.475 0.5717592596153847 0.47916666586538464 0.5625 0.48177083413461536 0.548611110576923 0.47916666586538464 0.533796295673077 0.4744791658653846 0.5273148149038461 0.46953124999999996 0.5236111105769231 0.4645833341346154 0.5226851850961538 0.4609375 0.5240740745192307 0.4567708341346154 0.5305555552884615 0.4533854158653846 0.5365740745192308
4 0.4419270841346154 0.6296296298076923 0.4419270841346154 0.6407407403846155 0.44270833413461536 0.6490740745192307 0.4450520841346154 0.6564814807692307 0.44999999999999996 0.6648148149038462 0.4567708341346154 0.6657407403846154 0.46354166586538464 0.6620370360576923 0.4671875 0.6541666658653846 0.4684895841346154 0.6458333341346154 0.4692708341346154 0.6319444447115384 0.46640625 0.6231481490384615 0.46328125 0.6189814807692307 0.459375 0.6162037043269231 0.4559895841346154 0.613888889423077 0.44999999999999996 0.6157407403846153 0.4453125 0.6203703701923077 0.4419270841346154 0.6296296298076923
4 0.4486979158653846 0.5851851850961538 0.4486979158653846 0.5972222211538462 0.44999999999999996 0.6064814807692308 0.45390624999999996 0.6152777788461539 0.459375 0.6194444447115385 0.4666666658653846 0.6203703701923077 0.47135416586538464 0.6134259254807692 0.4744791658653846 0.6046296298076923 0.4765625 0.5930555552884615 0.47421875 0.5805555552884616 0.47005208413461536 0.5745370360576924 0.4653645841346154 0.5708333341346153 0.45833333413461536 0.5712962956730769 0.453125 0.5745370360576924 0.4486979158653846 0.5851851850961538
4 0.4776041658653846 0.5648148149038461 0.47343749999999996 0.573611110576923 0.4744791658653846 0.58240740625 0.4755208341346154 0.5907407403846153 0.47916666586538464 0.5976851850961539 0.4833333341346154 0.6037037043269231 0.4893229158653846 0.6060185192307692 0.49531250000000004 0.6023148149038462 0.5015625 0.5944444447115385 0.50234375 0.5828703701923077 0.5010416658653847 0.5689814807692307 0.4979166658653846 0.5601851850961539 0.49296874999999996 0.5541666658653847 0.48697916586538464 0.5546296298076923 0.48177083413461536 0.5574074062500001 0.4776041658653846 0.5648148149038461
4 0.4677083341346154 0.6212962956730769 0.4658854158653846 0.6333333341346153 0.46614583413461536 0.6453703701923076 0.4692708341346154 0.6541666658653846 0.4760416658653846 0.6611111105769231 0.4833333341346154 0.6611111105769231 0.4901041658653846 0.6564814807692307 0.49375 0.6439814807692308 0.49375 0.6328703701923076 0.4924479158653846 0.6217592596153847 0.4872395841346154 0.6143518509615384 0.48203125 0.6106481490384615 0.4776041658653846 0.611111110576923 0.4721354158653846 0.6148148149038462 0.4677083341346154 0.6212962956730769
4 0.5020833341346154 0.54259259375 0.49765625 0.55 0.4958333341346154 0.5564814807692308 0.4963541658653846 0.5675925937499999 0.4989583341346154 0.5759259254807693 0.5026041658653846 0.5842592596153846 0.5075520841346154 0.5898148149038461 0.515625 0.5898148149038461 0.5197916658653846 0.5828703701923077 0.5234375 0.5759259254807693 0.5252604158653846 0.5648148149038461 0.5247395841346154 0.5527777788461539 0.5221354158653846 0.5458333341346153 0.5184895841346153 0.5407407403846154 0.51484375 0.5361111105769231 0.5109375 0.5370370360576924 0.5059895841346154 0.5388888894230769 0.5020833341346154 0.54259259375
4 0.5059895841346154 0.4837962956730769 0.5052083341346154 0.4916666658653846 0.5067708341346153 0.5004629639423077 0.5088541658653847 0.5078703701923077 0.5135416658653846 0.5129629639423077 0.5192708341346154 0.5152777788461539 0.525 0.5125 0.5294270841346154 0.5060185192307692 0.53203125 0.49490740625 0.5322916658653847 0.4810185192307692 0.5283854158653847 0.4726851850961538 0.5223958341346153 0.46712962980769235 0.51796875 0.4648148149038462 0.509375 0.4694444447115385 0.5072916658653847 0.47592592548076923 0.5059895841346154 0.4837962956730769
4 0.4942708341346154 0.6018518509615385 0.4921875 0.6092592596153846 0.4911458341346154 0.6194444447115385 0.4916666658653846 0.6268518509615385 0.49479166586538464 0.6361111105769232 0.4979166658653846 0.6435185192307693 0.503125 0.6462962956730769 0.5096354158653846 0.6462962956730769 0.5140625 0.6402777788461538 0.5174479158653846 0.6319444447115384 0.5192708341346154 0.6208333341346154 0.5192708341346154 0.6106481490384615 0.5158854158653846 0.6023148149038462 0.5122395841346153 0.5967592596153847 0.5080729158653846 0.5930555552884615 0.503125 0.5944444447115385 0.49869791586538464 0.5972222211538462 0.4942708341346154 0.6018518509615385
4 0.51875 0.5342592596153847 0.5197916658653846 0.54490740625 0.5239583341346153 0.5518518509615384 0.5291666658653846 0.5583333341346154 0.5364583341346154 0.558796295673077 0.54140625 0.5541666658653847 0.5473958341346153 0.5412037043269231 0.5473958341346153 0.5291666658653846 0.54453125 0.5185185192307692 0.5380208341346153 0.5115740745192308 0.5330729158653846 0.5083333341346153 0.52890625 0.511111110576923 0.525 0.5129629639423077 0.5190104158653847 0.5231481490384615 0.51875 0.5342592596153847
4 0.590625 0.3708333341346154 0.5869791658653847 0.3763888894230769 0.5841145841346154 0.3851851850961538 0.5838541658653846 0.3935185192307692 0.584375 0.4009259254807693 0.5864583341346153 0.4092592596153847 0.5901041658653846 0.41481481490384614 0.5953125 0.4203703701923077 0.6026041658653847 0.4203703701923077 0.6098958341346153 0.41620370432692305 0.6135416658653846 0.40601851923076926 0.61484375 0.39583333413461536 0.61484375 0.38472222115384613 0.61171875 0.37453703605769234 0.6080729158653846 0.3708333341346154 0.6044270841346153 0.36712962980769226 0.6 0.36759259375000003 0.59609375 0.36759259375000003 0.590625 0.3708333341346154
4 0.51875 0.5861111105769231 0.5161458341346153 0.5972222211538462 0.5177083341346154 0.6106481490384615 0.5208333341346154 0.6189814807692307 0.5263020841346153 0.6259259254807692 0.5333333341346154 0.626388889423077 0.5395833341346153 0.6222222211538462 0.5421875 0.6148148149038462 0.5434895841346153 0.6013888894230769 0.54296875 0.5902777788461538 0.53984375 0.5828703701923077 0.53671875 0.5768518509615385 0.5330729158653846 0.5745370360576924 0.5286458341346154 0.5740740745192308 0.5223958341346153 0.5787037043269231 0.51875 0.5861111105769231
4 0.5481770841346154 0.5986111105769231 0.5450520841346154 0.6027777788461539 0.5432291658653846 0.6148148149038462 0.54296875 0.6259259254807692 0.5458333341346153 0.6347222211538461 0.5489583341346154 0.6416666658653847 0.5546875 0.6444444447115385 0.5604166658653846 0.6444444447115385 0.5651041658653846 0.6393518509615385 0.5692708341346153 0.6254629639423077 0.5692708341346153 0.6152777788461539 0.5669270841346153 0.6041666658653846 0.5643229158653846 0.59490740625 0.5583333341346154 0.5935185192307693 0.5533854158653846 0.5939814807692307 0.5481770841346154 0.5986111105769231
4 0.5307291658653847 0.475 0.52734375 0.4814814807692308 0.5252604158653846 0.49027777884615387 0.525 0.5 0.528125 0.5083333341346153 0.53125 0.5148148149038462 0.534375 0.5194444447115385 0.5403645841346154 0.5212962956730769 0.5458333341346153 0.5217592596153846 0.5505208341346154 0.5157407403846154 0.5541666658653847 0.5050925937499999 0.55546875 0.4958333341346154 0.55546875 0.4847222211538461 0.5528645841346154 0.4763888894230769 0.5486979158653846 0.46990740625 0.5434895841346153 0.4662037043269231 0.5380208341346153 0.4666666658653846 0.534375 0.4712962956730769 0.5307291658653847 0.475
4 0.53984375 0.4305555552884615 0.5369791658653846 0.44814814903846156 0.5401041658653847 0.4564814807692308 0.5432291658653846 0.4648148149038462 0.5479166658653847 0.46990740625 0.5520833341346154 0.4712962956730769 0.5588541658653846 0.47037037019230765 0.5640625 0.4657407403846153 0.5692708341346153 0.4541666658653846 0.5692708341346153 0.4430555552884616 0.5684895841346154 0.4310185192307693 0.5635416658653847 0.4222222211538461 0.5596354158653847 0.41805555528846156 0.55546875 0.4157407403846154 0.55 0.4157407403846154 0.5432291658653846 0.4245370360576923 0.53984375 0.4305555552884615
4 0.55859375 0.37453703605769234 0.5549479158653846 0.3819444447115385 0.5536458341346153 0.3935185192307692 0.5536458341346153 0.40277777884615384 0.55625 0.41111111057692307 0.5598958341346154 0.4185185192307692 0.56484375 0.42314814903846154 0.5708333341346153 0.4240740745192308 0.5765625 0.4185185192307692 0.5817708341346154 0.4092592596153847 0.5838541658653846 0.4004629639423077 0.5825520841346153 0.3879629639423077 0.58046875 0.37731481490384616 0.5755208341346154 0.3708333341346154 0.56875 0.3694444447115384 0.5627604158653846 0.3708333341346154 0.55859375 0.37453703605769234
4 0.5596354158653847 0.47037037019230765 0.55703125 0.4768518509615385 0.55546875 0.48564814903846154 0.5565104158653846 0.49259259375000003 0.5572916658653846 0.5004629639423077 0.5604166658653846 0.5078703701923077 0.5635416658653847 0.5129629639423077 0.5697916658653847 0.5157407403846154 0.5760416658653846 0.513888889423077 0.5822916658653846 0.5101851850961538 0.5854166658653847 0.49953703605769234 0.5861979158653846 0.4865740745192308 0.58359375 0.4740740745192307 0.5807291658653846 0.4657407403846153 0.57734375 0.4634259254807693 0.5703125 0.4611111105769231 0.5645833341346154 0.46388888942307693 0.5596354158653847 0.47037037019230765
4 0.5747395841346153 0.4222222211538461 0.5716145841346154 0.42962962980769226 0.5703125 0.4388888894230769 0.5703125 0.4495370360576923 0.5739583341346154 0.45833333413461536 0.5765625 0.46388888942307693 0.5807291658653846 0.46851851923076926 0.5861979158653846 0.4694444447115385 0.5927083341346153 0.4662037043269231 0.5973958341346154 0.46018518509615386 0.6005208341346153 0.451388889423077 0.6018229158653846 0.43842592548076925 0.5986979158653847 0.4287037043269231 0.5966145841346153 0.4208333341346154 0.5924479158653846 0.41620370432692305 0.5872395841346154 0.4129629639423077 0.5828125 0.41481481490384614 0.57890625 0.4185185192307692 0.5747395841346153 0.4222222211538461
4 0.60859375 0.41666666586538464 0.6041666658653846 0.4222222211538461 0.6013020841346154 0.42962962980769226 0.6020833341346153 0.4402777788461538 0.603125 0.4490740745192308 0.6052083341346154 0.45555555528846153 0.6088541658653847 0.4606481490384615 0.6138020841346153 0.4657407403846153 0.6197916658653846 0.4657407403846153 0.6244791658653847 0.4606481490384615 0.6296875 0.4523148149038461 0.6328125 0.4416666658653846 0.6330729158653846 0.43009259375000003 0.6294270841346153 0.4208333341346154 0.6252604158653846 0.41342592548076923 0.6216145841346153 0.4106481490384616 0.6171875 0.41111111057692307 0.6127604158653847 0.41111111057692307 0.60859375 0.41666666586538464
4 0.6390625000000001 0.41944444471153847 0.6356770841346153 0.4273148149038462 0.6351562500000001 0.4375 0.6364583341346154 0.44814814903846156 0.6401041658653847 0.45509259375 0.6442708341346154 0.4620370360576923 0.6505208341346154 0.4657407403846153 0.6578124999999999 0.4625 0.6635416658653847 0.4546296298076923 0.6671875 0.4439814807692307 0.6669270841346153 0.4310185192307693 0.6651041658653847 0.4212962956730769 0.6617187499999999 0.41620370432692305 0.6572916658653847 0.4106481490384616 0.6539062499999999 0.4106481490384616 0.6499999999999999 0.41111111057692307 0.6442708341346154 0.4138888894230769 0.6390625000000001 0.41944444471153847
4 0.5940104158653846 0.4629629639423077 0.5895833341346154 0.46990740625 0.58828125 0.47870370432692305 0.58828125 0.4879629639423077 0.5901041658653846 0.4972222211538462 0.59375 0.5050925937499999 0.5989583341346154 0.5101851850961538 0.6057291658653846 0.5125 0.6114583341346154 0.5101851850961538 0.6151041658653846 0.5027777788461538 0.6182291658653847 0.49490740625 0.6190104158653846 0.4828703701923077 0.61796875 0.47361111057692307 0.6143229158653847 0.4648148149038462 0.6098958341346153 0.45879629567307695 0.6059895841346153 0.45509259375 0.6015625 0.45555555528846153 0.5973958341346154 0.4592592596153846 0.5940104158653846 0.4629629639423077
4 0.5453125 0.5194444447115385 0.5427083341346154 0.5268518509615384 0.54140625 0.5370370360576924 0.5427083341346154 0.5439814807692308 0.5447916658653846 0.5527777788461539 0.5479166658653847 0.558796295673077 0.5520833341346154 0.5638888894230769 0.5588541658653846 0.5657407403846154 0.5645833341346154 0.5629629639423077 0.5703125 0.5574074062500001 0.5723958341346154 0.548611110576923 0.57265625 0.5356481490384616 0.57109375 0.5222222211538461 0.5682291658653846 0.5171296298076923 0.5653645841346153 0.513888889423077 0.56171875 0.5106481490384616 0.5596354158653847 0.5092592596153847 0.5541666658653847 0.5101851850961538 0.5497395841346153 0.5148148149038462 0.5453125 0.5194444447115385
4 0.53828125 0.5768518509615385 0.54140625 0.5833333341346154 0.5442708341346154 0.5921296298076923 0.5494791658653846 0.59490740625 0.5572916658653846 0.596296295673077 0.5625 0.5875 0.5643229158653846 0.5819444447115385 0.565625 0.5689814807692307 0.5653645841346153 0.5555555552884616 0.5614583341346153 0.5495370360576923 0.55546875 0.5476851850961538 0.5497395841346153 0.5467592596153846 0.5434895841346153 0.5467592596153846 0.5395833341346153 0.5574074062500001 0.53828125 0.5657407403846154 0.53828125 0.5768518509615385
4 0.5783854158653846 0.5097222211538461 0.57578125 0.5148148149038462 0.5744791658653846 0.5212962956730769 0.57421875 0.5296296298076923 0.5752604158653847 0.5379629639423077 0.5776041658653847 0.5453703701923077 0.5799479158653846 0.551388889423077 0.584375 0.5555555552884616 0.5895833341346154 0.5555555552884616 0.5963541658653846 0.5537037043269231 0.6015625 0.548611110576923 0.60390625 0.5375 0.6041666658653846 0.5263888894230769 0.6028645841346154 0.5171296298076923 0.5997395841346154 0.5078703701923077 0.59609375 0.503703704326923 0.5934895841346154 0.5009259254807692 0.5869791658653847 0.5 0.5825520841346153 0.503703704326923 0.5783854158653846 0.5097222211538461
4 0.5653645841346153 0.5578703701923077 0.5622395841346154 0.5685185192307692 0.56171875 0.5787037043269231 0.5640625 0.5888888894230769 0.5666666658653846 0.596296295673077 0.5716145841346154 0.6004629639423077 0.5765625 0.6023148149038462 0.5838541658653846 0.6023148149038462 0.5890625 0.59490740625 0.5911458341346154 0.5833333341346154 0.5924479158653846 0.5717592596153847 0.5901041658653846 0.5625 0.58671875 0.55509259375 0.5830729158653847 0.5504629639423076 0.5791666658653847 0.5472222211538461 0.5744791658653846 0.5490740745192307 0.5690104158653846 0.5523148149038462 0.5653645841346153 0.5578703701923077
4 0.6244791658653847 0.45972222115384614 0.6216145841346153 0.4648148149038462 0.6184895841346154 0.47222222115384616 0.6184895841346154 0.4796296298076923 0.6184895841346154 0.48935185096153844 0.621875 0.4981481490384615 0.625 0.5055555552884615 0.6302083341346154 0.5101851850961538 0.6385416658653846 0.5106481490384616 0.6432291658653846 0.5060185192307692 0.6479166658653847 0.4972222211538462 0.6505208341346154 0.4837962956730769 0.6505208341346154 0.4763888894230769 0.6484375 0.4680555552884615 0.6460937499999999 0.4611111105769231 0.6429687500000001 0.45879629567307695 0.63984375 0.4560185192307692 0.6348958341346154 0.4537037043269231 0.62890625 0.4564814807692308 0.6244791658653847 0.45972222115384614
4 0.6104166658653847 0.50740740625 0.6065104158653847 0.5125 0.6044270841346153 0.5203703701923077 0.60390625 0.5277777788461538 0.6041666658653846 0.5375 0.6067708341346154 0.5444444447115384 0.6098958341346153 0.5509259254807692 0.6145833341346154 0.5564814807692308 0.6203125 0.5578703701923077 0.625 0.5560185192307693 0.6291666658653846 0.5509259254807692 0.6325520841346154 0.5430555552884615 0.6364583341346154 0.5319444447115385 0.6348958341346154 0.5194444447115385 0.6328125 0.511111110576923 0.6294270841346153 0.5060185192307692 0.62578125 0.5023148149038461 0.6197916658653846 0.5009259254807692 0.6145833341346154 0.5018518509615385 0.6104166658653847 0.50740740625
4 0.5765625 0.6018518509615385 0.5736979158653847 0.6064814807692308 0.57109375 0.6157407403846153 0.57109375 0.6240740745192308 0.571875 0.63240740625 0.5739583341346154 0.6421296298076923 0.5768229158653846 0.6472222211538461 0.58125 0.6509259254807692 0.5869791658653847 0.6518518509615384 0.5927083341346153 0.6509259254807692 0.5979166658653846 0.6416666658653847 0.6018229158653846 0.6300925937499999 0.60078125 0.6120370360576923 0.5971354158653847 0.6041666658653846 0.5919270841346154 0.5990740745192308 0.5859375 0.5972222211538462 0.58046875 0.5981481490384616 0.5765625 0.6018518509615385
4 0.59453125 0.5537037043269231 0.5919270841346154 0.5601851850961539 0.5901041658653846 0.5731481490384616 0.5924479158653846 0.5819444447115385 0.5942708341346153 0.5907407403846153 0.5979166658653846 0.5972222211538462 0.60234375 0.6004629639423077 0.6088541658653847 0.6018518509615385 0.6145833341346154 0.5995370360576924 0.6192708341346154 0.5884259254807692 0.6216145841346153 0.5745370360576924 0.6203125 0.5638888894230769 0.6174479158653846 0.55509259375 0.61484375 0.5481481490384615 0.609375 0.5453703701923077 0.6046875 0.5435185192307692 0.5997395841346154 0.5472222211538461 0.59453125 0.5537037043269231
4 0.6174479158653846 0.5898148149038461 0.6130208341346154 0.6 0.61171875 0.6092592596153846 0.6125 0.6194444447115385 0.61484375 0.6300925937499999 0.6192708341346154 0.6365740745192308 0.625 0.6407407403846155 0.6302083341346154 0.6402777788461538 0.6343749999999999 0.6370370360576924 0.6382812499999999 0.6305555552884615 0.64140625 0.6199074062500001 0.6419270841346154 0.6069444447115384 0.63984375 0.5967592596153847 0.6361979158653847 0.5884259254807692 0.6325520841346154 0.5856481490384615 0.628125 0.5851851850961538 0.6216145841346153 0.5861111105769231 0.6174479158653846 0.5898148149038461
4 0.6294270841346153 0.55 0.6263020841346154 0.5583333341346154 0.62578125 0.56990740625 0.6270833341346154 0.5777777788461539 0.6286458341346154 0.5861111105769231 0.6325520841346154 0.59259259375 0.6364583341346154 0.596296295673077 0.6432291658653846 0.5972222211538462 0.6489583341346153 0.59490740625 0.6526041658653846 0.5902777788461538 0.65625 0.5782407403846154 0.6575520841346154 0.5648148149038461 0.6565104158653846 0.5541666658653847 0.6513020841346153 0.5444444447115384 0.6447916658653846 0.5393518509615385 0.6401041658653847 0.5398148149038462 0.6341145841346154 0.54259259375 0.6294270841346153 0.55
4 0.6747395841346153 0.41805555528846156 0.6731770841346154 0.42777777884615387 0.6731770841346154 0.4388888894230769 0.675 0.44722222115384613 0.6791666658653847 0.4564814807692308 0.6848958341346154 0.46018518509615386 0.6929687499999999 0.4592592596153846 0.6994791658653846 0.4560185192307692 0.7046874999999999 0.4421296298076923 0.70625 0.42824074038461535 0.703125 0.4157407403846154 0.6981770841346153 0.40740740625 0.6921875 0.4023148149038462 0.6859375000000001 0.40462962980769235 0.6794270841346154 0.4092592596153847 0.6747395841346153 0.41805555528846156
4 0.7130208341346154 0.41759259374999996 0.7096354158653846 0.4273148149038462 0.7085937499999999 0.43796296394230766 0.7091145841346154 0.44814814903846156 0.7138020841346153 0.45555555528846153 0.7182291658653847 0.4629629639423077 0.7244791658653846 0.46388888942307693 0.7309895841346153 0.4648148149038462 0.7364583341346154 0.4578703701923077 0.7403645841346154 0.4495370360576923 0.7424479158653846 0.4375 0.7419270841346154 0.423611110576923 0.73828125 0.4138888894230769 0.73359375 0.40787037019230765 0.7307291658653846 0.4041666658653846 0.7250000000000001 0.40462962980769235 0.71796875 0.4101851850961538 0.7130208341346154 0.41759259374999996
4 0.6585937500000001 0.4643518509615384 0.6572916658653847 0.4768518509615385 0.6588541658653846 0.4870370360576923 0.6617187499999999 0.4981481490384615 0.6674479158653847 0.5041666658653846 0.6765625 0.5069444447115384 0.6822916658653846 0.5027777788461538 0.6859375000000001 0.49212962980769226 0.6893229158653846 0.4810185192307692 0.6893229158653846 0.46712962980769235 0.6851562499999999 0.4578703701923077 0.6809895841346154 0.4509259254807692 0.67578125 0.4490740745192308 0.6703125000000001 0.44999999999999996 0.6627604158653846 0.4546296298076923 0.6585937500000001 0.4643518509615384
4 0.6416666658653847 0.5157407403846154 0.6421874999999999 0.5291666658653846 0.6463541658653846 0.5402777788461539 0.6520833341346154 0.5490740745192307 0.6609375 0.5504629639423076 0.6671875 0.5435185192307692 0.6721354158653846 0.53009259375 0.67265625 0.5171296298076923 0.6705729158653846 0.5041666658653846 0.6658854158653846 0.49953703605769234 0.66015625 0.4953703701923077 0.6520833341346154 0.4953703701923077 0.6455729158653847 0.5046296298076923 0.6416666658653847 0.5157407403846154
4 0.6596354158653847 0.5504629639423076 0.6575520841346154 0.5592592596153846 0.6572916658653847 0.5726851850961538 0.6604166658653846 0.5833333341346154 0.6645833341346153 0.5907407403846153 0.67265625 0.5972222211538462 0.6796875 0.5958333341346154 0.6851562499999999 0.5837962956730769 0.6885416658653847 0.5708333341346153 0.6877604158653846 0.5537037043269231 0.6830729158653847 0.5444444447115384 0.6776041658653846 0.5412037043269231 0.671875 0.5416666658653846 0.6666666658653846 0.5435185192307692 0.6596354158653847 0.5504629639423076
4 0.746875 0.41481481490384614 0.7434895841346154 0.4240740745192308 0.7421875 0.43981481490384616 0.7437499999999999 0.4495370360576923 0.7489583341346153 0.45740740625000004 0.7567708341346153 0.4625 0.765625 0.4620370360576923 0.7708333341346154 0.4527777788461539 0.7760416658653846 0.4375 0.7744791658653847 0.42685185096153844 0.7700520841346153 0.41342592548076923 0.76484375 0.4069444447115385 0.7598958341346154 0.40740740625 0.7520833341346154 0.4092592596153847 0.746875 0.41481481490384614
4 0.72734375 0.4643518509615384 0.7239583341346154 0.47592592548076923 0.7239583341346154 0.4870370360576923 0.7265625 0.4986111105769231 0.7322916658653846 0.5064814807692307 0.7416666658653847 0.5101851850961538 0.7489583341346153 0.50740740625 0.7541666658653846 0.4935185192307693 0.75703125 0.48009259374999996 0.7549479158653847 0.4666666658653846 0.75 0.4578703701923077 0.7455729158653847 0.45324074038461537 0.7390625 0.4509259254807692 0.7333333341346153 0.4564814807692308 0.72734375 0.4643518509615384
4 0.7598958341346154 0.4694444447115385 0.7588541658653847 0.48240740625 0.7598958341346154 0.49259259375000003 0.7625 0.5018518509615385 0.7682291658653846 0.5087962956730769 0.7755208341346154 0.5097222211538461 0.7838541658653846 0.5078703701923077 0.7906249999999999 0.49768518509615384 0.7932291658653846 0.4847222211538461 0.7919270841346153 0.4717592596153847 0.7867187499999999 0.45694444471153844 0.7807291658653847 0.45185185096153846 0.7734375 0.4527777788461539 0.7643229158653846 0.45879629567307695 0.7598958341346154 0.4694444447115385
4 0.7427083341346153 0.511111110576923 0.7393229158653847 0.5222222211538461 0.7395833341346154 0.5365740745192308 0.7437499999999999 0.5462962956730769 0.7494791658653847 0.5527777788461539 0.7588541658653847 0.5541666658653847 0.7661458341346153 0.548611110576923 0.7718750000000001 0.5375 0.7723958341346153 0.5226851850961538 0.7700520841346153 0.5125 0.7627604158653847 0.5023148149038461 0.7572916658653847 0.5 0.7494791658653847 0.5027777788461538 0.7427083341346153 0.511111110576923
4 0.6903645841346153 0.4634259254807693 0.6888020841346154 0.4796296298076923 0.6908854158653847 0.49259259375000003 0.6950520841346154 0.5 0.7015625000000001 0.5055555552884615 0.7083333341346154 0.5050925937499999 0.715625 0.49907407451923075 0.7213541658653846 0.4851851850961539 0.7216145841346153 0.4680555552884615 0.71953125 0.4578703701923077 0.71484375 0.4523148149038461 0.71015625 0.4490740745192308 0.7052083341346154 0.44999999999999996 0.6971354158653846 0.45555555528846153 0.6903645841346153 0.4634259254807693
4 0.6773437499999999 0.5041666658653846 0.6731770841346154 0.5157407403846154 0.6734374999999999 0.5291666658653846 0.6760416658653846 0.5407407403846154 0.6802083341346153 0.55 0.6885416658653847 0.5518518509615384 0.6968749999999999 0.5467592596153846 0.7026041658653847 0.5388888894230769 0.7052083341346154 0.5236111105769231 0.7054687500000001 0.5115740745192308 0.7013020841346154 0.5041666658653846 0.6971354158653846 0.5004629639423077 0.6924479158653847 0.4962962956730769 0.6869791658653847 0.4944444447115384 0.6815104158653846 0.49768518509615384 0.6773437499999999 0.5041666658653846
4 0.7093750000000001 0.5046296298076923 0.7054687500000001 0.5157407403846154 0.7052083341346154 0.5305555552884615 0.7088541658653846 0.5416666658653846 0.7135416658653846 0.5490740745192307 0.7234375 0.5546296298076923 0.7291666658653846 0.5476851850961538 0.7359374999999999 0.5347222211538462 0.7369791658653846 0.51990740625 0.73515625 0.5055555552884615 0.7278645841346154 0.4967592596153846 0.721875 0.4962962956730769 0.7158854158653847 0.5 0.7093750000000001 0.5046296298076923
4 0.7768229158653847 0.5120370360576924 0.7734375 0.5212962956730769 0.7734375 0.5342592596153847 0.7765625 0.5462962956730769 0.7817708341346153 0.5564814807692308 0.7890625 0.5592592596153846 0.7973958341346153 0.5569444447115385 0.8031250000000001 0.5472222211538461 0.8049479158653846 0.5328703701923077 0.8059895841346154 0.51759259375 0.8023437499999999 0.50740740625 0.7971354158653846 0.5023148149038461 0.7934895841346153 0.49953703605769234 0.7875000000000001 0.4981481490384615 0.7825520841346154 0.5046296298076923 0.7768229158653847 0.5120370360576924
4 0.6932291658653846 0.5490740745192307 0.6898437500000001 0.5564814807692308 0.6877604158653846 0.5685185192307692 0.6890624999999999 0.5777777788461539 0.6916666658653846 0.5856481490384615 0.6958333341346153 0.5916666658653846 0.7018229158653846 0.596296295673077 0.7093750000000001 0.596296295673077 0.7161458341346154 0.5870370360576923 0.7203124999999999 0.5745370360576924 0.7190104158653846 0.5620370360576923 0.7153645841346153 0.5490740745192307 0.7109375 0.5458333341346153 0.7036458341346153 0.5398148149038462 0.6989583341346154 0.5435185192307692 0.6932291658653846 0.5490740745192307
4 0.72265625 0.5564814807692308 0.7200520841346154 0.5685185192307692 0.7208333341346154 0.5805555552884616 0.7236979158653847 0.5898148149038461 0.7302083341346154 0.596296295673077 0.7367187500000001 0.5990740745192308 0.7458333341346154 0.5939814807692307 0.75 0.5856481490384615 0.7526041658653846 0.5754629639423077 0.7518229158653846 0.5615740745192308 0.7476562499999999 0.5523148149038462 0.7424479158653846 0.5458333341346153 0.7348958341346153 0.54259259375 0.7270833341346153 0.55 0.72265625 0.5564814807692308
4 0.7591145841346154 0.5574074062500001 0.7552083341346154 0.5666666658653846 0.7549479158653847 0.5814814807692308 0.7588541658653847 0.59259259375 0.7645833341346153 0.6009259254807693 0.7739583341346153 0.6037037043269231 0.7791666658653846 0.6023148149038462 0.7830729158653846 0.5953703701923077 0.7861979158653847 0.5819444447115385 0.7867187499999999 0.566203704326923 0.7825520841346154 0.5541666658653847 0.7770833341346154 0.548611110576923 0.7718750000000001 0.5472222211538461 0.7640625000000001 0.5490740745192307 0.7591145841346154 0.5574074062500001
4 0.6471354158653846 0.5907407403846153 0.6429687500000001 0.5986111105769231 0.6411458341346153 0.6092592596153846 0.6421874999999999 0.6194444447115385 0.6453125 0.6287037043269231 0.6510416658653846 0.6365740745192308 0.6575520841346154 0.6398148149038462 0.66484375 0.6365740745192308 0.6713541658653847 0.6287037043269231 0.671875 0.6162037043269231 0.6721354158653846 0.5995370360576924 0.6684895841346153 0.5916666658653846 0.6638020841346154 0.5870370360576923 0.6572916658653847 0.5861111105769231 0.65234375 0.5861111105769231 0.6471354158653846 0.5907407403846153
4 0.6015625 0.6342592596153847 0.59765625 0.6435185192307693 0.5966145841346153 0.6560185192307693 0.5971354158653847 0.6657407403846154 0.6002604158653846 0.6759259254807692 0.6052083341346154 0.6824074062500001 0.6130208341346154 0.6851851850961539 0.6203125 0.68009259375 0.62578125 0.66990740625 0.6268229158653846 0.6564814807692307 0.6263020841346154 0.64490740625 0.6236979158653846 0.6347222211538461 0.6187499999999999 0.6291666658653846 0.6119791658653846 0.6287037043269231 0.60625 0.6296296298076923 0.6015625 0.6342592596153847
4 0.6734374999999999 0.5972222211538462 0.6716145841346154 0.611111110576923 0.6729166658653847 0.6259259254807692 0.6770833341346154 0.6370370360576924 0.6848958341346154 0.6435185192307693 0.6937500000000001 0.6402777788461538 0.703125 0.626388889423077 0.7041666658653847 0.6069444447115384 0.7013020841346154 0.5953703701923077 0.6934895841346154 0.5856481490384615 0.6869791658653847 0.5851851850961538 0.6786458341346153 0.5884259254807692 0.6734374999999999 0.5972222211538462
4 0.7052083341346154 0.6032407403846154 0.7044270841346154 0.61759259375 0.70625 0.6287037043269231 0.7109375 0.6384259254807693 0.7184895841346154 0.64259259375 0.7265625 0.6384259254807693 0.7333333341346153 0.626388889423077 0.7346354158653846 0.6060185192307692 0.7309895841346153 0.59490740625 0.7252604158653846 0.591203704326923 0.71875 0.5907407403846153 0.7111979158653846 0.59259259375 0.7052083341346154 0.6032407403846154
4 0.6283854158653847 0.6407407403846155 0.6273437500000001 0.653703704326923 0.6273437500000001 0.66759259375 0.6302083341346154 0.6768518509615385 0.6359375 0.6837962956730769 0.6434895841346153 0.686111110576923 0.6510416658653846 0.6791666658653847 0.6565104158653846 0.66990740625 0.6575520841346154 0.652777778846154 0.6544270841346154 0.6407407403846155 0.6494791658653847 0.6337962956730769 0.6427083341346154 0.6296296298076923 0.6343749999999999 0.63240740625 0.6283854158653847 0.6407407403846155
4 0.6588541658653846 0.6458333341346154 0.6578124999999999 0.6592592596153846 0.6588541658653846 0.6703703701923077 0.6630208341346153 0.6787037043269231 0.66875 0.6865740745192308 0.6760416658653846 0.6865740745192308 0.6833333341346154 0.6810185192307692 0.6864583341346153 0.6680555552884615 0.6877604158653846 0.6476851850961538 0.6841145841346153 0.6379629639423077 0.67890625 0.63240740625 0.6729166658653847 0.6305555552884615 0.6653645841346154 0.6342592596153847 0.6588541658653846 0.6458333341346154
4 0.7945312499999999 0.5564814807692308 0.78828125 0.5657407403846154 0.7872395841346154 0.58240740625 0.78984375 0.59259259375 0.7953125000000001 0.6009259254807693 0.8046875 0.6055555552884615 0.8140624999999999 0.6013888894230769 0.8187500000000001 0.5865740745192307 0.8203125 0.5680555552884615 0.8158854158653847 0.55509259375 0.8072916658653846 0.5527777788461539 0.80078125 0.5518518509615384 0.7945312499999999 0.5564814807692308
4 0.6908854158653847 0.64259259375 0.6880208341346153 0.6513888894230769 0.6880208341346153 0.6666666658653846 0.690625 0.6763888894230768 0.6942708341346153 0.686111110576923 0.7010416658653846 0.688888889423077 0.7088541658653846 0.6893518509615385 0.715625 0.6824074062500001 0.7200520841346154 0.6689814807692307 0.7200520841346154 0.6532407403846154 0.7161458341346154 0.6421296298076923 0.7106770841346154 0.6370370360576924 0.7026041658653847 0.6333333341346153 0.6966145841346154 0.6365740745192308 0.6908854158653847 0.64259259375
4 0.7205729158653846 0.6453703701923076 0.7197916658653847 0.6564814807692307 0.7197916658653847 0.6685185192307692 0.7213541658653846 0.6768518509615385 0.7260416658653847 0.6842592596153847 0.7356770841346154 0.6893518509615385 0.7416666658653847 0.6856481490384615 0.7481770841346154 0.6740740745192307 0.75078125 0.6606481490384616 0.7479166658653846 0.6481481490384616 0.7450520841346153 0.6398148149038462 0.7398437499999999 0.6342592596153847 0.7338541658653847 0.6333333341346153 0.72734375 0.6379629639423077 0.7205729158653846 0.6453703701923076
4 0.73828125 0.6 0.7359374999999999 0.6101851850961538 0.7359374999999999 0.6245370360576923 0.7390625 0.6333333341346153 0.7432291658653847 0.6407407403846155 0.7510416658653847 0.6458333341346154 0.7593749999999999 0.6435185192307693 0.765625 0.6319444447115384 0.7674479158653846 0.6162037043269231 0.7674479158653846 0.6041666658653846 0.7632812499999999 0.59490740625 0.75703125 0.5893518509615384 0.7515624999999999 0.5870370360576923 0.7440104158653846 0.5935185192307693 0.73828125 0.6
4 0.7760416658653846 0.6037037043269231 0.7731770841346154 0.6120370360576923 0.7708333341346154 0.6231481490384615 0.77265625 0.63240740625 0.7760416658653846 0.6402777788461538 0.7822916658653847 0.6495370360576923 0.7906249999999999 0.6523148149038461 0.7973958341346153 0.6444444447115385 0.8028645841346154 0.63240740625 0.8028645841346154 0.6180555552884616 0.8005208341346154 0.60509259375 0.7955729158653846 0.5976851850961539 0.7885416658653847 0.5935185192307693 0.7815104158653846 0.5972222211538462 0.7760416658653846 0.6037037043269231
4 0.7520833341346154 0.6509259254807692 0.7510416658653847 0.6657407403846154 0.7544270841346153 0.6787037043269231 0.7588541658653847 0.6902777788461538 0.7661458341346153 0.6916666658653846 0.7755208341346154 0.6921296298076923 0.7809895841346154 0.6810185192307692 0.7833333341346154 0.6662037043269231 0.78203125 0.6518518509615384 0.7755208341346154 0.6421296298076923 0.76953125 0.6351851850961538 0.7645833341346153 0.6361111105769232 0.7565104158653846 0.64259259375 0.7520833341346154 0.6509259254807692