4 0.4609375 0.515625 0.46170798798076923 0.4995080072115385 0.458984375 0.4913194447115385 0.4580078125 0.486111110576923 0.4558845336538461 0.4825244543269231 0.4501953125 0.47916666586538464 0.4423828125 0.47916666586538464 0.44067885817307695 0.4787823028846154 0.4384765625 0.482638889423077 0.4340465817307692 0.4868423076923077 0.4321054302884615 0.4928873052884616 0.431640625 0.498263889423077 0.431640625 0.5086805552884616 0.43359375 0.5121527788461538 0.43359375 0.515625 0.435546875 0.5190972211538462 0.4365234375 0.5243055552884616 0.4384765625 0.5243055552884616 0.4404296875 0.5277777788461538 0.4432670504807692 0.5305965625 0.4462890625 0.53125 0.4490905048076923 0.5303087235576923 0.4539433822115385 0.5274301442307693 0.4609375 0.515625
4 0.431640625 0.515625 0.431640625 0.498263889423077 0.4296875 0.49479166586538464 0.4287109375 0.48958333413461536 0.4267578125 0.48958333413461536 0.4248046875 0.486111110576923 0.4212673461538462 0.48022159375 0.4150390625 0.47916666586538464 0.4111328125 0.482638889423077 0.40606165625 0.4868423076923077 0.40234375 0.498263889423077 0.40234375 0.515625 0.404296875 0.5225694447115384 0.4072265625 0.5277777788461538 0.4111328125 0.53125 0.4228515625 0.53125 0.4267578125 0.5277777788461538 0.43000252644230774 0.5225365841346153 0.431640625 0.515625
4 0.4473111201923077 0.5645636971153846 0.4482816971153846 0.5596701370192307 0.44921875 0.5538194447115384 0.44921875 0.5434027788461538 0.447265625 0.5399305552884616 0.447265625 0.5364583341346154 0.4423828125 0.5277777788461538 0.4404296875 0.5277777788461538 0.4384765625 0.5243055552884616 0.4287109375 0.5243055552884616 0.4267578125 0.5277777788461538 0.4248046875 0.5277777788461538 0.419921875 0.5364583341346154 0.41819385096153844 0.5493072860576923 0.419921875 0.560763889423077 0.4267578125 0.5729166658653846 0.4306640625 0.5729166658653846 0.4326171875 0.576388889423077 0.4365234375 0.576388889423077 0.4375 0.5746527788461538 0.4404296875 0.5729166658653846 0.4473111201923077 0.5645636971153846
4 0.49755648557692306 0.48369045432692304 0.4899571201923077 0.4724212091346154 0.4847757355769231 0.46893798798076924 0.47832779086538463 0.47057714903846154 0.47487353365384616 0.47610932451923077 0.46957700240384614 0.48635409134615387 0.4684255793269231 0.4935254302884615 0.46875 0.5052083341346154 0.46980728365384616 0.5129904903846154 0.47498866826923075 0.5205716153846154 0.48350917788461534 0.524259733173077 0.4893814134615385 0.5220058798076923 0.4931810985576923 0.5172932932692308 0.4982473389423077 0.509302375 0.49755648557692306 0.48369045432692304
4 0.4792489230769231 0.5592968461538461 0.482421875 0.5503472211538462 0.48373945673076924 0.5381926177884615 0.482421875 0.529513889423077 0.4775390625 0.5208333341346154 0.47717636778846156 0.518317764423077 0.4716796875 0.513888889423077 0.4658203125 0.513888889423077 0.4619140625 0.517361110576923 0.455078125 0.529513889423077 0.455078125 0.546875 0.45703125 0.5538194447115384 0.4599609375 0.5590277788461538 0.4666984519230769 0.5644192163461539 0.4677734375 0.5659722211538462 0.47265625 0.564236110576923 0.4764855168269231 0.5629849615384616 0.4792489230769231 0.5592968461538461
4 0.51171875 0.546875 0.51171875 0.5260416658653846 0.5068359375 0.517361110576923 0.5048828125 0.517361110576923 0.5029296875 0.513888889423077 0.4970703125 0.5104166658653846 0.4951171875 0.513888889423077 0.4892578125 0.517361110576923 0.486328125 0.5225694447115384 0.486328125 0.5260416658653846 0.484375 0.529513889423077 0.484375 0.546875 0.4912109375 0.5590277788461538 0.4931640625 0.5590277788461538 0.4951171875 0.5625 0.5009765625 0.5625 0.501953125 0.560763889423077 0.5048828125 0.5590277788461538 0.51171875 0.546875
4 0.400390625 0.5260416658653846 0.400390625 0.501736110576923 0.3955078125 0.4930555552884615 0.39015984375 0.4860798677884616 0.3837890625 0.486111110576923 0.3798828125 0.48958333413461536 0.3740234375 0.49652777884615384 0.37109375 0.501736110576923 0.37109375 0.5260416658653846 0.3779296875 0.5381944447115384 0.3761758557692308 0.5397043317307693 0.390625 0.5399305552884616 0.3974609375 0.53125 0.400390625 0.5260416658653846
4 0.4140625 0.4774305552884615 0.4140625 0.45659722115384616 0.4091796875 0.44791666586538464 0.4072265625 0.44791666586538464 0.4013671875 0.44097222115384616 0.3955078125 0.44097222115384616 0.3916015625 0.4444444447115385 0.384765625 0.45659722115384616 0.384765625 0.4774305552884615 0.3876953125 0.486111110576923 0.3955078125 0.4930555552884615 0.4033203125 0.4930555552884615 0.404296875 0.4913194447115385 0.4072265625 0.48958333413461536 0.4140625 0.4774305552884615
4 0.46875 0.595486110576923 0.46875 0.5711805552884616 0.4638671875 0.5625 0.4619140625 0.5625 0.4599609375 0.5590277788461538 0.4501953125 0.5590277788461538 0.44140625 0.5746527788461538 0.44140625 0.595486110576923 0.4462890625 0.6041666658653846 0.4482421875 0.6041666658653846 0.4501953125 0.607638889423077 0.4599609375 0.607638889423077 0.4609375 0.6059027788461538 0.4638671875 0.6041666658653846 0.46875 0.595486110576923
4 0.4912109375 0.6006944447115384 0.4931640625 0.6006944447115384 0.49609375 0.595486110576923 0.49609375 0.592013889423077 0.498046875 0.5885416658653846 0.498046875 0.5711805552884616 0.4912109375 0.5590277788461538 0.4892578125 0.5590277788461538 0.4873046875 0.5555555552884616 0.4814453125 0.5555555552884616 0.4794921875 0.5590277788461538 0.4775390625 0.5590277788461538 0.470703125 0.5711805552884616 0.470703125 0.592013889423077 0.4755859375 0.6006944447115384 0.4775390625 0.6006944447115384 0.4833984375 0.607638889423077 0.486328125 0.6059027788461538 0.4892578125 0.6041666658653846 0.4912109375 0.6006944447115384
4 0.5205078125 0.6006944447115384 0.525390625 0.592013889423077 0.525390625 0.5885416658653846 0.52734375 0.5850694447115384 0.52734375 0.5746527788461538 0.525390625 0.5711805552884616 0.525390625 0.5677083341346154 0.5205078125 0.5590277788461538 0.5185546875 0.5590277788461538 0.5166015625 0.5555555552884616 0.5068359375 0.5555555552884616 0.4996789110576923 0.5664043942307692 0.4973154182692308 0.5821762956730769 0.5 0.592013889423077 0.5029296875 0.5972222211538462 0.5048828125 0.5972222211538462 0.5107421875 0.6041666658653846 0.5146484375 0.6041666658653846 0.515625 0.6024305552884616 0.5166015625 0.6006944447115384 0.5205078125 0.6006944447115384
4 0.509765625 0.6336805552884616 0.51171875 0.6302083341346154 0.51171875 0.623263889423077 0.513671875 0.6197916658653846 0.51171875 0.6163194447115384 0.51171875 0.609375 0.5068359375 0.6006944447115384 0.5048828125 0.6006944447115384 0.5029296875 0.5972222211538462 0.4951171875 0.5972222211538462 0.4931640625 0.6006944447115384 0.4912109375 0.6006944447115384 0.484375 0.6128472211538462 0.484375 0.626736110576923 0.486328125 0.6302083341346154 0.486328125 0.6336805552884616 0.4892578125 0.638888889423077 0.4912109375 0.638888889423077 0.4970703125 0.6458333341346154 0.5009765625 0.6458333341346154 0.501953125 0.644097221153846 0.509765625 0.637152778846154 0.509765625 0.6336805552884616
4 0.484375 0.6302083341346154 0.484375 0.6163194447115384 0.482421875 0.6128472211538462 0.482421875 0.609375 0.4794921875 0.6041666658653846 0.4775390625 0.6041666658653846 0.4755859375 0.6006944447115384 0.4716796875 0.6006944447115384 0.4697265625 0.5972222211538462 0.4677734375 0.6006944447115384 0.4658203125 0.6006944447115384 0.4619140625 0.607638889423077 0.4599609375 0.607638889423077 0.45703125 0.6128472211538462 0.45556038461538456 0.6231832451923077 0.45703125 0.6336805552884616 0.4619140625 0.642361110576923 0.4638671875 0.642361110576923 0.4658203125 0.6458333341346154 0.4736328125 0.6458333341346154 0.474609375 0.644097221153846 0.4775390625 0.642361110576923 0.484375 0.6302083341346154
4 0.4501953125 0.642361110576923 0.453125 0.640625 0.453125 0.637152778846154 0.455078125 0.6336805552884616 0.455078125 0.6163194447115384 0.4501953125 0.607638889423077 0.4482421875 0.607638889423077 0.4423828125 0.6006944447115384 0.4403946322115385 0.6000511153846154 0.4345703125 0.6041666658653846 0.427734375 0.6163194447115384 0.427734375 0.637152778846154 0.4326171875 0.6458333341346154 0.4404296875 0.652777778846154 0.443359375 0.6510416658653846 0.4462890625 0.6493055552884616 0.4501953125 0.642361110576923
4 0.44140625 0.6788194447115384 0.44140625 0.657986110576923 0.4365234375 0.6493055552884616 0.4345703125 0.6493055552884616 0.4306640625 0.642361110576923 0.4248046875 0.642361110576923 0.4228515625 0.6458333341346154 0.4208984375 0.6458333341346154 0.4140625 0.657986110576923 0.412109375 0.668402778846154 0.4140625 0.6788194447115384 0.4169921875 0.6875 0.4208984375 0.690972221153846 0.4254258605769231 0.6950330120192307 0.4296875 0.6927083341346154 0.4345703125 0.690972221153846 0.44140625 0.6788194447115384
4 0.47112002644230766 0.6575309302884615 0.46875 0.6510416658653846 0.4619140625 0.642361110576923 0.4521484375 0.642361110576923 0.4462890625 0.6493055552884616 0.443359375 0.654513889423077 0.443359375 0.6788194447115384 0.4501953125 0.690972221153846 0.4619140625 0.690972221153846 0.462890625 0.689236110576923 0.470703125 0.675347221153846 0.47112002644230766 0.6575309302884615
4 0.49609375 0.6788194447115384 0.5 0.668402778846154 0.5 0.657986110576923 0.498046875 0.654513889423077 0.498046875 0.6510416658653846 0.4931640625 0.642361110576923 0.4912109375 0.642361110576923 0.4892578125 0.638888889423077 0.4814453125 0.638888889423077 0.4794921875 0.642361110576923 0.4775390625 0.642361110576923 0.470703125 0.654513889423077 0.470703125 0.671875 0.47265625 0.675347221153846 0.47265625 0.6788194447115384 0.4775390625 0.6875 0.4794921875 0.6875 0.4814453125 0.690972221153846 0.4873046875 0.690972221153846 0.48828125 0.689236110576923 0.49609375 0.6822916658653846 0.49609375 0.6788194447115384
4 0.525390625 0.6788194447115384 0.525390625 0.675347221153846 0.52734375 0.671875 0.52734375 0.654513889423077 0.525390625 0.6510416658653846 0.525390625 0.6475694447115384 0.5224609375 0.642361110576923 0.5185546875 0.642361110576923 0.5166015625 0.638888889423077 0.5087890625 0.638888889423077 0.5068359375 0.642361110576923 0.5048828125 0.642361110576923 0.5 0.6510416658653846 0.5 0.675347221153846 0.5068359375 0.6875 0.5185546875 0.6875 0.51953125 0.685763889423077 0.5224609375 0.684027778846154 0.525390625 0.6788194447115384
4 0.552734375 0.675347221153846 0.556640625 0.668402778846154 0.556640625 0.654513889423077 0.5546875 0.6510416658653846 0.5546875 0.6475694447115384 0.5517578125 0.642361110576923 0.5498046875 0.642361110576923 0.5439453125 0.6354166658653846 0.5400390625 0.6354166658653846 0.5380859375 0.638888889423077 0.5322265625 0.642361110576923 0.52734375 0.6510416658653846 0.52734375 0.668402778846154 0.529296875 0.671875 0.529296875 0.675347221153846 0.5341796875 0.684027778846154 0.5361328125 0.684027778846154 0.5380859375 0.6875 0.5439453125 0.6875 0.544921875 0.685763889423077 0.552734375 0.6788194447115384 0.552734375 0.675347221153846
4 0.541015625 0.6302083341346154 0.541015625 0.609375 0.5361328125 0.6006944447115384 0.5341796875 0.6006944447115384 0.5322265625 0.5972222211538462 0.5229433581730769 0.5944433269230769 0.5205078125 0.6006944447115384 0.5185546875 0.6006944447115384 0.515625 0.6059027788461538 0.515625 0.609375 0.513671875 0.6128472211538462 0.513671875 0.6302083341346154 0.5205078125 0.642361110576923 0.5244140625 0.642361110576923 0.5263671875 0.6458333341346154 0.52734375 0.644097221153846 0.5361328125 0.638888889423077 0.541015625 0.6302083341346154
4 0.5703125 0.609375 0.5634765625 0.5972222211538462 0.5615234375 0.5972222211538462 0.5595703125 0.59375 0.5537109375 0.59375 0.5517578125 0.5972222211538462 0.5498046875 0.5972222211538462 0.54296875 0.609375 0.54296875 0.6302083341346154 0.5478515625 0.638888889423077 0.5498046875 0.638888889423077 0.5517578125 0.642361110576923 0.5615234375 0.642361110576923 0.5625 0.640625 0.5703125 0.626736110576923 0.5703125 0.609375
4 0.58203125 0.6788194447115384 0.58203125 0.675347221153846 0.5859375 0.6649305552884616 0.5859375 0.654513889423077 0.583984375 0.6510416658653846 0.583984375 0.6475694447115384 0.5810546875 0.6458333341346154 0.5771484375 0.638888889423077 0.5712890625 0.638888889423077 0.5693359375 0.6354166658653846 0.5673828125 0.638888889423077 0.5615234375 0.642361110576923 0.556640625 0.6510416658653846 0.556640625 0.671875 0.5634765625 0.684027778846154 0.5654296875 0.684027778846154 0.5673828125 0.6875 0.5751953125 0.6875 0.576171875 0.685763889423077 0.5791015625 0.684027778846154 0.58203125 0.6788194447115384
4 0.5517578125 0.59375 0.5546875 0.592013889423077 0.5546875 0.5885416658653846 0.556640625 0.5850694447115384 0.556640625 0.5711805552884616 0.5546875 0.5677083341346154 0.5546875 0.564236110576923 0.5517578125 0.5590277788461538 0.5498046875 0.5590277788461538 0.5439453125 0.5520833341346154 0.5400390625 0.5520833341346154 0.5380859375 0.5555555552884616 0.5322265625 0.5590277788461538 0.52734375 0.5677083341346154 0.52734375 0.5885416658653846 0.5341796875 0.6006944447115384 0.5361328125 0.6006944447115384 0.5380859375 0.6041666658653846 0.5439453125 0.6041666658653846 0.544921875 0.6024305552884616 0.5478515625 0.6006944447115384 0.5517578125 0.59375
4 0.5810546875 0.5972222211538462 0.5830078125 0.5972222211538462 0.5859375 0.592013889423077 0.5859375 0.5885416658653846 0.587890625 0.5850694447115384 0.587890625 0.5711805552884616 0.5791015625 0.5555555552884616 0.5673828125 0.5555555552884616 0.5654296875 0.5590277788461538 0.5634765625 0.5590277788461538 0.55859375 0.5677083341346154 0.55859375 0.5885416658653846 0.5654296875 0.6006944447115384 0.5673828125 0.6006944447115384 0.5693359375 0.6041666658653846 0.5751953125 0.6041666658653846 0.576171875 0.6024305552884616 0.5791015625 0.6006944447115384 0.5810546875 0.5972222211538462
4 0.6015625 0.609375 0.5966796875 0.6006944447115384 0.5947265625 0.6006944447115384 0.5927734375 0.5972222211538462 0.5830078125 0.5972222211538462 0.5791015625 0.6041666658653846 0.5771484375 0.6041666658653846 0.57421875 0.609375 0.57421875 0.6336805552884616 0.5791015625 0.642361110576923 0.5810546875 0.642361110576923 0.5830078125 0.6458333341346154 0.5947265625 0.6458333341346154 0.595703125 0.644097221153846 0.6015625 0.6336805552884616 0.6015625 0.609375
4 0.6103515625 0.6006944447115384 0.61328125 0.595486110576923 0.61328125 0.592013889423077 0.615234375 0.5885416658653846 0.615234375 0.5677083341346154 0.61328125 0.564236110576923 0.61328125 0.560763889423077 0.6083984375 0.5520833341346154 0.6005859375 0.5520833341346154 0.5966796875 0.5590277788461538 0.5908203125 0.5625 0.587890625 0.5677083341346154 0.587890625 0.5885416658653846 0.5947265625 0.6006944447115384 0.5986328125 0.6006944447115384 0.6005859375 0.6041666658653846 0.6044921875 0.6041666658653846 0.60546875 0.6024305552884616 0.6064453125 0.6006944447115384 0.6103515625 0.6006944447115384
4 0.6015625 0.5503472211538462 0.6015625 0.546875 0.603515625 0.5434027788461538 0.603515625 0.532986110576923 0.6015625 0.529513889423077 0.6015625 0.5260416658653846 0.5947265625 0.513888889423077 0.5888671875 0.5104166658653846 0.5869140625 0.513888889423077 0.5849609375 0.513888889423077 0.5810546875 0.5208333341346154 0.5791015625 0.5208333341346154 0.5771484375 0.5243055552884616 0.57421875 0.5260416658653846 0.57421875 0.546875 0.576171875 0.5503472211538462 0.576171875 0.5538194447115384 0.5791015625 0.5555555552884616 0.5830078125 0.5625 0.5927734375 0.5625 0.59375 0.560763889423077 0.5966796875 0.5590277788461538 0.6015625 0.5503472211538462
4 0.572265625 0.546875 0.572265625 0.5260416658653846 0.5673828125 0.517361110576923 0.5654296875 0.517361110576923 0.5634765625 0.513888889423077 0.5556640625 0.513888889423077 0.5537109375 0.517361110576923 0.5517578125 0.517361110576923 0.5478515625 0.5243055552884616 0.544921875 0.5260416658653846 0.544921875 0.5364583341346154 0.54296875 0.5399305552884616 0.544921875 0.5434027788461538 0.544921875 0.5503472211538462 0.5478515625 0.5555555552884616 0.5498046875 0.5555555552884616 0.5556640625 0.5625 0.5615234375 0.5625 0.5625 0.560763889423077 0.5654296875 0.5590277788461538 0.572265625 0.546875
4 0.5361328125 0.5555555552884616 0.541015625 0.546875 0.54296875 0.5364583341346154 0.541015625 0.5260416658653846 0.5361328125 0.517361110576923 0.5263671875 0.5104166658653846 0.5185546875 0.517361110576923 0.515625 0.5225694447115384 0.513671875 0.529513889423077 0.513671875 0.546875 0.5205078125 0.5590277788461538 0.5244140625 0.5625 0.529296875 0.560763889423077 0.5322265625 0.5590277788461538 0.5361328125 0.5555555552884616
4 0.5556640625 0.513888889423077 0.556640625 0.5086805552884616 0.55859375 0.5052083341346154 0.55859375 0.48784722115384616 0.556640625 0.484375 0.556640625 0.48090277884615384 0.5537109375 0.4756944447115385 0.5517578125 0.4756944447115385 0.5498046875 0.47222222115384616 0.5419921875 0.47222222115384616 0.5400390625 0.4756944447115385 0.5380859375 0.4756944447115385 0.5341796875 0.482638889423077 0.53125 0.484375 0.53125 0.48784722115384616 0.529296875 0.4913194447115385 0.529296875 0.501736110576923 0.53125 0.5052083341346154 0.53125 0.5086805552884616 0.5361328125 0.517361110576923 0.5380859375 0.517361110576923 0.5400390625 0.5208333341346154 0.5498046875 0.5208333341346154 0.55078125 0.5190972211538462 0.5537109375 0.513888889423077 0.5556640625 0.513888889423077
4 0.58984375 0.5052083341346154 0.58984375 0.484375 0.5859375 0.4774305552884615 0.5849609375 0.47222222115384616 0.5830078125 0.47222222115384616 0.5810546875 0.46875 0.5732421875 0.46875 0.5712890625 0.47222222115384616 0.5693359375 0.47222222115384616 0.5625 0.484375 0.5625 0.48784722115384616 0.560546875 0.4913194447115385 0.560546875 0.498263889423077 0.5625 0.501736110576923 0.5625 0.5086805552884616 0.5673828125 0.517361110576923 0.5693359375 0.517361110576923 0.5712890625 0.5208333341346154 0.5791015625 0.5208333341346154 0.580078125 0.5190972211538462 0.5830078125 0.517361110576923 0.58984375 0.5052083341346154
4 0.572265625 0.467013889423077 0.57421875 0.46354166586538464 0.57421875 0.44270833413461536 0.5615234375 0.420138889423077 0.5595703125 0.420138889423077 0.5517578125 0.43402777884615384 0.5498046875 0.43402777884615384 0.546875 0.439236110576923 0.5444279206730769 0.4555472067307692 0.546875 0.467013889423077 0.5498046875 0.47222222115384616 0.5517578125 0.47222222115384616 0.5556640625 0.47916666586538464 0.5634765625 0.47916666586538464 0.564453125 0.4774305552884615 0.572265625 0.470486110576923 0.572265625 0.467013889423077
4 0.54296875 0.470486110576923 0.544921875 0.46354166586538464 0.544921875 0.4461805552884615 0.54296875 0.439236110576923 0.5400390625 0.43402777884615384 0.5341796875 0.4305555552884615 0.5263671875 0.4305555552884615 0.5224609375 0.43402777884615384 0.517578125 0.44270833413461536 0.515625 0.44965277884615384 0.515625 0.46354166586538464 0.5219747475961538 0.47841042067307693 0.5274895673076924 0.48296675961538466 0.5322265625 0.482638889423077 0.5361328125 0.47916666586538464 0.5400390625 0.4756944447115385 0.54296875 0.470486110576923
4 0.51171875 0.46354166586538464 0.51171875 0.44270833413461536 0.5048828125 0.4305555552884615 0.5029296875 0.4305555552884615 0.5009765625 0.42708333413461536 0.4951171875 0.42708333413461536 0.4892578125 0.4305555552884615 0.484375 0.439236110576923 0.482421875 0.4461805552884615 0.482421875 0.4600694447115385 0.48534062259615385 0.4703492379807692 0.48888586057692307 0.47560653846153844 0.49164328125 0.4787609182692308 0.5009765625 0.47916666586538464 0.501953125 0.4774305552884615 0.509765625 0.470486110576923 0.51171875 0.46354166586538464
4 0.369140625 0.532986110576923 0.369140625 0.529513889423077 0.37109375 0.5260416658653846 0.37109375 0.515625 0.369140625 0.5121527788461538 0.369140625 0.5052083341346154 0.3642578125 0.49652777884615384 0.3603515625 0.49652777884615384 0.3583984375 0.4930555552884615 0.3544921875 0.4930555552884615 0.3525390625 0.49652777884615384 0.3466796875 0.5 0.341796875 0.5086805552884616 0.341796875 0.532986110576923 0.3486328125 0.545138889423077 0.3544921875 0.545138889423077 0.3564453125 0.548611110576923 0.359375 0.546875 0.3623046875 0.545138889423077 0.369140625 0.532986110576923
4 0.3843717163461538 0.5815972211538462 0.3843717163461538 0.578125 0.3882779663461538 0.5711805552884616 0.3882779663461538 0.5538194447115384 0.3863248413461538 0.5503472211538462 0.3863248413461538 0.546875 0.3833951538461538 0.5416666658653846 0.3794889038461538 0.5416666658653846 0.3775357788461538 0.5381944447115384 0.3716764038461538 0.5347222211538462 0.3697232788461538 0.5381944447115384 0.3677701538461538 0.5381944447115384 0.3638639038461538 0.545138889423077 0.3619107788461538 0.545138889423077 0.3589810913461538 0.5503472211538462 0.3577660288461538 0.5639291850961539 0.3589810913461538 0.5746527788461538 0.3658170288461538 0.5868055552884616 0.3677701538461538 0.5868055552884616 0.3697232788461538 0.5902777788461538 0.3775357788461538 0.5902777788461538 0.3785123413461538 0.5885416658653846 0.3814420288461538 0.5868055552884616 0.3843717163461538 0.5815972211538462
4 0.357421875 0.564236110576923 0.359375 0.560763889423077 0.359375 0.5503472211538462 0.3564453125 0.548611110576923 0.3544921875 0.545138889423077 0.3486328125 0.545138889423077 0.3408203125 0.53125 0.3388671875 0.5347222211538462 0.3369140625 0.5347222211538462 0.333984375 0.5399305552884616 0.333984375 0.546875 0.33203125 0.5503472211538462 0.33203125 0.5538194447115384 0.333984375 0.5572916658653846 0.333984375 0.564236110576923 0.3388671875 0.5729166658653846 0.3408203125 0.5729166658653846 0.3427734375 0.576388889423077 0.3525390625 0.576388889423077 0.353515625 0.5746527788461538 0.357421875 0.5677083341346154 0.357421875 0.564236110576923
4 0.41796875 0.560763889423077 0.41796875 0.5399305552884616 0.4130859375 0.53125 0.4111328125 0.53125 0.4052734375 0.5243055552884616 0.4013671875 0.5243055552884616 0.3974609375 0.53125 0.3955078125 0.53125 0.390625 0.5399305552884616 0.390625 0.5434027788461538 0.388671875 0.546875 0.388671875 0.5538194447115384 0.390625 0.5572916658653846 0.390625 0.564236110576923 0.3935546875 0.5694444447115384 0.3955078125 0.5694444447115384 0.3974609375 0.5729166658653846 0.4013671875 0.5729166658653846 0.4033203125 0.576388889423077 0.4072265625 0.576388889423077 0.408203125 0.5746527788461538 0.4111328125 0.5729166658653846 0.41796875 0.560763889423077
4 0.404296875 0.6128472211538462 0.40625 0.6059027788461538 0.40625 0.5850694447115384 0.404296875 0.5815972211538462 0.4033203125 0.576388889423077 0.3916015625 0.5694444447115384 0.3867188028846154 0.5719903677884616 0.3818359375 0.5868055552884616 0.37890625 0.5885416658653846 0.37890625 0.6059027788461538 0.3857421875 0.6180555552884616 0.3896484375 0.621527778846154 0.3935546875 0.621527778846154 0.3994140625 0.6180555552884616 0.4013671875 0.6145833341346154 0.404296875 0.6128472211538462
4 0.43359375 0.6059027788461538 0.43359375 0.6024305552884616 0.435546875 0.5989583341346154 0.435546875 0.5815972211538462 0.4306640625 0.5729166658653846 0.4267578125 0.5729166658653846 0.4228515625 0.5659722211538462 0.4169921875 0.5659722211538462 0.4130859375 0.5729166658653846 0.4111328125 0.5729166658653846 0.41015625 0.578125 0.4066115216346154 0.5845224759615385 0.408203125 0.6024305552884616 0.4150390625 0.6145833341346154 0.4267578125 0.6145833341346154 0.427734375 0.6128472211538462 0.4306640625 0.611111110576923 0.43359375 0.6059027788461538
4 0.41796875 0.644097221153846 0.41796875 0.640625 0.416015625 0.6302083341346154 0.4091796875 0.6180555552884616 0.4033203125 0.6145833341346154 0.4013671875 0.6145833341346154 0.3935546875 0.621527778846154 0.388671875 0.6302083341346154 0.388671875 0.6510416658653846 0.3974609375 0.6666666658653846 0.4072265625 0.6666666658653846 0.408203125 0.6649305552884616 0.416015625 0.654513889423077 0.41796875 0.644097221153846
4 0.3779296875 0.65625 0.384765625 0.644097221153846 0.384765625 0.623263889423077 0.3779296875 0.611111110576923 0.3642578125 0.611111110576923 0.359375 0.6197916658653846 0.359375 0.623263889423077 0.357421875 0.626736110576923 0.357421875 0.644097221153846 0.3642578125 0.65625 0.3681640625 0.65625 0.3701171875 0.659722221153846 0.373046875 0.657986110576923 0.3740234375 0.65625 0.3779296875 0.65625
4 0.359375 0.6197916658653846 0.359375 0.6128472211538462 0.357421875 0.6059027788461538 0.3525390625 0.5972222211538462 0.3505859375 0.5972222211538462 0.3486328125 0.59375 0.3408203125 0.59375 0.3353022692307693 0.5975060264423078 0.33203125 0.609375 0.33203125 0.626736110576923 0.333984375 0.6336805552884616 0.3369140625 0.638888889423077 0.3408203125 0.642361110576923 0.3505859375 0.642361110576923 0.3515625 0.640625 0.357421875 0.6302083341346154 0.359375 0.6197916658653846
4 0.33984375 0.5850694447115384 0.337890625 0.5711805552884616 0.3349083413461538 0.56280784375 0.3271484375 0.5590277788461538 0.3212890625 0.5590277788461538 0.3154296875 0.5659722211538462 0.3125 0.5711805552884616 0.310546875 0.578125 0.310546875 0.5850694447115384 0.314453125 0.5989583341346154 0.3173828125 0.6041666658653846 0.3212890625 0.607638889423077 0.3291015625 0.607638889423077 0.3330078125 0.6041666658653846 0.337890625 0.595486110576923 0.33984375 0.5850694447115384
4 0.341796875 0.5086805552884616 0.3408203125 0.5069444447115384 0.3349609375 0.5069444447115384 0.3271484375 0.5 0.3232421875 0.4930555552884615 0.3213182644230769 0.48920563942307693 0.31640625 0.5052083341346154 0.31640625 0.515625 0.318359375 0.5225694447115384 0.3232421875 0.53125 0.3286057019230769 0.5368718245192308 0.3369140625 0.5347222211538462 0.33984375 0.529513889423077 0.33984375 0.515625 0.341796875 0.5086805552884616
4 0.29296875 0.5399305552884616 0.29296875 0.5364583341346154 0.2952893389423077 0.5274086826923077 0.2954863028846154 0.5175950625 0.29371368509615386 0.5091833798076923 0.2899714831730769 0.5046270432692308 0.2861328125 0.5 0.2763671875 0.5 0.2744140625 0.5034722211538462 0.2724609375 0.5034722211538462 0.267578125 0.5121527788461538 0.267578125 0.515625 0.265625 0.5190972211538462 0.265625 0.529513889423077 0.267578125 0.532986110576923 0.267578125 0.5364583341346154 0.2744140625 0.548611110576923 0.2861328125 0.548611110576923 0.287109375 0.546875 0.2900390625 0.545138889423077 0.29296875 0.5399305552884616
4 0.3173828125 0.5625 0.3193359375 0.5625 0.3203125 0.5572916658653846 0.322265625 0.5538194447115384 0.322265625 0.5364583341346154 0.3203125 0.532986110576923 0.3167577307692308 0.5305630625 0.3102581274038462 0.5256562451923077 0.3008041610576923 0.5239038221153847 0.294921875 0.532986110576923 0.294921875 0.5364583341346154 0.29296875 0.5399305552884616 0.29296875 0.5572916658653846 0.2998046875 0.5694444447115384 0.3037109375 0.5694444447115384 0.3056640625 0.5729166658653846 0.3095703125 0.5729166658653846 0.310546875 0.5711805552884616 0.3134765625 0.5694444447115384 0.3173828125 0.5625
4 0.265625 0.515625 0.2607421875 0.5069444447115384 0.2529296875 0.5 0.2509765625 0.5 0.2451171875 0.5034722211538462 0.23828125 0.515625 0.23828125 0.5364583341346154 0.2451171875 0.548611110576923 0.2587890625 0.548611110576923 0.259765625 0.546875 0.265625 0.5364583341346154 0.265625 0.515625
4 0.279296875 0.49479166586538464 0.279296875 0.470486110576923 0.2744140625 0.4618055552884615 0.2705078125 0.45833333413461536 0.2587890625 0.45833333413461536 0.25550390625 0.46011523798076925 0.251953125 0.467013889423077 0.25 0.4774305552884615 0.25 0.484375 0.25390625 0.498263889423077 0.2553069423076923 0.5018231610576923 0.2655487451923077 0.50988434375 0.27106354807692307 0.5049775408653846 0.2763671875 0.5 0.279296875 0.49479166586538464
4 0.2431640625 0.5034722211538462 0.2451171875 0.5034722211538462 0.25 0.49479166586538464 0.24959517548076923 0.4772890817307692 0.24723168269230772 0.4688774014423077 0.23915640865384613 0.46046572115384615 0.2314453125 0.45833333413461536 0.2294921875 0.45833333413461536 0.224609375 0.467013889423077 0.224609375 0.470486110576923 0.220703125 0.48090277884615384 0.220703125 0.48784722115384616 0.22265625 0.4913194447115385 0.22265625 0.498263889423077 0.2255859375 0.5034722211538462 0.2275390625 0.5034722211538462 0.2333984375 0.5104166658653846 0.2373046875 0.5104166658653846 0.23828125 0.5086805552884616 0.2412109375 0.5069444447115384 0.2431640625 0.5034722211538462
4 0.236328125 0.5190972211538462 0.2333984375 0.5104166658653846 0.2255859375 0.5034722211538462 0.2197265625 0.5034722211538462 0.2158203125 0.5069444447115384 0.208984375 0.5190972211538462 0.208984375 0.5399305552884616 0.2158203125 0.5520833341346154 0.22004260096153846 0.5561485865384616 0.2255859375 0.5555555552884616 0.234375 0.546875 0.236328125 0.5399305552884616 0.236328125 0.5190972211538462
4 0.20703125 0.5434027788461538 0.20703125 0.5190972211538462 0.2021484375 0.5104166658653846 0.1962890625 0.5069444447115384 0.1904296875 0.5069444447115384 0.1826171875 0.513888889423077 0.1796875 0.5190972211538462 0.1796875 0.5434027788461538 0.1865234375 0.5555555552884616 0.1923828125 0.5590277788461538 0.1962890625 0.5590277788461538 0.2021484375 0.5520833341346154 0.205078125 0.546875 0.20703125 0.5434027788461538
4 0.203125 0.5711805552884616 0.1982421875 0.5625 0.1943359375 0.5590277788461538 0.1865234375 0.5555555552884616 0.1806640625 0.5590277788461538 0.17578125 0.5711805552884616 0.17384138461538462 0.5831360673076923 0.17578125 0.592013889423077 0.1826171875 0.6041666658653846 0.1884765625 0.607638889423077 0.1953125 0.6059027788461538 0.203125 0.592013889423077 0.203125 0.5711805552884616
4 0.234375 0.5885416658653846 0.234375 0.5677083341346154 0.2275390625 0.5555555552884616 0.2138671875 0.5555555552884616 0.2099609375 0.5590277788461538 0.20703125 0.564236110576923 0.205078125 0.5711805552884616 0.205078125 0.5850694447115384 0.20703125 0.592013889423077 0.2119140625 0.6006944447115384 0.21618729326923078 0.6038147860576923 0.2265625 0.6024305552884616 0.23214086298076925 0.5964545673076923 0.234375 0.5885416658653846
4 0.263671875 0.5815972211538462 0.263671875 0.5677083341346154 0.2618814591346154 0.5586020048076923 0.2568359375 0.5520833341346154 0.2412109375 0.5520833341346154 0.234375 0.564236110576923 0.234375 0.5850694447115384 0.2412109375 0.5972222211538462 0.2470703125 0.6006944447115384 0.2529296875 0.6006944447115384 0.2568359375 0.5972222211538462 0.26171875 0.5885416658653846 0.263671875 0.5815972211538462
4 0.255859375 0.637152778846154 0.2593210216346154 0.6227410673076924 0.2575484014423077 0.6115255048076923 0.2529296875 0.6006944447115384 0.2451171875 0.5972222211538462 0.2392578125 0.5972222211538462 0.2353515625 0.6006944447115384 0.232421875 0.6059027788461538 0.23046875 0.6128472211538462 0.23046875 0.6302083341346154 0.2373046875 0.642361110576923 0.2470703125 0.6458333341346154 0.25 0.644097221153846 0.2529296875 0.642361110576923 0.255859375 0.637152778846154
4 0.2894564278846154 0.623263889423077 0.2894564278846154 0.6163194447115384 0.2855501778846154 0.6024305552884616 0.2826204903846154 0.5972222211538462 0.2669954903846154 0.5972222211538462 0.2621126778846154 0.6059027788461538 0.2601595528846154 0.6128472211538462 0.2601595528846154 0.623263889423077 0.2621126778846154 0.6302083341346154 0.2669954903846154 0.638888889423077 0.2709017403846154 0.642361110576923 0.2806673653846154 0.642361110576923 0.2816439278846154 0.640625 0.2875033028846154 0.6302083341346154 0.2894564278846154 0.623263889423077
4 0.29296875 0.5815972211538462 0.29296875 0.564236110576923 0.2861328125 0.5520833341346154 0.2705078125 0.5520833341346154 0.265625 0.560763889423077 0.263671875 0.5677083341346154 0.263671875 0.578125 0.2656236586538462 0.5890943461538461 0.2724609375 0.5972222211538462 0.2861328125 0.5972222211538462 0.287109375 0.595486110576923 0.291015625 0.5885416658653846 0.29296875 0.5815972211538462
4 0.314453125 0.609375 0.314453125 0.595486110576923 0.310546875 0.5815972211538462 0.3017578125 0.576388889423077 0.2958984375 0.579861110576923 0.2939453125 0.5833333341346154 0.2906601201923077 0.5834787451923077 0.287109375 0.595486110576923 0.287109375 0.609375 0.2890625 0.6163194447115384 0.2958984375 0.625 0.3076171875 0.625 0.30859375 0.623263889423077 0.3125 0.6163194447115384 0.314453125 0.609375
4 0.333984375 0.6510416658653846 0.333984375 0.6336805552884616 0.33203125 0.626736110576923 0.3271484375 0.6180555552884616 0.3212890625 0.6145833341346154 0.3193359375 0.6145833341346154 0.3134765625 0.6180555552884616 0.306640625 0.6302083341346154 0.306640625 0.6475694447115384 0.30859375 0.654513889423077 0.3134765625 0.6631944447115384 0.3207946418269231 0.6658431274038462 0.3203125 0.6649305552884616 0.3271484375 0.6631944447115384 0.333984375 0.6510416658653846
4 0.306640625 0.671875 0.30859375 0.6649305552884616 0.3077954375 0.6525246442307692 0.306640625 0.6475694447115384 0.3017578125 0.638888889423077 0.2978515625 0.6354166658653846 0.2900390625 0.6354166658653846 0.2841796875 0.638888889423077 0.27805482451923075 0.6553285288461539 0.28125 0.671875 0.2841796875 0.6770833341346154 0.2900390625 0.684027778846154 0.298828125 0.6822916658653846 0.30326539903846156 0.6784606490384615 0.306640625 0.671875
4 0.28125 0.657986110576923 0.279296875 0.6475694447115384 0.2783203125 0.6458333341346154 0.2744140625 0.642361110576923 0.2705078125 0.642361110576923 0.2685546875 0.638888889423077 0.2646484375 0.638888889423077 0.2607421875 0.642361110576923 0.25390625 0.654513889423077 0.25390625 0.668402778846154 0.255859375 0.675347221153846 0.2607421875 0.684027778846154 0.2666015625 0.6875 0.2705078125 0.6875 0.2763671875 0.684027778846154 0.28125 0.675347221153846 0.28125 0.657986110576923
4 0.25390625 0.668402778846154 0.251953125 0.654513889423077 0.2470703125 0.6458333341346154 0.2431640625 0.642361110576923 0.2333984375 0.642361110576923 0.2294921875 0.6458333341346154 0.2265625 0.6510416658653846 0.224609375 0.657986110576923 0.224609375 0.675347221153846 0.22645191105769233 0.6819655264423077 0.22999714903846155 0.6875732932692308 0.2333984375 0.690972221153846 0.2431640625 0.690972221153846 0.248046875 0.685763889423077 0.251953125 0.675347221153846 0.25390625 0.668402778846154
4 0.220703125 0.685763889423077 0.224609375 0.675347221153846 0.22265625 0.6614583341346154 0.22290667307692308 0.6588288533653847 0.2197265625 0.652777778846154 0.2158203125 0.6493055552884616 0.20990746875 0.6448139278846153 0.2060546875 0.6458333341346154 0.2021484375 0.6493055552884616 0.197265625 0.657986110576923 0.1953125 0.6649305552884616 0.1953125 0.675347221153846 0.19680532692307692 0.6856375096153846 0.2041015625 0.6944444447115384 0.2158203125 0.6944444447115384 0.216796875 0.6927083341346154 0.220703125 0.689236110576923 0.220703125 0.685763889423077
4 0.1953125 0.6649305552884616 0.1904296875 0.65625 0.1845703125 0.652777778846154 0.1748046875 0.652777778846154 0.1708984375 0.65625 0.16796875 0.6614583341346154 0.166015625 0.668402778846154 0.166015625 0.6788194447115384 0.1701041826923077 0.6877404302884614 0.1728515625 0.6944444447115384 0.1748046875 0.6944444447115384 0.1767578125 0.6979166658653846 0.1865234375 0.6979166658653846 0.1875 0.6961805552884616 0.1953125 0.6822916658653846 0.1953125 0.6649305552884616
4 0.1943359375 0.652777778846154 0.19921875 0.644097221153846 0.19921875 0.640625 0.201171875 0.637152778846154 0.201171875 0.6302083341346154 0.19921875 0.626736110576923 0.19921875 0.6197916658653846 0.197265625 0.6163194447115384 0.197265625 0.6128472211538462 0.1943359375 0.611111110576923 0.1923828125 0.607638889423077 0.1787109375 0.607638889423077 0.173828125 0.6163194447115384 0.173828125 0.6197916658653846 0.171875 0.623263889423077 0.171875 0.637152778846154 0.173828125 0.640625 0.173828125 0.644097221153846 0.1787109375 0.652777778846154 0.1865234375 0.652777778846154 0.1884765625 0.65625 0.189453125 0.654513889423077 0.1904296875 0.652777778846154 0.1943359375 0.652777778846154
4 0.228515625 0.640625 0.228515625 0.637152778846154 0.23046875 0.6336805552884616 0.23046875 0.623263889423077 0.228515625 0.6197916658653846 0.228515625 0.6128472211538462 0.2236328125 0.6041666658653846 0.2158203125 0.6041666658653846 0.2138671875 0.6006944447115384 0.2119140625 0.6041666658653846 0.2080078125 0.6041666658653846 0.201171875 0.6163194447115384 0.201171875 0.6336805552884616 0.2099609375 0.6493055552884616 0.2216796875 0.6493055552884616 0.22265625 0.6475694447115384 0.2255859375 0.6458333341346154 0.228515625 0.640625
4 0.19503644471153844 0.47293434134615386 0.1934607908653846 0.4869538052884615 0.1973999375 0.5020247259615385 0.20705086778846155 0.51043640625 0.21591396394230772 0.506931545673077 0.22083789182692307 0.49746840625 0.22083789182692307 0.48204698557692305 0.21867136298076922 0.46942946394230767 0.20961130528846153 0.46136828125 0.2004748125 0.4651584951923077 0.19503644471153844 0.47293434134615386
4 0.23541277163461538 0.43122642067307687 0.23639755288461536 0.44419442307692303 0.2430941201923077 0.4582139014423077 0.24998763221153847 0.46206924519230774 0.2606233461538462 0.4585643822115385 0.2653503293269231 0.44314296394230773 0.26298683653846155 0.4249176610576923 0.2521541610576923 0.4119496514423077 0.23889504567307693 0.4189228605769231 0.23541277163461538 0.43122642067307687
4 0.26830469471153845 0.4413905408653846 0.2712590576923077 0.4589148629807692 0.2789404086538462 0.46872850240384617 0.2907578677884616 0.46767704086538464 0.29666659615384616 0.45681194471153846 0.2976513798076923 0.44104004326923074 0.29450006971153847 0.4270205817307692 0.2852430456730769 0.4203613317307692 0.2758375817307692 0.42207529086538464 0.26830469471153845 0.4413905408653846
4 0.2903639567307692 0.48239748317307696 0.2913487403846154 0.5006227860576924 0.29843921634615383 0.5135907884615385 0.3128171298076923 0.5125393269230769 0.3193167331730769 0.49781888701923077 0.3183319326923077 0.47889260576923076 0.3080901466346154 0.46347120192307695 0.2947521586538462 0.46936173317307694 0.2903639567307692 0.48239748317307696
4 0.3203272548076923 0.47048092548076925 0.32406945673076926 0.4960664639423077 0.33667473317307695 0.5076325240384615 0.35065874038461536 0.49676742548076924 0.3534161418269231 0.47608872355769233 0.3425834639423077 0.4536575625 0.3290348293269231 0.45780282451923077 0.3203272548076923 0.47048092548076925
4 0.3520374302884616 0.4690789831730769 0.3557796322115384 0.4869538052884615 0.3648396899038462 0.49746840625 0.37705106009615386 0.49396354326923075 0.3833536995192308 0.47889260576923076 0.3813841346153846 0.45646146153846157 0.37114232932692304 0.4403390793269231 0.35681561538461537 0.4530741802884615 0.3520374302884616 0.4690789831730769
4 0.36621838221153846 0.4098467307692308 0.3664153461538462 0.43332934134615386 0.3764601875 0.4508536802884615 0.38985330048076927 0.4491012427884616 0.39773161298076926 0.4263196009615384 0.39280766586538457 0.4024865096153846 0.37425249038461533 0.3973812596153846 0.36621838221153846 0.4098467307692308
4 0.39674683173076924 0.41545451923076926 0.39733770432692306 0.43403031971153844 0.4093521105769231 0.44980222115384616 0.42530568028846155 0.4396381009615385 0.4276691730769231 0.4140525697115385 0.41801825961538464 0.3937243389423077 0.4008511153846154 0.4015844975961539 0.39674683173076924 0.41545451923076926
4 0.41585171153846157 0.4476993004807692 0.41466996634615383 0.47293434134615386 0.4288509182692308 0.4890567235576923 0.44204710576923073 0.48204698557692305 0.4451984158653846 0.46101778365384616 0.43988055769230766 0.44068956249999996 0.42538095673076926 0.4373120336538462 0.41585171153846157 0.4476993004807692
4 0.45056712740384613 0.44209150240384615 0.44662796153846157 0.45961584375 0.45096103605769233 0.4813460216346154 0.46238458653846154 0.4880052644230769 0.4736111730769231 0.4802945625 0.4787320649038461 0.45961584375 0.4716415889423077 0.43753518028846156 0.4587770096153846 0.43573581971153846 0.45056712740384613 0.44209150240384615
4 0.4619906586538462 0.4249176610576923 0.46868722596153845 0.4413905408653846 0.47932293750000005 0.44314296394230773 0.4897616875 0.4315769014423077 0.49232214423076925 0.41335159855769227 0.4864134134615385 0.39267287980769233 0.47223246394230767 0.3888175288461539 0.4623234927884615 0.40263530769230765 0.4619906586538462 0.4249176610576923
4 0.4994126201923077 0.4140525697115385 0.5037456947115385 0.43122642067307687 0.5100483341346154 0.4371846995192307 0.5218657932692308 0.4371846995192307 0.5297441057692308 0.42001084134615385 0.5297441057692308 0.39863115865384613 0.5157600985576922 0.38320973798076924 0.5019258870192307 0.3947542355769231 0.4994126201923077 0.4140525697115385
4 0.5289562692307692 0.4066923509615385 0.5311227956730769 0.42281474038461536 0.5391980721153846 0.43648372115384615 0.5504246586538462 0.43332934134615386 0.5594846995192307 0.42316522115384614 0.5606664447115385 0.4063418605769231 0.5551516418269231 0.3884670384615384 0.54372809375 0.3814573076923077 0.5323665360576924 0.3937034254807692 0.5289562692307692 0.4066923509615385
4 0.5224609375 0.513888889423077 0.525390625 0.5086805552884616 0.52734375 0.501736110576923 0.52734375 0.48784722115384616 0.525390625 0.48090277884615384 0.5224609375 0.4756944447115385 0.5166015625 0.46875 0.5107421875 0.46875 0.5068359375 0.47222222115384616 0.5015984447115385 0.4767523197115385 0.5 0.48090277884615384 0.498046875 0.48784722115384616 0.498046875 0.498263889423077 0.5 0.5086805552884616 0.5009765625 0.5104166658653846 0.5068359375 0.517361110576923 0.5107421875 0.5208333341346154 0.5146484375 0.5208333341346154 0.515625 0.5190972211538462 0.5185546875 0.517361110576923 0.5224609375 0.513888889423077