4 0.6021372067307692 0.3477820216346154 0.6003142908653847 0.36398572596153844 0.6034392908653846 0.3783375769230769 0.6112517908653846 0.38759683653846155 0.6237517908653847 0.3866709110576923 0.6320851249999999 0.3732449855769231 0.632866375 0.34824498557692307 0.6255747067307692 0.3375968365384615 0.6169809567307692 0.33157831971153845 0.6083872067307692 0.33852276201923076 0.6021372067307692 0.3477820216346154
4 0.6729093990384616 0.3441227019230769 0.6721281490384615 0.36032640624999995 0.6760343990384615 0.3746782596153846 0.6861906490384615 0.3834745552884616 0.6947843990384615 0.38069677644230765 0.6994718990384615 0.3723634447115384 0.7036385649038461 0.35847455528846156 0.7033781490384615 0.3408819615384615 0.6973885649038463 0.32977085096153846 0.6885343990384616 0.32560418509615385 0.6783781490384615 0.3316227019230769 0.6729093990384616 0.3441227019230769
4 0.3912700649038462 0.45069281250000004 0.39179089903846154 0.4682854038461538 0.3962179807692308 0.4793965144230769 0.41236381490384616 0.4821742932692308 0.4180929807692308 0.4696742932692307 0.4186138149038462 0.4548594783653846 0.4139263149038461 0.44097058894230773 0.40455131490384616 0.43680392307692306 0.39543673076923075 0.4395817019230769 0.3912700649038462 0.45069281250000004
4 0.4066346490384615 0.41053983653846154 0.4058533990384615 0.42442872596153847 0.4097596490384615 0.4346139110576923 0.41627006490384616 0.44155835576923075 0.42434298076923077 0.4410953918269231 0.43163464903846155 0.4313731706730769 0.43241589903846156 0.41841020673076923 0.43085339903846154 0.40359539182692306 0.4261658990384615 0.3947990961538462 0.4212179807692307 0.39202131730769235 0.41106173076923075 0.3957250216346154 0.4066346490384615 0.41053983653846154
4 0.43146849759615385 0.4060792524038461 0.43068724759615384 0.4199681394230769 0.43537474759615385 0.4329311033653846 0.44318724759615385 0.4384866586538462 0.44943724759615383 0.4366348076923077 0.45803099759615384 0.41394962259615387 0.4564684975961538 0.39959776923076923 0.45178099759615387 0.39172739903846154 0.4452705793269231 0.38848665865384613 0.4351143293269231 0.39311628846153845 0.43146849759615385 0.4060792524038461
4 0.3843330793269231 0.49362363701923073 0.38381224759615384 0.5084384519230769 0.38745807932692305 0.5186236370192308 0.39266641346153847 0.5251051177884615 0.39943724759615384 0.5278828942307693 0.4062080793269231 0.5255680793269231 0.40985391346153843 0.5176977091346153 0.41271849759615387 0.500568079326923 0.4101143293269231 0.4899199326923077 0.40490599759615387 0.4801977091346154 0.3973539134615385 0.47695696875 0.38928099759615387 0.48251252403846157 0.3843330793269231 0.49362363701923073
4 0.4181156778846154 0.44479902403846155 0.4152510961538462 0.4577619879807692 0.4173344278846154 0.47026198798076924 0.4215010961538462 0.47952124759615383 0.42618859615384613 0.48553976442307695 0.43556359615384616 0.4832249519230769 0.44181359615384613 0.47165087740384615 0.4441573461538461 0.45452124759615387 0.4399906778846154 0.4424842091346154 0.4345219278846154 0.43507680288461537 0.4293135961538462 0.43461383894230765 0.4225427620192308 0.4383175432692308 0.4181156778846154 0.44479902403846155
4 0.3818949855769231 0.5399197908653846 0.3808533173076923 0.5505679399038461 0.38267623557692304 0.5612160865384616 0.3868429014423077 0.5695494206730769 0.3936137355769231 0.5741790504807692 0.40715540144230766 0.5649197908653846 0.4092387355769231 0.5487160865384616 0.4068949855769231 0.5343642355769231 0.40168665144230775 0.5283457163461539 0.3936137355769231 0.523253125 0.38658248557692304 0.5297346057692308 0.3818949855769231 0.5399197908653846
4 0.3721162740384615 0.5968199927884615 0.37315793990384616 0.6056162884615385 0.38175168990384617 0.6218199927884616 0.3898246081730769 0.6236718437500001 0.3955537740384615 0.6171903629807692 0.3986787740384615 0.6042273990384616 0.39789752403846157 0.5870977692307693 0.39268918990384616 0.580153326923077 0.38800168990384615 0.5759866586538461 0.37888710817307697 0.5764496225961538 0.37237668990384615 0.5847829543269231 0.3721162740384615 0.5968199927884615
4 0.4509771298076923 0.35591020673076923 0.4486333798076923 0.3651694663461538 0.4486333798076923 0.37905835576923075 0.45123754567307695 0.38878057692307694 0.4559250456730769 0.39248428125 0.46243546153846155 0.3966509471153846 0.4689458798076923 0.3947990961538462 0.47415421153846155 0.3873916875 0.4767583798076923 0.37350279807692305 0.4767583798076923 0.3582250216346154 0.47233129567307697 0.3517435408653846 0.4671229615384615 0.3471139110576923 0.46165421153846153 0.3457250216346154 0.45566462980769235 0.34942872596153846 0.4509771298076923 0.35591020673076923
4 0.4148962548076923 0.49219043269230767 0.4117712548076923 0.4986719158653846 0.41203167067307694 0.5070052475961538 0.4130733389423077 0.5181163581730769 0.4208858389423077 0.5301533966346154 0.42765667067307694 0.5329311730769231 0.4349483389423077 0.530616358173077 0.43859417067307693 0.5195052475961538 0.4404170889423077 0.5083941370192308 0.4383337548076923 0.49357932211538463 0.43416708894230766 0.48524598798076923 0.4289587548076923 0.4810793221153846 0.4240108389423077 0.48015339663461537 0.41906292067307693 0.4838571009615385 0.4148962548076923 0.49219043269230767
4 0.44709357692307694 0.4377298485576923 0.4444894086538461 0.44884095913461536 0.4452706586538462 0.4645817019230769 0.44969774278846153 0.4747668870192308 0.45568732692307695 0.4793965144230769 0.4650623269230769 0.4793965144230769 0.46974982692307693 0.47245207211538465 0.4723539927884615 0.4594891081730769 0.4726144086538462 0.4465261442307692 0.4684477427884615 0.4372668870192308 0.46376024278846156 0.43356318269230765 0.45777065865384614 0.42847058894230766 0.4523019086538461 0.43217429326923074 0.44709357692307694 0.4377298485576923
4 0.5632032283653846 0.48432325721153846 0.5605990625 0.4935825168269231 0.5600782283653847 0.5046936274038462 0.5624219783653847 0.5139528870192308 0.5716390216346153 0.5270287307692307 0.5710157283653846 0.5250639975961539 0.5840365625 0.521360295673077 0.5874219783653847 0.5116380721153846 0.5879428125 0.49404548076923077 0.5858594783653847 0.48848992307692307 0.5822136466346154 0.48108251682692305 0.5746615625 0.47598992307692306 0.5684115625 0.4769158509615385 0.5632032283653846 0.48432325721153846
4 0.4705644375 0.4929472427884616 0.46900193749999997 0.5003546514423077 0.46926235336538463 0.5114657620192308 0.4716061033653846 0.5244287259615384 0.47707485336538463 0.52998428125 0.4820227716346154 0.5318361322115385 0.4872311033653846 0.5309102067307692 0.49296027163461537 0.526280576923077 0.4955644375 0.51748428125 0.49712693750000003 0.5072990961538462 0.49712693750000003 0.49526205769230774 0.49296027163461537 0.48785465144230766 0.4880123533653846 0.4832250216346154 0.4825436033653846 0.4818361322115384 0.4755123533653846 0.4841509471153846 0.4705644375 0.4929472427884616
4 0.44440701923076925 0.48450886298076923 0.43997993509615385 0.4919162716346154 0.4381570192307693 0.5011755288461539 0.4381570192307693 0.5104347884615384 0.43945910096153845 0.5178421971153846 0.44232368509615383 0.5243236778846154 0.44649035096153844 0.529879233173077 0.4527403509615385 0.532194048076923 0.45899035096153845 0.5294162716346154 0.46367785096153846 0.5224718269230769 0.46680285096153845 0.5104347884615384 0.46602160096153844 0.49747182692307695 0.46341743509615385 0.48867552884615384 0.45951118509615385 0.48450886298076923 0.45482368509615384 0.4798792331730769 0.45039660096153844 0.4798792331730769 0.44440701923076925 0.48450886298076923
4 0.47938524278846156 0.36331754326923077 0.4757394086538461 0.37257680288461537 0.4759998269230769 0.38600272836538463 0.4796456586538461 0.3938730985576923 0.4843331586538462 0.40128050721153846 0.49110399278846156 0.4054471730769231 0.4976144086538462 0.4045212475961538 0.5015206586538462 0.3971138389423077 0.5051664927884615 0.3846138389423077 0.5043852427884615 0.37118791346153845 0.5002185769230769 0.3600768028846154 0.49448940865384616 0.3554471730769231 0.49006232692307694 0.35498420913461537 0.4845935769230769 0.35591013701923074 0.47938524278846156 0.36331754326923077
4 0.4976144086538462 0.4159262043269231 0.4960519086538462 0.4261113894230769 0.4960519086538462 0.4325928725961538 0.49735399278846154 0.44185213221153846 0.5002185769230769 0.44925953846153843 0.5056873269230769 0.4529632427884615 0.5098539927884616 0.4534262043269231 0.5161039927884615 0.45388916826923076 0.5207914927884615 0.44694472355769227 0.522874826923077 0.43351879807692306 0.5233956586538462 0.4228706490384615 0.5210519086538462 0.4126854639423077 0.515062326923077 0.40527805769230774 0.5077706586538462 0.4038891682692308 0.5017810769230769 0.40898176201923075 0.4976144086538462 0.4159262043269231
4 0.47464160336538463 0.4420737716346154 0.47099577163461537 0.4480922884615385 0.47099577163461537 0.4550367331730769 0.47073535336538463 0.46614784375 0.47412077163461536 0.47309228846153845 0.4769853533653846 0.48096265865384613 0.4832353533653846 0.4846663629807692 0.48792285336538466 0.4846663629807692 0.49365202163461536 0.48142562259615385 0.49755827163461536 0.4707774735576923 0.4985999375 0.4615182139423077 0.4970374375 0.4476293269230769 0.4923499375 0.43929599278846154 0.4842770216346154 0.43512932692307693 0.4793291033653846 0.43512932692307693 0.47464160336538463 0.4420737716346154
4 0.41132206730769233 0.5394125841346153 0.4097595673076923 0.5477459182692308 0.4097595673076923 0.5570051778846155 0.41132206730769233 0.5644125841346154 0.4160095673076923 0.5713570288461539 0.41965540144230773 0.5759866586538461 0.42616581730769226 0.5773755480769232 0.4316345673076923 0.5750607331730769 0.43632206730769235 0.5482088822115384 0.43449915144230766 0.5380236971153847 0.4318949855769231 0.5343199927884615 0.4282491514423077 0.5315422139423077 0.4243429014423077 0.5296903629807692 0.4186137355769231 0.5292273990384616 0.4131449855769231 0.5329311033653846 0.41132206730769233 0.5394125841346153
4 0.4015433581730769 0.5840261442307693 0.40076210817307695 0.5923594783653846 0.40050168990384616 0.5997668870192308 0.40232460817307697 0.60810021875 0.4054496081730769 0.6155076274038461 0.40857460817307695 0.619211329326923 0.4148246081730769 0.6215261442307691 0.4205537740384615 0.6187483677884615 0.42472043990384617 0.6094891081730769 0.42576210817307697 0.5969891081730769 0.42419960817307695 0.584489108173077 0.42133502403846157 0.577081701923077 0.4171683581730769 0.574303923076923 0.41248085817307695 0.5729150336538461 0.40805377403846155 0.5738409591346154 0.4038871081730769 0.5784705889423077 0.4015433581730769 0.5840261442307693
4 0.4364164134615385 0.5391185961538462 0.43537474759615385 0.5497667451923077 0.4364164134615385 0.558100076923077 0.43928099759615385 0.5655074855769231 0.44318724759615385 0.5719889663461538 0.45099974759615385 0.575692670673077 0.45620807932692303 0.5715260048076923 0.4603747475961538 0.566896375 0.46349974759615387 0.5539334110576923 0.45959349759615387 0.5303223004807692 0.4546455793269231 0.5266185961538462 0.45021849759615384 0.5238408197115384 0.4442289134615385 0.5238408197115384 0.4403226634615385 0.5303223004807692 0.4364164134615385 0.5391185961538462
4 0.7142704110576923 0.3408375769230769 0.7111454110576924 0.349633875 0.7101037451923078 0.362133875 0.7119266610576923 0.37231906009615384 0.714530829326923 0.37694868990384617 0.7202599951923077 0.3829672067307692 0.7265099951923077 0.38759683653846155 0.7322391610576923 0.38481906009615385 0.737968329326923 0.3783375769230769 0.7421349951923077 0.3681523918269231 0.7439579110576923 0.3561153557692308 0.741874579326923 0.34361535576923075 0.7384891610576924 0.3375968365384615 0.7351037451923077 0.3311153557692308 0.7293745793269231 0.3278746153846154 0.7239058293269232 0.3278746153846154 0.7181766610576923 0.3343560961538462 0.7142704110576923 0.3408375769230769
4 0.5273019086538462 0.3981645673076923 0.5246977427884615 0.41205345673076926 0.5249581586538462 0.42038679086538466 0.5280831586538461 0.4268682716346154 0.5369373269230769 0.4402941971153846 0.5426664927884615 0.43983123317307693 0.547874826923077 0.4352016057692308 0.5530831586538462 0.42640530769230767 0.5554269086538461 0.41159049278846155 0.5528227427884616 0.4014053076923077 0.5486560769230769 0.3907571610576923 0.5429269086538462 0.38705345673076924 0.538499826923077 0.38705345673076924 0.5325102427884615 0.3889053076923077 0.5273019086538462 0.3981645673076923
4 0.5575876298076923 0.3901743389423077 0.5562855456730769 0.40221137740384616 0.5573272139423077 0.41147063701923076 0.5583688798076923 0.4165632283653846 0.5617542956730769 0.4230447091346154 0.5661813798076923 0.42674841346153847 0.5719105456730769 0.42860026682692304 0.5792022139423076 0.4253595240384615 0.5833688798076924 0.4161002668269231 0.585973045673077 0.40221137740384616 0.5833688798076924 0.3873965625 0.5786813798076923 0.38091508173076927 0.5737334639423077 0.37721137740384614 0.5687855456730769 0.37628545192307694 0.5651397139423077 0.37767433894230773 0.5609730456730769 0.38415582211538457 0.5575876298076923 0.3901743389423077
4 0.4627675264423077 0.5438091706730769 0.4627675264423077 0.55492028125 0.4635487764423077 0.5632536153846154 0.4658925264423077 0.5706610240384615 0.4708404423076923 0.5789943557692308 0.4776112764423077 0.57992028125 0.4893300264423077 0.5600128750000001 0.4901112764423077 0.5461239855769231 0.4872466923076923 0.5373276899038462 0.4841216923076923 0.5331610240384616 0.4802154423076923 0.5303832451923077 0.47683002644230765 0.5280684302884615 0.4708404423076923 0.52992028125 0.46615294230769233 0.5345499110576923 0.4627675264423077 0.5438091706730769
4 0.5121664879807692 0.5145094927884615 0.5121664879807692 0.5265465288461538 0.5134685697115384 0.5358057884615385 0.5173748197115384 0.5446020865384615 0.5228435697115384 0.5487687524038461 0.5301352379807692 0.5496946778846155 0.5379477379807692 0.5339539375 0.5400310697115385 0.5223798629807692 0.5376873197115384 0.5098798629807693 0.5335206538461539 0.50386134375 0.5288331538461539 0.5001576418269231 0.5218019038461539 0.5006206033653846 0.5165935697115385 0.50386134375 0.5121664879807692 0.5145094927884615
4 0.5931740024038462 0.3864427427884615 0.5890073365384615 0.39523903846153846 0.5900490024038462 0.4040353341346154 0.5910906682692307 0.4123686682692308 0.5947365024038461 0.41931311298076923 0.5989031682692307 0.42533162980769235 0.6048927524038462 0.4276464447115385 0.6108823365384615 0.42394274278846156 0.6171323365384616 0.4160723725961538 0.6179135865384615 0.40449829807692306 0.6166115024038461 0.3906094086538462 0.6134865024038462 0.38181311298076925 0.6085385865384615 0.37579459375 0.6025490024038461 0.3762575576923077 0.5973406682692308 0.3790353341346154 0.5931740024038462 0.3864427427884615
4 0.4904434206730769 0.5270619447115384 0.4886205024038462 0.5390989831730769 0.4888809206730769 0.5511360192307693 0.4920059206730769 0.5599323149038461 0.49877675240384617 0.5668767596153846 0.5060684206730769 0.5668767596153846 0.5164850865384616 0.5497471298076924 0.5164850865384616 0.5386360192307692 0.5151830024038462 0.5275249086538462 0.5099746706730769 0.5201175024038461 0.5047663365384616 0.516413798076923 0.5003392524038461 0.5168767596153846 0.49487050240384617 0.5205804639423077 0.4904434206730769 0.5270619447115384
4 0.5788140096153847 0.4332134759615384 0.5743869278846154 0.44062088221153844 0.5725640096153847 0.4471023653846154 0.57308484375 0.45821347596153844 0.5756890096153846 0.46654681009615384 0.5842827596153847 0.48043569711538464 0.5923556778846154 0.48043569711538464 0.59652234375 0.47349125480769233 0.6001681778846154 0.46654681009615384 0.6019910937499999 0.4554356971153846 0.6014702596153846 0.4433986610576923 0.59886609375 0.43645421634615383 0.5952202596153846 0.431361625 0.5915744278846155 0.4267319951923077 0.5876681778846155 0.42765792067307695 0.5827202596153847 0.42950977163461534 0.5788140096153847 0.4332134759615384
4 0.4965166826923077 0.47706528125000003 0.4957354326923077 0.48493565144230766 0.4972979326923077 0.49373194711538465 0.4993812668269231 0.5011393557692307 0.5040687668269231 0.5062319471153847 0.5097979326923077 0.5085467620192308 0.5155271009615384 0.5057689855769231 0.5199541826923076 0.4992875024038461 0.5225583509615385 0.4881763918269231 0.5189125168269231 0.46595417067307693 0.5129229326923077 0.4603986153846154 0.5084958509615385 0.45808380048076924 0.4999021009615384 0.46271343028846157 0.49781876682692305 0.4691949110576923 0.4965166826923077 0.47706528125000003
4 0.6077081466346154 0.4302107235576923 0.6056248149038461 0.43761812980769227 0.6045831466346153 0.4478033149038462 0.6051039807692308 0.4552107235576923 0.6082289807692308 0.4644699831730769 0.6113539807692308 0.47187738942307694 0.616562314903846 0.47465516826923076 0.6230727307692308 0.47465516826923076 0.6274998149038461 0.46863664903846153 0.6256768966346153 0.4251181298076923 0.6215102307692307 0.42141442788461536 0.616562314903846 0.42280331490384615 0.6121352307692308 0.42558109375 0.6077081466346154 0.4302107235576923
4 0.5443268918269231 0.4551697451923077 0.5453685600961539 0.46581789423076925 0.5495352259615385 0.4727623389423077 0.5547435600961539 0.47924381971153845 0.5620352259615384 0.47970678125 0.5669831418269231 0.47507715384615384 0.5729727259615385 0.4621141899038462 0.5729727259615385 0.4500771538461539 0.570108141826923 0.4394290048076923 0.5635977259615385 0.4324845600961539 0.5586498100961539 0.42924381971153847 0.554483141826923 0.4320215961538461 0.550576891826923 0.4338734495192308 0.5445873100961538 0.44405863461538464 0.5443268918269231 0.4551697451923077
4 0.5764155721153846 0.3371782596153846 0.5727697379807692 0.3427338149038462 0.5699051538461538 0.35153011057692307 0.5696447379807692 0.35986344471153847 0.5701655721153845 0.36727085096153844 0.5758947379807693 0.3811597403846154 0.5811030721153846 0.3867152956730769 0.5883947379807692 0.3867152956730769 0.5956864038461538 0.38254862980769233 0.5993322379807693 0.3723634447115384 0.6006343221153846 0.36217825961538463 0.6006343221153846 0.3510671466346154 0.5975093221153845 0.3408819615384615 0.5938634879807693 0.3371782596153846 0.5902176538461539 0.33347455528846154 0.5857905721153845 0.3339375168269231 0.5818843221153845 0.3339375168269231 0.5764155721153846 0.3371782596153846
4 0.6982421875 0.46527777884615384 0.7001953125 0.46527777884615384 0.705078125 0.45659722115384616 0.705078125 0.43229166586538464 0.6982421875 0.420138889423077 0.6962890625 0.420138889423077 0.6943359375 0.41666666586538464 0.6884765625 0.41666666586538464 0.6865234375 0.420138889423077 0.6826171875 0.420138889423077 0.67578125 0.43229166586538464 0.67578125 0.435763889423077 0.673828125 0.439236110576923 0.673828125 0.44965277884615384 0.67578125 0.453125 0.67578125 0.4600694447115385 0.6787109375 0.4618055552884615 0.6826171875 0.46875 0.6845703125 0.46875 0.6865234375 0.47222222115384616 0.6923828125 0.47222222115384616 0.693359375 0.470486110576923 0.6962890625 0.46875 0.6982421875 0.46527777884615384
4 0.6591796875 0.47222222115384616 0.666015625 0.4600694447115385 0.666015625 0.435763889423077 0.6611328125 0.42708333413461536 0.6591796875 0.42708333413461536 0.6552734375 0.420138889423077 0.6474609375 0.420138889423077 0.6455078125 0.423611110576923 0.6435546875 0.423611110576923 0.6396484375 0.4305555552884615 0.63671875 0.43229166586538464 0.63671875 0.4600694447115385 0.6416015625 0.46875 0.6435546875 0.46875 0.6455078125 0.47222222115384616 0.6494140625 0.47222222115384616 0.6513671875 0.4756944447115385 0.65234375 0.47395833413461536 0.6533203125 0.47222222115384616 0.6591796875 0.47222222115384616
4 0.619140625 0.5052083341346154 0.619140625 0.48090277884615384 0.6162109375 0.4756944447115385 0.6142578125 0.4756944447115385 0.6103515625 0.46875 0.5986328125 0.46875 0.58984375 0.484375 0.58984375 0.501736110576923 0.5986328125 0.517361110576923 0.6025390625 0.517361110576923 0.6044921875 0.5208333341346154 0.60546875 0.5190972211538462 0.6142578125 0.513888889423077 0.619140625 0.5052083341346154
4 0.650390625 0.5052083341346154 0.650390625 0.501736110576923 0.65234375 0.498263889423077 0.65234375 0.48784722115384616 0.650390625 0.484375 0.650390625 0.48090277884615384 0.6455078125 0.47222222115384616 0.6435546875 0.47222222115384616 0.6416015625 0.46875 0.6298828125 0.46875 0.6279296875 0.47222222115384616 0.6259765625 0.47222222115384616 0.62109375 0.48090277884615384 0.62109375 0.5052083341346154 0.6279296875 0.517361110576923 0.6298828125 0.517361110576923 0.6318359375 0.5208333341346154 0.6396484375 0.5208333341346154 0.640625 0.5190972211538462 0.6435546875 0.517361110576923 0.650390625 0.5052083341346154
4 0.6806640625 0.513888889423077 0.6875 0.501736110576923 0.6875 0.498263889423077 0.689453125 0.49479166586538464 0.689453125 0.48090277884615384 0.6826171875 0.46875 0.6806640625 0.46875 0.6748046875 0.4618055552884615 0.6708984375 0.4618055552884615 0.6689453125 0.46527777884615384 0.6630859375 0.46875 0.66015625 0.47395833413461536 0.66015625 0.4774305552884615 0.658203125 0.48090277884615384 0.658203125 0.49479166586538464 0.66015625 0.498263889423077 0.66015625 0.501736110576923 0.6669921875 0.513888889423077 0.6689453125 0.513888889423077 0.6708984375 0.517361110576923 0.6748046875 0.517361110576923 0.67578125 0.515625 0.6767578125 0.513888889423077 0.6806640625 0.513888889423077
4 0.68359375 0.41145833413461536 0.685546875 0.407986110576923 0.685546875 0.40104166586538464 0.68359375 0.3975694447115385 0.68359375 0.38715277884615384 0.6806640625 0.3819444447115385 0.6787109375 0.3819444447115385 0.671875 0.36979166586538464 0.671875 0.3663194447115385 0.66796875 0.359375 0.66796875 0.35590277884615384 0.666015625 0.3524305552884615 0.666015625 0.342013889423077 0.6630859375 0.3368055552884615 0.6611328125 0.3368055552884615 0.6591796875 0.34027777884615384 0.65625 0.342013889423077 0.65625 0.35590277884615384 0.654296875 0.359375 0.654296875 0.38020833413461536 0.65234375 0.3836805552884615 0.65234375 0.4149305552884615 0.6572265625 0.423611110576923 0.6591796875 0.423611110576923 0.6630859375 0.4305555552884615 0.6748046875 0.4305555552884615 0.67578125 0.4288194447115385 0.68359375 0.4149305552884615 0.68359375 0.41145833413461536
4 0.6416015625 0.42708333413461536 0.6455078125 0.420138889423077 0.6474609375 0.420138889423077 0.650390625 0.4149305552884615 0.650390625 0.40104166586538464 0.65234375 0.3975694447115385 0.65234375 0.38020833413461536 0.654296875 0.376736110576923 0.654296875 0.35590277884615384 0.65625 0.3524305552884615 0.65625 0.345486110576923 0.6513671875 0.3368055552884615 0.6474609375 0.3368055552884615 0.646484375 0.342013889423077 0.634765625 0.36284722115384616 0.634765625 0.3663194447115385 0.6279296875 0.37847222115384616 0.6259765625 0.37847222115384616 0.62109375 0.38715277884615384 0.62109375 0.390625 0.619140625 0.39409722115384616 0.619140625 0.41145833413461536 0.62109375 0.4149305552884615 0.62109375 0.41840277884615384 0.6240234375 0.420138889423077 0.6279296875 0.42708333413461536 0.6318359375 0.42708333413461536 0.6337890625 0.4305555552884615 0.63671875 0.4288194447115385 0.6376953125 0.42708333413461536 0.6416015625 0.42708333413461536
4 0.7177734375 0.420138889423077 0.720703125 0.4149305552884615 0.720703125 0.41145833413461536 0.72265625 0.407986110576923 0.72265625 0.40104166586538464 0.724609375 0.3975694447115385 0.72265625 0.39409722115384616 0.72265625 0.38715277884615384 0.720703125 0.3836805552884615 0.7197265625 0.37847222115384616 0.7177734375 0.37847222115384616 0.7138671875 0.37152777884615384 0.7099609375 0.37152777884615384 0.7080078125 0.3680555552884615 0.7021484375 0.3680555552884615 0.693359375 0.3836805552884615 0.693359375 0.38715277884615384 0.69140625 0.390625 0.69140625 0.407986110576923 0.6982421875 0.420138889423077 0.7001953125 0.420138889423077 0.7060546875 0.42708333413461536 0.7099609375 0.42708333413461536 0.7109375 0.42534722115384616 0.7138671875 0.420138889423077 0.7177734375 0.420138889423077
4 0.7705078125 0.375 0.7724609375 0.375 0.77734375 0.3663194447115385 0.77734375 0.345486110576923 0.775390625 0.342013889423077 0.775390625 0.33854166586538464 0.7705078125 0.329861110576923 0.7666015625 0.329861110576923 0.7607421875 0.32291666586538464 0.7568359375 0.32291666586538464 0.7548828125 0.3194444447115385 0.7509765625 0.3194444447115385 0.7490234375 0.31597222115384616 0.7451171875 0.31597222115384616 0.7431640625 0.3125 0.7275390625 0.3125 0.7265625 0.314236110576923 0.7265625 0.31770833413461536 0.7314453125 0.326388889423077 0.7373046875 0.329861110576923 0.73828125 0.3350694447115385 0.744140625 0.345486110576923 0.744140625 0.36284722115384616 0.74609375 0.3663194447115385 0.74609375 0.36979166586538464 0.7509765625 0.37847222115384616 0.7529296875 0.37847222115384616 0.7548828125 0.3819444447115385 0.7646484375 0.3819444447115385 0.765625 0.38020833413461536 0.7685546875 0.37847222115384616 0.7705078125 0.375
4 0.7529296875 0.423611110576923 0.7548828125 0.423611110576923 0.759765625 0.4149305552884615 0.759765625 0.390625 0.7548828125 0.3819444447115385 0.7529296875 0.3819444447115385 0.7470703125 0.375 0.7392578125 0.375 0.7373046875 0.37847222115384616 0.7353515625 0.37847222115384616 0.728515625 0.390625 0.728515625 0.39409722115384616 0.7265625 0.3975694447115385 0.7265625 0.404513889423077 0.728515625 0.407986110576923 0.728515625 0.4149305552884615 0.7353515625 0.42708333413461536 0.7373046875 0.42708333413461536 0.7392578125 0.4305555552884615 0.7470703125 0.4305555552884615 0.748046875 0.4288194447115385 0.7509765625 0.42708333413461536 0.7529296875 0.423611110576923
4 0.7841796875 0.4305555552884615 0.79296875 0.4149305552884615 0.79296875 0.39409722115384616 0.791015625 0.390625 0.791015625 0.38715277884615384 0.7880859375 0.3819444447115385 0.7861328125 0.3819444447115385 0.7841796875 0.37847222115384616 0.7822265625 0.37847222115384616 0.7802734375 0.375 0.7744140625 0.37152777884615384 0.7705078125 0.37847222115384616 0.7685546875 0.37847222115384616 0.76171875 0.390625 0.76171875 0.41840277884615384 0.7666015625 0.42708333413461536 0.7685546875 0.42708333413461536 0.7705078125 0.4305555552884615 0.7744140625 0.4305555552884615 0.7763671875 0.43402777884615384 0.77734375 0.43229166586538464 0.7783203125 0.4305555552884615 0.7841796875 0.4305555552884615
4 0.71875 0.5052083341346154 0.71875 0.501736110576923 0.720703125 0.498263889423077 0.720703125 0.48090277884615384 0.7119140625 0.46527777884615384 0.7001953125 0.46527777884615384 0.6982421875 0.46875 0.6962890625 0.46875 0.69140625 0.4774305552884615 0.69140625 0.48090277884615384 0.689453125 0.484375 0.689453125 0.498263889423077 0.69140625 0.501736110576923 0.69140625 0.5052083341346154 0.6943359375 0.5104166658653846 0.6962890625 0.5104166658653846 0.7021484375 0.517361110576923 0.7099609375 0.517361110576923 0.7109375 0.515625 0.7138671875 0.513888889423077 0.71875 0.5052083341346154
4 0.7314453125 0.46875 0.736328125 0.4600694447115385 0.736328125 0.45659722115384616 0.73828125 0.453125 0.73828125 0.435763889423077 0.736328125 0.43229166586538464 0.736328125 0.4288194447115385 0.7333984375 0.42708333413461536 0.7294921875 0.420138889423077 0.7255859375 0.420138889423077 0.7236328125 0.41666666586538464 0.7197265625 0.41666666586538464 0.7177734375 0.420138889423077 0.7158203125 0.420138889423077 0.7119140625 0.42708333413461536 0.708984375 0.4288194447115385 0.708984375 0.43229166586538464 0.70703125 0.435763889423077 0.70703125 0.453125 0.708984375 0.45659722115384616 0.708984375 0.4600694447115385 0.7119140625 0.46527777884615384 0.7138671875 0.46527777884615384 0.7177734375 0.47222222115384616 0.7255859375 0.47222222115384616 0.7265625 0.470486110576923 0.7275390625 0.46875 0.7314453125 0.46875
4 0.7734375 0.46354166586538464 0.7734375 0.4600694447115385 0.775390625 0.45659722115384616 0.775390625 0.4461805552884615 0.7734375 0.44270833413461536 0.7734375 0.435763889423077 0.7705078125 0.4305555552884615 0.7685546875 0.4305555552884615 0.7626953125 0.423611110576923 0.7548828125 0.423611110576923 0.7529296875 0.42708333413461536 0.7470703125 0.4305555552884615 0.7421875 0.439236110576923 0.7421875 0.4600694447115385 0.7509765625 0.4756944447115385 0.7568359375 0.4756944447115385 0.7587890625 0.47916666586538464 0.759765625 0.4774305552884615 0.7685546875 0.47222222115384616 0.7734375 0.46354166586538464
4 0.8017578125 0.4756944447115385 0.80859375 0.46354166586538464 0.80859375 0.45659722115384616 0.810546875 0.453125 0.810546875 0.44965277884615384 0.80859375 0.4461805552884615 0.80859375 0.439236110576923 0.8017578125 0.42708333413461536 0.7998046875 0.42708333413461536 0.7978515625 0.423611110576923 0.7900390625 0.423611110576923 0.7880859375 0.42708333413461536 0.7822265625 0.4305555552884615 0.779296875 0.435763889423077 0.779296875 0.439236110576923 0.77734375 0.44270833413461536 0.77734375 0.46354166586538464 0.779296875 0.467013889423077 0.7802734375 0.47222222115384616 0.7822265625 0.47222222115384616 0.7880859375 0.47916666586538464 0.7958984375 0.47916666586538464 0.796875 0.4774305552884615 0.7978515625 0.4756944447115385 0.8017578125 0.4756944447115385
4 0.55859375 0.484375 0.5556640625 0.482638889423077 0.5537109375 0.47916666586538464 0.5498046875 0.47916666586538464 0.5458984375 0.47222222115384616 0.5400390625 0.4756944447115385 0.53515625 0.484375 0.53515625 0.501736110576923 0.537109375 0.5052083341346154 0.537109375 0.5086805552884616 0.5419921875 0.517361110576923 0.5537109375 0.517361110576923 0.5546875 0.515625 0.55859375 0.5121527788461538 0.55859375 0.484375
4 0.54296875 0.439236110576923 0.5283203125 0.4305555552884615 0.521484375 0.44270833413461536 0.521484375 0.4461805552884615 0.51953125 0.44965277884615384 0.51953125 0.453125 0.521484375 0.45659722115384616 0.521484375 0.46354166586538464 0.5283203125 0.4756944447115385 0.5400390625 0.4756944447115385 0.541015625 0.47395833413461536 0.54296875 0.470486110576923 0.54296875 0.439236110576923
4 0.451171875 0.609375 0.455078125 0.5989583341346154 0.455078125 0.592013889423077 0.453125 0.5885416658653846 0.451171875 0.578125 0.4482421875 0.576388889423077 0.4462890625 0.5729166658653846 0.4345703125 0.5729166658653846 0.427734375 0.5850694447115384 0.427734375 0.6059027788461538 0.4345703125 0.6180555552884616 0.4462890625 0.6180555552884616 0.447265625 0.6163194447115384 0.451171875 0.6128472211538462 0.451171875 0.609375
4 0.48046875 0.6128472211538462 0.48046875 0.5850694447115384 0.4775390625 0.579861110576923 0.4755859375 0.579861110576923 0.4697265625 0.5729166658653846 0.4658203125 0.5729166658653846 0.4638671875 0.576388889423077 0.4619140625 0.576388889423077 0.45703125 0.5850694447115384 0.45703125 0.5885416658653846 0.455078125 0.592013889423077 0.455078125 0.6024305552884616 0.45703125 0.6059027788461538 0.45703125 0.609375 0.4619140625 0.6180555552884616 0.4638671875 0.6180555552884616 0.4658203125 0.621527778846154 0.4736328125 0.621527778846154 0.474609375 0.6197916658653846 0.4775390625 0.6180555552884616 0.48046875 0.6128472211538462
4 0.5009765625 0.6180555552884616 0.505859375 0.609375 0.505859375 0.6059027788461538 0.5078125 0.6024305552884616 0.5078125 0.595486110576923 0.505859375 0.592013889423077 0.505859375 0.5850694447115384 0.50390625 0.5815972211538462 0.5029296875 0.576388889423077 0.5009765625 0.576388889423077 0.4970703125 0.5694444447115384 0.4892578125 0.5694444447115384 0.48046875 0.5850694447115384 0.48046875 0.6059027788461538 0.4873046875 0.6180555552884616 0.4912109375 0.6180555552884616 0.4931640625 0.621527778846154 0.49609375 0.6197916658653846 0.4970703125 0.6180555552884616 0.5009765625 0.6180555552884616
4 0.529296875 0.595486110576923 0.533203125 0.5850694447115384 0.533203125 0.578125 0.53125 0.5746527788461538 0.53125 0.5677083341346154 0.5263671875 0.5590277788461538 0.5244140625 0.5590277788461538 0.5224609375 0.5555555552884616 0.5166015625 0.5555555552884616 0.5146484375 0.5590277788461538 0.5126953125 0.5590277788461538 0.505859375 0.5711805552884616 0.505859375 0.5885416658653846 0.5078125 0.592013889423077 0.5078125 0.595486110576923 0.5126953125 0.6041666658653846 0.5244140625 0.6041666658653846 0.525390625 0.6024305552884616 0.529296875 0.5989583341346154 0.529296875 0.595486110576923
4 0.556640625 0.5746527788461538 0.556640625 0.5677083341346154 0.55859375 0.564236110576923 0.55859375 0.560763889423077 0.556640625 0.5572916658653846 0.556640625 0.5503472211538462 0.5517578125 0.5416666658653846 0.5498046875 0.5416666658653846 0.5478515625 0.5381944447115384 0.5380859375 0.5381944447115384 0.5341796875 0.545138889423077 0.53125 0.546875 0.53125 0.5711805552884616 0.533203125 0.5746527788461538 0.533203125 0.578125 0.5361328125 0.5833333341346154 0.5380859375 0.5833333341346154 0.5400390625 0.5868055552884616 0.5478515625 0.5868055552884616 0.548828125 0.5850694447115384 0.5517578125 0.5833333341346154 0.556640625 0.5746527788461538
4 0.576171875 0.546875 0.578125 0.5434027788461538 0.578125 0.529513889423077 0.5771484375 0.5277777788461538 0.5712890625 0.5277777788461538 0.5693359375 0.5243055552884616 0.5634765625 0.5208333341346154 0.5595703125 0.513888889423077 0.5576171875 0.513888889423077 0.5546875 0.5190972211538462 0.5546875 0.5225694447115384 0.552734375 0.5260416658653846 0.552734375 0.5364583341346154 0.5546875 0.5399305552884616 0.5546875 0.5434027788461538 0.5615234375 0.5555555552884616 0.5712890625 0.5555555552884616 0.572265625 0.5538194447115384 0.5751953125 0.5520833341346154 0.576171875 0.546875
4 0.5986328125 0.5625 0.6005859375 0.5590277788461538 0.6025390625 0.5590277788461538 0.603515625 0.5538194447115384 0.60546875 0.5503472211538462 0.60546875 0.5260416658653846 0.6005859375 0.517361110576923 0.5986328125 0.517361110576923 0.5966796875 0.513888889423077 0.5869140625 0.513888889423077 0.578125 0.529513889423077 0.578125 0.5503472211538462 0.5849609375 0.5625 0.5888671875 0.5625 0.5908203125 0.5659722211538462 0.591796875 0.564236110576923 0.5927734375 0.5625 0.5986328125 0.5625
4 0.634765625 0.546875 0.63671875 0.5434027788461538 0.63671875 0.529513889423077 0.6298828125 0.517361110576923 0.6279296875 0.517361110576923 0.6220703125 0.5104166658653846 0.6201171875 0.5104166658653846 0.6181640625 0.513888889423077 0.6142578125 0.513888889423077 0.609375 0.5225694447115384 0.609375 0.5260416658653846 0.607421875 0.529513889423077 0.607421875 0.546875 0.609375 0.5503472211538462 0.609375 0.5538194447115384 0.6123046875 0.5590277788461538 0.6142578125 0.5590277788461538 0.6162109375 0.5625 0.6279296875 0.5625 0.62890625 0.560763889423077 0.634765625 0.5503472211538462 0.634765625 0.546875
4 0.6630859375 0.5590277788461538 0.6650390625 0.5555555552884616 0.6669921875 0.5555555552884616 0.669921875 0.5503472211538462 0.669921875 0.546875 0.671875 0.5434027788461538 0.671875 0.5225694447115384 0.6650390625 0.5104166658653846 0.6630859375 0.5104166658653846 0.6611328125 0.5069444447115384 0.6533203125 0.5069444447115384 0.6513671875 0.5104166658653846 0.6494140625 0.5104166658653846 0.642578125 0.5225694447115384 0.642578125 0.5434027788461538 0.64453125 0.546875 0.64453125 0.5503472211538462 0.6474609375 0.5520833341346154 0.6513671875 0.5590277788461538 0.6552734375 0.5590277788461538 0.6572265625 0.5625 0.658203125 0.560763889423077 0.6591796875 0.5590277788461538 0.6630859375 0.5590277788461538
4 0.6962890625 0.5590277788461538 0.703125 0.546875 0.703125 0.5225694447115384 0.6982421875 0.513888889423077 0.6962890625 0.513888889423077 0.6943359375 0.5104166658653846 0.6826171875 0.5104166658653846 0.6787109375 0.517361110576923 0.6767578125 0.517361110576923 0.67578125 0.5225694447115384 0.673828125 0.5260416658653846 0.673828125 0.5434027788461538 0.67578125 0.546875 0.67578125 0.5503472211538462 0.6806640625 0.5590277788461538 0.6845703125 0.5590277788461538 0.6865234375 0.5625 0.6904296875 0.5625 0.69140625 0.560763889423077 0.6923828125 0.5590277788461538 0.6962890625 0.5590277788461538
4 0.7294921875 0.5590277788461538 0.734375 0.5503472211538462 0.734375 0.5434027788461538 0.736328125 0.5399305552884616 0.736328125 0.5364583341346154 0.734375 0.532986110576923 0.734375 0.5260416658653846 0.7275390625 0.513888889423077 0.7255859375 0.513888889423077 0.7236328125 0.5104166658653846 0.7158203125 0.5104166658653846 0.7138671875 0.513888889423077 0.7119140625 0.513888889423077 0.705078125 0.5260416658653846 0.705078125 0.546875 0.7119140625 0.5590277788461538 0.7138671875 0.5590277788461538 0.7158203125 0.5625 0.7236328125 0.5625 0.724609375 0.560763889423077 0.7255859375 0.5590277788461538 0.7294921875 0.5590277788461538
4 0.7470703125 0.513888889423077 0.7490234375 0.513888889423077 0.751953125 0.5086805552884616 0.751953125 0.5052083341346154 0.75390625 0.501736110576923 0.75390625 0.48784722115384616 0.751953125 0.484375 0.751953125 0.48090277884615384 0.7451171875 0.46875 0.7412109375 0.46875 0.7392578125 0.46527777884615384 0.7353515625 0.46527777884615384 0.7333984375 0.46875 0.7294921875 0.46875 0.72265625 0.48090277884615384 0.72265625 0.5052083341346154 0.7294921875 0.517361110576923 0.7314453125 0.517361110576923 0.7333984375 0.5208333341346154 0.7412109375 0.5208333341346154 0.7421875 0.5190972211538462 0.7451171875 0.517361110576923 0.7470703125 0.513888889423077
4 0.787109375 0.5086805552884616 0.787109375 0.5052083341346154 0.7890625 0.501736110576923 0.7890625 0.4913194447115385 0.787109375 0.48784722115384616 0.787109375 0.484375 0.7802734375 0.47222222115384616 0.7744140625 0.47222222115384616 0.7724609375 0.46875 0.7705078125 0.47222222115384616 0.7666015625 0.47222222115384616 0.7646484375 0.4756944447115385 0.7626953125 0.4756944447115385 0.7578125 0.484375 0.7578125 0.48784722115384616 0.755859375 0.4913194447115385 0.755859375 0.5052083341346154 0.7578125 0.5086805552884616 0.7578125 0.5121527788461538 0.7607421875 0.517361110576923 0.7626953125 0.517361110576923 0.7666015625 0.5243055552884616 0.7763671875 0.5243055552884616 0.77734375 0.5225694447115384 0.7802734375 0.5208333341346154 0.787109375 0.5086805552884616
4 0.8203125 0.501736110576923 0.822265625 0.498263889423077 0.8203125 0.49479166586538464 0.8203125 0.48784722115384616 0.818359375 0.484375 0.818359375 0.48090277884615384 0.8154296875 0.4756944447115385 0.8115234375 0.4756944447115385 0.8095703125 0.47222222115384616 0.8037109375 0.47222222115384616 0.8017578125 0.4756944447115385 0.7978515625 0.4756944447115385 0.7939453125 0.482638889423077 0.791015625 0.484375 0.791015625 0.4913194447115385 0.7890625 0.49479166586538464 0.7890625 0.5086805552884616 0.791015625 0.5121527788461538 0.791015625 0.515625 0.7939453125 0.517361110576923 0.7998046875 0.5277777788461538 0.8115234375 0.5277777788461538 0.8125 0.5260416658653846 0.8203125 0.515625 0.8203125 0.501736110576923
4 0.765625 0.5538194447115384 0.765625 0.5503472211538462 0.767578125 0.546875 0.767578125 0.529513889423077 0.7587890625 0.513888889423077 0.7490234375 0.513888889423077 0.7470703125 0.517361110576923 0.7431640625 0.517361110576923 0.73828125 0.5260416658653846 0.73828125 0.529513889423077 0.736328125 0.532986110576923 0.736328125 0.546875 0.73828125 0.5503472211538462 0.73828125 0.5538194447115384 0.7431640625 0.5625 0.7451171875 0.5625 0.7470703125 0.5659722211538462 0.7568359375 0.5659722211538462 0.7578125 0.564236110576923 0.7607421875 0.5625 0.765625 0.5538194447115384
4 0.7958984375 0.5659722211538462 0.7978515625 0.5659722211538462 0.80078125 0.560763889423077 0.80078125 0.5572916658653846 0.802734375 0.5538194447115384 0.802734375 0.5364583341346154 0.80078125 0.532986110576923 0.80078125 0.529513889423077 0.7978515625 0.5243055552884616 0.7958984375 0.5243055552884616 0.7900390625 0.517361110576923 0.7841796875 0.517361110576923 0.7822265625 0.5208333341346154 0.7763671875 0.5243055552884616 0.7734375 0.529513889423077 0.7734375 0.532986110576923 0.771484375 0.5364583341346154 0.771484375 0.5538194447115384 0.7734375 0.5572916658653846 0.7734375 0.560763889423077 0.7763671875 0.5659722211538462 0.7783203125 0.5659722211538462 0.7841796875 0.5729166658653846 0.7900390625 0.5729166658653846 0.791015625 0.5711805552884616 0.7939453125 0.5694444447115384 0.7958984375 0.5659722211538462
4 0.8271484375 0.5729166658653846 0.833984375 0.560763889423077 0.833984375 0.5538194447115384 0.8359375 0.5503472211538462 0.8359375 0.5399305552884616 0.833984375 0.5364583341346154 0.833984375 0.532986110576923 0.8271484375 0.5208333341346154 0.8251953125 0.5208333341346154 0.8232421875 0.517361110576923 0.8212890625 0.517361110576923 0.8193359375 0.5208333341346154 0.8173828125 0.5208333341346154 0.8154296875 0.5243055552884616 0.8095703125 0.5277777788461538 0.8046875 0.5364583341346154 0.8046875 0.5434027788461538 0.802734375 0.546875 0.802734375 0.5503472211538462 0.8046875 0.5538194447115384 0.8046875 0.560763889423077 0.8095703125 0.5694444447115384 0.8115234375 0.5694444447115384 0.8134765625 0.5729166658653846 0.8173828125 0.5729166658653846 0.8193359375 0.576388889423077 0.8203125 0.5746527788461538 0.8212890625 0.5729166658653846 0.8271484375 0.5729166658653846
4 0.583984375 0.592013889423077 0.583984375 0.5711805552884616 0.5771484375 0.5590277788461538 0.5751953125 0.5590277788461538 0.5732421875 0.5555555552884616 0.5673828125 0.5555555552884616 0.5654296875 0.5590277788461538 0.5634765625 0.5590277788461538 0.5615234375 0.5625 0.55859375 0.564236110576923 0.55859375 0.5677083341346154 0.556640625 0.5711805552884616 0.5546875 0.5815972211538462 0.556640625 0.5850694447115384 0.556640625 0.592013889423077 0.5634765625 0.6041666658653846 0.5654296875 0.6041666658653846 0.5673828125 0.607638889423077 0.5732421875 0.607638889423077 0.57421875 0.6059027788461538 0.5771484375 0.6041666658653846 0.583984375 0.592013889423077
4 0.6103515625 0.611111110576923 0.611328125 0.6059027788461538 0.615234375 0.5989583341346154 0.615234375 0.578125 0.6083984375 0.5659722211538462 0.6064453125 0.5659722211538462 0.6044921875 0.5625 0.5966796875 0.5625 0.5947265625 0.5659722211538462 0.5908203125 0.5659722211538462 0.587890625 0.5711805552884616 0.587890625 0.5746527788461538 0.5859375 0.578125 0.5859375 0.595486110576923 0.587890625 0.5989583341346154 0.587890625 0.6024305552884616 0.5927734375 0.611111110576923 0.5947265625 0.611111110576923 0.5966796875 0.6145833341346154 0.6044921875 0.6145833341346154 0.60546875 0.6128472211538462 0.6064453125 0.611111110576923 0.6103515625 0.611111110576923
4 0.654296875 0.592013889423077 0.654296875 0.5885416658653846 0.65625 0.5850694447115384 0.65625 0.5677083341346154 0.6494140625 0.5555555552884616 0.6474609375 0.5555555552884616 0.6455078125 0.5520833341346154 0.6357421875 0.5520833341346154 0.6318359375 0.5590277788461538 0.6298828125 0.5590277788461538 0.62890625 0.564236110576923 0.626953125 0.5677083341346154 0.626953125 0.5885416658653846 0.6337890625 0.6006944447115384 0.6357421875 0.6006944447115384 0.6376953125 0.6041666658653846 0.6455078125 0.6041666658653846 0.646484375 0.6024305552884616 0.6494140625 0.6006944447115384 0.654296875 0.592013889423077
4 0.685546875 0.592013889423077 0.685546875 0.5885416658653846 0.6875 0.5850694447115384 0.6875 0.5711805552884616 0.6787109375 0.5555555552884616 0.6767578125 0.5555555552884616 0.6748046875 0.5520833341346154 0.6689453125 0.5520833341346154 0.6669921875 0.5555555552884616 0.6650390625 0.5555555552884616 0.658203125 0.5677083341346154 0.658203125 0.5711805552884616 0.65625 0.5746527788461538 0.65625 0.5815972211538462 0.658203125 0.5850694447115384 0.658203125 0.5885416658653846 0.6650390625 0.6006944447115384 0.6669921875 0.6006944447115384 0.6689453125 0.6041666658653846 0.6767578125 0.6041666658653846 0.677734375 0.6024305552884616 0.6806640625 0.6006944447115384 0.685546875 0.592013889423077
4 0.71484375 0.595486110576923 0.71875 0.5850694447115384 0.71875 0.5746527788461538 0.716796875 0.5711805552884616 0.716796875 0.5677083341346154 0.7119140625 0.5590277788461538 0.7099609375 0.5590277788461538 0.7080078125 0.5555555552884616 0.6982421875 0.5555555552884616 0.6962890625 0.5590277788461538 0.6943359375 0.5590277788461538 0.689453125 0.5677083341346154 0.689453125 0.5711805552884616 0.6875 0.5746527788461538 0.6875 0.5850694447115384 0.689453125 0.5885416658653846 0.689453125 0.592013889423077 0.6962890625 0.6041666658653846 0.6982421875 0.6041666658653846 0.7001953125 0.607638889423077 0.7060546875 0.607638889423077 0.70703125 0.6059027788461538 0.71484375 0.5989583341346154 0.71484375 0.595486110576923
4 0.7431640625 0.6041666658653846 0.7451171875 0.6041666658653846 0.748046875 0.5989583341346154 0.748046875 0.595486110576923 0.75 0.592013889423077 0.75 0.5746527788461538 0.7412109375 0.5590277788461538 0.7294921875 0.5590277788461538 0.7275390625 0.5625 0.7255859375 0.5625 0.720703125 0.5711805552884616 0.720703125 0.5746527788461538 0.71875 0.578125 0.71875 0.592013889423077 0.7275390625 0.607638889423077 0.7294921875 0.607638889423077 0.7314453125 0.611111110576923 0.7373046875 0.611111110576923 0.73828125 0.609375 0.7412109375 0.607638889423077 0.7431640625 0.6041666658653846
4 0.78125 0.5989583341346154 0.78125 0.595486110576923 0.783203125 0.592013889423077 0.783203125 0.5815972211538462 0.78125 0.578125 0.78125 0.5746527788461538 0.7744140625 0.5625 0.7705078125 0.5625 0.7685546875 0.5590277788461538 0.7646484375 0.5590277788461538 0.7626953125 0.5625 0.7568359375 0.5659722211538462 0.75390625 0.5711805552884616 0.75390625 0.5746527788461538 0.751953125 0.578125 0.751953125 0.595486110576923 0.75390625 0.5989583341346154 0.75390625 0.6024305552884616 0.7568359375 0.607638889423077 0.7587890625 0.607638889423077 0.7646484375 0.6145833341346154 0.7705078125 0.6145833341346154 0.771484375 0.6128472211538462 0.7744140625 0.611111110576923 0.78125 0.5989583341346154
4 0.818359375 0.6059027788461538 0.818359375 0.5815972211538462 0.8134765625 0.5729166658653846 0.8115234375 0.5729166658653846 0.8056640625 0.5659722211538462 0.7998046875 0.5659722211538462 0.7978515625 0.5694444447115384 0.7919921875 0.5729166658653846 0.787109375 0.5815972211538462 0.787109375 0.6024305552884616 0.7890625 0.6059027788461538 0.7890625 0.609375 0.7919921875 0.6145833341346154 0.7939453125 0.6145833341346154 0.7978515625 0.621527778846154 0.8076171875 0.621527778846154 0.80859375 0.6197916658653846 0.8115234375 0.6180555552884616 0.818359375 0.6059027788461538
4 0.6376953125 0.638888889423077 0.638671875 0.6336805552884616 0.640625 0.6302083341346154 0.640625 0.6128472211538462 0.638671875 0.609375 0.638671875 0.6059027788461538 0.6357421875 0.6006944447115384 0.6337890625 0.6006944447115384 0.6279296875 0.59375 0.6220703125 0.59375 0.6201171875 0.5972222211538462 0.6181640625 0.5972222211538462 0.611328125 0.609375 0.611328125 0.6302083341346154 0.6201171875 0.6458333341346154 0.6318359375 0.6458333341346154 0.6328125 0.644097221153846 0.6357421875 0.638888889423077 0.6376953125 0.638888889423077
4 0.671875 0.6128472211538462 0.6650390625 0.6006944447115384 0.6630859375 0.6006944447115384 0.6611328125 0.5972222211538462 0.6513671875 0.5972222211538462 0.6494140625 0.6006944447115384 0.6474609375 0.6006944447115384 0.642578125 0.609375 0.642578125 0.6128472211538462 0.640625 0.6163194447115384 0.640625 0.6302083341346154 0.642578125 0.6336805552884616 0.642578125 0.637152778846154 0.6474609375 0.6458333341346154 0.6494140625 0.6458333341346154 0.6513671875 0.6493055552884616 0.6630859375 0.6493055552884616 0.6640625 0.6475694447115384 0.671875 0.6336805552884616 0.671875 0.6128472211538462
4 0.703125 0.623263889423077 0.701171875 0.6197916658653846 0.701171875 0.6128472211538462 0.6962890625 0.6041666658653846 0.6943359375 0.6041666658653846 0.6884765625 0.5972222211538462 0.6845703125 0.5972222211538462 0.6826171875 0.6006944447115384 0.6767578125 0.6041666658653846 0.671875 0.6128472211538462 0.671875 0.637152778846154 0.6787109375 0.6493055552884616 0.6806640625 0.6493055552884616 0.6826171875 0.652777778846154 0.6904296875 0.652777778846154 0.69140625 0.6510416658653846 0.69921875 0.644097221153846 0.703125 0.623263889423077
4 0.7255859375 0.652777778846154 0.732421875 0.640625 0.732421875 0.637152778846154 0.734375 0.6336805552884616 0.734375 0.626736110576923 0.732421875 0.623263889423077 0.732421875 0.6163194447115384 0.7275390625 0.607638889423077 0.7255859375 0.607638889423077 0.7197265625 0.6006944447115384 0.7158203125 0.6006944447115384 0.7138671875 0.6041666658653846 0.7080078125 0.607638889423077 0.703125 0.6163194447115384 0.703125 0.640625 0.7099609375 0.652777778846154 0.7177734375 0.652777778846154 0.7197265625 0.65625 0.720703125 0.654513889423077 0.7216796875 0.652777778846154 0.7255859375 0.652777778846154
4 0.763671875 0.640625 0.765625 0.637152778846154 0.765625 0.623263889423077 0.76171875 0.6163194447115384 0.76171875 0.6128472211538462 0.7587890625 0.611111110576923 0.7568359375 0.607638889423077 0.7548828125 0.607638889423077 0.7529296875 0.6041666658653846 0.7470703125 0.6041666658653846 0.7451171875 0.607638889423077 0.7392578125 0.611111110576923 0.734375 0.6197916658653846 0.734375 0.640625 0.736328125 0.644097221153846 0.736328125 0.6475694447115384 0.7392578125 0.652777778846154 0.7412109375 0.652777778846154 0.7431640625 0.65625 0.7568359375 0.65625 0.7578125 0.654513889423077 0.763671875 0.644097221153846 0.763671875 0.640625
4 0.796875 0.6475694447115384 0.796875 0.640625 0.798828125 0.637152778846154 0.796875 0.6336805552884616 0.796875 0.623263889423077 0.7919921875 0.6145833341346154 0.7900390625 0.6145833341346154 0.7841796875 0.607638889423077 0.7783203125 0.607638889423077 0.7763671875 0.611111110576923 0.7705078125 0.6145833341346154 0.767578125 0.6197916658653846 0.767578125 0.623263889423077 0.765625 0.626736110576923 0.765625 0.644097221153846 0.7744140625 0.659722221153846 0.7763671875 0.659722221153846 0.7783203125 0.6631944447115384 0.7861328125 0.6631944447115384 0.787109375 0.6614583341346154 0.7900390625 0.659722221153846 0.796875 0.6475694447115384
4 0.4794921875 0.43402777884615384 0.4814453125 0.43402777884615384 0.486328125 0.42534722115384616 0.486328125 0.404513889423077 0.4775390625 0.388888889423077 0.4697265625 0.388888889423077 0.4677734375 0.392361110576923 0.4658203125 0.392361110576923 0.4638671875 0.39583333413461536 0.4609375 0.3975694447115385 0.4609375 0.40104166586538464 0.458984375 0.404513889423077 0.458984375 0.421875 0.4609375 0.42534722115384616 0.4609375 0.4288194447115385 0.4638671875 0.43402777884615384 0.4658203125 0.43402777884615384 0.4677734375 0.4375 0.4716796875 0.4375 0.4736328125 0.44097222115384616 0.474609375 0.439236110576923 0.4775390625 0.4375 0.4794921875 0.43402777884615384