4 0.48835737740384616 0.43468579326923074 0.48835737740384616 0.4473644951923077 0.49051323798076923 0.46063290625 0.5022875528846154 0.47006822355769234 0.5107451706730769 0.4653505721153846 0.5157202379807692 0.45208216105769233 0.5172127548076924 0.4376343341346154 0.5133985432692307 0.4249556298076923 0.5090868197115385 0.4175842932692308 0.4978099975961538 0.4166997259615384 0.49636712740384614 0.41946901442307694 0.48968404567307694 0.4234813605769231 0.48835737740384616 0.43468579326923074
4 0.5163835793269231 0.42701960096153846 0.518373610576923 0.4429416923076923 0.5248411971153846 0.45060788221153847 0.5364496802884615 0.45414613221153843 0.5437464399038462 0.44677479567307693 0.5480581634615385 0.43114755048076925 0.5472289903846154 0.4155203149038461 0.5439122716346154 0.40313646634615385 0.5369471923076923 0.3975342403846154 0.528489576923077 0.3951754206730769 0.5231828293269231 0.40018793269230774 0.5218300913461539 0.4024937067307693 0.5175444182692307 0.4152254615384615 0.5163835793269231 0.42701960096153846
4 0.4633161923076923 0.48127266346153846 0.4677937644230769 0.49395136538461537 0.47741221875 0.5001432932692308 0.48570400240384615 0.4966050456730769 0.49183990625 0.48481089663461535 0.4933324254807693 0.4688888052884615 0.4900157259615385 0.4579792283653846 0.48404563461538463 0.44618507932692303 0.47658304326923073 0.4473644951923077 0.4687887716346154 0.45208216105769233 0.4677212956730769 0.45341963221153847 0.4634820408653846 0.4665299879807692 0.4633161923076923 0.48127266346153846
4 0.4893523822115385 0.48569546634615385 0.48736235336538464 0.5025021105769231 0.4913424134615385 0.5154756754807692 0.4966491442307692 0.5234367139423077 0.5051067596153846 0.5255006850961539 0.5114085120192308 0.5196036177884615 0.5182077620192308 0.5086940408653846 0.5172127548076924 0.4915925336538462 0.5112426826923077 0.4765549975961539 0.5049409278846154 0.4721322019230769 0.4979758293269231 0.4712476394230769 0.49752453605769226 0.47399576442307695 0.49250325 0.4783241225961538 0.4893523822115385 0.48569546634615385
4 0.4367825048076923 0.4795035384615384 0.43893836778846157 0.4880542836538462 0.4442451153846154 0.49513078125 0.4540294014423077 0.4992587235576923 0.46099449759615385 0.4933616586538462 0.46431121634615385 0.4839263413461538 0.4653062211538461 0.4668248341346154 0.46215535336538466 0.45473584134615386 0.45601943028846154 0.44824906490384614 0.4487226706730769 0.4429416923076923 0.4410942307692308 0.4509027451923077 0.4415917427884616 0.4509027451923077 0.4418277403846154 0.4510426105769231 0.4384408653846154 0.45679981009615384 0.43661667548076927 0.4665299879807692 0.4367825048076923 0.4795035384615384
4 0.42550569471153843 0.44647993990384616 0.4309782644230769 0.4538512860576923 0.44175757211538463 0.4562101033653846 0.4492201826923077 0.4455953870192308 0.45187353846153844 0.43232696634615386 0.4503810216346154 0.4166997259615384 0.4445767788461538 0.40372617307692305 0.4377775216346154 0.40048278605769233 0.42766155528846156 0.4054952980769231 0.4265706177884615 0.41015050961538463 0.4221889855769231 0.41581516826923076 0.42334983173076923 0.43291667548076923 0.42550569471153843 0.44647993990384616
4 0.45999949278846153 0.5190139110576923 0.461160329326923 0.5337565841346155 0.4653062211538461 0.5431918990384615 0.4759196995192308 0.5484992740384615 0.4830506298076923 0.5446661778846154 0.48835737740384616 0.5334617524038461 0.48984989423076924 0.5216675889423077 0.4881915264423077 0.51134771875 0.48321645913461536 0.5016175576923076 0.4777438990384616 0.49748959855769226 0.47144214423076924 0.4957204903846154 0.4687887716346154 0.4989638774038462 0.4674319423076923 0.4997159278846154 0.4616578413461539 0.5101683028846155 0.45999949278846153 0.5190139110576923
4 0.4316416081730769 0.5110528725961538 0.4309782644230769 0.5240264062500001 0.43528998798076923 0.5381793870192307 0.4407625673076923 0.5455507475961539 0.44888850240384615 0.5470249951923077 0.45635111057692307 0.5405382211538462 0.4616578413461539 0.5299234879807693 0.46099449759615385 0.51311684375 0.4581752932692308 0.5013226947115385 0.45071270192307694 0.4963101826923077 0.4452401225961538 0.49306679567307693 0.4387725360576923 0.4954256298076923 0.43907546153846155 0.49714391105769234 0.43512415625 0.5030918028846154 0.4316416081730769 0.5110528725961538
4 0.4837139711538461 0.5423073461538461 0.4812264471153846 0.5555757572115385 0.48387980288461535 0.5670750600961538 0.4871965216346154 0.5759206346153847 0.49300076201923076 0.5815228701923076 0.5009608677884615 0.580343454326923 0.5085893076923077 0.5723824014423077 0.5104134879807692 0.5608831153846153 0.5087551394230769 0.5493838125 0.5069309591346154 0.5399485120192308 0.5029508966346155 0.5319874759615385 0.49764416826923075 0.5299234879807693 0.4939957692307692 0.5290389495192308 0.4926055528846154 0.5295513197115385 0.48736235336538464 0.5343462932692308 0.4837139711538461 0.5423073461538461
4 0.5041117524038461 0.5361154158653846 0.5052725913461539 0.5464352860576923 0.5077601322115385 0.5549860480769231 0.5137302067307693 0.5632419471153847 0.5225194855769231 0.5644213653846154 0.5293187524038461 0.5573448822115384 0.5324696201923077 0.547614704326923 0.5334646442307692 0.5355257091346154 0.531972125 0.5260903942307692 0.5276604014423077 0.5172447860576923 0.5213586466346154 0.5116425817307693 0.5148910625 0.5104631634615384 0.5095843149038461 0.5172447860576923 0.5088092572115385 0.51977765625 0.5051067596153846 0.5281543798076923 0.5041117524038461 0.5361154158653846
4 0.5351229927884615 0.45532554807692305 0.5331329639423077 0.4682990985576923 0.5356205048076923 0.4836314807692308 0.5412589158653847 0.4924770865384615 0.5482239951923077 0.4992587235576923 0.5548574302884616 0.49807930769230774 0.5618225096153846 0.48746459134615383 0.5648075649038462 0.47567044230769234 0.5644758846153846 0.46417116346153847 0.5631491971153847 0.4538512860576923 0.5581741298076923 0.4453005240384615 0.5512090504807692 0.44235199038461537 0.5463998149038461 0.4417622836538462 0.5455569423076922 0.44364596875 0.5376105360576923 0.44795420432692307 0.5351229927884615 0.45532554807692305
4 0.46912045192307694 0.38498485336538457 0.46795959615384614 0.39854811057692313 0.47061296874999997 0.4106371225961538 0.4777438990384616 0.4191878677884615 0.48570400240384615 0.42184154567307697 0.49416161778846157 0.41623932692307697 0.4998000288461538 0.3988429735576923 0.49747831730769226 0.382920875 0.4934982740384615 0.37201130288461537 0.4862014975961539 0.36640909134615385 0.47907056730769226 0.36699879086538456 0.4784273125 0.36648547596153846 0.47144214423076924 0.37378040625 0.46912045192307694 0.38498485336538457
4 0.4382750336538462 0.3811517572115385 0.4382750336538462 0.3976635552884616 0.44374760336538466 0.4088679975961539 0.45203938701923074 0.4135856322115385 0.4638137043269231 0.4068040096153846 0.4671304206730769 0.39265104567307696 0.46646707692307693 0.3728958581730769 0.4613261778846154 0.3608068629807692 0.45220521874999997 0.35844803125 0.44441094711538465 0.35992231009615383 0.4442837956730769 0.36237025 0.4400992235576923 0.37112673317307693 0.4382750336538462 0.3811517572115385
4 0.45121019471153845 0.44100702403846154 0.4551902572115385 0.45162174038461533 0.4644770480769231 0.4601725168269231 0.4739296682692308 0.45309601923076925 0.4812264471153846 0.43658422115384615 0.47956807932692314 0.4206621298076923 0.4717738076923077 0.40532974759615387 0.4638137043269231 0.4014966514423077 0.45353190625 0.41004741346153845 0.4540294014423077 0.41093196875 0.44888850240384615 0.4271489206730769 0.45121019471153845 0.44100702403846154
4 0.39747948076923073 0.44012246875 0.40295206009615386 0.4507372019230769 0.40941964663461533 0.45633942307692305 0.41953561057692307 0.45339087980769227 0.42567152403846154 0.44189159375 0.42533985336538466 0.4212518389423077 0.42102812980769233 0.41004741346153845 0.4145605432692308 0.40356062259615383 0.40162537259615383 0.4044451923076923 0.40203842307692306 0.4066089326923077 0.39731364903846156 0.4236106706730769 0.39747948076923073 0.44012246875
4 0.4119071802884615 0.45679981009615384 0.41008298798076925 0.46770939663461536 0.40941964663461533 0.48127266346153846 0.41306802644230767 0.49277194951923076 0.41920393990384613 0.4989638774038462 0.4281590576923077 0.49955358653846155 0.43645084375 0.4895285625 0.4382750336538462 0.47596528125 0.4371141778846154 0.45738951923076926 0.42782738701923073 0.4473644951923077 0.4183747644230769 0.44795420432692307 0.41854059615384615 0.4509027451923077 0.4177114206730769 0.4509027451923077 0.4119071802884615 0.45679981009615384
4 0.4051079230769231 0.5092837475961539 0.40411290625 0.5252058533653846 0.40693211298076926 0.5378845408653846 0.4122388509615385 0.5446661778846154 0.41953561057692307 0.547614704326923 0.4271640432692308 0.5446661778846154 0.43213911057692306 0.532872014423077 0.43363163701923074 0.5175396466346154 0.43114410336538456 0.5027969735576924 0.4245106778846154 0.4960153365384615 0.4148922163461538 0.4960153365384615 0.4162166658653846 0.49611510576923074 0.4104146610576923 0.5016175576923076 0.4051079230769231 0.5092837475961539
4 0.4490543341346154 0.6023281538461538 0.4485568389423077 0.6170708437500001 0.45137604567307693 0.6291598389423078 0.45635111057692307 0.6362363221153846 0.4638137043269231 0.6394797259615385 0.47343217548076927 0.6356466298076923 0.47575386778846157 0.6232627572115385 0.47674887499999996 0.6085200841346153 0.47426135096153843 0.5943671177884615 0.46563790144230766 0.5878803413461539 0.4575119495192308 0.5858163557692307 0.45759398076923075 0.5881932956730769 0.4523710504807692 0.5928928533653847 0.4490543341346154 0.6023281538461538
4 0.4732663269230769 0.6061612668269231 0.4739296682692308 0.6179553822115385 0.4769147067307692 0.6309289639423077 0.48271896634615385 0.6356466298076923 0.4920057572115385 0.6353517668269231 0.49913668509615383 0.6294546850961538 0.5022875528846154 0.6194296610576924 0.5016242091346154 0.6052766802884615 0.49930251682692306 0.5925979759615385 0.4933324254807693 0.5852266634615385 0.4860356658653846 0.5834575384615385 0.47989975961538456 0.5846369543269231 0.47929536778846155 0.5861356826923078 0.4750905240384615 0.5940722548076923 0.4732663269230769 0.6061612668269231
4 0.45502442548076927 0.5634074903846155 0.4568486057692308 0.5822781225961539 0.46248701682692306 0.5917134375 0.4687887716346154 0.5946619639423077 0.4772463870192307 0.5911237307692307 0.48338231009615384 0.5819832596153847 0.48504065865384616 0.5713685432692308 0.4823872860576923 0.5507287884615384 0.4759196995192308 0.5454214375 0.46895460096153846 0.5418831802884616 0.4614920096153846 0.5421780432692308 0.4610662019230769 0.5434402091346153 0.45618526201923076 0.5530876201923077 0.45502442548076927 0.5634074903846155
4 0.4266665408653846 0.5560361610576924 0.4271640432692308 0.5719582524038461 0.4309782644230769 0.58434209375 0.4384408653846154 0.5905340216346153 0.4465668076923077 0.5914185769230769 0.45187353846153844 0.5855215096153846 0.4551902572115385 0.5749067764423077 0.45618526201923076 0.561638375 0.4528685625 0.5486648173076923 0.44673263942307695 0.5407037716346154 0.4399333918269231 0.5389346538461539 0.43528998798076923 0.5415883341346154 0.43512415625 0.5430625961538461 0.42915407451923077 0.5480751081730769 0.4266665408653846 0.5560361610576924
4 0.4998000288461538 0.6049818485576923 0.5021217211538461 0.6158914278846154 0.5084234759615385 0.6211987860576923 0.5160518990384616 0.6232627572115385 0.5230169975961538 0.6164811370192307 0.5273287211538462 0.6076355288461538 0.5289870697115384 0.5976105192307692 0.5245095144230769 0.5796244423076924 0.5200319615384615 0.5716633894230769 0.5124035192307692 0.5690097115384616 0.5079259639423077 0.56812515625 0.5004633557692307 0.5752016394230769 0.50070740625 0.5758476153846154 0.49747831730769226 0.5908288677884616 0.4998000288461538 0.6049818485576923
4 0.5241778533653846 0.5604589495192308 0.5225194855769231 0.5684200024038462 0.5223536538461538 0.5781501658653846 0.5246753461538461 0.5896494663461538 0.5289870697115384 0.5973156586538462 0.5352888245192308 0.6014436153846154 0.5362838485576923 0.6020333245192308 0.5437464399038462 0.6008538918269231 0.54838984375 0.5943671177884615 0.5520382259615384 0.58434209375 0.5527015697115385 0.5737273605769231 0.5502140264423077 0.5622280745192307 0.5457364711538462 0.5507287884615384 0.5405955721153846 0.5489596706730769 0.5376105360576923 0.5471905552884615 0.5365870360576923 0.5485842403846154 0.52998209375 0.5522030504807692 0.5241778533653846 0.5604589495192308
4 0.54971653125 0.5855215096153846 0.5485556754807692 0.5946619639423077 0.5493848509615384 0.6085200841346153 0.5550232620192308 0.6176605528846154 0.5601641610576923 0.6217884951923077 0.5676267692307693 0.6209039399038462 0.5737626754807692 0.6144171658653846 0.5777427355769231 0.6038024326923077 0.5787377427884615 0.5908288677884616 0.5767477115384616 0.5796244423076924 0.5706118076923077 0.5716633894230769 0.5656367403846153 0.5687148485576923 0.5576766346153846 0.56812515625 0.5568416658653846 0.5696747764423077 0.5527015697115385 0.5754964855769231 0.54971653125 0.5855215096153846
4 0.5500481947115385 0.5224228485576923 0.5538624062499999 0.5353964062500001 0.5614908485576924 0.5430625961538461 0.5724359879807692 0.5415883341346154 0.5800644278846154 0.5303838942307693 0.5820544591346154 0.5162309278846154 0.5803961105769231 0.5006036826923077 0.5765818798076923 0.49116836778846157 0.5692851201923077 0.48468159375000003 0.5626517019230769 0.48615586298076924 0.5550232620192308 0.49205293028846153 0.553658795673077 0.49405749278846156 0.5487215072115385 0.508269875 0.5500481947115385 0.5224228485576923
4 0.5468973269230769 0.41168721875000003 0.5477265024038462 0.4264299014423077 0.5510432019230769 0.44058286778846156 0.5593349855769231 0.44795420432692307 0.5689534399038462 0.4470696418269231 0.5772452235576924 0.4361600625 0.5798985985576923 0.4196482644230769 0.577079391826923 0.40372617307692305 0.5706118076923077 0.3931114495192308 0.5629833653846154 0.3901629086538462 0.5570132932692308 0.39222688701923075 0.5571310168269231 0.39426325480769225 0.5492190192307692 0.40166219471153847 0.5468973269230769 0.41168721875000003
4 0.41953561057692307 0.6102892235576923 0.4221889855769231 0.62621128125 0.42766155528846156 0.633582641826923 0.4341291418269231 0.6377105841346153 0.44126007932692307 0.6347620600961539 0.44673263942307695 0.6250318822115385 0.44805932692307693 0.6138274567307692 0.4475618149038461 0.5990847668269231 0.4432500913461539 0.5905340216346153 0.43794336057692307 0.5864060649038462 0.43114410336538456 0.5840472475961538 0.4271640432692308 0.5867009254807692 0.4261690360576923 0.5884700504807692 0.42053062740384617 0.5961362427884616 0.41953561057692307 0.6102892235576923
4 0.39913783894230764 0.5639971995192308 0.40079619711538467 0.5778553197115385 0.4046104110576923 0.5890597596153846 0.41356552884615383 0.5949568245192307 0.42252064903846154 0.5914185769230769 0.42732988461538457 0.5828678317307692 0.4289882427884616 0.5660611706730769 0.4261690360576923 0.5495493701923077 0.4198672836538462 0.5442420120192307 0.4140630408653846 0.5412934711538462 0.40660043990384614 0.54276775 0.4060893509615384 0.5449834182692308 0.40079619711538467 0.5527927499999999 0.39913783894230764 0.5639971995192308
4 0.39353854326923077 0.6133938846153846 0.3947325625 0.6227702211538462 0.3983146057692308 0.6312620096153847 0.40319017788461536 0.6372770144230769 0.41055327403846154 0.6376308389423078 0.41642384615384614 0.6326773052884616 0.42040390625 0.6254239038461538 0.42060290384615384 0.6174628509615385 0.42060290384615384 0.6073788701923077 0.4192098894230769 0.5972948774038461 0.41403581971153847 0.58968765625 0.40906075000000003 0.5863263245192308 0.40416593028846154 0.5856300889423077 0.40358817307692313 0.5859725 0.39841410576923075 0.5903953052884615 0.3952300673076923 0.5957026658653846 0.3938370504807692 0.6061404831730769 0.39353854326923077 0.6133938846153846
4 0.3693597211538462 0.5946411947115384 0.36597667307692305 0.6029560721153846 0.36617567788461536 0.6118016754807692 0.36697168990384615 0.6210011057692307 0.3700562283653846 0.6303774423076922 0.3767228173076923 0.6383384903846154 0.3842849158653846 0.6390461394230769 0.3911505072115385 0.630731266826923 0.3949315600961538 0.6172859495192308 0.39483206249999997 0.6034868004807692 0.3870709591346154 0.5902183942307693 0.38358841346153844 0.5873877980769231 0.37861334375 0.5843802884615384 0.37861334375 0.584557204326923 0.37768138701923076 0.5840888173076924 0.3731407716346154 0.5879185360576923 0.3693597211538462 0.5946411947115384
4 0.37373778125 0.5550904615384615 0.3723447596153846 0.5641129783653847 0.3725437644230769 0.5718971201923077 0.3741357836538462 0.5800350721153846 0.37642431490384615 0.5869346442307692 0.38010586778846156 0.5925958221153846 0.3865734543269231 0.5941880408653846 0.39204602884615386 0.5920651009615384 0.3974190961538462 0.5858731682692307 0.3998071322115385 0.5782659471153846 0.4008021418269231 0.5676512259615385 0.3998071322115385 0.5593363605769232 0.39771760336538464 0.5501369206730768 0.39443405528846154 0.5448295576923077 0.38886198076923073 0.5412913173076923 0.38338940625 0.5414682283653847 0.38000635817307693 0.5430604375 0.38028555528846153 0.5442740024038462 0.3759268100961538 0.5494292716346154 0.37373778125 0.5550904615384615
4 0.37861334375 0.5058095600961539 0.3765238197115384 0.5130629567307692 0.3763248149038461 0.5201394447115384 0.37692181971153843 0.5291619663461539 0.3794093557692308 0.5372999206730769 0.38338940625 0.5436687596153846 0.3870709591346154 0.5468531850961539 0.3919465192307693 0.5479146514423077 0.3966230841346154 0.5456147932692308 0.40050363461538463 0.5403074278846154 0.4046826923076923 0.5327002067307692 0.40518019951923073 0.5265082836538462 0.40547870673076924 0.5189010625 0.4032896778846154 0.5063403004807692 0.40050363461538463 0.503509701923077 0.3985136153846154 0.49873307451923077 0.3943345576923077 0.4964332163461539 0.3896579927884615 0.49466409855769233 0.3856779423076923 0.4955486634615385 0.3858411105769231 0.4970517788461538 0.38100137980769233 0.5005022043269232 0.37861334375 0.5058095600961539
4 0.38169788221153844 0.4685586826923077 0.3819963894230769 0.4775812043269231 0.38358841346153844 0.48483460096153846 0.3862749471153846 0.49314948076923076 0.38906099038461534 0.497218454326923 0.39333954567307694 0.5005797860576923 0.39841410576923075 0.5002259615384615 0.4042846875 0.497218454326923 0.4078667307692308 0.4912034399038462 0.4103542668269231 0.4834193100961538 0.4104537764423077 0.47457369711538466 0.4097572620192308 0.46431279086538463 0.4071702283653846 0.4558210120192308 0.4026926634615385 0.4494521730769231 0.39811560817307695 0.4478599663461538 0.3930410384615385 0.4478599663461538 0.3882649759615384 0.45139821153846155 0.38617544711538465 0.45458262980769226 0.3862749471153846 0.45458262980769226 0.3864739543269231 0.45458262980769226 0.38667295192307694 0.4554671875 0.3829913990384615 0.46148220192307693 0.38169788221153844 0.4685586826923077
4 0.7363869759615385 0.38884443028846155 0.7451762548076922 0.39592091346153846 0.754463045673077 0.3982797307692308 0.7612622956730769 0.39002386298076924 0.7659056995192308 0.3808833942307693 0.7683932235576924 0.36643556490384616 0.7670665552884616 0.3508083221153846 0.7612622956730769 0.3390141875 0.7529705288461539 0.33518109375000005 0.7451762548076922 0.3354759399038461 0.7393414639423077 0.3418157043269231 0.7391333317307692 0.34282292548076926 0.734728608173077 0.3508083221153846 0.733401923076923 0.36407673317307687 0.7343969471153847 0.3799988221153846 0.7363869759615385 0.38884443028846155
4 0.6995714759615385 0.3732172019230769 0.7037173677884615 0.38589590625000003 0.7110141298076923 0.3953312043269231 0.7184767211538462 0.39651062259615383 0.7277635120192307 0.3929723870192308 0.7324069158653846 0.38176796394230766 0.7348944399038462 0.3693841057692308 0.7338994350961539 0.35375686298076925 0.728592704326923 0.3404884519230769 0.7194717451923077 0.33518109375000005 0.7106824663461538 0.3360656466346154 0.7065365745192308 0.3410781586538461 0.7064365721153846 0.34333732692307695 0.7018931682692308 0.3531671538461539 0.6995714759615385 0.3732172019230769
4 0.6604342836538462 0.3561156947115384 0.6591075961538462 0.3708583701923077 0.6622584735576923 0.38913929326923075 0.6723744471153845 0.3991643173076923 0.6805003822115385 0.39886947115384613 0.6877971418269231 0.3932672331730769 0.6914455408653846 0.38294736298076926 0.6934355528846154 0.37203778605769233 0.6932697211538461 0.3564105408653846 0.6882946538461538 0.34432154567307693 0.6766861706730769 0.3345913846153846 0.671379423076923 0.33577080048076924 0.6720427668269231 0.3375399182692308 0.6644143341346154 0.34461640865384613 0.6604342836538462 0.3561156947115384
4 0.6841487620192308 0.3956260673076923 0.6808320625 0.4059459375 0.6808320625 0.4230474447115385 0.686304625 0.4321879134615385 0.6934355528846154 0.4398541057692308 0.6995714759615385 0.4416232139423077 0.7057073990384615 0.43808498076923075 0.7123408149038462 0.43100849759615384 0.7149941899038462 0.4215731826923077 0.7151600216346155 0.4077150625 0.7136675024038461 0.39886947115384613 0.7100191225961539 0.389729 0.7038831995192307 0.38176796394230766 0.694430576923077 0.3785245600961539 0.6945731466346154 0.3803743653846154 0.6879629927884616 0.38884443028846155 0.6841487620192308 0.3956260673076923
4 0.7186425697115385 0.3997540096153846 0.7171500504807693 0.4159709615384616 0.7181450576923076 0.42776511057692307 0.7234517884615385 0.4383798269230769 0.7305827163461539 0.44545631009615383 0.7390403317307693 0.4463408798076923 0.745010423076923 0.4398541057692308 0.7498196418269232 0.4289445096153846 0.751809673076923 0.4162658076923077 0.7511463293269232 0.40270256490384615 0.7405328509615384 0.3876650144230769 0.7307421274038461 0.38757601201923075 0.7241151322115384 0.39179297115384615 0.7186425697115385 0.3997540096153846
4 0.7514780096153846 0.40358710576923074 0.7508146658653847 0.42009891826923074 0.7534680216346155 0.43277760576923074 0.7602672884615385 0.4413283677884615 0.7673982163461539 0.446046016826923 0.7753583221153846 0.44221292307692306 0.7828209302884616 0.4345467307692308 0.7844792812500001 0.41921433413461534 0.7843134495192309 0.4080099086538462 0.7808308990384615 0.3950363581730769 0.7736999711538461 0.38825472355769236 0.7673982163461539 0.38412678125 0.7610964639423077 0.38678045913461534 0.7601014567307692 0.38678045913461534 0.754463045673077 0.3938569278846154 0.7514780096153846 0.40358710576923074
4 0.6982447884615385 0.44752029567307694 0.6959230961538462 0.4593144447115384 0.6979131274038461 0.4702240072115385 0.702059 0.4770056586538462 0.70670240625 0.48231301682692307 0.7126724783653846 0.4873255288461538 0.7191400649038461 0.48644097596153846 0.7256076490384615 0.47995418509615384 0.7289243677884615 0.46992917788461536 0.7304168846153847 0.4596092908653846 0.7304168846153847 0.446046016826923 0.7271001850961538 0.4372004110576923 0.72113009375 0.4298290817307692 0.7154916850961539 0.4271754014423077 0.7086924350961539 0.42570112259615384 0.7081726826923076 0.42769946875 0.7007323317307693 0.4383798269230769 0.6982447884615385 0.44752029567307694
4 0.6445140745192308 0.3994591634615385 0.6423582139423077 0.41066360336538466 0.6425240432692308 0.4215731826923077 0.6445140745192308 0.4298290817307692 0.647499110576923 0.43661071874999996 0.6524741778846154 0.44368719951923075 0.6591075961538462 0.4466357259615385 0.6660726923076923 0.4451614783653846 0.6718769350961539 0.43867468750000005 0.676022826923077 0.4274702331730769 0.6775153461538461 0.41036874038461535 0.6751936514423077 0.4006385793269231 0.6705502475961538 0.3909084014423077 0.6627559855769231 0.38471648798076924 0.6549617115384615 0.3838319182692308 0.6549319423076922 0.3855183966346154 0.6488257980769231 0.389729 0.6445140745192308 0.3994591634615385
4 0.6683943870192308 0.43825052403846154 0.6645801754807692 0.44650642307692306 0.6635851586538462 0.4562365841346154 0.665906860576923 0.4683255793269231 0.6678968822115384 0.4765814783653846 0.6738669663461538 0.48306826923076923 0.6816612379807693 0.4871962115384615 0.6887921658653846 0.48306826923076923 0.694430576923077 0.4780557572115385 0.6977472764423077 0.46626160817307694 0.6979131274038461 0.45476232211538464 0.6969181033653846 0.44444245913461533 0.6927722091346153 0.4350071370192307 0.6849779375 0.42557181971153846 0.6798370384615384 0.4246872668269231 0.6789481466346154 0.42461304807692307 0.6730377908653846 0.43117404086538463 0.6683943870192308 0.43825052403846154
4 0.6831537572115385 0.4848373774038462 0.6805003822115385 0.49368298557692303 0.6803345504807693 0.5051822884615385 0.6813295576923076 0.51697640625 0.686304625 0.5249374735576923 0.6934355528846154 0.5308345408653846 0.7007323317307693 0.53171909375 0.7085265865384615 0.5246426129807692 0.7111799591346154 0.518745545673077 0.7125066466346154 0.5101947836538462 0.7128383269230769 0.4969263894230769 0.7100191225961539 0.48454253125 0.7052098870192308 0.4777608942307693 0.7002348197115384 0.47186384374999996 0.6955914158653846 0.47186384374999996 0.6949280721153847 0.47304324519230767 0.6874654807692308 0.47687634134615386 0.6831537572115385 0.4848373774038462
4 0.7123408149038462 0.4978109423076923 0.7115116418269231 0.5122587716346154 0.7151600216346155 0.5225786418269232 0.7216276057692308 0.5320139567307692 0.7289243677884615 0.53525734375 0.7358894639423077 0.5320139567307692 0.7423570504807693 0.5234631947115385 0.7458395985576923 0.5116690625 0.7458395985576923 0.4975160817307692 0.7411961947115385 0.4866065024038461 0.736718639423077 0.47864546634615385 0.7302510528846154 0.4759917860576923 0.7226226129807691 0.4759917860576923 0.7211935168269231 0.47759658653846154 0.7149941899038462 0.4869013653846154 0.7123408149038462 0.4978109423076923
4 0.629257201923077 0.4426733269230769 0.627267170673077 0.4515189350961538 0.6256088221153846 0.46301822115384617 0.6269355 0.47304324519230767 0.6300863774038461 0.4807094350961538 0.6375489759615385 0.4886704903846154 0.6445140745192308 0.4910293076923077 0.6513133317307692 0.4866065024038461 0.656951733173077 0.4777608942307693 0.6591075961538462 0.46567190144230775 0.6592734350961538 0.4500446706730769 0.6549617115384615 0.4406093557692307 0.6486599591346154 0.4329431658653846 0.6411973581730769 0.43028947115384614 0.6410430528846154 0.4323290985576923 0.6348956129807692 0.43589168990384614 0.629257201923077 0.4426733269230769
4 0.7387086706730769 0.4388402307692308 0.7343969471153847 0.44739097596153843 0.7315777403846154 0.4600696802884615 0.7324069158653846 0.47097927403846157 0.7350602884615385 0.4810042836538461 0.741527875 0.48837564423076923 0.7486588028846154 0.4919138774038462 0.7559555649038461 0.4892601826923077 0.7622573197115384 0.48159399038461537 0.7657398677884615 0.47097927403846157 0.7662373605769232 0.4577108629807692 0.76474484375 0.4485703942307693 0.7612622956730769 0.44149391105769226 0.7541313653846153 0.43235345673076925 0.7523071850961538 0.4317637572115384 0.7446787427884616 0.4347122740384615 0.7387086706730769 0.4388402307692308
4 0.7763533461538461 0.43648139903846156 0.7712124278846153 0.44296817307692304 0.7680615600961538 0.45210864182692306 0.76607153125 0.4653770528846154 0.7667348725961538 0.4765814783653846 0.7713782788461538 0.4857219471153846 0.7795042139423077 0.49309327644230766 0.7868009735576924 0.49309327644230766 0.7950927572115384 0.4874910721153846 0.7995703125 0.47717118750000004 0.8018920072115385 0.4641976370192307 0.80023365625 0.4503395192307692 0.7957561009615385 0.43942993990384616 0.7891226658653847 0.43648139903846156 0.7889018509615385 0.4369587259615385 0.7823234182692308 0.4317637572115384 0.7763533461538461 0.43648139903846156
4 0.7552922211538462 0.4812991442307692 0.7499854903846154 0.49014475240384614 0.7468346057692308 0.5016440384615385 0.7468346057692308 0.5155021586538462 0.7486588028846154 0.5261168894230769 0.7539655336538461 0.5328985120192308 0.7617598076923078 0.5390904399038461 0.7687249038461539 0.5367316057692307 0.7761874951923077 0.5296551081730769 0.7806650697115385 0.5172712836538461 0.779835875 0.500759483173077 0.7768508389423077 0.4907344591346154 0.7725391153846153 0.48159399038461537 0.7655740192307692 0.4789403125 0.7654643509615385 0.4791397980769231 0.7615939759615385 0.47864546634615385 0.7552922211538462 0.4812991442307692
4 0.6994056442307692 0.5284757067307692 0.695757264423077 0.5370264687499999 0.6949280721153847 0.5482308942307692 0.6965864399038462 0.5579610721153846 0.6990739639423077 0.5665118317307692 0.7050440552884615 0.5747677163461539 0.7126724783653846 0.5774213942307692 0.7203009206730768 0.5738831466346154 0.7254418173076923 0.5668066778846154 0.7279293605769231 0.5550125456730769 0.7269343365384615 0.5408595649038461 0.7244468125 0.5320139567307692 0.7199692572115384 0.5252323052884615 0.7115116418269231 0.5178609903846154 0.7108482980769231 0.5205146706730769 0.7042148629807692 0.5237580576923077 0.6994056442307692 0.5284757067307692
4 0.7430203942307692 0.5192059495192308 0.734065264423077 0.5268721418269231 0.7287585360576923 0.5345383317307693 0.7267685048076923 0.5498707139423077 0.7280951923076924 0.5628442644230769 0.733401923076923 0.5737538581730769 0.73953784375 0.5790612163461538 0.7473321177884615 0.5784715096153846 0.7537997019230769 0.5725744423076923 0.7582772572115384 0.5652031129807692 0.7610964639423077 0.5545883653846154 0.7594381129807692 0.5410251081730769 0.7552922211538462 0.5318846538461538 0.7506488341346155 0.5239236009615384 0.74351790625 0.52038534375 0.7430203942307692 0.5192059495192308
4 0.7670665552884616 0.5327692091346153 0.7622573197115384 0.5416148149038462 0.7615939759615385 0.5542935192307692 0.7629206610576923 0.5702156081730769 0.7687249038461539 0.5808303413461539 0.7756900024038462 0.5840737283653846 0.7831525937499999 0.5843685745192307 0.7906152019230769 0.5781766610576923 0.7949269278846154 0.5681516394230769 0.7955902692307693 0.5466273269230769 0.7914443774038461 0.5351280408653847 0.7811625624999999 0.5221544759615384 0.7822467572115385 0.5249216899038461 0.7733682908653846 0.5268721418269231 0.7670665552884616 0.5327692091346153
4 0.8067012427884616 0.4844132211538461 0.8007311682692309 0.4814646875 0.7924393846153847 0.48352866586538457 0.7854742860576922 0.4906051490384616 0.7809967307692307 0.5000404567307692 0.779670045673077 0.5150779927884616 0.7816600745192308 0.5268721418269231 0.7882934927884615 0.5374868653846154 0.7937660721153846 0.541319954326923 0.8040478677884615 0.5383714278846153 0.8103496225961538 0.5315897908653846 0.8143296826923077 0.5212699302884615 0.815158858173077 0.5082963653846154 0.8118421418269232 0.4926691201923077 0.8055403870192308 0.4844132211538461 0.8067012427884616 0.4844132211538461
4 0.7939319038461539 0.561370016826923 0.794761076923077 0.5722795793269231 0.7990728004807692 0.5802406322115384 0.8048770600961539 0.5861377163461539 0.8121738221153846 0.5882016706730769 0.8209631009615385 0.5843685745192307 0.8257723173076923 0.5764075384615385 0.828757389423077 0.5628442644230769 0.8277623653846155 0.546922173076923 0.8229531129807692 0.5351280408653847 0.8163197139423077 0.5289361129807693 0.8073645865384615 0.5307052379807693 0.79890696875 0.5371920120192308 0.7990291658653846 0.538810579326923 0.7944294158653846 0.5475118822115385 0.7939319038461539 0.561370016826923
4 0.7803333870192308 0.5828943125 0.7773483509615384 0.597636985576923 0.7776800144230769 0.6112002596153846 0.7806650697115385 0.6235841153846154 0.7866351418269232 0.631839983173077 0.794761076923077 0.6347885408653846 0.80156034375 0.633609125 0.8083595913461538 0.6256480721153845 0.8113446466346154 0.6120848149038461 0.8121738221153846 0.5994061105769231 0.8100179591346154 0.5876119615384615 0.803716204326923 0.5787663557692307 0.7985753076923078 0.5740487043269231 0.7984094567307692 0.5740487043269231 0.7972930528846154 0.57430440625 0.7894543485576923 0.5746384134615384 0.7803333870192308 0.5828943125
4 0.7574480817307693 0.635838639423077 0.7566189086538462 0.6496967427884616 0.7592722812499999 0.66326003125 0.7639156682692309 0.6712210841346155 0.7717099399038462 0.6762335817307693 0.7775141826923077 0.6756438870192307 0.7829867620192308 0.6721056225961538 0.789288516826923 0.6641445865384615 0.7926052163461539 0.6461585240384615 0.7907810336538461 0.6349540841346154 0.7858059663461539 0.625223923076923 0.7790067019230769 0.6154937451923076 0.7730366274038462 0.6146091899038462 0.7629206610576923 0.6202114110576923 0.7648856466346154 0.6216295096153845 0.7592722812499999 0.6258136153846153 0.7574480817307693 0.635838639423077
4 0.7300852235576923 0.6199165480769231 0.7271001850961538 0.6264033221153846 0.72511015625 0.6379026250000001 0.7254418173076923 0.6502864807692308 0.7287585360576923 0.6609011995192307 0.7335677716346154 0.6673879879807691 0.7398695072115384 0.6709262235576923 0.7471662860576923 0.6709262235576923 0.7523071850961538 0.665029139423077 0.7561213966346153 0.6585423822115384 0.7574480817307693 0.6476327860576923 0.7579455937499999 0.6352489302884615 0.7556239014423076 0.6269930384615384 0.7514780096153846 0.6199165480769231 0.7465029423076923 0.6149040360576923 0.7398695072115384 0.6101863870192308 0.7402907379807692 0.6139134591346154 0.734728608173077 0.6157886057692308 0.7300852235576923 0.6199165480769231
4 0.7100191225961539 0.593803875 0.7105166177884615 0.6053031778846154 0.7130041586538461 0.6144436466346154 0.7186425697115385 0.6200458677884615 0.7266026730769231 0.624763516826923 0.734065264423077 0.6200458677884615 0.7405328509615384 0.6132642307692308 0.7431862259615385 0.5979318485576923 0.74351790625 0.5837788677884616 0.7380453269230769 0.5731641490384616 0.7330702596153846 0.5672670673076923 0.7266190072115385 0.5655885096153846 0.7209642620192308 0.5678567764423077 0.7128383269230769 0.5749332596153847 0.7106824663461538 0.5814200504807693 0.7100191225961539 0.593803875
4 0.7461712620192308 0.5769972451923077 0.74351790625 0.5837788677884616 0.7416937067307692 0.5964575697115385 0.741527875 0.6079568557692308 0.745010423076923 0.6141487836538462 0.7508146658653847 0.6218149759615385 0.7584430889423076 0.6268274879807693 0.76474484375 0.6250583629807692 0.7698857427884616 0.6194561586538462 0.7733682908653846 0.6120848149038461 0.7756900024038462 0.6002906658653846 0.7746949783653846 0.5873171153846154 0.7715441105769231 0.5793560625 0.7670665552884616 0.570510454326923 0.7614281442307692 0.5678567764423077 0.7576139134615385 0.566382514423077 0.7570731466346154 0.5696747764423077 0.7514780096153846 0.5716898725961539 0.7461712620192308 0.5769972451923077
4 0.6940988966346153 0.6320055432692308 0.6939330649038461 0.6449791081730769 0.6969181033653846 0.65795265625 0.7017273389423077 0.6647342932692308 0.7068682355769231 0.6691570985576922 0.7159891971153846 0.6682725264423077 0.7214617740384616 0.6635548774038462 0.7249443245192307 0.6526452980769231 0.7262709927884615 0.6381974711538461 0.7252759855769231 0.6264033221153846 0.719637576923077 0.6154937451923076 0.7130041586538461 0.6116606490384615 0.7060390624999999 0.6110709399038462 0.6990739639423077 0.6157886057692308 0.6986240721153846 0.6175142836538462 0.695757264423077 0.6228650889423076 0.6940988966346153 0.6320055432692308
4 0.6642485024038461 0.6249290600961538 0.66308765625 0.6373129158653845 0.6632534879807692 0.6485173413461538 0.6672335408653846 0.6585423822115384 0.6720427668269231 0.6641445865384615 0.682822076923077 0.6670931274038462 0.6906163485576923 0.6603114903846153 0.6950939206730768 0.6511710216346154 0.6960889278846154 0.6317106971153846 0.6929380600961538 0.618737139423077 0.6854754495192308 0.6095966778846154 0.6788420336538461 0.6063532836538461 0.6728719591346154 0.6084172620192307 0.6737398124999999 0.6113414423076923 0.6652435192307693 0.6163783149038462 0.6642485024038461 0.6249290600961538
4 0.6345639399038461 0.6208011177884616 0.6330714134615385 0.6308261274038462 0.6334030841346153 0.643209983173077 0.6358906177884616 0.6538247163461539 0.6415290288461539 0.6609011995192307 0.6484941274038462 0.6638497235576923 0.6567859014423078 0.6626703221153847 0.6614292980769231 0.6550041322115384 0.6642485024038461 0.6470430793269231 0.6649118461538461 0.6334798221153846 0.662921814903846 0.6202114110576923 0.6584442620192308 0.6110709399038462 0.6516450048076923 0.6072378461538461 0.647499110576923 0.6054687211538462 0.6468300913461539 0.6061974110576923 0.6388756634615385 0.61254521875 0.6345639399038461 0.6208011177884616
4 0.6801687187500001 0.5809958846153847 0.6786762019230769 0.5913157548076924 0.6798370384615384 0.6019304855769231 0.682822076923077 0.61254521875 0.690450516826923 0.6190319855769231 0.7008981634615385 0.6216856730769231 0.7075315793269231 0.6131349278846154 0.7105166177884615 0.6036996105769231 0.7121749831730769 0.5898415 0.7100191225961539 0.5768679350961539 0.704712375 0.5692017355769231 0.6967522716346154 0.5624201057692308 0.6887921658653846 0.5665480576923076 0.6879180528846154 0.5671027596153846 0.6826562451923077 0.5739193942307692 0.6801687187500001 0.5809958846153847
4 0.6493233004807692 0.4897205865384615 0.6484941274038462 0.50416840625 0.6508158197115385 0.5180265336538462 0.6584442620192308 0.52864125 0.6667360360576923 0.5307052379807693 0.6770178341346154 0.5230390456730769 0.6816612379807693 0.5130140288461539 0.6816612379807693 0.49591250721153846 0.6786762019230769 0.4829389591346154 0.6712135913461539 0.47615732211538464 0.6607659543269231 0.47232422596153845 0.6610083317307692 0.47451016826923076 0.6546300408653847 0.47792644711538457 0.6493233004807692 0.4897205865384615
4 0.6352272836538462 0.5330640456730769 0.6325739110576923 0.546922173076923 0.6334030841346153 0.5587163221153847 0.6383781514423077 0.5666773605769231 0.644348235576923 0.5740487043269231 0.6554592163461539 0.5734590120192308 0.6634193269230769 0.5640236802884615 0.6654093485576923 0.5531141033653847 0.6657410216346153 0.5360125961538462 0.6617609687499999 0.5268721418269231 0.6529716826923077 0.5183213798076923 0.6420265408653846 0.5189110889423076 0.6445152764423077 0.5202920600961538 0.6388756634615385 0.5245133076923078 0.6352272836538462 0.5330640456730769
4 0.6637509903846154 0.5368971490384615 0.6645801754807692 0.5495758533653846 0.6660726923076923 0.5596008774038461 0.6695552427884616 0.5699207475961539 0.6771836826923077 0.5749332596153847 0.6869679687500001 0.5734590120192308 0.6934355528846154 0.5654979591346154 0.6967522716346154 0.5528192572115385 0.6967522716346154 0.5392559831730769 0.6931038894230769 0.5289361129807693 0.688957997596154 0.5218596298076923 0.6826562451923077 0.5183213798076923 0.6741986274038462 0.5189110889423076 0.6737398124999999 0.5208064639423077 0.6672335408653846 0.5280515432692308 0.6637509903846154 0.5368971490384615
4 0.6189753966346154 0.5755229663461539 0.617814548076923 0.5882016706730769 0.6188095649038462 0.6014700817307692 0.6236187908653845 0.6120848149038461 0.631081391826923 0.617097326923077 0.6403681826923078 0.6159179086538462 0.6461724254807693 0.6076620096153846 0.6501524759615385 0.595573014423077 0.6488257980769231 0.5802406322115384 0.6438507307692307 0.5684464855769231 0.6375489759615385 0.5607803100961538 0.6300863774038461 0.56107515625 0.6288902764423077 0.5635019375 0.6234529591346154 0.5687413461538461 0.6189753966346154 0.5755229663461539
4 0.5616128557692307 0.36872870432692306 0.5622761995192308 0.3834713774038461 0.5657587475961539 0.3937912548076923 0.5717288197115384 0.4005728846153846 0.5778647427884616 0.40263685576923075 0.5863223509615385 0.3985089206730769 0.5934532788461538 0.38494564903846157 0.5931216081730769 0.36312648317307694 0.5884782115384616 0.3498580721153846 0.5763722259615385 0.3430764447115384 0.5680804399038462 0.3472043942307692 0.5687050913461539 0.34899576442307695 0.563437045673077 0.3581139711538462 0.5616128557692307 0.36872870432692306
4 0.5921266009615385 0.3654853076923077 0.5927899447115385 0.3840610865384615 0.5961066538461538 0.3932015408653846 0.6058909471153846 0.40116259374999996 0.6163385841346154 0.39762434375000005 0.6219769951923078 0.3873044735576923 0.6252937115384616 0.37138238221153846 0.6236353461538461 0.3539860216346154 0.6161727524038461 0.3448455600961538 0.6022425673076923 0.34248673557692305 0.59925753125 0.34661468509615384 0.5985083317307692 0.34642374759615385 0.5934532788461538 0.35605000000000003 0.5921266009615385 0.3654853076923077
4 0.612026860576923 0.40234200961538463 0.6095393365384616 0.41767439182692306 0.6110318533653847 0.4312376490384615 0.6156752403846154 0.43860899278846155 0.6251278822115385 0.44421121394230767 0.6332538173076923 0.4412626730769231 0.6398872331730769 0.4309428028846154 0.6430381201923077 0.4197383629807692 0.6420430961538461 0.4044059807692308 0.6375655408653846 0.39231698557692307 0.6329221538461538 0.3875993269230769 0.6251278822115385 0.38465079326923074 0.6248393509615385 0.3850039951923077 0.6163385841346154 0.39261184615384614 0.612026860576923 0.40234200961538463
4 0.5798547644230769 0.40352142548076925 0.5778647427884616 0.41502071153846154 0.5790255889423077 0.4282891225961538 0.5815131225961538 0.4380192860576923 0.5878148774038462 0.4468648942307692 0.5987600192307693 0.4462751850961538 0.6063884591346154 0.4380192860576923 0.6108660240384615 0.4282891225961538 0.6098709999999999 0.4073545216346154 0.6060567884615384 0.39644494230769234 0.5984283461538461 0.3890735985576923 0.5922924326923077 0.3878941826923077 0.5924319423076922 0.38963362500000004 0.5856590168269231 0.3937912548076923 0.5798547644230769 0.40352142548076925
4 0.6170019278846154 0.5284100120192308 0.6231378509615385 0.5348968028846154 0.6325904735576924 0.5343070961538461 0.6378972019230769 0.530474 0.6425406081730769 0.5210386850961538 0.6448623004807692 0.5065908557692308 0.6425406081730769 0.49332244471153847 0.638560545673077 0.4844768365384615 0.6297712668269231 0.4774003533653846 0.6209819879807692 0.47975919471153844 0.6159285360576923 0.4871105216346154 0.6170268509615385 0.48737025 0.6118610288461539 0.49509156971153845 0.6110318533653847 0.5095393966346153 0.6131877163461539 0.5204489759615385 0.6170019278846154 0.5284100120192308
4 0.5964383245192308 0.45174809375 0.5961066538461538 0.4659010673076923 0.5977650024038461 0.4774003533653846 0.6043984278846154 0.4883099326923077 0.6128560360576923 0.49007905769230764 0.622142826923077 0.48536140865384614 0.62628871875 0.4744518221153846 0.6267862307692307 0.45852973076923076 0.6266203990384616 0.4482098533653846 0.6214794831730769 0.4393642451923077 0.6103685120192307 0.4299289326923077 0.6097930528846154 0.4318146947115385 0.6002525360576922 0.43965909855769236 0.5964383245192308 0.45174809375
4 0.5811814519230769 0.50423203125 0.5823422980769231 0.5198592668269231 0.5888098846153846 0.5289997211538462 0.5984283461538461 0.5351916490384615 0.6075493052884615 0.5284100120192308 0.6118610288461539 0.5183850048076923 0.6131877163461539 0.49921951201923076 0.6097051682692307 0.48801509374999996 0.5985941875 0.47916947836538465 0.5889757235576923 0.47946432451923077 0.5889597211538461 0.48222621634615387 0.5831714831730769 0.4927327355769231 0.5811814519230769 0.50423203125
4 0.5980966754807693 0.5546519903846154 0.6007500480769231 0.5661512764423077 0.6063884591346154 0.5779454254807692 0.6171677596153846 0.5800093966346154 0.6234695144230769 0.5738174831730769 0.6286104110576923 0.5646770144230769 0.630268778846154 0.5466909375 0.6266203990384616 0.5340122331730769 0.6209819879807692 0.525166625 0.6135193798076923 0.5225129471153847 0.6043984278846154 0.5254614879807693 0.6034273124999999 0.5280081105769231 0.599589201923077 0.5399093149038461 0.5980966754807693 0.5546519903846154
4 0.5705679735576923 0.5396144374999999 0.56824628125 0.5519983100961539 0.5700704711538461 0.5673306923076923 0.5758747139423077 0.5770608533653846 0.5888098846153846 0.5811888125 0.5985941875 0.5705740793269231 0.6004183774038462 0.5508188942307692 0.5971016682692307 0.5351916490384615 0.5825081394230769 0.5231026538461538 0.5828833317307692 0.5244072860576924 0.5757088822115385 0.5284100120192308 0.5705679735576923 0.5396144374999999
4 0.6032375817307692 0.6229286971153846 0.6027400697115385 0.6394404975961538 0.6053934447115384 0.6544780168269231 0.612026860576923 0.6609648076923077 0.624132858173077 0.6621442235576923 0.6312637860576923 0.6541831850961538 0.6334196490384615 0.6423890528846155 0.6344146706730769 0.6273515024038462 0.6307662740384615 0.6146727980769231 0.6231378509615385 0.6046477908653846 0.6145144038461539 0.6043529278846154 0.6141333317307692 0.6056830072115384 0.6077151370192307 0.6120191201923076 0.6032375817307692 0.6229286971153846
4 0.5781964158653846 0.5928536418269231 0.5773672307692308 0.6043529278846154 0.57885975 0.6164419230769231 0.58532734375 0.6258772379807692 0.5924582740384615 0.6297103509615384 0.6004183774038462 0.62882578125 0.6075493052884615 0.6167367860576923 0.6095393365384616 0.6028786730769231 0.6080468173076923 0.5904948076923077 0.6040667572115385 0.5787006754807693 0.5980966754807693 0.5751624254807692 0.5903024110576923 0.5701499134615384 0.5898277764423077 0.571217985576923 0.5811814519230769 0.5807646466346154 0.5781964158653846 0.5928536418269231
4 0.5674261298076924 0.4454595625 0.56444109375 0.4519463533653846 0.56311440625 0.4622662235576923 0.5642752620192307 0.47700887980769235 0.5669286370192308 0.4843802403846154 0.5714061923076923 0.49234127884615386 0.5788687836538462 0.49470012740384617 0.5881555745192307 0.48998246153846153 0.5952865024038462 0.4778934663461539 0.5956181826923077 0.46197136057692306 0.5923014663461539 0.44870296394230774 0.5878239110576924 0.4401522043269231 0.5806929831730769 0.4339602764423077 0.5799898124999999 0.43438671153846153 0.5727328774038462 0.4386779423076923 0.5674261298076924 0.4454595625