4 0.32101272115384616 0.37961721153846156 0.3126838629807692 0.38616543990384616 0.3080389182692308 0.3961301418269231 0.30787875240384616 0.41321248076923073 0.3123635216346154 0.42517012019230765 0.3208525576923077 0.43570422355769234 0.3314238052884615 0.4302948149038462 0.3373501105769231 0.4197607091346154 0.3375102860576923 0.39499131730769227 0.3299591658653846 0.3800465889423077 0.32101272115384616 0.37961721153846156
4 0.3503438269230769 0.38873503846153845 0.34121411298076926 0.3961373798076923 0.3392920721153846 0.41606677644230766 0.3424954831730769 0.43257970192307693 0.3514650216346154 0.4428291033653846 0.3629973004807692 0.4408361682692308 0.37068546874999997 0.42517735817307695 0.36892359375 0.4012620817307692 0.35861521153846154 0.3879693942307692 0.3503438269230769 0.38873503846153845
4 0.32872342307692304 0.4251613125 0.32087506971153845 0.4379730673076923 0.32119540865384616 0.461603639423077 0.3312861538461539 0.4784012692307692 0.3420175673076923 0.47754715384615387 0.3514676201923077 0.46245775480769236 0.3497057475961538 0.43911189423076924 0.33945484855769226 0.4243071995192308 0.32872342307692304 0.4251613125
4 0.30110681490384616 0.4241685649038462 0.2935630865384615 0.43178737019230773 0.29116281730769233 0.4491582548076923 0.29407743509615386 0.4689671610576923 0.3031642019230769 0.47750023317307694 0.31156516346153845 0.47597646394230775 0.3197946947115385 0.46622438701923075 0.3220235240384615 0.44458697355769233 0.31962324278846155 0.4314826201923077 0.31036503365384616 0.42264480288461537 0.30110681490384616 0.4241685649038462
4 0.27195397836538465 0.42552790865384615 0.2640673533653846 0.4428987980769231 0.2674963100961538 0.4688027427884615 0.2784690096153846 0.4782500673076923 0.2902989519230769 0.47337403365384617 0.29482450480769234 0.4569469399038461 0.29211455528846153 0.4350169711538462 0.2836411826923077 0.4230937331730769 0.27195397836538465 0.42552790865384615
4 0.36623255528846155 0.43927016346153847 0.35903172355769236 0.46029807451923077 0.3624606923076923 0.4825450024038461 0.37411918028846153 0.49290658413461536 0.38560621634615383 0.4874210360576923 0.3907496634615385 0.4612123293269231 0.38112303365384614 0.4376890456730769 0.36623255528846155 0.43927016346153847
4 0.40257416826923076 0.41618593269230775 0.3934874038461539 0.4235 0.38920119951923077 0.43873761298076924 0.3909156802884616 0.45946077884615383 0.3986308629807693 0.47256513221153845 0.41183237740384615 0.4740888894230769 0.42109059615384614 0.45488949038461535 0.42006189663461535 0.43020455288461534 0.4125181682692308 0.41740494951923074 0.40257416826923076 0.41618593269230775
4 0.4420444543269231 0.3693435552884615 0.43450072596153844 0.3839716754807692 0.43655809855769234 0.4120088918269231 0.44975962500000005 0.42572274759615386 0.46398983894230766 0.4162754230769231 0.4677617019230769 0.39372375240384616 0.46433273317307694 0.3720863293269231 0.4528201706730769 0.3642276081730769 0.4420444543269231 0.3693435552884615
4 0.47956315625 0.3637268293269231 0.46961915625 0.3704313822115385 0.4643042548076923 0.3908497908653846 0.4679046658653846 0.4127919663461539 0.48076329567307696 0.42467730528846154 0.4948220673076923 0.41401097355769234 0.49825103605769233 0.3868880120192308 0.4901929567307692 0.36677435336538466 0.47956315625 0.3637268293269231
4 0.4462196730769231 0.41559101442307694 0.4357613245192308 0.4107149735576923 0.4251315216346154 0.4149815096153846 0.4196451778846154 0.43296190144230773 0.42255979807692307 0.45947536057692306 0.43713290624999995 0.4710559471153846 0.45084878125 0.45795159374999994 0.4522203653846154 0.43235239903846157 0.4462196730769231 0.41559101442307694
4 0.45345902403846156 0.4189644567307692 0.45054439423076925 0.4494396947115385 0.4632315817307692 0.471991375 0.47986206490384614 0.4628488004807692 0.48380538221153846 0.4396876177884615 0.4812336586538462 0.41926920913461535 0.46721771875 0.40979524038461534 0.45345902403846156 0.4189644567307692
4 0.4890701802884615 0.40768497115384617 0.48169789423076925 0.42871288701923077 0.4834123822115384 0.45278832451923073 0.49747114182692304 0.4680259375 0.5120442620192308 0.4552263461538461 0.5153017788461539 0.42779863221153847 0.5053577668269231 0.4089039807692308 0.4890701802884615 0.40768497115384617
4 0.2520217548076923 0.47613043269230765 0.24760956490384614 0.49517706009615386 0.25181164423076924 0.5149706081730769 0.2648380889423077 0.5250541177884616 0.27807463221153844 0.5123563677884616 0.27807463221153844 0.4813589182692307 0.2646279783653846 0.4667938533653846 0.2520217548076923 0.47613043269230765
4 0.2840628125 0.4707633557692308 0.27902031971153846 0.48084686298076923 0.27775969951923074 0.5006404110576923 0.2840628125 0.5181931802884615 0.29834989182692306 0.5237951370192307 0.308014670673077 0.5025077211538462 0.3063338317307692 0.4782326153846154 0.2956185288461538 0.4670287211538462 0.2840628125 0.4707633557692308
4 0.26521114182692307 0.5199403918269231 0.2526049014423077 0.5176996129807692 0.24315021875 0.5315177548076924 0.24294012259615386 0.5528051514423077 0.24945334615384615 0.5707313966346154 0.2626898870192308 0.5740925673076923 0.27235466586538465 0.5550459375 0.27235466586538465 0.535252389423077 0.26521114182692307 0.5199403918269231
4 0.27261879086538465 0.5377320817307693 0.27514003125 0.56238065625 0.28795637980769234 0.5732110817307693 0.30140303365384613 0.5638745048076923 0.3028737475961539 0.53250359375 0.2919483485576923 0.5171916033653846 0.27967059615384615 0.5193618365384615 0.27261879086538465 0.5377320817307693
4 0.2592430625 0.5667577355769231 0.2476873485576923 0.5667577355769231 0.23844277403846154 0.5772146995192308 0.23823267788461538 0.5977551778846154 0.24516610817307694 0.617548733173077 0.2602935865384616 0.6205364423076923 0.26806743028846153 0.6007428870192307 0.2670103197115385 0.5762510865384616 0.2592430625 0.5667577355769231
4 0.2544732331730769 0.6177912524038462 0.2454387716346154 0.6103219975961538 0.23661440625000002 0.616297403846154 0.2305213894230769 0.6327297860576924 0.23367294471153846 0.6543906634615385 0.24480845432692308 0.6670884014423077 0.25951572596153843 0.6584987596153845 0.26140666346153846 0.6327297860576924 0.2544732331730769 0.6177912524038462
4 0.2886519567307692 0.5663870552884616 0.27415477884615386 0.5682543798076923 0.2665910480769231 0.5861806105769231 0.2689021899038461 0.608961875 0.2825589399038461 0.6205392235576923 0.2968460048076923 0.6104557235576923 0.2962157019230769 0.5809521274038462 0.2886519567307692 0.5663870552884616
4 0.27667461538461535 0.60947359375 0.263028375 0.618286795673077 0.2591459855769231 0.6387708822115384 0.26411678365384617 0.6601625600961539 0.27920637740384613 0.6660900841346155 0.28975568028846155 0.6501642788461539 0.2882408389423077 0.6227683653846154 0.27667461538461535 0.60947359375
4 0.3069869158653846 0.47571696634615385 0.3063566129807692 0.5048470985576923 0.3168618052884616 0.5212794831730769 0.33009834615384614 0.5197856346153846 0.33682168028846154 0.4984982235576923 0.3334600120192308 0.47571696634615385 0.3212739807692308 0.46525999759615383 0.3069869158653846 0.47571696634615385
4 0.3466723413461539 0.46799326201923075 0.3378479735576923 0.47471560336538465 0.3332256875 0.4933887668269231 0.3363772572115385 0.5165434855769231 0.35108453125 0.5240127524038461 0.36348065865384616 0.5105680673076923 0.36411097596153846 0.4851725745192308 0.3571775456730769 0.47247481971153843 0.3466723413461539 0.46799326201923075
4 0.3152478485576923 0.5136882451923077 0.3007506875 0.5282533052884616 0.30201130528846154 0.5570099759615385 0.31335691105769226 0.5719485096153846 0.3284844038461538 0.5652261658653847 0.33289658173076925 0.5428183774038462 0.3268035649038462 0.5204105889423076 0.3152478485576923 0.5136882451923077
4 0.31195612500000003 0.56143821875 0.2987195841346154 0.5692809471153846 0.2951478197115385 0.5913152860576922 0.2999802043269231 0.6103619038461539 0.31531779326923076 0.6182046466346154 0.3262431923076923 0.59766415625 0.32364810096153845 0.5728754399038462 0.31195612500000003 0.56143821875
4 0.3141532740384615 0.6170674591346154 0.30170590384615387 0.606531545673077 0.28828578846153846 0.6218459302884616 0.28849589903846157 0.647614889423077 0.29774047115384616 0.6640472740384615 0.31517909375000003 0.657698391826923 0.31865803846153845 0.6332927620192308 0.3141532740384615 0.6170674591346154
4 0.35052183413461535 0.5186648221153847 0.3379156081730769 0.520158670673077 0.32930133894230773 0.5418195408653846 0.33476403846153846 0.5679619711538462 0.35178246875 0.5735639158653846 0.36165734375 0.5548907475961539 0.3599765168269231 0.5328564182692308 0.35052183413461535 0.5186648221153847
4 0.3465139086538462 0.5680028846153846 0.3370592235576923 0.5638947884615384 0.32781465144230765 0.5743517644230769 0.3255035096153846 0.5967595528846154 0.3307561129807692 0.6161796466346154 0.34672400480769233 0.6206612043269231 0.35512816346153847 0.6004941874999999 0.35421312259615384 0.5772717524038462 0.3465139086538462 0.5680028846153846
4 0.34723564423076925 0.6244247067307692 0.33577669230769225 0.6093045 0.31896837259615385 0.6193880024038462 0.3181279591346154 0.6466508245192307 0.32905335817307696 0.6679382139423077 0.34656741346153846 0.6559012307692308 0.34723564423076925 0.6244247067307692
4 0.3540569423076923 0.60567171875 0.34313154326923073 0.6217306394230769 0.34502246634615386 0.6553423173076923 0.3649823413461538 0.6635585096153847 0.37548753365384613 0.6362956995192307 0.36789018269230767 0.6124034014423076 0.3540569423076923 0.60567171875
4 0.36473669471153847 0.5502500312499999 0.35171025 0.5633212403846154 0.3542314879807692 0.5961860072115385 0.36956907692307694 0.6085102956730769 0.3844864471153846 0.5849821057692307 0.3786035552884615 0.5584662211538461 0.36473669471153847 0.5502500312499999
4 0.36906084375000003 0.4911160168269231 0.3568748125 0.5146441971153846 0.3638082427884616 0.543400875 0.3808266706730769 0.54937628125 0.3919621658653846 0.5243542427884615 0.38381690865384616 0.49362028125 0.36906084375000003 0.4911160168269231
4 0.38422647115384617 0.5888704567307692 0.36972931009615384 0.6026885913461538 0.37077981971153845 0.6363002836538462 0.38695782211538465 0.64899803125 0.40061458413461537 0.6273371658653846 0.3970428221153846 0.6008212692307692 0.38422647115384617 0.5888704567307692
4 0.3847680841346154 0.5329675528846154 0.37636392548076925 0.5512672475961539 0.37783465384615383 0.5792769879807692 0.3923318173076923 0.5886135769230769 0.40388753125 0.5774096754807693 0.4070391033653846 0.5531345649038462 0.39779453125 0.53632871875 0.3847680841346154 0.5329675528846154
4 0.40167617788461535 0.5160111466346154 0.4096601298076923 0.5092888052884615 0.41197127403846157 0.4831463822115385 0.4111308605769231 0.47007516346153844 0.3966336850961539 0.4622324399038461 0.3884396346153846 0.46746092307692305 0.3827668245192308 0.4928564206730769 0.390960875 0.5111561274038462 0.40167617788461535 0.5160111466346154
4 0.40770615865384613 0.5564848173076923 0.4180012403846154 0.5579786658653846 0.42598519230769233 0.5471482259615384 0.4274559230769231 0.5183915552884616 0.4142193677884615 0.5008387932692308 0.399608125 0.5150358774038462 0.3976211586538462 0.5400524326923077 0.40770615865384613 0.5564848173076923
4 0.43080287740384615 0.4641785360576923 0.416725923076923 0.45969697836538465 0.4066409375 0.4761293605769231 0.4064308269230769 0.5022717836538462 0.41756633653846154 0.5209449471153846 0.43164329086538467 0.5149695408653846 0.43857672115384616 0.4959229086538462 0.4381565144230769 0.4779966778846154 0.43080287740384615 0.4641785360576923
4 0.46121887259615385 0.45929913942307693 0.4471419182692308 0.45593797355769233 0.43600640865384616 0.47311728125 0.4374771394230769 0.5037412692307692 0.4517642043269231 0.5168124807692307 0.4681523028846154 0.5071024399038462 0.4689927163461538 0.4779723028846154 0.46121887259615385 0.45929913942307693
4 0.43989346153846154 0.5032625985576923 0.42518618990384616 0.5129726466346154 0.42182452403846155 0.5357538966346154 0.42686701682692313 0.557788235576923 0.4430450192307692 0.5656309543269231 0.4550209399038462 0.5454639495192308 0.4543560456730769 0.5199996995192308 0.43989346153846154 0.5032625985576923
4 0.4082311514423077 0.5691170913461538 0.3970956418269231 0.57920059375 0.39331378365384617 0.6031022451923077 0.4036088653846154 0.6258834951923077 0.4202070745192307 0.6217753990384616 0.42608999519230767 0.5975002884615385 0.42062728125000004 0.5773332836538462 0.4082311514423077 0.5691170913461538
4 0.44579001201923074 0.5592105600961539 0.42330889663461535 0.543525108173077 0.4159552620192307 0.566679826923077 0.42477962740384617 0.5935691754807693 0.44263845673076924 0.5917018653846153 0.44514726923076925 0.5733336778846154 0.44579001201923074 0.5592105600961539
4 0.4425067043269231 0.5920495024038461 0.42842973557692304 0.5898087163461538 0.41918516105769227 0.6137103677884616 0.42401755769230765 0.6405997259615385 0.44229659375 0.6443343605769231 0.44986033894230765 0.6286489014423077 0.45028054567307696 0.6028799399038461 0.4425067043269231 0.5920495024038461
4 0.4852600336538462 0.44993172115384616 0.47097296875 0.4633763942307692 0.46740120432692306 0.48877189182692304 0.4764356682692308 0.5085654471153845 0.48946211298076925 0.5126735432692308 0.5010178293269231 0.49437384855769234 0.5000199879807693 0.47051505288461537 0.4852600336538462 0.44993172115384616
4 0.47466400000000003 0.49684071394230767 0.46205776201923077 0.4998284230769231 0.4538637115384615 0.5155138822115385 0.4553344423076923 0.542029766826923 0.47025181009615385 0.5565948269230769 0.48516919230769234 0.54128284375 0.4858745408653846 0.5159330288461539 0.47466400000000003 0.49684071394230767
4 0.5021322836538462 0.4572211875 0.4964594735576923 0.48224321875 0.5025524903846154 0.5050244807692308 0.5172597620192307 0.5128672115384615 0.5296558918269231 0.4956879038461538 0.5304963173076923 0.46991893028846154 0.5171217764423077 0.45132497355769235 0.5021322836538462 0.4572211875
4 0.5043214783653845 0.4971170336538462 0.4904546201923077 0.5004782043269231 0.4831009831730769 0.5243798413461538 0.4877232692307692 0.5486549543269231 0.503270954326923 0.55873846875 0.5165075120192307 0.538571451923077 0.5164328822115385 0.5165456923076923 0.5043214783653845 0.4971170336538462
4 0.49310069951923075 0.5413552764423077 0.4771327932692308 0.5458368341346154 0.47019936298076925 0.5660038509615385 0.47335092067307694 0.5884116514423077 0.48595715865384614 0.6011094014423077 0.49982401923076925 0.5921462740384615 0.5031514831730769 0.5645917716346154 0.49310069951923075 0.5413552764423077
4 0.46094322836538465 0.5442721009615384 0.4495976225961539 0.548006735576923 0.44182378125 0.5629452572115384 0.4426641923076923 0.5842326730769231 0.45085824278846154 0.5980508076923077 0.4632543725961539 0.6010385168269231 0.47333935817307693 0.5849795961538462 0.47171101923076925 0.5595906081730769 0.46094322836538465 0.5442721009615384
4 0.46384105769230766 0.5909457115384615 0.4520752451923077 0.6036434615384615 0.44976410096153846 0.6342674423076923 0.46279053365384615 0.6495794254807692 0.4772877091346154 0.6443509567307693 0.48422113942307693 0.6185819831730769 0.47707759855769233 0.6002822908653846 0.46384105769230766 0.5909457115384615
4 0.5399345793269231 0.3611369134615385 0.5303048173076923 0.3735856826923077 0.5316179615384615 0.4097649375 0.5475946177884615 0.42454785096153846 0.5613826826923077 0.4085978677884615 0.5642278533653846 0.3821442163461538 0.5567866658653846 0.36424910576923075 0.5399345793269231 0.3611369134615385
4 0.5446304326923077 0.41572878365384613 0.5310612331730769 0.4067812259615385 0.5179297331730769 0.4145617139423077 0.51399028125 0.4394592668269231 0.5185863125 0.45929949278846155 0.53281209375 0.4705811995192307 0.5461624423076923 0.45424218028846153 0.5481321682692308 0.4344019399038462 0.5446304326923077 0.41572878365384613
4 0.5795484014423077 0.36068009615384616 0.5681677644230769 0.37974228365384616 0.5696997740384615 0.40930812499999997 0.5841444182692308 0.4233129927884616 0.5999022235576923 0.41319836778846153 0.6038416442307692 0.381298375 0.5930591009615385 0.3592440865384615 0.5795484014423077 0.36068009615384616
4 0.5771950120192307 0.40518126923076925 0.5607806418269231 0.4047922451923077 0.5491811514423077 0.42190931009615384 0.5520263076923076 0.4510861177884615 0.5662521033653847 0.4654800216346154 0.582447608173077 0.4510861177884615 0.5844254399038461 0.42537918509615386 0.5771950120192307 0.40518126923076925
4 0.5633943173076923 0.4526543966346154 0.5478553918269231 0.44681903125000005 0.5353804735576924 0.4651031658653846 0.5358181899038461 0.4962251009615385 0.5511382644230769 0.5086738774038462 0.5664583389423077 0.496614125 0.5699600745192307 0.4732726778846154 0.5633943173076923 0.4526543966346154
4 0.5467243990384616 0.49374460817307697 0.5303100288461539 0.4929665552884615 0.5202425504807692 0.5073604519230769 0.5204614014423077 0.5361482427884615 0.5331551850961538 0.5528762836538461 0.5504449855769231 0.5447067740384616 0.5530712764423077 0.5163080144230769 0.5467243990384616 0.49374460817307697
4 0.6098759879807693 0.35980538942307694 0.599709545673077 0.3858276370192308 0.6037761057692308 0.4154640745192308 0.6249223004807691 0.42124678846153846 0.6359033485576924 0.3897094903846154 0.6283138197115385 0.3661624086538462 0.6098759879807693 0.35980538942307694
4 0.6299763822115385 0.40885180288461537 0.6168512427884616 0.4198307019230769 0.6151140889423077 0.4503657596153846 0.6253439807692308 0.46854955528846154 0.6419500120192307 0.4665402259615385 0.6508964711538462 0.4376266153846154 0.645547875 0.41320235096153846 0.6299763822115385 0.40885180288461537
4 0.61942175 0.43957012740384616 0.6171055432692308 0.4182985144230769 0.6014711875000001 0.4056041610576923 0.5887320793269231 0.4169261490384616 0.5829415817307693 0.4392270360576923 0.5881530240384616 0.46118482932692306 0.6028223076923077 0.47010517788461537 0.6145963269230769 0.45741083173076924 0.61942175 0.43957012740384616
4 0.5851595024038462 0.4462751129807693 0.5691391129807692 0.45656783173076926 0.5645067115384615 0.47955489182692307 0.5699111778846153 0.49911105048076926 0.5830363173076922 0.5097468605769231 0.5973195528846154 0.494650875 0.5996357620192307 0.46617436538461543 0.5851595024038462 0.4462751129807693
4 0.6098898389423076 0.45411232211538466 0.5985018509615384 0.4709237548076923 0.5979227956730769 0.49562627884615384 0.6098898389423076 0.513810079326923 0.6212778269230769 0.513123889423077 0.6318937475961538 0.49734172596153847 0.6313147067307692 0.46783594951923074 0.6226289471153846 0.45479850240384617 0.6098898389423076 0.45411232211538466
4 0.6433817091346155 0.4538260480769231 0.6319937091346154 0.46617730288461534 0.630449579326923 0.4963692716346154 0.6422235985576923 0.5148961634615384 0.6541906418269231 0.5131807163461539 0.6638414903846154 0.500486358173077 0.6657716370192308 0.4744114759615385 0.6559733317307692 0.4558552980769231 0.6433817091346155 0.4538260480769231
4 0.5698708197115384 0.4915361298076923 0.5542364639423076 0.49874103125 0.5496040625 0.5210419182692307 0.553271389423077 0.5436858966346154 0.5665895384615385 0.5526062451923077 0.5824169158653846 0.5402549879807692 0.5829959711538462 0.5093768413461539 0.5698708197115384 0.4915361298076923
4 0.5833456153846154 0.5036851322115384 0.5781341586538461 0.5294169254807692 0.5868199182692307 0.5527470817307693 0.6022612524038462 0.5537763509615384 0.6119121009615385 0.5373080072115385 0.6122981322115385 0.5102038557692308 0.6041914278846154 0.4978525985576923 0.5937685144230769 0.4940786033653846 0.5833456153846154 0.5036851322115384
4 0.6396729158653846 0.5043131778846154 0.6271268317307693 0.49813755528846154 0.6138086826923077 0.5104888125 0.6114924759615384 0.5351913245192308 0.6167039326923077 0.5523458581730769 0.6296360504807693 0.5585214927884615 0.642761201923077 0.5496011298076924 0.64558503125 0.5204453677884615 0.6396729158653846 0.5043131778846154
4 0.6549735552884616 0.49970699759615383 0.6431995240384616 0.51926315625 0.6441646105769231 0.5398485961538462 0.6505341634615385 0.5573462067307692 0.6653964567307693 0.5583754759615385 0.6771704759615385 0.5412209543269231 0.6760123774038462 0.5165184278846154 0.6690525336538461 0.5047561057692308 0.6549735552884616 0.49970699759615383
4 0.526979625 0.5378903629807692 0.5132754423076923 0.5375472716346154 0.5047827043269231 0.5581326995192307 0.5069058894230769 0.5845506730769231 0.5202240384615384 0.59621575 0.5368234807692308 0.5838644927884615 0.5367961730769231 0.5565605673076923 0.526979625 0.5378903629807692
4 0.5613137716346154 0.5412470697115385 0.5508908725961539 0.5340421682692308 0.5364146129807692 0.5477657932692307 0.5340984062499999 0.5752130360576924 0.5431701995192307 0.5927106466346154 0.5545581875 0.5947691947115384 0.5665252283653847 0.580359389423077 0.5661093846153846 0.554942579326923 0.5613137716346154 0.5412470697115385
4 0.4945917379807692 0.5859760024038462 0.48938029326923077 0.6072476153846154 0.49362666346153844 0.6292054134615385 0.5054372836538461 0.6387430504807692 0.5189484567307692 0.6318812355769231 0.5224227596153846 0.6058063533653846 0.5197205216346154 0.5910534591346154 0.5060106346153846 0.5813825889423077 0.4945917379807692 0.5859760024038462
4 0.47630199519230765 0.6382655528846153 0.4739857860576923 0.6636542548076924 0.4859528293269231 0.6804656995192307 0.4994640024038462 0.6801225985576923 0.5073776971153846 0.6557631754807692 0.503903391826923 0.6338053774038461 0.48904110096153847 0.6228264783653846 0.47630199519230765 0.6382655528846153
4 0.5424123293269231 0.5823572331730769 0.5290941802884616 0.5820141442307692 0.5198293774038462 0.5974532115384615 0.5198293774038462 0.6228419158653846 0.5321824374999999 0.6386240793269231 0.5501330024038462 0.6297037283653846 0.5508163365384615 0.597389826923077 0.5424123293269231 0.5823572331730769
4 0.5231051899038461 0.6229452211538462 0.5068917788461539 0.6315224831730769 0.5045755697115385 0.6620575408653846 0.5151914927884615 0.6833291586538461 0.535458264423077 0.6754380649038462 0.5361237379807693 0.64185740625 0.5231051899038461 0.6229452211538462
4 0.5867352788461538 0.5401977836538461 0.5722590192307693 0.5395115985576923 0.56376628125 0.5594108533653845 0.5647313557692308 0.5854857379807693 0.5813308004807692 0.5992093509615384 0.5952280048076923 0.5872011850961538 0.5964918221153847 0.5583172451923077 0.5867352788461538 0.5401977836538461
4 0.5706728485576923 0.5816911466346154 0.5579337403846154 0.5830635048076923 0.548282891826923 0.5978164014423076 0.5498270360576923 0.6249205528846153 0.5633382067307692 0.6410458052884616 0.5799376514423077 0.6290376370192308 0.5806818701923077 0.5994014495192308 0.5706728485576923 0.5816911466346154
4 0.5519670288461538 0.6249094567307693 0.5359466418269231 0.6328005384615385 0.5328583677884615 0.6660803365384615 0.5469485961538462 0.6852933942307692 0.5639340721153846 0.6770592235576923 0.5660572572115384 0.64034853125 0.5519670288461538 0.6249094567307693
4 0.6083519759615384 0.5399103966346154 0.5959989014423077 0.5522616514423077 0.5929106418269231 0.5714747211538461 0.6000522596153846 0.5961772475961539 0.6156866177884616 0.5968634254807692 0.6264955625 0.5817674423076923 0.6264955625 0.558780375 0.6176167788461538 0.5426551177884615 0.6083519759615384 0.5399103966346154
4 0.5978784038461538 0.5819557307692308 0.5857183389423077 0.5850435360576923 0.5770325913461538 0.6045997067307692 0.5799278413461538 0.6293022211538462 0.5938250456730769 0.6433689350961539 0.6100384567307692 0.6279298629807692 0.6096606442307693 0.6008328725961538 0.5978784038461538 0.5819557307692308
4 0.5927934375 0.6375450072115385 0.5810194182692308 0.6258799302884616 0.5655780721153846 0.6334279110576924 0.5626828221153846 0.6608751514423077 0.5684733221153846 0.6800882331730769 0.5783171802884616 0.6876362259615385 0.5910562860576923 0.6783727740384615 0.5958817091346154 0.6560718870192308 0.5927934375 0.6375450072115385
4 0.6506163004807692 0.5445995528846154 0.6371051298076923 0.543913375 0.6264892067307692 0.5579800841346154 0.6268752379807693 0.587485875 0.6396143461538462 0.6042973052884615 0.6585299831730769 0.5929753173076923 0.6598811033653846 0.5651849879807692 0.6506163004807692 0.5445995528846154
4 0.6680595552884616 0.5414378653846155 0.6572506250000001 0.5651111105769231 0.6572506250000001 0.5908429038461539 0.6724989471153846 0.6066250673076923 0.6877472716346154 0.5973616177884615 0.6914145865384616 0.5695712860576922 0.683113110576923 0.5486827716346154 0.6680595552884616 0.5414378653846155
4 0.6632182259615385 0.5873277163461539 0.6431444783653847 0.6013944326923076 0.640056204326923 0.6343311225961539 0.6558835841346154 0.6507994639423077 0.6717109639423077 0.6463392908653846 0.676536375 0.6106578774038461 0.6632182259615385 0.5873277163461539
4 0.6364853822115385 0.5918423149038461 0.6241323052884616 0.5818926850961538 0.6104281129807693 0.594930125 0.6077258846153846 0.6158586490384615 0.6119722548076922 0.6354148076923077 0.6245183389423077 0.6439920697115386 0.6389945985576924 0.63507171875 0.6411665384615385 0.6126042115384616 0.6364853822115385 0.5918423149038461
4 0.6494998461538461 0.6354545889423077 0.6356026418269232 0.629622045673077 0.6240216322115385 0.6447180288461538 0.6234425769230769 0.6755961778846153 0.6354096177884615 0.6900059831730769 0.6535531923076923 0.6828010793269231 0.6563031153846153 0.6548126298076924 0.6494998461538461 0.6354545889423077
4 0.6261488533653845 0.6632151971153846 0.621902483173077 0.6361110456730769 0.6076192475961538 0.6265045048076924 0.5931429879807693 0.6416004903846153 0.5923709230769231 0.6700770096153845 0.6026008125 0.6882608004807692 0.618235170673077 0.682771358173077 0.6261488533653845 0.6632151971153846