4 0.5732447692307692 0.32506480288461537 0.5714218509615384 0.3412685072115385 0.5745468509615385 0.35562035817307697 0.5823593509615385 0.3648796177884615 0.5948593509615384 0.36395369230769237 0.6031926850961539 0.35052776682692305 0.6039739350961538 0.3255277668269231 0.5966822692307692 0.3148796177884616 0.5880885192307692 0.30886109855769234 0.5794947692307693 0.3158055432692307 0.5732447692307692 0.32506480288461537
4 0.5398147067307693 0.4190053052884615 0.5390334567307693 0.43520900961538456 0.5429397067307693 0.44956086057692307 0.5530959567307693 0.4583571586538462 0.5616897067307692 0.45557937980769225 0.5663772067307693 0.4472460480769231 0.5705438725961538 0.43335715865384616 0.5702834567307693 0.4157645649038461 0.5642938725961538 0.40465345432692307 0.5554397067307693 0.4004867884615385 0.5452834567307693 0.40650530528846157 0.5398147067307693 0.4190053052884615
4 0.2960671682692308 0.4044171105769231 0.2965880024038462 0.4220097043269231 0.30101508653846154 0.43312081490384613 0.31716091826923076 0.43589859134615383 0.3228900865384615 0.4233985913461539 0.32341091826923074 0.4085837764423077 0.3187234182692308 0.3946948894230769 0.30934841826923076 0.39052822115384617 0.30023383653846153 0.393306 0.2960671682692308 0.4044171105769231
4 0.39479344471153843 0.39791920913461537 0.3940121947115385 0.41180809855769235 0.3979184447115385 0.42199328365384614 0.40442886057692307 0.42893772836538463 0.4125017764423077 0.4284747644230769 0.41979344471153845 0.4187525432692307 0.4205746947115384 0.4057895793269231 0.4190121947115385 0.3909747644230769 0.41432469471153843 0.38217846875 0.4093767764423077 0.3794006899038462 0.3992205264423077 0.38310439423076925 0.39479344471153843 0.39791920913461537
4 0.3248980192307692 0.5911823052884615 0.3241167692307692 0.6050711923076924 0.3288042692307692 0.61803415625 0.3366167692307692 0.6235897115384615 0.34286676923076925 0.621737860576923 0.3514605192307692 0.5990526754807692 0.34989801923076924 0.5847008221153847 0.34521051923076923 0.5768304519230769 0.3387001009615384 0.5735897115384615 0.32854385096153843 0.5782193413461538 0.3248980192307692 0.5911823052884615
4 0.3625453149038461 0.4195824014423077 0.3620244831730769 0.4343972163461538 0.36567031490384616 0.4445824014423077 0.3708786490384615 0.4510638822115384 0.3776494831730769 0.45384166105769236 0.38442031490384615 0.4515268461538462 0.38806614903846154 0.44365647596153845 0.3909307331730769 0.4265268461538462 0.38832656490384615 0.4158786971153846 0.3831182331730769 0.4061564759615385 0.3755661490384616 0.40291573317307694 0.3674932331730769 0.40847129086538464 0.3625453149038461 0.4195824014423077
4 0.2561286274038462 0.4464817620192308 0.2532640432692308 0.45944472355769234 0.25534737740384617 0.4719447235576923 0.2595140432692308 0.48120398317307694 0.2642015432692308 0.4872225024038462 0.27357654326923075 0.4849076875 0.2798265432692308 0.4733336129807692 0.28217029326923077 0.4562039831730769 0.27800362740384615 0.4441669471153846 0.2725348774038462 0.4367595384615385 0.2673265432692308 0.43629657692307694 0.2605557091346154 0.4400002788461539 0.2561286274038462 0.4464817620192308
4 0.24595844711538462 0.5483335769230769 0.24491678125 0.5589817259615384 0.24673969711538463 0.5696298725961538 0.25090636298076924 0.5779632067307692 0.2576771971153846 0.5825928365384615 0.2712188629807692 0.573333576923077 0.2733021971153846 0.5571298725961539 0.27095844711538464 0.5427780216346154 0.2657501129807692 0.5367595024038462 0.2576771971153846 0.5316669110576924 0.2506459471153846 0.5381483918269231 0.24595844711538462 0.5483335769230769
4 0.44055690625 0.3357172331730769 0.43821315625 0.3449764903846154 0.43821315625 0.3588653798076923 0.4408173245192308 0.36858760336538465 0.44550482451923074 0.37229130528846155 0.4520152403846154 0.3764579735576923 0.45852565624999997 0.3746061201923077 0.4637339903846154 0.3671987139423077 0.46633815624999997 0.35330982451923076 0.46633815624999997 0.33803204807692305 0.4619110745192308 0.33155056490384616 0.4567027403846154 0.32692093509615383 0.45123399038461537 0.3255320480769231 0.44524440625 0.32923575 0.44055690625 0.3357172331730769
4 0.2860644302884615 0.4442318894230769 0.2829394302884615 0.4507133725961538 0.2831998461538462 0.45904670432692307 0.28424151442307694 0.47015781490384617 0.29205401442307694 0.48219485336538465 0.2988248461538462 0.4849726298076923 0.3061165144230769 0.4826578149038462 0.3097623461538461 0.4715467043269231 0.31158526442307694 0.46043559375000004 0.3095019302884615 0.4456207788461538 0.3053352644230769 0.43728744471153846 0.30012693028846155 0.43312077884615385 0.2951790144230769 0.4321948533653846 0.2902310961538462 0.4358985576923077 0.2860644302884615 0.4442318894230769
4 0.3258400889423077 0.39566095192307693 0.3232359206730769 0.4067720625 0.32401717067307695 0.4225128052884616 0.32844425480769235 0.43269799038461537 0.3344338389423077 0.4373276201923077 0.3438088389423077 0.4373276201923077 0.3484963389423077 0.4303831754807692 0.3511005048076923 0.41742021153846154 0.35136092067307695 0.40445725000000005 0.3471942548076923 0.3951979903846154 0.3425067548076923 0.3914942860576923 0.3365171706730769 0.3864016923076923 0.3310484206730769 0.3901053966346154 0.3258400889423077 0.39566095192307693
4 0.3836912427884615 0.501150795673077 0.38108707451923074 0.5104100552884615 0.3805662427884616 0.5215211658653847 0.38290999278846155 0.5307804254807692 0.39212703365384616 0.5438562692307692 0.3915037427884615 0.5418915360576924 0.40452457451923074 0.5381878317307692 0.4079099927884616 0.5284656105769231 0.40843082451923074 0.5108730168269231 0.40634749278846155 0.5053174615384616 0.40270165865384616 0.49791005528846155 0.3951495745192308 0.49281746153846157 0.38889957451923074 0.49374338701923076 0.3836912427884615 0.501150795673077
4 0.24037224759615386 0.5880229278846154 0.23880974759615384 0.5954303341346153 0.23907016346153845 0.6065414447115385 0.24141391346153848 0.6195044086538462 0.24688266346153845 0.6250599639423077 0.2518305793269231 0.6269118149038462 0.25703891346153845 0.6259858894230769 0.2627680793269231 0.6213562596153845 0.26537224759615385 0.6125599639423077 0.2669347475961538 0.6023747788461539 0.2669347475961538 0.5903377427884615 0.2627680793269231 0.5829303341346154 0.25782016346153847 0.578300704326923 0.25235141346153844 0.5769118149038461 0.24532016346153848 0.5792266298076924 0.24037224759615386 0.5880229278846154
4 0.3169961370192308 0.4357090216346154 0.3125690552884616 0.44311643028846154 0.3107461370192308 0.45237568990384613 0.3107461370192308 0.4616349495192308 0.3120482211538462 0.4690423557692308 0.31491280528846155 0.47552383653846153 0.31907947115384616 0.4810793918269231 0.3253294711538462 0.48339420673076927 0.3315794711538462 0.4806164302884615 0.33626697115384613 0.4736719855769231 0.3393919711538462 0.4616349495192308 0.33861072115384616 0.4486719855769231 0.3360065552884616 0.4398756899038462 0.3321003052884616 0.4357090216346154 0.3274128052884615 0.43107939182692306 0.32298572115384616 0.43107939182692306 0.3169961370192308 0.4357090216346154
4 0.36736164182692305 0.4664088870192308 0.365799141826923 0.4765940745192308 0.365799141826923 0.4830755552884615 0.3671012259615385 0.4923348149038462 0.36996581009615387 0.49974222115384614 0.37543456009615384 0.5034459254807693 0.37960122596153845 0.5039088870192308 0.3858512259615384 0.5043718509615385 0.3905387259615385 0.49742740625 0.39262206009615386 0.4840014807692308 0.393142891826923 0.4733533317307692 0.39079914182692305 0.4631681466346154 0.38480956009615386 0.45576074038461534 0.377517891826923 0.4543718509615384 0.37152831009615384 0.45946444471153847 0.36736164182692305 0.4664088870192308
4 0.34344155528846154 0.4378668942307692 0.33979572115384615 0.4438854134615384 0.33979572115384615 0.4508298581730769 0.33953530528846154 0.46194096874999996 0.3429207211538462 0.46888541346153845 0.3457853052884615 0.4767557836538462 0.35203530528846155 0.48045948798076926 0.3567228052884615 0.48045948798076926 0.3624519711538462 0.47721874759615385 0.3663582211538462 0.4665705985576923 0.36739988942307694 0.4573113389423077 0.3658373894230769 0.44342244951923077 0.3611498894230769 0.43508911778846154 0.3530769711538462 0.43092244951923075 0.34812905528846155 0.43092244951923075 0.34344155528846154 0.4378668942307692
4 0.25170320192307694 0.4990263894230769 0.2501407019230769 0.5073597235576923 0.2501407019230769 0.5166189807692307 0.25170320192307694 0.5240263894230769 0.2563907019230769 0.5309708341346154 0.26003653605769234 0.5356004639423078 0.2665469519230769 0.5369893533653847 0.2720157019230769 0.5346745384615385 0.2767032019230769 0.5078226850961538 0.2748802860576923 0.4976375 0.2722761177884615 0.49393379567307694 0.2686302860576923 0.49115601923076924 0.2647240360576923 0.4893041682692308 0.25899486778846154 0.48884120432692313 0.2535261177884615 0.49254490865384615 0.25170320192307694 0.4990263894230769
4 0.2698696875 0.5899157572115384 0.2690884375 0.5982490913461539 0.2688280216346154 0.6056564975961538 0.2706509375 0.6139898317307693 0.2737759375 0.6213972379807693 0.2769009375 0.6251009423076923 0.2831509375 0.6274157572115384 0.2888801033653846 0.6246379783653846 0.29304677163461534 0.6153787187499999 0.2940884375 0.60287871875 0.2925259375 0.59037871875 0.2896613533653846 0.5829713125 0.2854946875 0.5801935336538462 0.2808071875 0.5788046466346154 0.27638010336538466 0.5797305721153846 0.2722134375 0.5843602019230769 0.2698696875 0.5899157572115384
4 0.3435817043269231 0.36579480288461536 0.34254003605769234 0.3764429519230769 0.3435817043269231 0.38477628365384614 0.34644628605769234 0.3921836923076923 0.35035253605769234 0.39866517307692306 0.35816503605769234 0.4023688774038462 0.3633733701923077 0.3982022091346154 0.3675400360576923 0.3935725793269231 0.3706650360576923 0.38060961778846153 0.3667587860576923 0.3569985072115385 0.3618108701923077 0.3532948028846154 0.3573837860576923 0.3505170240384615 0.3513942043269231 0.3505170240384615 0.3474879543269231 0.3569985072115385 0.3435817043269231 0.36579480288461536
4 0.6389606370192307 0.41235474519230764 0.6358356370192308 0.42115104086538463 0.6347939711538462 0.4336510408653846 0.6366168870192308 0.4438362259615385 0.6392210552884615 0.44846585576923076 0.6449502211538461 0.45448437499999994 0.6512002211538461 0.45911400240384614 0.6569293870192308 0.45633622596153844 0.6626585552884615 0.4498547451923077 0.6668252211538461 0.4396695600961538 0.6686481370192308 0.4276325216346154 0.6665648052884615 0.4151325216346154 0.6631793870192308 0.40911400240384616 0.6597939711538461 0.4026325216346154 0.6540648052884616 0.39939178125 0.6485960552884615 0.39939178125 0.6428668870192307 0.4058732620192308 0.6389606370192307 0.41235474519230764
4 0.40178563221153846 0.5411987932692308 0.39918146634615387 0.5550876826923077 0.3994418822115385 0.563421016826923 0.40256688221153847 0.5699024975961539 0.41142104807692303 0.5833284230769231 0.41715021634615385 0.5828654615384615 0.4223585480769231 0.5782358317307692 0.42756688221153843 0.5694395360576923 0.42991063221153847 0.5546247211538462 0.4273064663461538 0.5444395360576924 0.42313979807692303 0.5337913870192308 0.41741063221153846 0.5300876826923078 0.41298354807692306 0.5300876826923078 0.40699396634615387 0.5319395360576923 0.40178563221153846 0.5411987932692308
4 0.46901574759615383 0.3346434134615385 0.4677136658653846 0.34668044951923077 0.4687553317307692 0.35593970913461537 0.46979699759615384 0.36103230288461535 0.4731824158653846 0.3675137836538462 0.47760949759615384 0.37121748798076926 0.4833386658653846 0.3730693389423077 0.4906303317307692 0.3698285985576923 0.49479699759615386 0.3605693389423077 0.4974011658653846 0.34668044951923077 0.49479699759615386 0.33186563461538465 0.49010949759615385 0.3253841538461538 0.4851615817307692 0.32168044951923075 0.48021366586538466 0.32075452403846155 0.4765678317307692 0.32214341346153846 0.47240116586538466 0.32862489423076924 0.46901574759615383 0.3346434134615385
4 0.2955703629807692 0.5892436105769231 0.2955703629807692 0.6003547211538461 0.29635161298076923 0.6086880552884616 0.29869536298076926 0.6160954615384615 0.30364327884615383 0.624428795673077 0.31041411298076926 0.6253547211538462 0.32213286298076926 0.6054473149038462 0.3229141129807692 0.5915584254807692 0.32004952884615384 0.5827621298076923 0.31692452884615385 0.5785954615384615 0.31301827884615385 0.5758176850961538 0.3096328629807692 0.5735028701923077 0.30364327884615383 0.5753547211538461 0.2989557788461539 0.5799843509615384 0.2955703629807692 0.5892436105769231
4 0.3511267572115385 0.5826611514423077 0.3511267572115385 0.5946981899038462 0.3524288389423077 0.6039574471153846 0.3563350889423077 0.6127537451923077 0.3618038389423077 0.6169204110576924 0.3690955072115385 0.6178463365384614 0.3769080072115385 0.6021055961538462 0.3789913389423077 0.5905315216346154 0.37664758894230765 0.5780315216346155 0.3724809230769231 0.5720130024038462 0.36779342307692303 0.5683093004807692 0.3607621730769231 0.5687722620192308 0.3555538389423077 0.5720130024038462 0.3511267572115385 0.5826611514423077
4 0.31324896874999997 0.35194626442307697 0.30908230288461536 0.36074256009615385 0.31012396875000003 0.36953885576923073 0.3111656370192308 0.37787218990384613 0.31481146875 0.3848166346153846 0.3189781370192308 0.39083515384615386 0.32496771874999997 0.39314996634615385 0.3309573028846154 0.38944626442307695 0.33720730288461537 0.3815758942307692 0.3379885528846154 0.3700018197115385 0.33668646874999997 0.3561129302884615 0.33356146875000003 0.34731663461538465 0.32861355288461536 0.3412981153846154 0.32262396875 0.34176107932692307 0.31741563701923076 0.3445388557692307 0.31324896874999997 0.35194626442307697
4 0.30903682692307693 0.4908827307692307 0.3072139110576923 0.5029197692307692 0.3074743269230769 0.5149568052884615 0.3105993269230769 0.5237531009615385 0.3173701610576923 0.5306975456730769 0.32466182692307693 0.5306975456730769 0.3350784951923077 0.5135679158653846 0.3350784951923077 0.5024568052884615 0.3337764110576923 0.4913456947115385 0.32856807692307693 0.48393828605769235 0.3233597451923077 0.4802345841346154 0.3189326610576923 0.48069754567307693 0.3134639110576923 0.48440125 0.30903682692307693 0.4908827307692307
4 0.4793482067307692 0.41806867548076926 0.47492112499999994 0.42547608173076923 0.47309820673076924 0.4319575625 0.4736190408653846 0.4430686754807692 0.47622320673076923 0.45140200721153845 0.48481695673076924 0.46529089663461537 0.49288987500000003 0.46529089663461537 0.4970565408653846 0.45834645192307694 0.500702375 0.45140200721153845 0.5025252908653847 0.4402908966346154 0.5020044567307692 0.42825386057692305 0.4994002908653846 0.4213094158653846 0.49575445673076923 0.41621682211538463 0.49210862499999997 0.4115871923076923 0.48820237499999997 0.4125131201923077 0.4832544567307692 0.4143649711538462 0.4793482067307692 0.41806867548076926
4 0.3591592019230769 0.5317548389423077 0.3583779519230769 0.5396252091346153 0.35994045192307694 0.5484215072115385 0.36202378605769236 0.5558289134615385 0.3667112860576923 0.5609215072115384 0.3724404519230769 0.5632363221153847 0.37816962019230765 0.5604585432692308 0.3825967019230769 0.5539770625 0.3852008701923077 0.542865951923077 0.38155503605769236 0.5206437283653846 0.37556545192307694 0.5150881730769231 0.3711383701923077 0.5127733581730769 0.36254462019230765 0.5174029879807692 0.36046128605769234 0.5238844687499999 0.3591592019230769 0.5317548389423077
4 0.45764961538461535 0.57632815625 0.45869128125 0.5869763028846153 0.4628579471153846 0.5939207475961539 0.46806628125 0.6004022307692307 0.47535794711538465 0.6008651923076923 0.4803058653846154 0.5962355625 0.4862954471153846 0.5832726009615384 0.4862954471153846 0.5712355625 0.4834308653846154 0.5605874158653846 0.4769204471153846 0.5536429711538461 0.47197253125 0.5504022307692308 0.4678058653846154 0.5531800072115385 0.4638996153846154 0.5550318605769231 0.45791003125 0.565217045673077 0.45764961538461535 0.57632815625
4 0.4608458533653846 0.3725161057692308 0.4572000216346154 0.37807166105769235 0.45433543750000005 0.38686795673076924 0.4540750216346154 0.39520129086538464 0.4545958533653846 0.4026086971153846 0.46032502163461536 0.41649758653846153 0.46553335336538465 0.42205314182692305 0.4728250216346154 0.42205314182692305 0.48011668750000003 0.4178864759615385 0.48376252163461536 0.4077012908653846 0.48506460336538465 0.3975161057692308 0.48506460336538465 0.3864049927884615 0.4819396033653846 0.3762198076923077 0.4782937716346154 0.3725161057692308 0.4746479375 0.3688124014423077 0.4702208533653846 0.36927536298076924 0.4663146033653846 0.36927536298076924 0.4608458533653846 0.3725161057692308
4 0.5324659278846154 0.5401603461538461 0.5344190528846154 0.5401603461538461 0.5393018653846154 0.5314797908653847 0.5393018653846154 0.5071742355769231 0.5324659278846154 0.4950214567307692 0.5305128028846154 0.4950214567307692 0.5285596778846154 0.4915492355769231 0.5227003028846154 0.4915492355769231 0.5207471778846154 0.4950214567307692 0.5168409278846154 0.4950214567307692 0.5100049903846154 0.5071742355769231 0.5100049903846154 0.5106464567307692 0.5080518653846154 0.5141186778846154 0.5080518653846154 0.5245353461538461 0.5100049903846154 0.5280075673076923 0.5100049903846154 0.5349520120192308 0.5129346778846154 0.5366881225961538 0.5168409278846154 0.5436325673076923 0.5187940528846154 0.5436325673076923 0.5207471778846154 0.5471047908653847 0.5266065528846154 0.5471047908653847 0.5275831153846154 0.5453686778846154 0.5305128028846154 0.5436325673076923 0.5324659278846154 0.5401603461538461
4 0.510454701923077 0.4158499278846154 0.517290639423077 0.40369714903846154 0.517290639423077 0.37939159375 0.512407826923077 0.37071103846153847 0.510454701923077 0.37071103846153847 0.506548451923077 0.36376659375 0.4987359519230769 0.36376659375 0.4967828269230769 0.36723881730769226 0.4948297019230769 0.36723881730769226 0.4909234519230769 0.37418326201923074 0.4879937644230769 0.3759193725961539 0.4879937644230769 0.40369714903846154 0.4928765769230769 0.41237770673076923 0.4948297019230769 0.41237770673076923 0.4967828269230769 0.4158499278846154 0.500689076923077 0.4158499278846154 0.502642201923077 0.41932214903846154 0.503618764423077 0.41758603846153847 0.504595326923077 0.4158499278846154 0.510454701923077 0.4158499278846154
4 0.47609937259615387 0.5413875817307692 0.47609937259615387 0.5170820264423077 0.47316968509615387 0.5118736947115384 0.47121656009615387 0.5118736947115384 0.46731031009615387 0.50492925 0.45559156009615387 0.50492925 0.44680249759615387 0.52055425 0.44680249759615387 0.537915360576923 0.45559156009615387 0.553540360576923 0.45949781009615387 0.553540360576923 0.46145093509615387 0.5570125817307692 0.46242749759615387 0.5552764711538462 0.47121656009615387 0.550068139423077 0.47609937259615387 0.5413875817307692
4 0.6778621610576923 0.5767254278846153 0.6778621610576923 0.5732532067307692 0.6798152860576923 0.569780985576923 0.6798152860576923 0.5593643173076923 0.6778621610576923 0.5558920961538462 0.6778621610576923 0.5524198725961539 0.6729793485576923 0.5437393173076923 0.6710262235576923 0.5437393173076923 0.6690730985576923 0.5402670961538462 0.6573543485576923 0.5402670961538462 0.6554012235576923 0.5437393173076923 0.6534480985576923 0.5437393173076923 0.6485652860576923 0.5524198725961539 0.6485652860576923 0.5767254278846153 0.6554012235576923 0.5888782067307692 0.6573543485576923 0.5888782067307692 0.6593074735576923 0.5923504278846153 0.6671199735576923 0.5923504278846153 0.6680965360576923 0.5906143173076923 0.6710262235576923 0.5888782067307692 0.6778621610576923 0.5767254278846153
4 0.5745672860576924 0.585405985576923 0.5814032235576924 0.5732532067307692 0.5814032235576924 0.569780985576923 0.5833563485576924 0.5663087620192307 0.5833563485576924 0.5524198725961539 0.5765204110576924 0.5402670961538462 0.5745672860576924 0.5402670961538462 0.5687079110576924 0.5333226514423077 0.5648016610576924 0.5333226514423077 0.5628485360576924 0.5367948725961539 0.5569891610576924 0.5402670961538462 0.5540594735576924 0.5454754278846153 0.5540594735576924 0.5489476514423077 0.5521063485576924 0.5524198725961539 0.5521063485576924 0.5663087620192307 0.5540594735576924 0.569780985576923 0.5540594735576924 0.5732532067307692 0.5608954110576924 0.585405985576923 0.5628485360576924 0.585405985576923 0.5648016610576924 0.5888782067307692 0.5687079110576924 0.5888782067307692 0.5696844735576924 0.5871420961538462 0.5706610360576924 0.585405985576923 0.5745672860576924 0.585405985576923
4 0.6453056274038461 0.4041526850961539 0.6482353149038461 0.39894435096153846 0.6482353149038461 0.3954721298076923 0.6501884399038461 0.39199990625 0.6501884399038461 0.38505546153846154 0.6521415649038461 0.3815832403846154 0.6501884399038461 0.3781110168269231 0.6501884399038461 0.3711665721153846 0.6482353149038461 0.36769435096153846 0.6472587524038461 0.3624860168269231 0.6453056274038461 0.3624860168269231 0.6413993774038461 0.3555415721153846 0.6374931274038461 0.3555415721153846 0.6355400024038461 0.35206935096153846 0.6296806274038461 0.35206935096153846 0.6208915649038461 0.36769435096153846 0.6208915649038461 0.3711665721153846 0.6189384399038461 0.3746387956730769 0.6189384399038461 0.39199990625 0.6257743774038461 0.4041526850961539 0.6277275024038461 0.4041526850961539 0.6335868774038461 0.4110971298076923 0.6374931274038461 0.4110971298076923 0.6384696899038461 0.4093610168269231 0.6413993774038461 0.4041526850961539 0.6453056274038461 0.4041526850961539
4 0.6108250528846153 0.41288661538461535 0.6196141153846154 0.39726161538461535 0.6196141153846154 0.37642828125 0.6176609903846154 0.37295606009615384 0.6176609903846154 0.3694838365384615 0.6147313028846153 0.36427550480769233 0.6127781778846153 0.36427550480769233 0.6108250528846153 0.36080328125 0.6088719278846153 0.36080328125 0.6069188028846153 0.35733106009615384 0.6010594278846153 0.3538588365384615 0.5971531778846153 0.36080328125 0.5952000528846153 0.36080328125 0.5883641153846153 0.37295606009615384 0.5883641153846153 0.4007338365384615 0.5932469278846153 0.4094143918269231 0.5952000528846153 0.4094143918269231 0.5971531778846153 0.41288661538461535 0.6010594278846153 0.41288661538461535 0.6030125528846153 0.4163588365384615 0.6039891153846153 0.4146227259615385 0.6049656778846153 0.41288661538461535 0.6108250528846153 0.41288661538461535
4 0.5534474423076923 0.5758840600961539 0.5534474423076923 0.5724118389423076 0.5554005673076923 0.5689396153846153 0.5554005673076923 0.5515785048076923 0.5466115048076923 0.5359535048076923 0.5348927548076923 0.5359535048076923 0.5329396298076923 0.5394257283653846 0.5309865048076923 0.5394257283653846 0.5261036923076923 0.5481062836538462 0.5261036923076923 0.5515785048076923 0.5241505673076923 0.5550507283653846 0.5241505673076923 0.5689396153846153 0.5261036923076923 0.5724118389423076 0.5261036923076923 0.5758840600961539 0.5290333798076923 0.5810923942307692 0.5309865048076923 0.5810923942307692 0.5368458798076923 0.5880368389423076 0.5446583798076923 0.5880368389423076 0.5456349423076923 0.5863007283653846 0.5485646298076923 0.5845646153846153 0.5534474423076923 0.5758840600961539
4 0.5633007884615384 0.5411084639423077 0.5681836009615384 0.5324279086538461 0.5681836009615384 0.5289556850961539 0.5701367259615384 0.5254834639423077 0.5701367259615384 0.5081223533653846 0.5681836009615384 0.5046501298076923 0.5681836009615384 0.5011779086538461 0.5652539134615384 0.49944179807692307 0.5613476634615384 0.4924973533653846 0.5574414134615384 0.4924973533653846 0.5554882884615384 0.4890251298076923 0.5515820384615384 0.4890251298076923 0.5496289134615384 0.4924973533653846 0.5476757884615384 0.4924973533653846 0.5437695384615384 0.49944179807692307 0.5408398509615384 0.5011779086538461 0.5408398509615384 0.5046501298076923 0.5388867259615384 0.5081223533653846 0.5388867259615384 0.5254834639423077 0.5408398509615384 0.5289556850961539 0.5408398509615384 0.5324279086538461 0.5437695384615384 0.5376362403846154 0.5457226634615384 0.5376362403846154 0.5496289134615384 0.5445806850961539 0.5574414134615384 0.5445806850961539 0.5584179759615384 0.5428445745192307 0.5593945384615384 0.5411084639423077 0.5633007884615384 0.5411084639423077
4 0.5479818389423077 0.40380379326923077 0.5479818389423077 0.4003315721153846 0.5499349639423077 0.39685934855769234 0.5499349639423077 0.3864426826923077 0.5479818389423077 0.38297046153846154 0.5479818389423077 0.3760260168269231 0.5450521514423077 0.3708176826923077 0.5430990264423077 0.3708176826923077 0.5372396514423077 0.3638732379807692 0.5294271514423077 0.3638732379807692 0.5274740264423077 0.36734546153846154 0.5216146514423077 0.3708176826923077 0.5167318389423077 0.3794982379807692 0.5167318389423077 0.4003315721153846 0.5255209014423077 0.4159565721153846 0.5313802764423077 0.4159565721153846 0.5333334014423077 0.41942879326923077 0.5343099639423077 0.4176926826923077 0.5430990264423077 0.41248434855769234 0.5479818389423077 0.40380379326923077
4 0.5786702572115384 0.40754285576923077 0.5855061947115384 0.39539007932692305 0.5855061947115384 0.38844563461538456 0.5874593197115384 0.38497341105769234 0.5874593197115384 0.3815011899038462 0.5855061947115384 0.37802896634615385 0.5855061947115384 0.37108452403846154 0.5786702572115384 0.3589317451923077 0.5767171322115384 0.3589317451923077 0.5747640072115384 0.35545952403846154 0.5669515072115384 0.35545952403846154 0.5649983822115384 0.3589317451923077 0.5591390072115384 0.36240396634615385 0.5562093197115384 0.3676123004807692 0.5562093197115384 0.37108452403846154 0.5542561947115384 0.3745567451923077 0.5542561947115384 0.39539007932692305 0.5562093197115384 0.3988623004807692 0.5571858822115384 0.40407063461538456 0.5591390072115384 0.40407063461538456 0.5649983822115384 0.41101507932692305 0.5728108822115384 0.41101507932692305 0.5737874447115384 0.40927896634615385 0.5747640072115384 0.40754285576923077 0.5786702572115384 0.40754285576923077
4 0.4283409423076923 0.4793267572115385 0.4254112548076923 0.47759064423076925 0.4234581298076923 0.47411842307692303 0.4195518798076923 0.47411842307692303 0.4156456298076923 0.46717397836538466 0.4097862548076923 0.4706462019230769 0.4049034423076923 0.4793267572115385 0.4049034423076923 0.4966878677884615 0.4068565673076923 0.5001600889423077 0.4068565673076923 0.5036323125 0.4117393798076923 0.5123128677884615 0.4234581298076923 0.5123128677884615 0.4244346923076923 0.5105767572115385 0.4283409423076923 0.5071045336538462 0.4283409423076923 0.4793267572115385
4 0.2972368197115384 0.5715130144230769 0.3011430697115384 0.5610963485576923 0.3011430697115384 0.5541519038461539 0.2991899447115384 0.5506796802884616 0.2972368197115384 0.5402630144230769 0.2943071322115384 0.5385269038461539 0.2923540072115384 0.5350546802884616 0.2806352572115384 0.5350546802884616 0.2737993197115384 0.5472074591346154 0.2737993197115384 0.5680407932692307 0.2806352572115384 0.5801935697115385 0.2923540072115384 0.5801935697115385 0.2933305697115384 0.5784574591346154 0.2972368197115384 0.574985235576923 0.2972368197115384 0.5715130144230769
4 0.30474593028846153 0.5245025528846153 0.30474593028846153 0.49672477644230767 0.30181624278846153 0.4915164423076923 0.29986311778846153 0.4915164423076923 0.29400374278846153 0.4845719975961539 0.29009749278846153 0.4845719975961539 0.28814436778846153 0.48804422115384616 0.28619124278846153 0.48804422115384616 0.28130843028846153 0.49672477644230767 0.28130843028846153 0.5001969975961539 0.27935530528846153 0.5036692211538462 0.27935530528846153 0.5140858870192307 0.28130843028846153 0.5175581081730769 0.28130843028846153 0.5210303317307692 0.28619124278846153 0.5297108870192307 0.28814436778846153 0.5297108870192307 0.29009749278846153 0.5331831081730769 0.29790999278846153 0.5331831081730769 0.29888655528846153 0.5314469975961539 0.30181624278846153 0.5297108870192307 0.30474593028846153 0.5245025528846153
4 0.3243064206730769 0.5759866586538461 0.3291892331730769 0.5673061033653846 0.3291892331730769 0.5638338822115384 0.3311423581730769 0.5603616586538461 0.3311423581730769 0.5534172139423077 0.3291892331730769 0.5499449927884615 0.3291892331730769 0.5430005480769231 0.3272361081730769 0.539528326923077 0.3262595456730769 0.5343199927884615 0.3243064206730769 0.5343199927884615 0.3204001706730769 0.5273755480769231 0.3125876706730769 0.5273755480769231 0.3037986081730769 0.5430005480769231 0.3037986081730769 0.5638338822115384 0.3106345456730769 0.5759866586538461 0.3145407956730769 0.5759866586538461 0.3164939206730769 0.5794588822115384 0.3194236081730769 0.5777227692307693 0.3204001706730769 0.5759866586538461 0.3243064206730769 0.5759866586538461
4 0.3554686201923077 0.5685620168269231 0.3593748701923077 0.5581453485576924 0.3593748701923077 0.5512009038461538 0.3574217451923077 0.5477286826923077 0.3574217451923077 0.5407842379807692 0.3525389326923077 0.5321036826923077 0.3505858076923077 0.5321036826923077 0.3486326826923077 0.5286314615384615 0.3427733076923077 0.5286314615384615 0.3408201826923077 0.5321036826923077 0.3388670576923077 0.5321036826923077 0.3320311201923077 0.5442564615384615 0.3320311201923077 0.5616175721153847 0.3339842451923077 0.5650897932692308 0.3339842451923077 0.5685620168269231 0.3388670576923077 0.5772425721153847 0.3505858076923077 0.5772425721153847 0.3515623701923077 0.5755064615384615 0.3554686201923077 0.5720342379807692 0.3554686201923077 0.5685620168269231
4 0.4017582475961538 0.5889562115384616 0.4017582475961538 0.5820117668269231 0.4037113725961538 0.5785395432692307 0.4037113725961538 0.5750673221153846 0.4017582475961538 0.5715951009615384 0.4017582475961538 0.56465065625 0.3968754350961538 0.5559701009615384 0.3949223100961538 0.5559701009615384 0.3929691850961538 0.5524978774038461 0.3832035600961538 0.5524978774038461 0.3792973100961538 0.5594423221153846 0.3763676225961538 0.5611784326923077 0.3763676225961538 0.5854839879807693 0.3783207475961538 0.5889562115384616 0.3783207475961538 0.5924284326923077 0.3812504350961538 0.5976367668269231 0.3832035600961538 0.5976367668269231 0.3851566850961538 0.6011089879807693 0.3929691850961538 0.6011089879807693 0.3939457475961538 0.5993728774038461 0.3968754350961538 0.5976367668269231 0.4017582475961538 0.5889562115384616
4 0.44544544711538464 0.5384612139423077 0.44739857211538464 0.5349889903846153 0.44739857211538464 0.5211001033653846 0.44642200961538464 0.5193639903846153 0.44056263461538464 0.5193639903846153 0.43860950961538464 0.5158917692307692 0.43275013461538464 0.512419548076923 0.42884388461538464 0.5054751033653846 0.42689075961538464 0.5054751033653846 0.42396107211538464 0.5106834350961539 0.42396107211538464 0.5141556586538462 0.42200794711538464 0.5176278798076923 0.42200794711538464 0.528044548076923 0.42396107211538464 0.5315167692307692 0.42396107211538464 0.5349889903846153 0.43079700961538464 0.5471417692307692 0.44056263461538464 0.5471417692307692 0.44153919711538464 0.5454056586538462 0.44446888461538464 0.543669548076923 0.44544544711538464 0.5384612139423077
4 0.4314356105769231 0.4716312283653846 0.4333887355769231 0.4681590048076923 0.4353418605769231 0.4681590048076923 0.4363184230769231 0.46295067307692306 0.4382715480769231 0.4594784495192308 0.4382715480769231 0.4351728942307692 0.4333887355769231 0.4264923389423077 0.4314356105769231 0.4264923389423077 0.4294824855769231 0.4230201153846154 0.4197168605769231 0.4230201153846154 0.4109277980769231 0.4386451153846154 0.4109277980769231 0.4594784495192308 0.4177637355769231 0.4716312283653846 0.4216699855769231 0.4716312283653846 0.4236231105769231 0.4751034495192308 0.4245996730769231 0.4733673389423077 0.4255762355769231 0.4716312283653846 0.4314356105769231 0.4716312283653846
4 0.4514644302884615 0.40636484134615386 0.4534175552884615 0.4028926201923077 0.4534175552884615 0.3890037307692307 0.4465816177884615 0.37685095432692306 0.4446284927884615 0.37685095432692306 0.4387691177884615 0.3699065096153846 0.4368159927884615 0.3699065096153846 0.4348628677884615 0.3733787307692307 0.4309566177884615 0.3733787307692307 0.4260738052884615 0.38205928605769235 0.4260738052884615 0.3855315096153846 0.4241206802884615 0.3890037307692307 0.4241206802884615 0.40636484134615386 0.4260738052884615 0.4098370649038462 0.4260738052884615 0.41330928605769235 0.4290034927884615 0.4185176201923077 0.4309566177884615 0.4185176201923077 0.4329097427884615 0.42198984134615386 0.4446284927884615 0.42198984134615386 0.4456050552884615 0.4202537307692307 0.4514644302884615 0.4098370649038462 0.4514644302884615 0.40636484134615386
4 0.6493501706730769 0.6322276442307693 0.6513032956730769 0.628755423076923 0.6532564206730769 0.628755423076923 0.6561861081730769 0.6235470889423076 0.6561861081730769 0.6200748677884615 0.6581392331730769 0.6166026442307693 0.6581392331730769 0.5957693125 0.6513032956730769 0.5836165336538461 0.6493501706730769 0.5836165336538461 0.6473970456730769 0.5801443125 0.6395845456730769 0.5801443125 0.6376314206730769 0.5836165336538461 0.6356782956730769 0.5836165336538461 0.6288423581730769 0.5957693125 0.6288423581730769 0.6166026442307693 0.6307954831730769 0.6200748677884615 0.6307954831730769 0.6235470889423076 0.6337251706730769 0.6252831995192308 0.6376314206730769 0.6322276442307693 0.6415376706730769 0.6322276442307693 0.6434907956730769 0.6356998677884615 0.6444673581730769 0.6339637548076923 0.6454439206730769 0.6322276442307693 0.6493501706730769 0.6322276442307693
4 0.6375568629807693 0.5867932403846153 0.6443928004807693 0.5746404639423077 0.6443928004807693 0.5503349086538462 0.6395099879807693 0.5416543509615385 0.6375568629807693 0.5416543509615385 0.6356037379807693 0.5381821298076923 0.6238849879807693 0.5381821298076923 0.6199787379807693 0.5451265745192307 0.6180256129807693 0.5451265745192307 0.6170490504807693 0.5503349086538462 0.6150959254807693 0.5538071298076923 0.6150959254807693 0.5711682403846153 0.6170490504807693 0.5746404639423077 0.6170490504807693 0.5781126850961539 0.6219318629807693 0.5867932403846153 0.6258381129807693 0.5867932403846153 0.6277912379807693 0.5902654639423077 0.6316974879807693 0.5902654639423077 0.6326740504807693 0.5885293509615385 0.6336506129807693 0.5867932403846153 0.6375568629807693 0.5867932403846153
4 0.6077650769230769 0.5817448918269231 0.6126478894230769 0.5730643365384616 0.6126478894230769 0.5661198918269231 0.6146010144230769 0.5626476682692307 0.6146010144230769 0.5591754471153846 0.6126478894230769 0.5557032259615384 0.6126478894230769 0.54875878125 0.6058119519230769 0.5366060024038461 0.6038588269230769 0.5366060024038461 0.6019057019230769 0.53313378125 0.5940932019230769 0.53313378125 0.5921400769230769 0.5366060024038461 0.5901869519230769 0.5366060024038461 0.5833510144230769 0.54875878125 0.5833510144230769 0.5695921129807693 0.5901869519230769 0.5817448918269231 0.5921400769230769 0.5817448918269231 0.5940932019230769 0.5852171129807693 0.6019057019230769 0.5852171129807693 0.6028822644230769 0.5834810024038461 0.6038588269230769 0.5817448918269231 0.6077650769230769 0.5817448918269231
4 0.5940824591346154 0.5374474759615384 0.5960355841346154 0.5374474759615384 0.5989652716346154 0.5322391442307692 0.5989652716346154 0.528766920673077 0.6009183966346154 0.5252946995192308 0.6009183966346154 0.5114058100961538 0.5989652716346154 0.5079335865384615 0.5989652716346154 0.5044613653846154 0.5921293341346154 0.49230858653846155 0.5882230841346154 0.49230858653846155 0.5862699591346154 0.4888363653846154 0.5823637091346154 0.4888363653846154 0.5804105841346154 0.49230858653846155 0.5765043341346154 0.49230858653846155 0.5696683966346154 0.5044613653846154 0.5696683966346154 0.528766920673077 0.5765043341346154 0.5409196995192308 0.5784574591346154 0.5409196995192308 0.5804105841346154 0.544391920673077 0.5882230841346154 0.544391920673077 0.5891996466346154 0.5426558100961538 0.5921293341346154 0.5409196995192308 0.5940824591346154 0.5374474759615384
4 0.5540752572115385 0.4842806346153846 0.5540752572115385 0.48080841346153846 0.5560283822115385 0.47733618990384613 0.5560283822115385 0.4669195240384615 0.5540752572115385 0.46344730288461544 0.5540752572115385 0.4599750793269231 0.5472393197115385 0.44782230288461544 0.5413799447115385 0.44782230288461544 0.5394268197115385 0.4443500793269231 0.5374736947115385 0.44782230288461544 0.5335674447115385 0.44782230288461544 0.5316143197115385 0.4512945240384615 0.5296611947115385 0.4512945240384615 0.5247783822115385 0.4599750793269231 0.5247783822115385 0.46344730288461544 0.5228252572115385 0.4669195240384615 0.5228252572115385 0.48080841346153846 0.5247783822115385 0.4842806346153846 0.5247783822115385 0.48775285817307695 0.5277080697115385 0.49296118990384613 0.5296611947115385 0.49296118990384613 0.5335674447115385 0.4999056346153846 0.5433330697115385 0.4999056346153846 0.5443096322115385 0.4981695240384615 0.5472393197115385 0.49643341346153846 0.5540752572115385 0.4842806346153846
4 0.5318619278846154 0.4352672235576923 0.5338150528846154 0.43179500240384616 0.5318619278846154 0.42832277884615383 0.5318619278846154 0.4213783341346154 0.5299088028846154 0.4179061129807692 0.5299088028846154 0.4144338894230769 0.5269791153846154 0.4092255576923077 0.5230728653846154 0.4092255576923077 0.5211197403846154 0.4057533341346154 0.5152603653846154 0.4057533341346154 0.5133072403846154 0.4092255576923077 0.5094009903846154 0.4092255576923077 0.5054947403846154 0.41617000240384616 0.5025650528846154 0.4179061129807692 0.5025650528846154 0.4248505576923077 0.5006119278846154 0.42832277884615383 0.5006119278846154 0.4422116682692308 0.5025650528846154 0.4456838894230769 0.5025650528846154 0.4491561129807692 0.5054947403846154 0.4508922235576923 0.5113541153846154 0.4613088894230769 0.5230728653846154 0.4613088894230769 0.5240494278846154 0.45957277884615383 0.5318619278846154 0.4491561129807692 0.5318619278846154 0.4352672235576923
4 0.6922097908653846 0.5353091706730769 0.6922097908653846 0.5318369495192308 0.6941629158653846 0.5283647259615385 0.6941629158653846 0.5110036153846154 0.6853738533653846 0.4953786153846154 0.6756082283653846 0.4953786153846154 0.6736551033653846 0.4988508365384616 0.6697488533653846 0.4988508365384616 0.6648660408653846 0.5075313942307692 0.6648660408653846 0.5110036153846154 0.6629129158653846 0.5144758365384615 0.6629129158653846 0.5283647259615385 0.6648660408653846 0.5318369495192308 0.6648660408653846 0.5353091706730769 0.6697488533653846 0.5439897259615385 0.6717019783653846 0.5439897259615385 0.6736551033653846 0.5474619495192308 0.6834207283653846 0.5474619495192308 0.6843972908653846 0.5457258365384615 0.6873269783653846 0.5439897259615385 0.6922097908653846 0.5353091706730769
4 0.5571806682692307 0.3640415961538462 0.5591337932692307 0.3640415961538462 0.5620634807692307 0.35883326442307695 0.5620634807692307 0.3553610408653846 0.5640166057692307 0.35188881971153846 0.5640166057692307 0.3345277091346154 0.5620634807692307 0.33105548557692305 0.5620634807692307 0.32758326442307695 0.5591337932692307 0.32237493028846154 0.5571806682692307 0.32237493028846154 0.5513212932692307 0.31543048557692305 0.5454619182692307 0.31543048557692305 0.5435087932692307 0.3189027091346154 0.5376494182692307 0.32237493028846154 0.5347197307692307 0.32758326442307695 0.5347197307692307 0.33105548557692305 0.5327666057692307 0.3345277091346154 0.5327666057692307 0.35188881971153846 0.5347197307692307 0.3553610408653846 0.5347197307692307 0.35883326442307695 0.5376494182692307 0.3640415961538462 0.5396025432692307 0.3640415961538462 0.5454619182692307 0.3709860408653846 0.5513212932692307 0.3709860408653846 0.5522978557692307 0.36924993028846154 0.5552275432692307 0.36751381971153846 0.5571806682692307 0.3640415961538462
4 0.5789576899038461 0.497192625 0.5857936274038461 0.48503984615384615 0.5857936274038461 0.47809540144230767 0.5877467524038461 0.4746231802884615 0.5877467524038461 0.464206514423077 0.5857936274038461 0.46073429086538464 0.5857936274038461 0.4572620697115385 0.5789576899038461 0.44510929086538464 0.5770045649038461 0.44510929086538464 0.5750514399038461 0.4416370697115385 0.5730983149038461 0.4416370697115385 0.5711451899038461 0.44510929086538464 0.5691920649038461 0.44510929086538464 0.5672389399038461 0.448581514423077 0.5613795649038461 0.4520537355769231 0.5564967524038461 0.46073429086538464 0.5564967524038461 0.4676787355769231 0.5545436274038461 0.47115095913461535 0.5545436274038461 0.4746231802884615 0.5564967524038461 0.47809540144230767 0.5564967524038461 0.48503984615384615 0.5613795649038461 0.49372040144230767 0.5633326899038461 0.49372040144230767 0.5652858149038461 0.497192625 0.5691920649038461 0.497192625 0.5711451899038461 0.5006648461538462 0.5721217524038461 0.4989287355769231 0.5730983149038461 0.497192625 0.5789576899038461 0.497192625
4 0.4551525504807692 0.5844415408653846 0.4551525504807692 0.5636082067307693 0.4483166129807692 0.5514554302884616 0.4463634879807692 0.5514554302884616 0.4444103629807692 0.5479832067307693 0.4385509879807692 0.5479832067307693 0.4365978629807692 0.5514554302884616 0.4346447379807692 0.5514554302884616 0.4326916129807692 0.5549276514423077 0.4297619254807692 0.556663764423077 0.4297619254807692 0.5601359855769231 0.4278088004807692 0.5636082067307693 0.4258556754807692 0.574024875 0.4278088004807692 0.5774970961538461 0.4278088004807692 0.5844415408653846 0.4346447379807692 0.5965943197115384 0.4365978629807692 0.5965943197115384 0.4385509879807692 0.6000665408653846 0.4444103629807692 0.6000665408653846 0.4453869254807692 0.5983304302884616 0.4483166129807692 0.5965943197115384 0.4551525504807692 0.5844415408653846
4 0.4521536778846154 0.5126699567307692 0.4531302403846154 0.5074616225961539 0.4570364903846154 0.5005171778846154 0.4570364903846154 0.47968384374999995 0.4502005528846154 0.4675310673076923 0.4482474278846154 0.4675310673076923 0.4462943028846154 0.46405884374999995 0.4384818028846154 0.46405884374999995 0.4365286778846154 0.4675310673076923 0.4326224278846154 0.4675310673076923 0.4296927403846154 0.47273939903846157 0.4296927403846154 0.47621162259615385 0.4277396153846154 0.47968384374999995 0.4277396153846154 0.4970449567307692 0.4296927403846154 0.5005171778846154 0.4296927403846154 0.5039893990384615 0.4345755528846154 0.5126699567307692 0.4365286778846154 0.5126699567307692 0.4384818028846154 0.5161421778846154 0.4462943028846154 0.5161421778846154 0.4472708653846154 0.5144060673076922 0.4482474278846154 0.5126699567307692 0.4521536778846154 0.5126699567307692
4 0.48662605048076923 0.4960968725961538 0.48662605048076923 0.4926246514423077 0.48857917548076923 0.48915242788461544 0.48857917548076923 0.4717913173076923 0.48174323798076923 0.45963853846153846 0.47979011298076923 0.45963853846153846 0.47783698798076923 0.4561663173076923 0.46807136298076923 0.4561663173076923 0.46416511298076923 0.4631107620192308 0.46221198798076923 0.4631107620192308 0.46123542548076923 0.46831909615384615 0.45928230048076923 0.4717913173076923 0.45928230048076923 0.4926246514423077 0.46611823798076923 0.5047774278846154 0.46807136298076923 0.5047774278846154 0.47002448798076923 0.5082496514423077 0.47783698798076923 0.5082496514423077 0.47881355048076923 0.5065135384615385 0.48174323798076923 0.5047774278846154 0.48662605048076923 0.4960968725961538
4 0.5979223149038462 0.6206207548076923 0.5979223149038462 0.6171485336538461 0.5998754399038462 0.6136763100961539 0.5998754399038462 0.5997874230769231 0.5910863774038462 0.5841624230769231 0.5891332524038462 0.5841624230769231 0.5871801274038462 0.5806901995192308 0.5813207524038462 0.5806901995192308 0.5793676274038462 0.5841624230769231 0.5774145024038462 0.5841624230769231 0.5705785649038462 0.5963151995192308 0.5705785649038462 0.5997874230769231 0.5686254399038462 0.6032596442307692 0.5686254399038462 0.6102040889423077 0.5705785649038462 0.6136763100961539 0.5705785649038462 0.6171485336538461 0.5774145024038462 0.6293013100961539 0.5793676274038462 0.6293013100961539 0.5813207524038462 0.6327735336538461 0.5891332524038462 0.6327735336538461 0.5901098149038462 0.6310374230769231 0.5930395024038462 0.6293013100961539 0.5979223149038462 0.6206207548076923
4 0.566118764423077 0.6190447692307692 0.570025014423077 0.6086281033653846 0.570025014423077 0.5982114350961538 0.568071889423077 0.5947392139423078 0.568071889423077 0.5912669927884615 0.563189076923077 0.5825864350961538 0.561235951923077 0.5825864350961538 0.559282826923077 0.5791142139423078 0.549517201923077 0.5791142139423078 0.547564076923077 0.5825864350961538 0.545610951923077 0.5825864350961538 0.540728139423077 0.5912669927884615 0.540728139423077 0.5947392139423078 0.538775014423077 0.5982114350961538 0.538775014423077 0.6086281033653846 0.540728139423077 0.6121003245192308 0.540728139423077 0.615572548076923 0.547564076923077 0.6277253245192308 0.549517201923077 0.6277253245192308 0.551470326923077 0.631197548076923 0.557329701923077 0.631197548076923 0.558306264423077 0.6294614350961538 0.566118764423077 0.6225169927884615 0.566118764423077 0.6190447692307692
4 0.6214368725961539 0.6260425192307693 0.6233899975961539 0.6260425192307693 0.6263196850961539 0.6208341850961538 0.6263196850961539 0.6173619615384616 0.6282728100961539 0.6138897403846154 0.6282728100961539 0.5965286298076923 0.6194837475961539 0.5809036298076923 0.6077649975961539 0.5809036298076923 0.6058118725961539 0.5843758509615384 0.6038587475961539 0.5843758509615384 0.5989759350961539 0.59305640625 0.5989759350961539 0.5965286298076923 0.5970228100961539 0.6000008509615384 0.5970228100961539 0.6138897403846154 0.6058118725961539 0.6295147403846154 0.6077649975961539 0.6295147403846154 0.6097181225961539 0.6329869615384616 0.6155774975961539 0.6329869615384616 0.6165540600961539 0.6312508509615384 0.6194837475961539 0.6295147403846154 0.6214368725961539 0.6260425192307693
4 0.6282622259615385 0.5299653774038462 0.6282622259615385 0.5264931538461538 0.6302153509615385 0.5230209326923076 0.6302153509615385 0.5126042668269231 0.6282622259615385 0.5091320432692308 0.6282622259615385 0.5056598221153846 0.6214262884615385 0.4935070432692308 0.6175200384615385 0.4935070432692308 0.6155669134615385 0.4900348221153846 0.6116606634615385 0.4900348221153846 0.6097075384615385 0.4935070432692308 0.6038481634615385 0.49697926682692306 0.6009184759615385 0.5021875985576923 0.6009184759615385 0.5056598221153846 0.5989653509615385 0.5091320432692308 0.5989653509615385 0.5264931538461538 0.6009184759615385 0.5299653774038462 0.6009184759615385 0.5334375985576923 0.6038481634615385 0.5386459326923076 0.6058012884615385 0.5386459326923076 0.6116606634615385 0.5455903774038462 0.6175200384615385 0.5455903774038462 0.6184966009615385 0.5438542668269231 0.6214262884615385 0.5421181538461538 0.6282622259615385 0.5299653774038462
4 0.5843780552884615 0.3938755600961539 0.5843780552884615 0.3695700048076923 0.5794952427884615 0.36088944951923074 0.5775421177884615 0.36088944951923074 0.5716827427884615 0.3539450048076923 0.5658233677884615 0.3539450048076923 0.5638702427884615 0.35741722596153847 0.5580108677884615 0.36088944951923074 0.5531280552884615 0.3695700048076923 0.5531280552884615 0.39040333653846154 0.5550811802884615 0.3938755600961539 0.5550811802884615 0.39734778125 0.5580108677884615 0.4025561153846154 0.5599639927884615 0.4025561153846154 0.5638702427884615 0.4095005600961539 0.5736358677884615 0.4095005600961539 0.5746124302884615 0.40776444951923074 0.5775421177884615 0.40602833653846154 0.5843780552884615 0.3938755600961539
4 0.4662353221153846 0.4596754831730769 0.4672118846153846 0.4544671490384615 0.4691650096153846 0.45099492788461537 0.4691650096153846 0.43363381730769235 0.4672118846153846 0.43016159375 0.4672118846153846 0.42668937259615386 0.4642821971153846 0.4214810384615385 0.4623290721153846 0.4214810384615385 0.4564696971153846 0.41453659375 0.4506103221153846 0.41453659375 0.4486571971153846 0.41800881730769235 0.4467040721153846 0.41800881730769235 0.4398681346153846 0.43016159375 0.4398681346153846 0.45099492788461537 0.4486571971153846 0.46661992788461537 0.4603759471153846 0.46661992788461537 0.4613525096153846 0.46488381730769235 0.4642821971153846 0.4596754831730769 0.4662353221153846 0.4596754831730769
4 0.505625 0.5152473629807692 0.4987890625 0.5030945865384615 0.4968359375 0.5030945865384615 0.4948828125 0.49962236298076923 0.4851171875 0.49962236298076923 0.4831640625 0.5030945865384615 0.4812109375 0.5030945865384615 0.476328125 0.5117751418269231 0.476328125 0.5152473629807692 0.474375 0.5187195865384615 0.474375 0.5326084759615385 0.476328125 0.5360806971153846 0.476328125 0.5395529206730769 0.4812109375 0.5482334759615385 0.4831640625 0.5482334759615385 0.4851171875 0.5517056971153846 0.4968359375 0.5517056971153846 0.4978125 0.5499695865384615 0.505625 0.5360806971153846 0.505625 0.5152473629807692
4 0.5269285192307692 0.5610019471153846 0.5249753942307692 0.5575297259615385 0.5249753942307692 0.55058528125 0.5200925817307692 0.5419047259615385 0.5181394567307692 0.5419047259615385 0.5122800817307692 0.53496028125 0.5083738317307692 0.53496028125 0.5064207067307692 0.5384325024038461 0.5005613317307692 0.5419047259615385 0.4956785192307693 0.55058528125 0.4956785192307693 0.5748908365384615 0.5025144567307692 0.5870436153846155 0.5044675817307692 0.5870436153846155 0.5064207067307692 0.5905158365384615 0.5142332067307692 0.5905158365384615 0.5152097692307692 0.5887797259615385 0.5230222692307692 0.58183528125 0.5269285192307692 0.5610019471153846
4 0.5039194038461539 0.6309018557692307 0.5107553413461539 0.6187490769230769 0.5107553413461539 0.6152768557692307 0.5127084663461539 0.6118046322115385 0.5127084663461539 0.6048601899038462 0.5107553413461539 0.6013879663461539 0.5107553413461539 0.5944435216346153 0.5058725288461539 0.5857629663461539 0.5039194038461539 0.5857629663461539 0.49806002884615386 0.5788185216346153 0.49415377884615386 0.5788185216346153 0.49220065384615386 0.5822907451923076 0.48634127884615386 0.5857629663461539 0.48145846634615386 0.5944435216346153 0.48145846634615386 0.6187490769230769 0.48829440384615386 0.6309018557692307 0.49610690384615386 0.6309018557692307 0.49806002884615386 0.6343740769230769 0.49903659134615386 0.6326379663461539 0.5000131538461539 0.6309018557692307 0.5039194038461539 0.6309018557692307
4 0.5391634543269231 0.6137008701923077 0.5411165793269231 0.6102286466346154 0.5411165793269231 0.5963397596153845 0.5372103293269231 0.5893953149038461 0.5372103293269231 0.5859230913461538 0.5342806418269231 0.5841869807692308 0.5323275168269231 0.5807147596153845 0.5303743918269231 0.5807147596153845 0.5284212668269231 0.5772425360576923 0.5225618918269231 0.5772425360576923 0.5206087668269231 0.5807147596153845 0.5147493918269231 0.5841869807692308 0.5098665793269231 0.5928675360576923 0.5098665793269231 0.6137008701923077 0.5118197043269231 0.6171730913461538 0.5118197043269231 0.6206453149038461 0.5147493918269231 0.6258536466346154 0.5167025168269231 0.6258536466346154 0.5186556418269231 0.6293258701923077 0.5323275168269231 0.6293258701923077 0.5333040793269231 0.6275897596153845 0.5391634543269231 0.6171730913461538 0.5391634543269231 0.6137008701923077
4 0.6628330264423077 0.5331420841346154 0.6628330264423077 0.526197639423077 0.6647861514423077 0.5227254182692308 0.6628330264423077 0.5192531947115385 0.6628330264423077 0.5088365288461538 0.6579502139423077 0.5001559735576924 0.6559970889423077 0.5001559735576924 0.6501377139423077 0.4932115288461538 0.6442783389423077 0.4932115288461538 0.6423252139423077 0.49668375 0.6364658389423077 0.5001559735576924 0.6335361514423077 0.5053643052884615 0.6335361514423077 0.5088365288461538 0.6315830264423077 0.51230875 0.6315830264423077 0.5296698629807692 0.6403720889423077 0.5452948629807692 0.6423252139423077 0.5452948629807692 0.6442783389423077 0.5487670841346154 0.6520908389423077 0.5487670841346154 0.6530674014423077 0.5470309735576924 0.6559970889423077 0.5452948629807692 0.6628330264423077 0.5331420841346154
4 0.365234375 0.498263889423077 0.36328125 0.49479166586538464 0.36328125 0.4913194447115385 0.3603515625 0.486111110576923 0.3583984375 0.486111110576923 0.3564453125 0.482638889423077 0.3447265625 0.482638889423077 0.3427734375 0.486111110576923 0.3408203125 0.486111110576923 0.33984375 0.4913194447115385 0.3359375 0.498263889423077 0.3359375 0.515625 0.33984375 0.5225694447115384 0.33984375 0.5260416658653846 0.3408203125 0.5277777788461538 0.3447265625 0.5277777788461538 0.3466796875 0.53125 0.3564453125 0.53125 0.357421875 0.529513889423077 0.365234375 0.515625 0.365234375 0.498263889423077
4 0.4858438389423077 0.5872365312500001 0.4858438389423077 0.5664031971153846 0.4838907139423077 0.5629309759615384 0.4829141514423077 0.5577226418269231 0.4809610264423077 0.5577226418269231 0.4751016514423077 0.5507781971153846 0.4692422764423077 0.5507781971153846 0.4672891514423077 0.554250420673077 0.4614297764423077 0.5577226418269231 0.4585000889423077 0.5629309759615384 0.4585000889423077 0.5664031971153846 0.4565469639423077 0.569875420673077 0.4565469639423077 0.5837643100961538 0.4585000889423077 0.5872365312500001 0.4585000889423077 0.5907087524038461 0.4633829014423077 0.5993893100961538 0.4672891514423077 0.5993893100961538 0.4692422764423077 0.6028615312500001 0.4751016514423077 0.6028615312500001 0.4760782139423077 0.601125420673077 0.4790079014423077 0.5993893100961538 0.4858438389423077 0.5872365312500001
4 0.6328125 0.44270833413461536 0.6328125 0.439236110576923 0.634765625 0.435763889423077 0.634765625 0.42534722115384616 0.6328125 0.421875 0.6328125 0.41840277884615384 0.6259765625 0.40625 0.6240234375 0.40625 0.6220703125 0.40277777884615384 0.6162109375 0.40277777884615384 0.6142578125 0.40625 0.6123046875 0.40625 0.6083984375 0.4131944447115385 0.6064453125 0.4131944447115385 0.603515625 0.41840277884615384 0.603515625 0.44270833413461536 0.6064453125 0.44791666586538464 0.6083984375 0.44791666586538464 0.6123046875 0.454861110576923 0.6162109375 0.454861110576923 0.6181640625 0.45833333413461536 0.619140625 0.45659722115384616 0.6279296875 0.451388889423077 0.6328125 0.44270833413461536
4 0.646484375 0.48784722115384616 0.646484375 0.484375 0.6484375 0.48090277884615384 0.6484375 0.467013889423077 0.646484375 0.46354166586538464 0.646484375 0.4600694447115385 0.6435546875 0.454861110576923 0.6416015625 0.454861110576923 0.6357421875 0.44791666586538464 0.6318359375 0.44791666586538464 0.6298828125 0.451388889423077 0.6240234375 0.454861110576923 0.619140625 0.46354166586538464 0.619140625 0.467013889423077 0.6171875 0.470486110576923 0.6171875 0.484375 0.6259765625 0.5 0.6376953125 0.5 0.638671875 0.498263889423077 0.6416015625 0.49652777884615384 0.646484375 0.48784722115384616
4 0.677734375 0.48784722115384616 0.677734375 0.48090277884615384 0.6796875 0.4774305552884615 0.6796875 0.47395833413461536 0.677734375 0.470486110576923 0.677734375 0.46354166586538464 0.67578125 0.4600694447115385 0.6748046875 0.454861110576923 0.6728515625 0.454861110576923 0.6669921875 0.44791666586538464 0.6630859375 0.44791666586538464 0.6611328125 0.451388889423077 0.6552734375 0.454861110576923 0.650390625 0.46354166586538464 0.650390625 0.467013889423077 0.6484375 0.470486110576923 0.6484375 0.484375 0.6572265625 0.5 0.6591796875 0.5 0.6611328125 0.5034722211538462 0.6669921875 0.5034722211538462 0.66796875 0.501736110576923 0.6708984375 0.5 0.677734375 0.48784722115384616
4 0.2901079663461539 0.4358418581730769 0.2920610913461539 0.4358418581730769 0.2949907788461539 0.4306335240384615 0.2949907788461539 0.4271613028846154 0.2969439038461539 0.4236890793269231 0.2969439038461539 0.40980019230769227 0.2949907788461539 0.40632796875 0.2949907788461539 0.40285574759615383 0.2881548413461539 0.39070296875 0.2764360913461539 0.39070296875 0.2744829663461539 0.39417519230769227 0.2725298413461539 0.39417519230769227 0.2676470288461539 0.40285574759615383 0.2676470288461539 0.4132724134615385 0.2656939038461539 0.41674463461538463 0.2676470288461539 0.4202168581730769 0.2676470288461539 0.4271613028846154 0.2744829663461539 0.4393140793269231 0.2764360913461539 0.4393140793269231 0.2783892163461539 0.4427863028846154 0.2842485913461539 0.4427863028846154 0.2852251538461539 0.44105019230769227 0.2881548413461539 0.4393140793269231 0.2901079663461539 0.4358418581730769
4 0.59765625 0.44270833413461536 0.59765625 0.439236110576923 0.599609375 0.435763889423077 0.599609375 0.41840277884615384 0.5908203125 0.40277777884615384 0.5869140625 0.40277777884615384 0.5849609375 0.3993055552884615 0.5830078125 0.40277777884615384 0.5791015625 0.40277777884615384 0.5703125 0.41840277884615384 0.5703125 0.439236110576923 0.5751953125 0.44791666586538464 0.5771484375 0.44791666586538464 0.5791015625 0.451388889423077 0.5908203125 0.451388889423077 0.591796875 0.44965277884615384 0.5947265625 0.44791666586538464 0.59765625 0.44270833413461536
4 0.412109375 0.46354166586538464 0.412109375 0.4600694447115385 0.41015625 0.45659722115384616 0.41015625 0.43229166586538464 0.4091796875 0.4305555552884615 0.4052734375 0.4305555552884615 0.4033203125 0.42708333413461536 0.3955078125 0.42708333413461536 0.388671875 0.439236110576923 0.388671875 0.45659722115384616 0.3955078125 0.46875 0.3974609375 0.46875 0.3994140625 0.47222222115384616 0.4052734375 0.47222222115384616 0.40625 0.470486110576923 0.4091796875 0.46875 0.412109375 0.46354166586538464
4 0.6273443173076922 0.3559109759615385 0.6292974423076922 0.3559109759615385 0.6322271298076922 0.3507026418269231 0.6322271298076922 0.3472304206730769 0.6341802548076922 0.34375819711538463 0.6341802548076922 0.32986931009615383 0.6322271298076922 0.3263970865384615 0.6322271298076922 0.3229248653846154 0.6253911923076922 0.3107720865384615 0.6136724423076922 0.3107720865384615 0.6117193173076922 0.31424431009615383 0.6097661923076922 0.31424431009615383 0.6048833798076922 0.3229248653846154 0.6048833798076922 0.33334153125 0.6029302548076922 0.33681375240384615 0.6048833798076922 0.3402859759615385 0.6048833798076922 0.3472304206730769 0.6117193173076922 0.35938319711538463 0.6136724423076922 0.35938319711538463 0.6156255673076922 0.3628554206730769 0.6214849423076922 0.3628554206730769 0.6224615048076922 0.36111931009615383 0.6253911923076922 0.35938319711538463 0.6273443173076922 0.3559109759615385
4 0.517578125 0.4913194447115385 0.517578125 0.470486110576923 0.515625 0.467013889423077 0.5146484375 0.4618055552884615 0.5126953125 0.4618055552884615 0.5068359375 0.454861110576923 0.5009765625 0.454861110576923 0.4990234375 0.45833333413461536 0.4931640625 0.4618055552884615 0.490234375 0.467013889423077 0.490234375 0.470486110576923 0.48828125 0.47395833413461536 0.48828125 0.48784722115384616 0.490234375 0.4913194447115385 0.490234375 0.49479166586538464 0.4951171875 0.5034722211538462 0.4990234375 0.5034722211538462 0.5009765625 0.5069444447115384 0.5068359375 0.5069444447115384 0.5078125 0.5052083341346154 0.5107421875 0.5034722211538462 0.517578125 0.4913194447115385
4 0.6083984375 0.4930555552884615 0.6103515625 0.4930555552884615 0.61328125 0.48784722115384616 0.61328125 0.484375 0.615234375 0.48090277884615384 0.615234375 0.467013889423077 0.61328125 0.46354166586538464 0.61328125 0.4600694447115385 0.6064453125 0.44791666586538464 0.5947265625 0.44791666586538464 0.5927734375 0.451388889423077 0.5908203125 0.451388889423077 0.5859375 0.4600694447115385 0.5859375 0.470486110576923 0.583984375 0.47395833413461536 0.5859375 0.4774305552884615 0.5859375 0.484375 0.5927734375 0.49652777884615384 0.5947265625 0.49652777884615384 0.5966796875 0.5 0.6025390625 0.5 0.603515625 0.498263889423077 0.6064453125 0.49652777884615384 0.6083984375 0.4930555552884615