4 0.7153387379807692 0.33179584134615386 0.7135158221153847 0.3479995456730769 0.7166408221153847 0.36235139663461535 0.7244533221153847 0.37161065625 0.7369533221153847 0.37068473076923075 0.74528665625 0.35725880528846155 0.74606790625 0.3322588052884615 0.7387762379807692 0.32161065624999996 0.7301824879807692 0.3155921370192308 0.7215887379807693 0.3225365817307692 0.7153387379807692 0.33179584134615386
4 0.6781194951923077 0.42461452163461544 0.6773382451923078 0.4408182235576923 0.6812444951923078 0.4551700769230769 0.6914007451923077 0.4639663725961538 0.6999944951923076 0.46118859375 0.7046819951923078 0.45285526201923076 0.7088486634615384 0.4389663725961538 0.7085882451923078 0.42137377884615385 0.7025986634615384 0.4102626682692308 0.6937444951923077 0.40609600240384613 0.6835882451923077 0.41211452163461537 0.6781194951923077 0.42461452163461544
4 0.43626655048076923 0.39992976682692305 0.43678738221153846 0.41752236057692305 0.44121446634615386 0.42863347115384615 0.45736030048076926 0.4314112475961539 0.46308946634615383 0.41891124759615384 0.46361030048076923 0.40409643509615384 0.4589228004807693 0.3902075456730769 0.44954780048076926 0.3860408774038462 0.44043321634615384 0.38881865625 0.43626655048076923 0.39992976682692305
4 0.5318351899038462 0.3956754206730769 0.5310539399038462 0.4095643100961538 0.5349601899038462 0.4197494951923077 0.5414706081730769 0.4266939399038462 0.5495435240384615 0.42623097596153847 0.5568351899038462 0.4165087548076923 0.5576164399038461 0.4035457908653846 0.5560539399038462 0.38873097596153844 0.5513664399038462 0.37993468028846156 0.5464185240384615 0.3771569014423077 0.5362622740384615 0.38086060576923075 0.5318351899038462 0.3956754206730769
4 0.46130821875000005 0.5833294423076923 0.46052696875 0.5972183317307692 0.46521446875000005 0.6101812932692308 0.47302696875000005 0.6157368485576923 0.47927696875000003 0.6138849975961539 0.48787071875 0.5911998125 0.48630821874999997 0.5768479591346154 0.48162071875 0.5689775889423078 0.4751103004807692 0.5657368485576924 0.4649540504807692 0.5703664783653847 0.46130821875000005 0.5833294423076923
4 0.49958706249999996 0.41285136298076924 0.4990662283653846 0.4276661778846154 0.5027120625 0.4378513629807692 0.5079203966346154 0.44433284375000004 0.5146912283653846 0.44711062259615386 0.5214620624999999 0.4447958076923077 0.5251078966346154 0.4369254375 0.5279724783653846 0.4197958076923077 0.5253683124999999 0.4091476586538461 0.5201599783653846 0.3994254375 0.5126078966346154 0.3961846947115385 0.5045349783653846 0.40174025240384614 0.49958706249999996 0.41285136298076924
4 0.39695950240384614 0.4375070264423077 0.39409491826923077 0.4504699903846153 0.3961782524038462 0.4629699903846154 0.4003449182692308 0.47222925000000004 0.40503241826923075 0.4782477668269231 0.42065741826923075 0.4643588798076923 0.4230011682692308 0.44722925 0.4188345024038461 0.43519221153846155 0.41336575240384615 0.4277848052884616 0.4081574182692308 0.4273218413461538 0.40138658653846154 0.4310255456730769 0.39695950240384614 0.4375070264423077
4 0.38615782692307693 0.5337498173076923 0.3851161610576923 0.5443979663461538 0.38693907692307694 0.5550461129807692 0.3911057427884615 0.5633794471153846 0.39787657692307693 0.5680090769230769 0.41141824278846156 0.5587498173076922 0.41350157692307693 0.5425461129807693 0.4111578269230769 0.5281942620192308 0.40594949278846154 0.5221757427884616 0.39787657692307693 0.5170831514423078 0.39084532692307694 0.5235646322115385 0.38615782692307693 0.5337498173076923
4 0.5788616971153846 0.3345953605769231 0.5765179471153846 0.34385462019230767 0.5765179471153846 0.35774350961538465 0.5791221129807692 0.3674657307692308 0.5838096129807693 0.37116943509615385 0.59032003125 0.37533610096153847 0.5968304471153846 0.37348425 0.60203878125 0.36607684375000005 0.6046429471153846 0.35218795432692307 0.6046429471153846 0.3369101754807692 0.6002158629807692 0.33042869471153846 0.59500753125 0.32579906490384614 0.58953878125 0.3244101754807692 0.5835491971153846 0.3281138798076923 0.5788616971153846 0.3345953605769231
4 0.42436916826923077 0.4363791682692308 0.4212441682692308 0.44286064903846156 0.4215045841346154 0.4511939831730769 0.42254624999999996 0.46230509375 0.43035874999999996 0.4743421322115384 0.4371295841346154 0.4771199086538462 0.44442125000000005 0.47480509375 0.4480670841346154 0.4636939831730769 0.44988999999999996 0.4525828725961538 0.44780666826923077 0.4377680576923077 0.44364 0.4294347235576923 0.43843166826923075 0.4252680576923077 0.43348375 0.4243421322115385 0.4285358341346154 0.42804583653846157 0.42436916826923077 0.4363791682692308
4 0.4654078677884615 0.39341735096153846 0.4628036995192308 0.40452846153846156 0.46358494951923074 0.42026920432692305 0.46801203365384614 0.43045438942307696 0.47400161778846156 0.4350840192307693 0.4833766177884616 0.4350840192307693 0.48806411778846154 0.4281395745192308 0.4906682836538462 0.41517661057692307 0.49092869951923074 0.4022136466346154 0.4867620336538462 0.392954389423077 0.4820745336538461 0.3892506850961538 0.4760849495192308 0.38415809134615386 0.4706161995192308 0.3878617956730769 0.4654078677884615 0.39341735096153846
4 0.5188383461538462 0.49890714663461544 0.5162341778846155 0.50816640625 0.5157133461538461 0.5192775168269231 0.5180570961538462 0.5285367764423077 0.5272741370192308 0.5416126201923077 0.5266508461538462 0.5396478870192307 0.5396716778846155 0.5359441826923077 0.5430570961538461 0.5262219615384616 0.5435779278846155 0.5086293701923077 0.5414945961538462 0.5030738125 0.5378487620192307 0.49566640625 0.5302966778846154 0.49057381250000004 0.5240466778846155 0.49149974038461536 0.5188383461538462 0.49890714663461544
4 0.3805716274038462 0.5756826274038461 0.3790091274038462 0.5830900336538462 0.37926954326923074 0.5942011466346154 0.38161329326923077 0.6071641081730769 0.38708204326923074 0.6127196634615385 0.39202995913461536 0.6145715168269231 0.39723829326923077 0.6136455889423077 0.4029674591346154 0.6090159591346154 0.4055716274038461 0.6002196634615384 0.40713412740384614 0.5900344783653846 0.40713412740384614 0.5779974423076923 0.4029674591346154 0.5705900336538462 0.3980195432692308 0.5659604038461539 0.39255079326923076 0.5645715168269231 0.38551954326923077 0.5668863317307692 0.3805716274038462 0.5756826274038461
4 0.45530087500000005 0.4312216322115384 0.45087379086538465 0.4386290384615385 0.44905087499999996 0.44788829807692304 0.44905087499999996 0.4571475576923077 0.45035295673076925 0.46455496634615384 0.4532175408653846 0.4710364471153846 0.45738420673076924 0.47659200240384614 0.4636342067307692 0.4789068173076923 0.46988420673076925 0.4761290384615385 0.4745717067307692 0.46918459615384617 0.47769670673076925 0.4571475576923077 0.47691545673076924 0.44418459615384615 0.47431129086538465 0.4353882980769231 0.47040504086538465 0.4312216322115384 0.4657175408653846 0.4265920024038462 0.46129045673076924 0.4265920024038462 0.45530087500000005 0.4312216322115384
4 0.5018772524038462 0.4641652403846154 0.5003147524038462 0.4743504254807692 0.5003147524038462 0.48083190625 0.5016168341346154 0.49009116586538465 0.5044814182692308 0.49749857451923074 0.5099501682692308 0.5012022764423076 0.5141168341346154 0.5016652403846154 0.5203668341346154 0.5021282019230769 0.5250543341346154 0.49518375961538463 0.5271376682692307 0.48175783173076925 0.5276585024038462 0.47110968509615386 0.5253147524038462 0.4609245 0.5193251682692307 0.4535170913461538 0.5120335024038462 0.4521282019230769 0.5060439182692308 0.4572207956730769 0.5018772524038462 0.4641652403846154
4 0.47985175480769227 0.43562324759615384 0.47620592067307693 0.4416417644230769 0.47620592067307693 0.4485862091346154 0.47594550480769227 0.4596973221153846 0.479330920673077 0.4666417644230769 0.48219550480769235 0.47451213461538466 0.48844550480769233 0.47821583894230774 0.4931330048076923 0.47821583894230774 0.498862170673077 0.4749750985576923 0.5027684206730769 0.46432694951923076 0.5038100889423076 0.4550676923076923 0.5022475889423077 0.4411788028846154 0.4975600889423077 0.43284546875 0.48948717067307695 0.42867880288461535 0.48453925480769233 0.42867880288461535 0.47985175480769227 0.43562324759615384
4 0.3925340769230769 0.4866860432692308 0.3909715769230769 0.495019375 0.3909715769230769 0.5042786346153846 0.3925340769230769 0.5116860432692307 0.39722157692307697 0.518630485576923 0.4008674110576923 0.5232601153846154 0.40737782692307695 0.5246490048076923 0.41284657692307697 0.5223341899038462 0.4175340769230769 0.4954823389423077 0.41571116105769235 0.4852971538461538 0.4131069927884615 0.4815934495192308 0.4094611610576923 0.4788156730769231 0.4055549110576923 0.47696381971153845 0.3998257427884615 0.4765008581730769 0.3943569927884615 0.48020456009615387 0.3925340769230769 0.4866860432692308
4 0.4069113822115385 0.5753319038461538 0.40613013221153843 0.5836652355769231 0.4058697139423077 0.5910726442307692 0.40769263221153845 0.5994059759615384 0.4108176322115385 0.6068133846153846 0.41394263221153843 0.6105170889423077 0.42019263221153846 0.6128319038461538 0.4259217980769231 0.610054125 0.43008846394230765 0.6007948653846154 0.43113013221153845 0.5882948653846154 0.42956763221153843 0.5757948653846154 0.42670304807692305 0.5683874591346154 0.4225363822115385 0.5656096802884615 0.41784888221153843 0.5642207908653846 0.41342179807692303 0.56514671875 0.4092551322115385 0.5697763461538462 0.4069113822115385 0.5753319038461538
4 0.4825179879807692 0.3635511081730769 0.4814763221153846 0.3741992548076923 0.4825179879807692 0.3825325889423077 0.4853825721153846 0.38993999519230765 0.4892888221153846 0.39642147836538466 0.4971013221153846 0.40012518028846156 0.5023096538461538 0.3959585144230769 0.5064763221153846 0.39132888461538456 0.5096013221153846 0.37836592307692307 0.5056950721153846 0.35475481009615384 0.5007471538461539 0.35105110817307694 0.49632007211538465 0.3482733293269231 0.4903304879807692 0.3482733293269231 0.4864242379807692 0.35475481009615384 0.4825179879807692 0.3635511081730769
4 0.783580641826923 0.42469499759615387 0.7804556418269232 0.4334912932692308 0.7794139735576924 0.44599129326923076 0.7812368918269231 0.45617647836538466 0.7838410576923077 0.46080610817307693 0.7895702235576922 0.46682462740384617 0.7958202235576923 0.47145425721153844 0.8015493918269231 0.4686764783653846 0.8072785576923077 0.46219499759615384 0.8114452235576923 0.4520098125 0.8132681418269231 0.4399727740384615 0.8111848076923077 0.42747277403846157 0.8077993918269232 0.42145425721153845 0.8044139735576923 0.4149727740384615 0.7986848076923077 0.4117320336538462 0.7932160576923077 0.4117320336538462 0.787486891826923 0.4182135168269231 0.783580641826923 0.42469499759615387
4 0.5356696923076923 0.5389550528846153 0.5330655264423076 0.5528439399038462 0.5333259423076924 0.5611772740384615 0.5364509423076923 0.5676587548076923 0.5453051105769231 0.5810846826923076 0.5510342764423076 0.58062171875 0.5562426105769231 0.5759920889423077 0.5614509423076923 0.5671957932692308 0.5637946923076923 0.5523809783653847 0.5611905264423077 0.5421957932692307 0.5570238605769231 0.5315476442307692 0.5512946923076923 0.5278439399038461 0.5468676105769231 0.5278439399038461 0.5408780264423076 0.5296957932692308 0.5356696923076923 0.5389550528846153
4 0.5927953100961538 0.38400423798076927 0.5914932259615384 0.39604127403846157 0.5925348918269231 0.4053005336538461 0.5935765600961539 0.410393125 0.5969619759615384 0.4168746081730769 0.6013890600961539 0.4205783100961539 0.6071182259615384 0.4224301634615385 0.6144098918269231 0.4191894230769231 0.6185765600961539 0.40993016346153843 0.6211807259615385 0.39604127403846157 0.6185765600961539 0.3812264591346154 0.6138890600961538 0.3747449783653846 0.608941141826923 0.37104127403846154 0.6039932259615385 0.3701153485576923 0.6003473918269231 0.3715042379807692 0.5961807259615385 0.37798571875000003 0.5927953100961538 0.38400423798076927
4 0.43134901442307694 0.5802689711538462 0.43134901442307694 0.5913800817307693 0.4321302644230769 0.5997134158653846 0.43447401442307687 0.6071208221153847 0.43942193028846155 0.61545415625 0.44619276442307687 0.6163800817307692 0.45791151442307687 0.5964726754807692 0.45869276442307694 0.5825837860576922 0.45582818028846156 0.5737874903846154 0.4527031802884615 0.5696208221153847 0.4487969302884615 0.5668430456730769 0.4454115144230769 0.5645282307692308 0.43942193028846155 0.5663800817307693 0.43473443028846154 0.5710097115384616 0.43134901442307694 0.5802689711538462
4 0.48437932211538465 0.5804173629807692 0.48437932211538465 0.5924543990384615 0.48568140625 0.6017136586538462 0.48958765625 0.610509954326923 0.49505640625 0.6146766225961539 0.5023480721153846 0.6156025480769232 0.5101605721153846 0.5998618076923077 0.51224390625 0.5882877331730769 0.50990015625 0.5757877331730769 0.5057334903846153 0.5697692139423076 0.5010459903846154 0.5660655096153846 0.4940147403846154 0.5665284735576923 0.48880640625000005 0.5697692139423076 0.48437932211538465 0.5804173629807692
4 0.4528168028846154 0.34970256971153846 0.4486501346153846 0.3584988653846154 0.44969180288461535 0.36729516105769233 0.45073346875 0.3756284951923077 0.4543793028846154 0.3825729399038461 0.45854596875 0.3885914567307692 0.4645355528846154 0.3909062716346154 0.47052513461538464 0.38720256971153844 0.4767751346153846 0.3793321971153846 0.47755638461538463 0.367758125 0.4762543028846154 0.35386923557692307 0.47312930288461535 0.34507293990384613 0.4681813846153846 0.3390544206730769 0.4621918028846154 0.33951738221153843 0.45698346874999995 0.3422951610576923 0.4528168028846154 0.34970256971153846
4 0.4460785216346154 0.4841517403846154 0.44425560576923073 0.49618877644230774 0.4445160216346154 0.5082258149038462 0.44764102163461533 0.517022110576923 0.4544118557692308 0.5239665552884616 0.4617035216346154 0.5239665552884616 0.47212018990384613 0.5068369254807693 0.47212018990384613 0.49572581490384615 0.4708181057692308 0.48461470192307693 0.4656097716346154 0.47720729567307696 0.46040143990384613 0.4735035913461539 0.45597435576923073 0.47396655528846154 0.4505056057692308 0.4776702596153846 0.4460785216346154 0.4841517403846154
4 0.6144953629807692 0.4203122764423077 0.61006828125 0.4277196826923077 0.6082453629807693 0.4342011634615384 0.6087661971153846 0.4453122764423077 0.6113703629807692 0.453645608173077 0.6199641129807693 0.46753449759615384 0.62803703125 0.46753449759615384 0.6322036971153846 0.46059005288461535 0.63584953125 0.453645608173077 0.6376724471153847 0.4425344975961538 0.6371516129807693 0.4304974615384615 0.6345474471153847 0.4235530168269231 0.6309016129807692 0.41846042307692305 0.6272557812499999 0.4138307932692307 0.6233495312499999 0.41475672115384615 0.6184016129807692 0.4166085721153846 0.6144953629807692 0.4203122764423077
4 0.49430635817307694 0.5283893197115385 0.49352510817307693 0.5362596899038462 0.49508760817307695 0.5450559879807693 0.4971709423076923 0.5524633942307692 0.5018584423076923 0.5575559879807692 0.5075876081730769 0.5598708028846153 0.5133167764423077 0.5570930240384615 0.517743858173077 0.5506115432692308 0.5203480264423077 0.5395004326923076 0.5167021923076923 0.5172782091346154 0.510712608173077 0.5117226538461538 0.5062855264423077 0.5094078389423077 0.4976917764423077 0.51403746875 0.4956084423076923 0.5205189495192308 0.49430635817307694 0.5283893197115385
4 0.6117812307692307 0.32539893028846156 0.6081353966346155 0.3309544855769231 0.6052708124999999 0.33975078124999997 0.6050103966346154 0.34808411538461537 0.6055312307692308 0.3554915216346154 0.6112603966346154 0.3693804110576923 0.6164687307692307 0.3749359663461539 0.6237603966346155 0.3749359663461539 0.6310520625 0.3707693004807692 0.6346978966346154 0.3605841153846154 0.6359999807692307 0.35039893028846153 0.6359999807692307 0.3392878173076923 0.6328749807692307 0.3291026322115385 0.6292291466346154 0.32539893028846156 0.6255833125 0.32169522596153843 0.6211562307692307 0.3221581875 0.6172499807692307 0.3221581875 0.6117812307692307 0.32539893028846156
4 0.6688760745192308 0.5435258173076923 0.6708291995192308 0.5435258173076923 0.6757120120192308 0.5348452620192308 0.6757120120192308 0.5105397067307693 0.6688760745192308 0.49838692788461536 0.6669229495192308 0.49838692788461536 0.6649698245192308 0.49491470673076926 0.6591104495192308 0.49491470673076926 0.6571573245192308 0.49838692788461536 0.6532510745192308 0.49838692788461536 0.6464151370192308 0.5105397067307693 0.6464151370192308 0.5140119278846154 0.6444620120192308 0.5174841514423076 0.6444620120192308 0.5279008173076923 0.6464151370192308 0.5313730408653846 0.6464151370192308 0.538317485576923 0.6493448245192308 0.5400535961538462 0.6532510745192308 0.5469980408653846 0.6552041995192308 0.5469980408653846 0.6571573245192308 0.5504702620192308 0.6630166995192308 0.5504702620192308 0.6639932620192308 0.5487341514423076 0.6669229495192308 0.5469980408653846 0.6688760745192308 0.5435258173076923
4 0.6456018052884616 0.41921544711538467 0.6524377427884616 0.40706266826923077 0.6524377427884616 0.3827571129807692 0.6475549302884616 0.3740765576923077 0.6456018052884616 0.3740765576923077 0.6416955552884616 0.3671321129807692 0.6338830552884616 0.3671321129807692 0.6319299302884616 0.37060433653846153 0.6299768052884616 0.37060433653846153 0.6260705552884616 0.37754878125 0.6231408677884616 0.37928489182692304 0.6231408677884616 0.40706266826923077 0.6280236802884616 0.41574322596153845 0.6299768052884616 0.41574322596153845 0.6319299302884616 0.41921544711538467 0.6358361802884616 0.41921544711538467 0.6377893052884616 0.42268766826923077 0.6387658677884616 0.4209515576923077 0.6397424302884616 0.41921544711538467 0.6456018052884616 0.41921544711538467
4 0.6232455673076923 0.4976359278846154 0.6232455673076923 0.4733303701923077 0.6203158798076923 0.46812203846153844 0.6183627548076923 0.46812203846153844 0.6144565048076923 0.46117759374999995 0.6027377548076923 0.46117759374999995 0.5939486923076923 0.47680259374999995 0.5939486923076923 0.4941637043269231 0.6027377548076923 0.5097887043269231 0.6066440048076923 0.5097887043269231 0.6085971298076923 0.5132609278846154 0.6095736923076923 0.5115248149038462 0.6183627548076923 0.5063164831730769 0.6232455673076923 0.4976359278846154
4 0.8205876274038462 0.5924311538461539 0.8205876274038462 0.5889589326923077 0.8225407524038462 0.5854867091346153 0.8225407524038462 0.5750700432692308 0.8205876274038462 0.5715978197115384 0.8205876274038462 0.5681255985576923 0.8157048149038462 0.5594450432692308 0.8137516899038462 0.5594450432692308 0.8117985649038462 0.5559728197115384 0.8000798149038462 0.5559728197115384 0.7981266899038462 0.5594450432692308 0.7961735649038462 0.5594450432692308 0.7912907524038462 0.5681255985576923 0.7912907524038462 0.5924311538461539 0.7981266899038462 0.6045839326923077 0.8000798149038462 0.6045839326923077 0.8020329399038462 0.6080561538461539 0.8098454399038462 0.6080561538461539 0.8108220024038462 0.6063200432692308 0.8137516899038462 0.6045839326923077 0.8205876274038462 0.5924311538461539
4 0.714135170673077 0.59438071875 0.720971108173077 0.5822279399038461 0.720971108173077 0.57875571875 0.722924233173077 0.5752834951923077 0.722924233173077 0.561394608173077 0.716088295673077 0.5492418293269231 0.714135170673077 0.5492418293269231 0.708275795673077 0.5422973846153846 0.704369545673077 0.5422973846153846 0.702416420673077 0.545769608173077 0.696557045673077 0.5492418293269231 0.693627358173077 0.5544501634615384 0.693627358173077 0.5579223846153846 0.691674233173077 0.561394608173077 0.691674233173077 0.5752834951923077 0.693627358173077 0.57875571875 0.693627358173077 0.5822279399038461 0.700463295673077 0.59438071875 0.702416420673077 0.59438071875 0.704369545673077 0.5978529399038461 0.708275795673077 0.5978529399038461 0.709252358173077 0.5961168293269231 0.710228920673077 0.59438071875 0.714135170673077 0.59438071875
4 0.7892941370192308 0.4176147620192308 0.7922238245192308 0.41240642788461535 0.7922238245192308 0.4089342067307692 0.7941769495192308 0.40546198317307697 0.7941769495192308 0.3985175384615385 0.7961300745192308 0.3950453173076923 0.7941769495192308 0.39157309375 0.7941769495192308 0.3846286490384615 0.7922238245192308 0.38115642788461535 0.7912472620192308 0.37594809375 0.7892941370192308 0.37594809375 0.7853878870192308 0.3690036490384615 0.7814816370192308 0.3690036490384615 0.7795285120192308 0.36553142788461535 0.7736691370192308 0.36553142788461535 0.7648800745192308 0.38115642788461535 0.7648800745192308 0.3846286490384615 0.7629269495192308 0.38810087259615383 0.7629269495192308 0.40546198317307697 0.7697628870192308 0.4176147620192308 0.7717160120192308 0.4176147620192308 0.7775753870192308 0.4245592067307692 0.7814816370192308 0.4245592067307692 0.7824581995192308 0.42282309375 0.7853878870192308 0.4176147620192308 0.7892941370192308 0.4176147620192308
4 0.7541820120192307 0.41961765384615385 0.7629710745192307 0.40399265384615385 0.7629710745192307 0.38315931971153844 0.7610179495192307 0.37968709855769234 0.7610179495192307 0.376214875 0.7580882620192307 0.37100654326923077 0.7561351370192307 0.37100654326923077 0.7541820120192307 0.36753431971153844 0.7522288870192307 0.36753431971153844 0.7502757620192307 0.36406209855769234 0.7444163870192307 0.360589875 0.7405101370192307 0.36753431971153844 0.7385570120192307 0.36753431971153844 0.7317210745192307 0.37968709855769234 0.7317210745192307 0.407464875 0.7366038870192307 0.41614543028846157 0.7385570120192307 0.41614543028846157 0.7405101370192307 0.41961765384615385 0.7444163870192307 0.41961765384615385 0.7463695120192307 0.423089875 0.7473460745192307 0.4213537644230769 0.7483226370192307 0.41961765384615385 0.7541820120192307 0.41961765384615385
4 0.6904891346153845 0.5814932283653846 0.6904891346153845 0.5780210072115385 0.6924422596153845 0.5745487836538461 0.6924422596153845 0.5571876730769231 0.6836531971153845 0.5415626730769231 0.6719344471153845 0.5415626730769231 0.6699813221153845 0.5450348942307692 0.6680281971153845 0.5450348942307692 0.6631453846153845 0.5537154495192308 0.6631453846153845 0.5571876730769231 0.6611922596153845 0.5606598942307692 0.6611922596153845 0.5745487836538461 0.6631453846153845 0.5780210072115385 0.6631453846153845 0.5814932283653846 0.6660750721153845 0.5867015624999999 0.6680281971153845 0.5867015624999999 0.6738875721153845 0.5936460072115385 0.6817000721153845 0.5936460072115385 0.6826766346153845 0.5919098942307692 0.6856063221153845 0.5901737836538461 0.6904891346153845 0.5814932283653846
4 0.7009739783653846 0.5478394543269232 0.7058567908653846 0.5391588990384615 0.7058567908653846 0.5356866778846153 0.7078099158653846 0.5322144543269232 0.7078099158653846 0.51485334375 0.7058567908653846 0.5113811225961539 0.7058567908653846 0.5079088990384615 0.7029271033653846 0.5061727884615385 0.6990208533653846 0.49922834374999997 0.6951146033653846 0.49922834374999997 0.6931614783653846 0.4957561225961538 0.6892552283653846 0.4957561225961538 0.6873021033653846 0.49922834374999997 0.6853489783653846 0.49922834374999997 0.6814427283653846 0.5061727884615385 0.6785130408653846 0.5079088990384615 0.6785130408653846 0.5113811225961539 0.6765599158653846 0.51485334375 0.6765599158653846 0.5322144543269232 0.6785130408653846 0.5356866778846153 0.6785130408653846 0.5391588990384615 0.6814427283653846 0.5443672331730769 0.6833958533653846 0.5443672331730769 0.6873021033653846 0.5513116778846153 0.6951146033653846 0.5513116778846153 0.6960911658653846 0.5495755673076923 0.6970677283653846 0.5478394543269232 0.7009739783653846 0.5478394543269232
4 0.6875497235576924 0.40604749038461535 0.6875497235576924 0.402575266826923 0.6895028485576924 0.399103045673077 0.6895028485576924 0.38868637740384615 0.6875497235576924 0.38521415625 0.6875497235576924 0.3782697115384615 0.6846200360576924 0.37306137740384615 0.6826669110576924 0.37306137740384615 0.6768075360576924 0.36611693269230766 0.6689950360576924 0.36611693269230766 0.6670419110576924 0.36958915625 0.6611825360576924 0.37306137740384615 0.6562997235576924 0.38174193269230766 0.6562997235576924 0.402575266826923 0.6650887860576924 0.418200266826923 0.6709481610576924 0.418200266826923 0.6729012860576924 0.42167249038461535 0.6738778485576924 0.41993637740384615 0.6826669110576924 0.414728045673077 0.6875497235576924 0.40604749038461535
4 0.5647511418269231 0.47820488461538463 0.5618214543269231 0.4764687740384615 0.5598683293269231 0.4729965528846154 0.5559620793269231 0.4729965528846154 0.5520558293269231 0.46605210817307696 0.5461964543269231 0.4695243293269231 0.5413136418269231 0.47820488461538463 0.5413136418269231 0.49556599759615383 0.5432667668269231 0.49903821875 0.5432667668269231 0.5025104399038461 0.5481495793269231 0.5111909975961538 0.5598683293269231 0.5111909975961538 0.5608448918269231 0.5094548846153846 0.5647511418269231 0.5059826634615384 0.5647511418269231 0.47820488461538463
4 0.4355415552884615 0.5591727620192308 0.4394478052884615 0.54875609375 0.4394478052884615 0.5418116514423077 0.4374946802884615 0.5383394278846154 0.4355415552884615 0.5279227620192308 0.4326118677884615 0.5261866514423077 0.4306587427884615 0.5227144278846154 0.4189399927884615 0.5227144278846154 0.4121040552884615 0.5348672067307693 0.4121040552884615 0.5557005384615384 0.4189399927884615 0.5678533173076923 0.4306587427884615 0.5678533173076923 0.4316353052884615 0.5661172067307693 0.4355415552884615 0.562644983173077 0.4355415552884615 0.5591727620192308
4 0.4436821610576923 0.5166497379807692 0.4436821610576923 0.4888719615384615 0.4407524735576923 0.48366362740384616 0.4387993485576923 0.48366362740384616 0.4329399735576923 0.4767191826923077 0.4290337235576923 0.4767191826923077 0.4270805985576923 0.48019140384615383 0.4251274735576923 0.48019140384615383 0.4202446610576923 0.4888719615384615 0.4202446610576923 0.4923441826923077 0.4182915360576923 0.49581640384615383 0.4182915360576923 0.5062330721153846 0.4202446610576923 0.5097052932692308 0.4202446610576923 0.513177516826923 0.4251274735576923 0.5218580721153846 0.4270805985576923 0.5218580721153846 0.4290337235576923 0.5253302932692308 0.4368462235576923 0.5253302932692308 0.4378227860576923 0.5235941826923077 0.4407524735576923 0.5218580721153846 0.4436821610576923 0.5166497379807692
4 0.46071662019230775 0.5670118774038462 0.46559943269230775 0.5583313221153846 0.46559943269230775 0.5548591009615385 0.46755255769230775 0.5513868774038462 0.46755255769230775 0.5444424350961539 0.46559943269230775 0.5409702115384616 0.46559943269230775 0.534025766826923 0.46364630769230775 0.5305535456730769 0.46266974519230775 0.5253452115384616 0.46071662019230775 0.5253452115384616 0.45681037019230775 0.518400766826923 0.44899787019230775 0.518400766826923 0.44020880769230775 0.534025766826923 0.44020880769230775 0.5548591009615385 0.44704474519230775 0.5670118774038462 0.45095099519230775 0.5670118774038462 0.45290412019230775 0.5704841009615385 0.45583380769230775 0.5687479903846154 0.45681037019230775 0.5670118774038462 0.46071662019230775 0.5670118774038462
4 0.49124721634615387 0.5607091538461538 0.49515346634615387 0.5502924855769231 0.49515346634615387 0.5433480432692307 0.49320034134615387 0.5398758197115385 0.49320034134615387 0.532931375 0.48831752884615387 0.5242508197115385 0.48636440384615387 0.5242508197115385 0.48441127884615387 0.5207785985576924 0.47855190384615387 0.5207785985576924 0.47659877884615387 0.5242508197115385 0.47464565384615387 0.5242508197115385 0.46780971634615387 0.5364035985576924 0.46780971634615387 0.5537647091346154 0.46976284134615387 0.5572369302884616 0.46976284134615387 0.5607091538461538 0.47464565384615387 0.5693897091346154 0.48636440384615387 0.5693897091346154 0.48734096634615387 0.5676535985576924 0.49124721634615387 0.564181375 0.49124721634615387 0.5607091538461538
4 0.5362738557692308 0.5878342451923078 0.5362738557692308 0.5808898004807692 0.5382269807692308 0.5774175793269231 0.5382269807692308 0.5739453557692308 0.5362738557692308 0.5704731346153846 0.5362738557692308 0.5635286899038461 0.5313910432692308 0.5548481346153846 0.5294379182692308 0.5548481346153846 0.5274847932692308 0.5513759134615385 0.5177191682692308 0.5513759134615385 0.5138129182692308 0.5583203557692308 0.5108832307692308 0.5600564687499999 0.5108832307692308 0.5843620240384616 0.5128363557692308 0.5878342451923078 0.5128363557692308 0.5913064687499999 0.5157660432692308 0.5965148004807692 0.5177191682692308 0.5965148004807692 0.5196722932692308 0.5999870240384616 0.5274847932692308 0.5999870240384616 0.5284613557692308 0.5982509134615385 0.5313910432692308 0.5965148004807692 0.5362738557692308 0.5878342451923078
4 0.5799610552884615 0.5384611658653846 0.5819141802884615 0.5349889447115385 0.5819141802884615 0.5211000552884616 0.5809376177884615 0.5193639447115385 0.5750782427884615 0.5193639447115385 0.5731251177884615 0.5158917211538461 0.5672657427884615 0.5124195 0.5633594927884615 0.5054750552884616 0.5614063677884615 0.5054750552884616 0.5584766802884615 0.5106833894230769 0.5584766802884615 0.514155610576923 0.5565235552884615 0.5176278341346154 0.5565235552884615 0.5280445 0.5584766802884615 0.5315167211538461 0.5584766802884615 0.5349889447115385 0.5653126177884615 0.5471417211538461 0.5750782427884615 0.5471417211538461 0.5760548052884615 0.545405610576923 0.5789844927884615 0.5436695 0.5799610552884615 0.5384611658653846
4 0.5678458100961539 0.4705094495192308 0.5697989350961539 0.46703722836538464 0.5717520600961539 0.46703722836538464 0.5727286225961539 0.4618288942307692 0.5746817475961539 0.45835667307692307 0.5746817475961539 0.43405111778846156 0.5697989350961539 0.4253705625 0.5678458100961539 0.4253705625 0.5658926850961539 0.42189833894230766 0.5561270600961539 0.42189833894230766 0.5473379975961539 0.43752333894230766 0.5473379975961539 0.45835667307692307 0.5541739350961539 0.4705094495192308 0.5580801850961539 0.4705094495192308 0.5600333100961539 0.47398167307692307 0.5610098725961539 0.4722455625 0.5619864350961539 0.4705094495192308 0.5678458100961539 0.4705094495192308
4 0.5878745769230769 0.40636479567307693 0.5898277019230769 0.4028925721153846 0.5898277019230769 0.38900368509615385 0.5829917644230769 0.37685090625 0.5810386394230769 0.37685090625 0.5751792644230769 0.3699064615384616 0.5732261394230769 0.3699064615384616 0.5712730144230769 0.37337868509615385 0.5673667644230769 0.37337868509615385 0.5624839519230769 0.38205924038461536 0.5624839519230769 0.3855314615384616 0.5605308269230769 0.38900368509615385 0.5605308269230769 0.40636479567307693 0.5624839519230769 0.4098370168269231 0.5624839519230769 0.41330924038461536 0.5654136394230769 0.4185175721153846 0.5673667644230769 0.4185175721153846 0.5693198894230769 0.42198979567307693 0.5810386394230769 0.42198979567307693 0.5820152019230769 0.42025368509615385 0.5878745769230769 0.4098370168269231 0.5878745769230769 0.40636479567307693
4 0.7901810985576923 0.6479333221153846 0.7921342235576923 0.6444611009615385 0.7940873485576923 0.6444611009615385 0.7970170360576923 0.639252766826923 0.7970170360576923 0.635780545673077 0.7989701610576923 0.6323083221153846 0.7989701610576923 0.6114749903846154 0.7921342235576923 0.5993222115384615 0.7901810985576923 0.5993222115384615 0.7882279735576923 0.5958499903846154 0.7804154735576923 0.5958499903846154 0.7784623485576923 0.5993222115384615 0.7765092235576923 0.5993222115384615 0.7696732860576923 0.6114749903846154 0.7696732860576923 0.6323083221153846 0.7716264110576923 0.635780545673077 0.7716264110576923 0.639252766826923 0.7745560985576923 0.6409888774038461 0.7784623485576923 0.6479333221153846 0.7823685985576923 0.6479333221153846 0.7843217235576923 0.651405545673077 0.7852982860576923 0.6496694350961539 0.7862748485576923 0.6479333221153846 0.7901810985576923 0.6479333221153846
4 0.7777560841346154 0.6013770937499999 0.7845920216346154 0.5892243173076923 0.7845920216346154 0.5649187620192307 0.7797092091346154 0.5562382067307692 0.7777560841346154 0.5562382067307692 0.7758029591346154 0.5527659831730769 0.7640842091346154 0.5527659831730769 0.7601779591346154 0.5597104278846154 0.7582248341346154 0.5597104278846154 0.7572482716346154 0.5649187620192307 0.7552951466346154 0.5683909831730769 0.7552951466346154 0.5857520937499999 0.7572482716346154 0.5892243173076923 0.7572482716346154 0.5926965384615385 0.7621310841346154 0.6013770937499999 0.7660373341346154 0.6013770937499999 0.7679904591346154 0.6048493173076923 0.7718967091346154 0.6048493173076923 0.7728732716346154 0.6031132067307692 0.7738498341346154 0.6013770937499999 0.7777560841346154 0.6013770937499999
4 0.7460698149038462 0.595207014423077 0.7509526274038462 0.5865264591346153 0.7509526274038462 0.579582014423077 0.7529057524038462 0.5761097932692307 0.7529057524038462 0.5726375721153846 0.7509526274038462 0.5691653485576923 0.7509526274038462 0.5622209038461539 0.7441166899038462 0.5500681274038461 0.7421635649038462 0.5500681274038461 0.7402104399038462 0.5465959038461539 0.7323979399038462 0.5465959038461539 0.7304448149038462 0.5500681274038461 0.7284916899038462 0.5500681274038461 0.7216557524038462 0.5622209038461539 0.7216557524038462 0.5830542379807693 0.7284916899038462 0.595207014423077 0.7304448149038462 0.595207014423077 0.7323979399038462 0.5986792379807693 0.7402104399038462 0.5986792379807693 0.7411870024038462 0.5969431274038461 0.7421635649038462 0.595207014423077 0.7460698149038462 0.595207014423077
4 0.7336501850961539 0.5464221153846154 0.7356033100961539 0.5464221153846154 0.7385329975961539 0.5412137836538462 0.7385329975961539 0.5377415600961538 0.7404861225961539 0.5342693389423077 0.7404861225961539 0.5203804495192308 0.7385329975961539 0.5169082283653846 0.7385329975961539 0.5134360048076924 0.7316970600961539 0.5012832283653846 0.7277908100961539 0.5012832283653846 0.7258376850961539 0.49781100480769236 0.7219314350961539 0.49781100480769236 0.7199783100961539 0.5012832283653846 0.7160720600961539 0.5012832283653846 0.7092361225961539 0.5134360048076924 0.7092361225961539 0.5377415600961538 0.7160720600961539 0.5498943389423077 0.7180251850961539 0.5498943389423077 0.7199783100961539 0.5533665600961538 0.7277908100961539 0.5533665600961538 0.7287673725961539 0.5516304495192308 0.7316970600961539 0.5498943389423077 0.7336501850961539 0.5464221153846154
4 0.6923799423076923 0.4898898485576923 0.6923799423076923 0.48641762740384614 0.6943330673076923 0.48294540625000004 0.6943330673076923 0.4725287379807692 0.6923799423076923 0.46905651682692306 0.6923799423076923 0.4655842932692308 0.6855440048076923 0.45343151682692306 0.6796846298076923 0.45343151682692306 0.6777315048076923 0.4499592932692308 0.6757783798076923 0.45343151682692306 0.6718721298076923 0.45343151682692306 0.6699190048076923 0.4569037379807692 0.6679658798076923 0.4569037379807692 0.6630830673076923 0.4655842932692308 0.6630830673076923 0.46905651682692306 0.6611299423076923 0.4725287379807692 0.6611299423076923 0.48641762740384614 0.6630830673076923 0.4898898485576923 0.6630830673076923 0.4933620721153846 0.6660127548076923 0.49857040625000004 0.6679658798076923 0.49857040625000004 0.6718721298076923 0.5055148485576922 0.6816377548076923 0.5055148485576922 0.6826143173076923 0.5037787379807692 0.6855440048076923 0.5020426274038461 0.6923799423076923 0.4898898485576923
4 0.669535170673077 0.4386327427884616 0.671488295673077 0.4351605216346154 0.669535170673077 0.4316882980769231 0.669535170673077 0.4247438533653846 0.667582045673077 0.42127163221153846 0.667582045673077 0.4177994086538461 0.664652358173077 0.41259107692307695 0.660746108173077 0.41259107692307695 0.658792983173077 0.4091188533653846 0.652933608173077 0.4091188533653846 0.650980483173077 0.41259107692307695 0.647074233173077 0.41259107692307695 0.643167983173077 0.4195355216346154 0.640238295673077 0.42127163221153846 0.640238295673077 0.42821607692307695 0.638285170673077 0.4316882980769231 0.638285170673077 0.44557718749999997 0.640238295673077 0.4490494086538461 0.640238295673077 0.45252163221153846 0.643167983173077 0.4542577427884616 0.649027358173077 0.4646744086538461 0.660746108173077 0.4646744086538461 0.661722670673077 0.4629382980769231 0.669535170673077 0.45252163221153846 0.669535170673077 0.4386327427884616
4 0.8361982451923077 0.5510149423076923 0.8361982451923077 0.5475427211538462 0.8381513701923077 0.5440704975961539 0.8381513701923077 0.5267093870192308 0.8293623076923077 0.5110843870192308 0.8195966826923077 0.5110843870192308 0.8176435576923077 0.5145566105769231 0.8137373076923077 0.5145566105769231 0.8088544951923077 0.5232371658653846 0.8088544951923077 0.5267093870192308 0.8069013701923077 0.5301816105769231 0.8069013701923077 0.5440704975961539 0.8088544951923077 0.5475427211538462 0.8088544951923077 0.5510149423076923 0.8137373076923077 0.5596954975961539 0.8156904326923077 0.5596954975961539 0.8176435576923077 0.5631677211538462 0.8274091826923077 0.5631677211538462 0.8283857451923077 0.5614316105769231 0.8313154326923077 0.5596954975961539 0.8361982451923077 0.5510149423076923
4 0.6980115432692308 0.36740713942307696 0.6999646682692308 0.36740713942307696 0.7028943557692308 0.36219880528846154 0.7028943557692308 0.35872658413461533 0.7048474807692308 0.3552543629807693 0.7048474807692308 0.33789325 0.7028943557692308 0.3344210288461538 0.7028943557692308 0.33094880528846154 0.6999646682692308 0.3257404735576923 0.6980115432692308 0.3257404735576923 0.6921521682692308 0.3187960288461538 0.6862927932692308 0.3187960288461538 0.6843396682692308 0.32226825 0.6784802932692308 0.3257404735576923 0.6755506057692308 0.33094880528846154 0.6755506057692308 0.3344210288461538 0.6735974807692308 0.33789325 0.6735974807692308 0.3552543629807693 0.6755506057692308 0.35872658413461533 0.6755506057692308 0.36219880528846154 0.6784802932692308 0.36740713942307696 0.6804334182692308 0.36740713942307696 0.6862927932692308 0.37435158413461533 0.6921521682692308 0.37435158413461533 0.6931287307692308 0.3726154735576923 0.6960584182692308 0.3708793629807693 0.6980115432692308 0.36740713942307696
4 0.7166308774038461 0.5050454399038462 0.7234668149038461 0.4928926634615385 0.7234668149038461 0.48594821875 0.7254199399038461 0.4824759951923077 0.7254199399038461 0.47205932932692307 0.7234668149038461 0.46858710576923074 0.7234668149038461 0.46511488461538464 0.7166308774038461 0.45296210576923074 0.7146777524038461 0.45296210576923074 0.7127246274038461 0.44948988461538464 0.7107715024038461 0.44948988461538464 0.7088183774038461 0.45296210576923074 0.7068652524038461 0.45296210576923074 0.7049121274038461 0.45643432932692307 0.6990527524038461 0.4599065504807692 0.6941699399038461 0.46858710576923074 0.6941699399038461 0.4755315504807692 0.6922168149038461 0.4790037740384615 0.6922168149038461 0.4824759951923077 0.6941699399038461 0.48594821875 0.6941699399038461 0.4928926634615385 0.6990527524038461 0.50157321875 0.7010058774038461 0.50157321875 0.7029590024038461 0.5050454399038462 0.7068652524038461 0.5050454399038462 0.7088183774038461 0.5085176634615385 0.7097949399038461 0.5067815504807692 0.7107715024038461 0.5050454399038462 0.7166308774038461 0.5050454399038462
4 0.5884050649038461 0.5821979399038462 0.5884050649038461 0.5613646057692308 0.5815691274038461 0.549211829326923 0.5796160024038461 0.549211829326923 0.5776628774038461 0.5457396057692308 0.5718035024038461 0.5457396057692308 0.5698503774038461 0.549211829326923 0.5678972524038461 0.549211829326923 0.5659441274038461 0.5526840504807692 0.5630144399038461 0.5544201634615384 0.5630144399038461 0.5578923846153846 0.5610613149038461 0.5613646057692308 0.5591081899038461 0.5717812740384616 0.5610613149038461 0.5752534951923077 0.5610613149038461 0.5821979399038462 0.5678972524038461 0.59435071875 0.5698503774038461 0.59435071875 0.5718035024038461 0.5978229399038462 0.5776628774038461 0.5978229399038462 0.5786394399038461 0.596086829326923 0.5815691274038461 0.59435071875 0.5884050649038461 0.5821979399038462
4 0.58730078125 0.5126699567307692 0.58827734375 0.5074616225961539 0.59218359375 0.5005171778846154 0.59218359375 0.47968384374999995 0.58534765625 0.4675310673076923 0.58339453125 0.4675310673076923 0.58144140625 0.46405884374999995 0.57362890625 0.46405884374999995 0.57167578125 0.4675310673076923 0.56776953125 0.4675310673076923 0.56483984375 0.47273939903846157 0.56483984375 0.47621162259615385 0.56288671875 0.47968384374999995 0.56288671875 0.4970449567307692 0.56483984375 0.5005171778846154 0.56483984375 0.5039893990384615 0.56972265625 0.5126699567307692 0.57167578125 0.5126699567307692 0.57362890625 0.5161421778846154 0.58144140625 0.5161421778846154 0.58241796875 0.5144060673076922 0.58339453125 0.5126699567307692 0.58730078125 0.5126699567307692
4 0.6097740649038461 0.5432141418269231 0.6097740649038461 0.5397419206730769 0.6117271899038461 0.5362696971153846 0.6117271899038461 0.5189085865384615 0.6048912524038461 0.5067558100961539 0.6029381274038461 0.5067558100961539 0.6009850024038461 0.5032835865384615 0.5912193774038461 0.5032835865384615 0.5873131274038461 0.51022803125 0.5853600024038461 0.51022803125 0.5843834399038461 0.5154363653846153 0.5824303149038461 0.5189085865384615 0.5824303149038461 0.5397419206730769 0.5892662524038461 0.5518946971153846 0.5912193774038461 0.5518946971153846 0.5931725024038461 0.5553669206730769 0.6009850024038461 0.5553669206730769 0.6019615649038461 0.5536308100961539 0.6048912524038461 0.5518946971153846 0.6097740649038461 0.5432141418269231
4 0.7665403942307693 0.6329610072115385 0.7665403942307693 0.6294887860576923 0.7684935192307693 0.6260165649038462 0.7684935192307693 0.6121276754807693 0.7597044567307693 0.5965026754807693 0.7577513317307693 0.5965026754807693 0.7557982067307693 0.5930304519230769 0.7499388317307693 0.5930304519230769 0.7479857067307693 0.5965026754807693 0.7460325817307693 0.5965026754807693 0.7391966442307693 0.6086554519230769 0.7391966442307693 0.6121276754807693 0.7372435192307693 0.6155998966346155 0.7372435192307693 0.6225443413461539 0.7391966442307693 0.6260165649038462 0.7391966442307693 0.6294887860576923 0.7460325817307693 0.6416415649038462 0.7479857067307693 0.6416415649038462 0.7499388317307693 0.6451137860576923 0.7577513317307693 0.6451137860576923 0.7587278942307693 0.6433776754807692 0.7616575817307693 0.6416415649038462 0.7665403942307693 0.6329610072115385
4 0.70189746875 0.629141326923077 0.70580371875 0.6187246610576923 0.70580371875 0.6083079927884616 0.70385059375 0.6048357716346154 0.70385059375 0.6013635504807693 0.69896778125 0.5926829927884616 0.69701465625 0.5926829927884616 0.69506153125 0.5892107716346154 0.68529590625 0.5892107716346154 0.68334278125 0.5926829927884616 0.68138965625 0.5926829927884616 0.67650684375 0.6013635504807693 0.67650684375 0.6048357716346154 0.67455371875 0.6083079927884616 0.67455371875 0.6187246610576923 0.67650684375 0.6221968822115385 0.67650684375 0.6256691057692307 0.68334278125 0.6378218822115385 0.68529590625 0.6378218822115385 0.68724903125 0.6412941057692307 0.69310840625 0.6412941057692307 0.69408496875 0.6395579927884616 0.70189746875 0.6326135504807693 0.70189746875 0.629141326923077
4 0.7306914158653846 0.6395045961538461 0.7326445408653846 0.6395045961538461 0.7355742283653846 0.6342962620192308 0.7355742283653846 0.6308240408653846 0.7375273533653846 0.6273518173076924 0.7375273533653846 0.6099907067307693 0.7287382908653846 0.5943657067307693 0.7170195408653846 0.5943657067307693 0.7150664158653846 0.5978379278846154 0.7131132908653846 0.5978379278846154 0.7082304783653846 0.6065184831730769 0.7082304783653846 0.6099907067307693 0.7062773533653846 0.6134629278846154 0.7062773533653846 0.6273518173076924 0.7150664158653846 0.6429768173076924 0.7170195408653846 0.6429768173076924 0.7189726658653846 0.6464490408653846 0.7248320408653846 0.6464490408653846 0.7258086033653846 0.6447129278846154 0.7287382908653846 0.6429768173076924 0.7306914158653846 0.6395045961538461
4 0.769093048076923 0.5400619807692307 0.769093048076923 0.5365897596153846 0.771046173076923 0.5331175384615384 0.771046173076923 0.5227008701923077 0.769093048076923 0.5192286490384616 0.769093048076923 0.5157564254807693 0.762257110576923 0.5036036490384616 0.758350860576923 0.5036036490384616 0.756397735576923 0.5001314254807693 0.752491485576923 0.5001314254807693 0.750538360576923 0.5036036490384616 0.744678985576923 0.5070758701923077 0.741749298076923 0.5122842043269231 0.741749298076923 0.5157564254807693 0.739796173076923 0.5192286490384616 0.739796173076923 0.5365897596153846 0.741749298076923 0.5400619807692307 0.741749298076923 0.5435342043269231 0.744678985576923 0.5487425384615384 0.746632110576923 0.5487425384615384 0.752491485576923 0.5556869807692307 0.758350860576923 0.5556869807692307 0.759327423076923 0.5539508701923077 0.762257110576923 0.5522147596153846 0.769093048076923 0.5400619807692307
4 0.7264719206730769 0.4006065504807692 0.7264719206730769 0.3763009951923077 0.7215891081730769 0.3676204399038462 0.7196359831730769 0.3676204399038462 0.7137766081730769 0.3606759951923077 0.7079172331730769 0.3606759951923077 0.7059641081730769 0.36414821875 0.7001047331730769 0.3676204399038462 0.6952219206730769 0.3763009951923077 0.6952219206730769 0.39713432932692305 0.6971750456730769 0.4006065504807692 0.6971750456730769 0.40407877403846154 0.7001047331730769 0.4092871057692308 0.7020578581730769 0.4092871057692308 0.7059641081730769 0.4162315504807692 0.7157297331730769 0.4162315504807692 0.7167062956730769 0.4144954399038462 0.7196359831730769 0.41275932932692305 0.7264719206730769 0.4006065504807692
4 0.6032770673076923 0.4596754350961539 0.6042536298076923 0.4544671033653846 0.6062067548076923 0.45099487980769226 0.6062067548076923 0.43363376923076924 0.6042536298076923 0.4301615480769231 0.6042536298076923 0.42668932451923075 0.6013239423076923 0.4214809927884616 0.5993708173076923 0.4214809927884616 0.5935114423076923 0.4145365480769231 0.5876520673076923 0.4145365480769231 0.5856989423076923 0.41800876923076924 0.5837458173076923 0.41800876923076924 0.5769098798076923 0.4301615480769231 0.5769098798076923 0.45099487980769226 0.5856989423076923 0.46661987980769226 0.5974176923076923 0.46661987980769226 0.5983942548076923 0.46488376923076924 0.6013239423076923 0.4596754350961539 0.6032770673076923 0.4596754350961539
4 0.6414035985576922 0.5163692355769232 0.6345676610576922 0.5042164567307692 0.6326145360576922 0.5042164567307692 0.6306614110576922 0.5007442355769232 0.6208957860576922 0.5007442355769232 0.6189426610576922 0.5042164567307692 0.6169895360576922 0.5042164567307692 0.6121067235576922 0.5128970120192308 0.6121067235576922 0.5163692355769232 0.6101535985576922 0.5198414567307692 0.6101535985576922 0.5337303461538462 0.6121067235576922 0.5372025697115385 0.6121067235576922 0.5406747908653846 0.6169895360576922 0.5493553461538462 0.6189426610576922 0.5493553461538462 0.6208957860576922 0.5528275697115385 0.6326145360576922 0.5528275697115385 0.6335910985576922 0.5510914567307692 0.6414035985576922 0.5372025697115385 0.6414035985576922 0.5163692355769232
4 0.6608125264423077 0.5654893846153846 0.6588594014423077 0.5620171634615384 0.6588594014423077 0.55507271875 0.6539765889423077 0.5463921634615384 0.6520234639423077 0.5463921634615384 0.6461640889423077 0.53944771875 0.6422578389423077 0.53944771875 0.6403047139423077 0.5429199399038461 0.6344453389423077 0.5463921634615384 0.6295625264423077 0.55507271875 0.6295625264423077 0.5793782740384615 0.6363984639423077 0.5915310528846154 0.6383515889423077 0.5915310528846154 0.6403047139423077 0.5950032740384615 0.6481172139423077 0.5950032740384615 0.6490937764423077 0.5932671634615384 0.6569062764423077 0.58632271875 0.6608125264423077 0.5654893846153846
4 0.637803516826923 0.6353891995192308 0.644639454326923 0.6232364206730769 0.644639454326923 0.6197641995192308 0.646592579326923 0.6162919759615384 0.646592579326923 0.60934753125 0.644639454326923 0.6058753100961538 0.644639454326923 0.5989308653846154 0.639756641826923 0.5902503100961538 0.637803516826923 0.5902503100961538 0.631944141826923 0.5833058653846154 0.628037891826923 0.5833058653846154 0.626084766826923 0.5867780889423077 0.620225391826923 0.5902503100961538 0.6153425793269232 0.5989308653846154 0.6153425793269232 0.6232364206730769 0.622178516826923 0.6353891995192308 0.629991016826923 0.6353891995192308 0.631944141826923 0.6388614206730769 0.632920704326923 0.6371253100961538 0.633897266826923 0.6353891995192308 0.637803516826923 0.6353891995192308
4 0.6743106105769231 0.6215536370192307 0.6762637355769231 0.6180814158653847 0.6762637355769231 0.6041925264423077 0.6723574855769231 0.5972480817307693 0.6723574855769231 0.5937758605769231 0.6694277980769231 0.59203975 0.6674746730769231 0.5885675264423077 0.6655215480769231 0.5885675264423077 0.6635684230769231 0.5850953052884615 0.6577090480769231 0.5850953052884615 0.6557559230769231 0.5885675264423077 0.6498965480769231 0.59203975 0.6450137355769231 0.6007203052884615 0.6450137355769231 0.6215536370192307 0.6469668605769231 0.6250258605769231 0.6469668605769231 0.6284980817307692 0.6498965480769231 0.6337064158653847 0.6518496730769231 0.6337064158653847 0.6538027980769231 0.6371786370192307 0.6674746730769231 0.6371786370192307 0.6684512355769231 0.6354425264423077 0.6743106105769231 0.6250258605769231 0.6743106105769231 0.6215536370192307
4 0.8055584903846154 0.5443604182692308 0.8055584903846154 0.5374159735576923 0.8075116153846154 0.5339437524038462 0.8055584903846154 0.53047153125 0.8055584903846154 0.5200548629807693 0.8006756778846154 0.5113743076923076 0.7987225528846154 0.5113743076923076 0.7928631778846154 0.5044298629807693 0.7870038028846154 0.5044298629807693 0.7850506778846154 0.5079020865384616 0.7791913028846154 0.5113743076923076 0.7762616153846154 0.516582641826923 0.7762616153846154 0.5200548629807693 0.7743084903846154 0.5235270865384616 0.7743084903846154 0.5408881971153846 0.7830975528846154 0.5565131971153846 0.7850506778846154 0.5565131971153846 0.7870038028846154 0.5599854182692308 0.7948163028846154 0.5599854182692308 0.7957928653846154 0.5582493076923076 0.7987225528846154 0.5565131971153846 0.8055584903846154 0.5443604182692308
4 0.5016445745192308 0.49377659375000005 0.4996914495192308 0.4903043701923077 0.4996914495192308 0.48683214903846156 0.4967617620192308 0.48162381490384615 0.4948086370192308 0.48162381490384615 0.4928555120192308 0.47815159375000005 0.4811367620192308 0.47815159375000005 0.4791836370192308 0.48162381490384615 0.4772305120192308 0.48162381490384615 0.4762539495192308 0.48683214903846156 0.4723476995192308 0.49377659375000005 0.4723476995192308 0.5111377043269231 0.4762539495192308 0.5180821490384615 0.4762539495192308 0.5215543701923078 0.4772305120192308 0.5232904807692308 0.4811367620192308 0.5232904807692308 0.4830898870192308 0.5267627043269231 0.4928555120192308 0.5267627043269231 0.4938320745192308 0.52502659375 0.5016445745192308 0.5111377043269231 0.5016445745192308 0.49377659375000005
4 0.6190963533653846 0.5894802259615385 0.6190963533653846 0.5686468918269231 0.6171432283653846 0.5651746706730769 0.6161666658653846 0.5599663365384615 0.6142135408653846 0.5599663365384615 0.6083541658653846 0.5530218918269231 0.6024947908653846 0.5530218918269231 0.6005416658653846 0.5564941153846154 0.5946822908653846 0.5599663365384615 0.5917526033653846 0.5651746706730769 0.5917526033653846 0.5686468918269231 0.5897994783653846 0.5721191153846154 0.5897994783653846 0.5860080048076923 0.5917526033653846 0.5894802259615385 0.5917526033653846 0.5929524495192308 0.5966354158653846 0.6016330048076923 0.6005416658653846 0.6016330048076923 0.6024947908653846 0.6051052259615385 0.6083541658653846 0.6051052259615385 0.6093307283653846 0.6033691153846154 0.6122604158653846 0.6016330048076923 0.6190963533653846 0.5894802259615385
4 0.7742748701923077 0.4528048918269231 0.7742748701923077 0.4493326682692308 0.7762279951923077 0.44586044711538464 0.7762279951923077 0.4354437788461538 0.7742748701923077 0.43197155769230766 0.7742748701923077 0.4284993365384615 0.7674389326923077 0.41634655769230766 0.7654858076923077 0.41634655769230766 0.7635326826923077 0.4128743365384615 0.7576733076923077 0.4128743365384615 0.7557201826923077 0.41634655769230766 0.7537670576923077 0.41634655769230766 0.7498608076923077 0.42329100240384615 0.7479076826923077 0.42329100240384615 0.7449779951923077 0.4284993365384615 0.7449779951923077 0.4528048918269231 0.7479076826923077 0.4580132235576923 0.7498608076923077 0.4580132235576923 0.7537670576923077 0.4649576682692308 0.7576733076923077 0.4649576682692308 0.7596264326923077 0.4684298918269231 0.7606029951923077 0.4666937788461538 0.7693920576923077 0.46148544711538464 0.7742748701923077 0.4528048918269231
4 0.7898412836538462 0.49682195673076923 0.7898412836538462 0.4933497331730769 0.7917944086538462 0.48987751201923074 0.7917944086538462 0.4759886225961539 0.7898412836538462 0.47251640144230767 0.7898412836538462 0.4690441778846154 0.7869115961538462 0.46383584375000003 0.7849584711538462 0.46383584375000003 0.7790990961538462 0.45689140144230767 0.7751928461538462 0.45689140144230767 0.7732397211538462 0.4603636225961539 0.7673803461538462 0.46383584375000003 0.7624975336538462 0.47251640144230767 0.7624975336538462 0.4759886225961539 0.7605444086538462 0.47946084375000003 0.7605444086538462 0.4933497331730769 0.7693334711538462 0.508974733173077 0.7810522211538462 0.508974733173077 0.7820287836538462 0.5072386225961538 0.7849584711538462 0.5055025120192307 0.7898412836538462 0.49682195673076923
4 0.8223543774038462 0.501309298076923 0.8223543774038462 0.4943648557692307 0.8243075024038462 0.49089263221153845 0.8243075024038462 0.4874204110576923 0.8223543774038462 0.4839481875 0.8223543774038462 0.4770037427884616 0.8204012524038462 0.47353152163461537 0.8194246899038462 0.4683231875 0.8174715649038462 0.4683231875 0.8116121899038462 0.4613787427884616 0.8077059399038462 0.4613787427884616 0.8057528149038462 0.46485096634615386 0.7998934399038462 0.4683231875 0.7950106274038462 0.4770037427884616 0.7950106274038462 0.48047596634615386 0.7930575024038462 0.4839481875 0.7930575024038462 0.49783707692307694 0.8018465649038462 0.5134620769230769 0.8037996899038462 0.5134620769230769 0.8057528149038462 0.516934298076923 0.8116121899038462 0.516934298076923 0.8125887524038462 0.5151981875 0.8155184399038462 0.5134620769230769 0.8223543774038462 0.501309298076923
4 0.4322019375 0.4279889471153846 0.4341550625 0.4279889471153846 0.43708475 0.42278061538461537 0.43708475 0.41930839182692303 0.439037875 0.4158361706730769 0.439037875 0.40194728125 0.43708475 0.39847506009615385 0.43708475 0.3950028365384615 0.4302488125 0.38285006009615385 0.4185300625 0.38285006009615385 0.4165769375 0.38632228125 0.4146238125 0.38632228125 0.409741 0.3950028365384615 0.409741 0.40541950480769234 0.407787875 0.4088917259615385 0.409741 0.4123639471153846 0.409741 0.41930839182692303 0.4165769375 0.4314611706730769 0.4185300625 0.4314611706730769 0.4204831875 0.43493339182692303 0.4263425625 0.43493339182692303 0.427319125 0.43319728125 0.4302488125 0.4314611706730769 0.4322019375 0.4279889471153846
4 0.7378556298076924 0.4505611947115385 0.7378556298076924 0.4470889735576923 0.7398087548076924 0.4436167524038461 0.7398087548076924 0.4262556394230769 0.7310196923076924 0.4106306394230769 0.7271134423076924 0.4106306394230769 0.7251603173076924 0.40715841826923077 0.7232071923076924 0.4106306394230769 0.7193009423076924 0.4106306394230769 0.7105118798076924 0.4262556394230769 0.7105118798076924 0.4470889735576923 0.7153946923076924 0.45576952884615385 0.7173478173076924 0.45576952884615385 0.7193009423076924 0.4592417524038461 0.7310196923076924 0.4592417524038461 0.7319962548076924 0.4575056394230769 0.7349259423076924 0.45576952884615385 0.7378556298076924 0.4505611947115385
4 0.5491510697115385 0.46241984375 0.5491510697115385 0.4589476201923077 0.5471979447115385 0.45547539903846157 0.5471979447115385 0.43116984375 0.5462213822115385 0.42943373076923075 0.5423151322115385 0.42943373076923075 0.5403620072115385 0.4259615096153846 0.5325495072115385 0.4259615096153846 0.5257135697115385 0.43811428605769226 0.5257135697115385 0.45547539903846157 0.5325495072115385 0.46762817548076924 0.5345026322115385 0.46762817548076924 0.5364557572115385 0.47110039903846157 0.5423151322115385 0.47110039903846157 0.5432916947115385 0.46936428605769226 0.5462213822115385 0.46762817548076924 0.5491510697115385 0.46241984375
4 0.7707012235576923 0.36376379086538463 0.7726543485576923 0.36376379086538463 0.7755840360576923 0.3585554567307693 0.7755840360576923 0.3550832355769231 0.7775371610576923 0.35161101442307696 0.7775371610576923 0.337722125 0.7755840360576923 0.33424990144230765 0.7755840360576923 0.3307776802884615 0.7687480985576923 0.31862490144230765 0.7570293485576923 0.31862490144230765 0.7550762235576923 0.322097125 0.7531230985576923 0.322097125 0.7482402860576923 0.3307776802884615 0.7482402860576923 0.34119434615384614 0.7462871610576923 0.3446665697115385 0.7482402860576923 0.34813879086538463 0.7482402860576923 0.3550832355769231 0.7550762235576923 0.36723601442307696 0.7570293485576923 0.36723601442307696 0.7589824735576923 0.3707082355769231 0.7648418485576923 0.3707082355769231 0.7658184110576923 0.368972125 0.7687480985576923 0.36723601442307696 0.7707012235576923 0.36376379086538463
4 0.6546198725961538 0.49356313942307695 0.6546198725961538 0.47272980528846154 0.6526667475961538 0.4692575841346154 0.6516901850961538 0.46404925 0.6497370600961538 0.46404925 0.6438776850961538 0.45710480528846154 0.6380183100961538 0.45710480528846154 0.6360651850961538 0.4605770288461538 0.6302058100961538 0.46404925 0.6272761225961538 0.4692575841346154 0.6272761225961538 0.47272980528846154 0.6253229975961538 0.4762020288461538 0.6253229975961538 0.4900909182692308 0.6272761225961538 0.49356313942307695 0.6272761225961538 0.4970353629807692 0.6321589350961538 0.5057159182692308 0.6360651850961538 0.5057159182692308 0.6380183100961538 0.509188139423077 0.6438776850961538 0.509188139423077 0.6448542475961538 0.5074520288461538 0.6477839350961538 0.5057159182692308 0.6546198725961538 0.49356313942307695
4 0.7492293125 0.5031520673076924 0.7511824375 0.5031520673076924 0.754112125 0.4979437331730769 0.754112125 0.49447150961538466 0.75606525 0.4909992884615385 0.75606525 0.47711039903846153 0.754112125 0.4736381778846154 0.754112125 0.47016595432692304 0.7472761875 0.4580131778846154 0.7355574375 0.4580131778846154 0.7336043125 0.46148539903846153 0.7316511875 0.46148539903846153 0.726768375 0.47016595432692304 0.726768375 0.48058262259615386 0.72481525 0.48405484375 0.726768375 0.4875270673076923 0.726768375 0.49447150961538466 0.7336043125 0.5066242884615385 0.7355574375 0.5066242884615385 0.7375105625 0.5100965096153847 0.7433699375 0.5100965096153847 0.7443465 0.5083603990384615 0.7472761875 0.5066242884615385 0.7492293125 0.5031520673076924