4 0.6328125 0.45659722115384616 0.6279296875 0.44791666586538464 0.6240234375 0.4444444447115385 0.6142578125 0.4444444447115385 0.6103515625 0.44791666586538464 0.603515625 0.4600694447115385 0.603515625 0.4774305552884615 0.60546875 0.484375 0.6083984375 0.48958333413461536 0.6142578125 0.49652777884615384 0.6220703125 0.49652777884615384 0.6259765625 0.48958333413461536 0.6328125 0.48090277884615384 0.6328125 0.45659722115384616
4 0.666015625 0.470486110576923 0.666015625 0.46354166586538464 0.6640625 0.45659722115384616 0.6591796875 0.44791666586538464 0.6533203125 0.44097222115384616 0.6455078125 0.44097222115384616 0.6376953125 0.44791666586538464 0.634765625 0.45659722115384616 0.634765625 0.48090277884615384 0.6396484375 0.48958333413461536 0.6435546875 0.4930555552884615 0.6552734375 0.4930555552884615 0.6591796875 0.48958333413461536 0.6640625 0.48090277884615384 0.666015625 0.470486110576923
4 0.703125 0.47395833413461536 0.703125 0.453125 0.6962890625 0.44097222115384616 0.6923828125 0.4375 0.6826171875 0.4375 0.6787109375 0.44097222115384616 0.673828125 0.44965277884615384 0.671875 0.45659722115384616 0.671875 0.470486110576923 0.673828125 0.4774305552884615 0.6787109375 0.486111110576923 0.6826171875 0.48958333413461536 0.6904296875 0.48958333413461536 0.6943359375 0.486111110576923 0.6982421875 0.482638889423077 0.703125 0.47395833413461536
4 0.7355037644230769 0.4600296971153846 0.734375 0.453125 0.7324064567307692 0.44648018990384614 0.7255859375 0.4375 0.7158203125 0.4375 0.7119140625 0.44097222115384616 0.70703125 0.4461805552884615 0.705078125 0.453125 0.7031110961538461 0.46186691346153846 0.705078125 0.47395833413461536 0.7119140625 0.486111110576923 0.7158203125 0.48958333413461536 0.7236328125 0.48958333413461536 0.7275390625 0.486111110576923 0.734375 0.47395833413461536 0.7355037644230769 0.4600296971153846
4 0.755859375 0.4288194447115385 0.755859375 0.41145833413461536 0.75390625 0.407986110576923 0.7529296875 0.40277777884615384 0.7490234375 0.3993055552884615 0.7412109375 0.392361110576923 0.7373046875 0.392361110576923 0.7294921875 0.3993055552884615 0.724609375 0.407986110576923 0.72265625 0.4149305552884615 0.72265625 0.42534722115384616 0.724609375 0.435763889423077 0.7275390625 0.44097222115384616 0.7294921875 0.44097222115384616 0.7333984375 0.44791666586538464 0.7451171875 0.44791666586538464 0.74609375 0.4461805552884615 0.75390625 0.435763889423077 0.755859375 0.4288194447115385
4 0.771484375 0.467013889423077 0.76953125 0.45659722115384616 0.7666015625 0.44791666586538464 0.7587890625 0.44097222115384616 0.7509765625 0.44097222115384616 0.7431640625 0.44791666586538464 0.73828125 0.45659722115384616 0.73828125 0.47395833413461536 0.740234375 0.48090277884615384 0.7451171875 0.48958333413461536 0.7490234375 0.4930555552884615 0.7587890625 0.4930555552884615 0.767578125 0.484375 0.76953125 0.4774305552884615 0.771484375 0.467013889423077
4 0.787109375 0.43229166586538464 0.787109375 0.42534722115384616 0.7890625 0.421875 0.787109375 0.41840277884615384 0.787109375 0.407986110576923 0.7802734375 0.39583333413461536 0.7783203125 0.39583333413461536 0.7763671875 0.392361110576923 0.7666015625 0.392361110576923 0.7626953125 0.3993055552884615 0.7607421875 0.3993055552884615 0.7578125 0.404513889423077 0.7578125 0.407986110576923 0.755859375 0.41145833413461536 0.755859375 0.4288194447115385 0.7578125 0.43229166586538464 0.7578125 0.435763889423077 0.7626953125 0.4444444447115385 0.7646484375 0.4444444447115385 0.7666015625 0.44791666586538464 0.7763671875 0.44791666586538464 0.77734375 0.4461805552884615 0.7802734375 0.4444444447115385 0.787109375 0.43229166586538464
4 0.8046875 0.47395833413461536 0.8046875 0.45659722115384616 0.7978515625 0.4444444447115385 0.7900390625 0.4375 0.7861328125 0.4375 0.7763671875 0.44791666586538464 0.7734375 0.453125 0.771484375 0.46354166586538464 0.771484375 0.470486110576923 0.7734375 0.48090277884615384 0.7783203125 0.48958333413461536 0.7822265625 0.4930555552884615 0.7939453125 0.4930555552884615 0.7978515625 0.48958333413461536 0.802734375 0.48090277884615384 0.8046875 0.47395833413461536
4 0.78515625 0.5190972211538462 0.78515625 0.5052083341346154 0.783203125 0.498263889423077 0.7783203125 0.48958333413461536 0.7744140625 0.486111110576923 0.7666015625 0.486111110576923 0.7587890625 0.4930555552884615 0.75390625 0.501736110576923 0.751953125 0.5121527788461538 0.75390625 0.5225694447115384 0.7626953125 0.5381944447115384 0.7744140625 0.5381944447115384 0.7783203125 0.5347222211538462 0.783203125 0.5260416658653846 0.78515625 0.5190972211538462
4 0.81640625 0.529513889423077 0.81640625 0.501736110576923 0.8095703125 0.48958333413461536 0.8056640625 0.486111110576923 0.8017578125 0.486111110576923 0.7958984375 0.48958333413461536 0.7919921875 0.4930555552884615 0.787109375 0.501736110576923 0.78515625 0.5086805552884616 0.78515625 0.5225694447115384 0.787109375 0.529513889423077 0.7900390625 0.5347222211538462 0.7958984375 0.5416666658653846 0.8056640625 0.5416666658653846 0.8095703125 0.5381944447115384 0.8134765625 0.5347222211538462 0.81640625 0.529513889423077
4 0.798828125 0.5677083341346154 0.798828125 0.5503472211538462 0.796875 0.5434027788461538 0.7900390625 0.5347222211538462 0.7861328125 0.53125 0.7744140625 0.5381944447115384 0.76953125 0.546875 0.767578125 0.5538194447115384 0.767578125 0.564236110576923 0.76953125 0.5711805552884616 0.7744140625 0.579861110576923 0.7783203125 0.5833333341346154 0.7900390625 0.5833333341346154 0.7939453125 0.579861110576923 0.796875 0.5746527788461538 0.798828125 0.5677083341346154
4 0.765625 0.5572916658653846 0.763671875 0.5434027788461538 0.7568359375 0.53125 0.7509765625 0.5277777788461538 0.7470703125 0.5277777788461538 0.7431640625 0.53125 0.736328125 0.5399305552884616 0.734375 0.546875 0.734375 0.564236110576923 0.7431640625 0.579861110576923 0.7548828125 0.579861110576923 0.7587890625 0.576388889423077 0.763671875 0.5677083341346154 0.765625 0.5572916658653846
4 0.748046875 0.6059027788461538 0.748046875 0.592013889423077 0.74609375 0.5850694447115384 0.7431640625 0.579861110576923 0.7353515625 0.5729166658653846 0.7294921875 0.5729166658653846 0.7255859375 0.576388889423077 0.71875 0.5885416658653846 0.716796875 0.5989583341346154 0.716796875 0.6024305552884616 0.720703125 0.6163194447115384 0.7275390625 0.625 0.7373046875 0.625 0.7412109375 0.621527778846154 0.74609375 0.6128472211538462 0.748046875 0.6059027788461538
4 0.779296875 0.6128472211538462 0.78125 0.6059027788461538 0.78125 0.5989583341346154 0.779296875 0.5885416658653846 0.7744140625 0.579861110576923 0.7705078125 0.576388889423077 0.7649430096153846 0.5730474134615384 0.7587890625 0.576388889423077 0.7548828125 0.579861110576923 0.75 0.5885416658653846 0.7488112043269232 0.6031319423076923 0.75 0.6128472211538462 0.7548828125 0.621527778846154 0.7626953125 0.628472221153846 0.76953125 0.626736110576923 0.7724609375 0.625 0.779296875 0.6128472211538462
4 0.814453125 0.6128472211538462 0.81640625 0.609375 0.81640625 0.6024305552884616 0.814453125 0.5989583341346154 0.8125 0.5885416658653846 0.8095703125 0.5833333341346154 0.8056640625 0.5833333341346154 0.8037109375 0.579861110576923 0.7958984375 0.579861110576923 0.7939453125 0.5833333341346154 0.7880859375 0.5868055552884616 0.787109375 0.592013889423077 0.78515625 0.595486110576923 0.78515625 0.6024305552884616 0.783203125 0.6059027788461538 0.78515625 0.609375 0.78515625 0.6197916658653846 0.7900390625 0.628472221153846 0.7919921875 0.628472221153846 0.7939453125 0.6319444447115384 0.8076171875 0.6319444447115384 0.80859375 0.6302083341346154 0.814453125 0.6197916658653846 0.814453125 0.6128472211538462
4 0.794921875 0.637152778846154 0.7880859375 0.625 0.7861328125 0.625 0.7841796875 0.621527778846154 0.7763671875 0.621527778846154 0.7744140625 0.625 0.7685546875 0.628472221153846 0.765625 0.6336805552884616 0.765625 0.640625 0.763671875 0.644097221153846 0.763671875 0.654513889423077 0.765625 0.657986110576923 0.765625 0.6614583341346154 0.7705078125 0.670138889423077 0.7724609375 0.670138889423077 0.7744140625 0.673611110576923 0.7861328125 0.673611110576923 0.787109375 0.671875 0.794921875 0.657986110576923 0.794921875 0.637152778846154
4 0.763671875 0.6336805552884616 0.7587890625 0.625 0.7568359375 0.625 0.7509765625 0.6180555552884616 0.7451171875 0.6180555552884616 0.7431640625 0.621527778846154 0.7373046875 0.625 0.734375 0.6302083341346154 0.734375 0.6336805552884616 0.732421875 0.637152778846154 0.732421875 0.6510416658653846 0.734375 0.654513889423077 0.734375 0.657986110576923 0.7412109375 0.670138889423077 0.7548828125 0.670138889423077 0.755859375 0.668402778846154 0.763671875 0.654513889423077 0.763671875 0.6336805552884616
4 0.732421875 0.654513889423077 0.732421875 0.637152778846154 0.73046875 0.6336805552884616 0.73046875 0.6302083341346154 0.7255859375 0.621527778846154 0.7236328125 0.621527778846154 0.7216796875 0.6180555552884616 0.7119140625 0.6180555552884616 0.7099609375 0.621527778846154 0.7080078125 0.621527778846154 0.703125 0.6302083341346154 0.703125 0.6336805552884616 0.701171875 0.637152778846154 0.701171875 0.6475694447115384 0.703125 0.6510416658653846 0.705078125 0.6614583341346154 0.7080078125 0.6666666658653846 0.7099609375 0.6666666658653846 0.7119140625 0.670138889423077 0.7216796875 0.670138889423077 0.72265625 0.668402778846154 0.7255859375 0.6666666658653846 0.732421875 0.654513889423077
4 0.701171875 0.6510416658653846 0.701171875 0.6302083341346154 0.6962890625 0.621527778846154 0.6884765625 0.6145833341346154 0.6826171875 0.6145833341346154 0.6806640625 0.6180555552884616 0.6787109375 0.6180555552884616 0.671875 0.6302083341346154 0.671875 0.6510416658653846 0.673828125 0.657986110576923 0.6767578125 0.6631944447115384 0.6806640625 0.6666666658653846 0.6923828125 0.6666666658653846 0.6962890625 0.6631944447115384 0.69921875 0.657986110576923 0.701171875 0.6510416658653846
4 0.671875 0.6475694447115384 0.671875 0.6336805552884616 0.669921875 0.626736110576923 0.6650390625 0.6180555552884616 0.6611328125 0.6145833341346154 0.6513671875 0.6145833341346154 0.6455078125 0.621527778846154 0.642578125 0.626736110576923 0.642578125 0.6510416658653846 0.64453125 0.657986110576923 0.6474609375 0.6631944447115384 0.6513671875 0.6666666658653846 0.6611328125 0.6666666658653846 0.6650390625 0.6631944447115384 0.669921875 0.654513889423077 0.671875 0.6475694447115384
4 0.638671875 0.623263889423077 0.6337890625 0.6180555552884616 0.6298828125 0.6145833341346154 0.6251990480769231 0.6127471009615385 0.6201171875 0.6145833341346154 0.6162109375 0.6180555552884616 0.615234375 0.623263889423077 0.6124226538461538 0.630660016826923 0.611328125 0.644097221153846 0.61328125 0.6510416658653846 0.6201171875 0.6631944447115384 0.6337890625 0.6631944447115384 0.640625 0.6510416658653846 0.640625 0.6302083341346154 0.638671875 0.623263889423077
4 0.6171875 0.6059027788461538 0.615234375 0.595486110576923 0.6103515625 0.5868055552884616 0.6074497692307692 0.583121889423077 0.6025390625 0.579861110576923 0.5947265625 0.5833333341346154 0.587890625 0.595486110576923 0.5859375 0.6024305552884616 0.5859375 0.6128472211538462 0.587890625 0.6197916658653846 0.5947265625 0.6319444447115384 0.6083984375 0.6319444447115384 0.615234375 0.6197916658653846 0.6171875 0.6128472211538462 0.6171875 0.6059027788461538
4 0.65625 0.6059027788461538 0.65625 0.5850694447115384 0.6513671875 0.576388889423077 0.6435546875 0.5694444447115384 0.6376953125 0.5694444447115384 0.6337890625 0.5729166658653846 0.626953125 0.5850694447115384 0.626953125 0.6059027788461538 0.6337890625 0.6180555552884616 0.6357421875 0.6180555552884616 0.6376953125 0.621527778846154 0.6455078125 0.621527778846154 0.646484375 0.6197916658653846 0.6494140625 0.6180555552884616 0.65625 0.6059027788461538
4 0.68359375 0.609375 0.685546875 0.6059027788461538 0.6875 0.595486110576923 0.685546875 0.5850694447115384 0.6806640625 0.576388889423077 0.677784454326923 0.5704909903846154 0.6708984375 0.5694444447115384 0.6650390625 0.5729166658653846 0.658203125 0.5815972211538462 0.65625 0.5885416658653846 0.65625 0.6024305552884616 0.658203125 0.6059027788461538 0.658203125 0.609375 0.6611328125 0.611111110576923 0.6650390625 0.6180555552884616 0.6669921875 0.6180555552884616 0.6689453125 0.621527778846154 0.6748046875 0.621527778846154 0.67578125 0.6197916658653846 0.68359375 0.6128472211538462 0.68359375 0.609375
4 0.669921875 0.5677083341346154 0.669921875 0.564236110576923 0.671875 0.560763889423077 0.671875 0.5434027788461538 0.6650390625 0.53125 0.6611328125 0.5277777788461538 0.6557161394230769 0.5241011201923077 0.6494140625 0.5277777788461538 0.642578125 0.5399305552884616 0.640625 0.5503472211538462 0.640625 0.5572916658653846 0.642578125 0.564236110576923 0.6474609375 0.5729166658653846 0.6494140625 0.5729166658653846 0.6552734375 0.579861110576923 0.6591796875 0.579861110576923 0.6630859375 0.576388889423077 0.6669921875 0.5729166658653846 0.669921875 0.5677083341346154
4 0.6943359375 0.5729166658653846 0.6962890625 0.5729166658653846 0.701171875 0.564236110576923 0.701171875 0.5538194447115384 0.703125 0.5503472211538462 0.701171875 0.546875 0.701171875 0.5399305552884616 0.6962890625 0.53125 0.6923828125 0.5277777788461538 0.6883863725961539 0.524790079326923 0.6826171875 0.5277777788461538 0.6787109375 0.53125 0.673828125 0.5399305552884616 0.673828125 0.5434027788461538 0.671875 0.546875 0.671875 0.560763889423077 0.673828125 0.564236110576923 0.673828125 0.5677083341346154 0.6767578125 0.5729166658653846 0.6787109375 0.5729166658653846 0.6845703125 0.579861110576923 0.6884765625 0.579861110576923 0.689453125 0.578125 0.6923828125 0.576388889423077 0.6943359375 0.5729166658653846
4 0.732421875 0.564236110576923 0.732421875 0.5434027788461538 0.7255859375 0.53125 0.7216796875 0.5277777788461538 0.7138671875 0.5277777788461538 0.7099609375 0.53125 0.703125 0.5434027788461538 0.703125 0.560763889423077 0.705078125 0.5677083341346154 0.7080078125 0.5729166658653846 0.7099609375 0.5729166658653846 0.7138671875 0.579861110576923 0.7216796875 0.579861110576923 0.72265625 0.578125 0.7255859375 0.576388889423077 0.732421875 0.564236110576923
4 0.7099609375 0.53125 0.716796875 0.5190972211538462 0.716796875 0.515625 0.71875 0.5121527788461538 0.71875 0.501736110576923 0.716796875 0.498263889423077 0.716796875 0.49479166586538464 0.7119140625 0.486111110576923 0.7099609375 0.486111110576923 0.7080078125 0.482638889423077 0.6982421875 0.482638889423077 0.6962890625 0.486111110576923 0.6943359375 0.486111110576923 0.689453125 0.49479166586538464 0.689453125 0.498263889423077 0.6875 0.501736110576923 0.6875 0.5121527788461538 0.689453125 0.515625 0.689453125 0.5190972211538462 0.6962890625 0.53125 0.6982421875 0.53125 0.7001953125 0.5347222211538462 0.7041015625 0.5347222211538462 0.705078125 0.532986110576923 0.7060546875 0.53125 0.7099609375 0.53125
4 0.748046875 0.5225694447115384 0.75 0.5190972211538462 0.75 0.498263889423077 0.7451171875 0.48958333413461536 0.7431640625 0.48958333413461536 0.7392578125 0.482638889423077 0.7314453125 0.482638889423077 0.7294921875 0.486111110576923 0.7236328125 0.48958333413461536 0.720703125 0.49479166586538464 0.720703125 0.498263889423077 0.71875 0.501736110576923 0.71875 0.515625 0.720703125 0.5190972211538462 0.720703125 0.5225694447115384 0.7255859375 0.53125 0.7275390625 0.53125 0.7294921875 0.5347222211538462 0.7333984375 0.5347222211538462 0.7353515625 0.5381944447115384 0.736328125 0.5364583341346154 0.748046875 0.5260416658653846 0.748046875 0.5225694447115384
4 0.6787109375 0.53125 0.685546875 0.5190972211538462 0.685546875 0.515625 0.6875 0.5121527788461538 0.6875 0.498263889423077 0.6826171875 0.48958333413461536 0.6806640625 0.48958333413461536 0.6767578125 0.482638889423077 0.6650390625 0.482638889423077 0.658203125 0.49479166586538464 0.65625 0.5052083341346154 0.65625 0.5086805552884616 0.658203125 0.5190972211538462 0.6650390625 0.53125 0.6689453125 0.53125 0.6708984375 0.5347222211538462 0.673828125 0.532986110576923 0.6748046875 0.53125 0.6787109375 0.53125
4 0.650390625 0.5225694447115384 0.650390625 0.5052083341346154 0.6484375 0.498263889423077 0.6455078125 0.4930555552884615 0.6376953125 0.486111110576923 0.6318359375 0.486111110576923 0.6279296875 0.48958333413461536 0.62109375 0.501736110576923 0.619140625 0.5121527788461538 0.619140625 0.5190972211538462 0.62109375 0.5260416658653846 0.6279296875 0.5381944447115384 0.6337890625 0.5416666658653846 0.63671875 0.5399305552884616 0.6416015625 0.5381944447115384 0.650390625 0.5225694447115384
4 0.6140945072115385 0.532408670673077 0.6171875 0.529513889423077 0.619140625 0.5225694447115384 0.619140625 0.5052083341346154 0.6162109375 0.49652777884615384 0.6057059711538462 0.4873967283653846 0.5986328125 0.48958333413461536 0.5927734375 0.49652777884615384 0.58984375 0.5052083341346154 0.58984375 0.5260416658653846 0.5947265625 0.5347222211538462 0.5986328125 0.5381944447115384 0.60546875 0.5399305552884616 0.6103515625 0.5381944447115384 0.6140945072115385 0.532408670673077
4 0.6015625 0.484375 0.6015625 0.4600694447115385 0.5986328125 0.454861110576923 0.5908203125 0.44791666586538464 0.5810546875 0.44791666586538464 0.5751953125 0.454861110576923 0.572265625 0.46354166586538464 0.572265625 0.484375 0.5791015625 0.49652777884615384 0.5830078125 0.5 0.5888671875 0.5 0.5927734375 0.49652777884615384 0.5966796875 0.4930555552884615 0.6015625 0.484375
4 0.572265625 0.484375 0.572265625 0.47395833413461536 0.5703125 0.46354166586538464 0.5654296875 0.454861110576923 0.5615234375 0.451388889423077 0.5537109375 0.451388889423077 0.5498046875 0.454861110576923 0.544921875 0.46354166586538464 0.54296875 0.470486110576923 0.54296875 0.48784722115384616 0.5458984375 0.49652777884615384 0.5537109375 0.5034722211538462 0.5615234375 0.5034722211538462 0.5654296875 0.5 0.5703125 0.4913194447115385 0.572265625 0.484375
4 0.587890625 0.532986110576923 0.587890625 0.529513889423077 0.58984375 0.5260416658653846 0.58984375 0.515625 0.587890625 0.5121527788461538 0.587890625 0.5086805552884616 0.5830078125 0.5 0.5791015625 0.49652777884615384 0.5727827980769231 0.4940596442307692 0.5673828125 0.49652777884615384 0.5615234375 0.5034722211538462 0.560546875 0.5086805552884616 0.55859375 0.5121527788461538 0.55859375 0.529513889423077 0.560546875 0.532986110576923 0.560546875 0.5364583341346154 0.5634765625 0.5416666658653846 0.5654296875 0.5416666658653846 0.5712890625 0.548611110576923 0.5771484375 0.548611110576923 0.578125 0.546875 0.5810546875 0.545138889423077 0.587890625 0.532986110576923
4 0.578125 0.5503472211538462 0.5771484375 0.548611110576923 0.5712890625 0.548611110576923 0.5693359375 0.545138889423077 0.5673828125 0.545138889423077 0.5615234375 0.5381944447115384 0.5598773485576923 0.5342488774038462 0.5546875 0.5434027788461538 0.552734375 0.5503472211538462 0.552734375 0.5538194447115384 0.5546875 0.564236110576923 0.556640625 0.5677083341346154 0.5576171875 0.5729166658653846 0.5595703125 0.5729166658653846 0.5615234375 0.576388889423077 0.5673828125 0.579861110576923 0.5732421875 0.576388889423077 0.578125 0.5677083341346154 0.578125 0.5503472211538462
4 0.60546875 0.546875 0.6005859375 0.5381944447115384 0.5947265625 0.5347222211538462 0.5888671875 0.5347222211538462 0.5849609375 0.5381944447115384 0.578125 0.5503472211538462 0.578125 0.5677083341346154 0.580078125 0.5746527788461538 0.5830078125 0.579861110576923 0.5869140625 0.5833333341346154 0.5986328125 0.5833333341346154 0.599609375 0.5815972211538462 0.60546875 0.5711805552884616 0.60546875 0.546875
4 0.634765625 0.5677083341346154 0.63671875 0.564236110576923 0.63671875 0.5503472211538462 0.634765625 0.546875 0.6337890625 0.5416666658653846 0.6298828125 0.5381944447115384 0.6220703125 0.53125 0.6181640625 0.53125 0.6142578125 0.5347222211538462 0.607421875 0.546875 0.607421875 0.5677083341346154 0.6142578125 0.579861110576923 0.6181640625 0.5833333341346154 0.6259765625 0.5833333341346154 0.6298828125 0.579861110576923 0.634765625 0.5711805552884616 0.634765625 0.5677083341346154
4 0.5859375 0.6059027788461538 0.5845268966346153 0.5957821875 0.58203125 0.5885416658653846 0.58203125 0.5850694447115384 0.5771484375 0.579861110576923 0.5634765625 0.579861110576923 0.560546875 0.5850694447115384 0.556640625 0.595486110576923 0.556640625 0.6128472211538462 0.5634765625 0.625 0.5673828125 0.628472221153846 0.5732421875 0.628472221153846 0.5791015625 0.625 0.58203125 0.6197916658653846 0.5859375 0.6059027788461538
4 0.556640625 0.5989583341346154 0.55859375 0.592013889423077 0.55859375 0.578125 0.556640625 0.5711805552884616 0.5517578125 0.5625 0.5478515625 0.5590277788461538 0.5419921875 0.5590277788461538 0.5380859375 0.5625 0.533203125 0.5711805552884616 0.53125 0.578125 0.53125 0.5885416658653846 0.533203125 0.595486110576923 0.5361328125 0.6041666658653846 0.5400390625 0.607638889423077 0.5498046875 0.607638889423077 0.55078125 0.6059027788461538 0.5537109375 0.6041666658653846 0.556640625 0.5989583341346154
4 0.5361328125 0.5659722211538462 0.5390625 0.560763889423077 0.541015625 0.5538194447115384 0.541015625 0.5434027788461538 0.5390625 0.5364583341346154 0.5341796875 0.5277777788461538 0.5302734375 0.5243055552884616 0.5224609375 0.5243055552884616 0.5185546875 0.5277777788461538 0.513671875 0.5364583341346154 0.513671875 0.5538194447115384 0.515625 0.560763889423077 0.5205078125 0.5694444447115384 0.5263671875 0.5729166658653846 0.529296875 0.5711805552884616 0.5322265625 0.5694444447115384 0.5361328125 0.5659722211538462
4 0.515625 0.578125 0.517578125 0.5711805552884616 0.517578125 0.564236110576923 0.513671875 0.546875 0.5107421875 0.5416666658653846 0.4990234375 0.5416666658653846 0.4921875 0.5538194447115384 0.490234375 0.560763889423077 0.490234375 0.5711805552884616 0.4917802451923077 0.5776396201923076 0.4970703125 0.5868055552884616 0.5029296875 0.5902777788461538 0.505859375 0.5885416658653846 0.5107421875 0.5868055552884616 0.515625 0.578125
4 0.5234375 0.5225694447115384 0.5234375 0.515625 0.525390625 0.5121527788461538 0.525390625 0.498263889423077 0.5234375 0.49479166586538464 0.5234375 0.4913194447115385 0.5185546875 0.482638889423077 0.5068359375 0.482638889423077 0.5048828125 0.486111110576923 0.5029296875 0.486111110576923 0.5 0.4913194447115385 0.5 0.49479166586538464 0.49609375 0.5052083341346154 0.49609375 0.5121527788461538 0.498046875 0.515625 0.498046875 0.5225694447115384 0.5009765625 0.5277777788461538 0.5029296875 0.5277777788461538 0.5048828125 0.53125 0.5166015625 0.53125 0.517578125 0.529513889423077 0.5205078125 0.5243055552884616 0.5234375 0.5225694447115384
4 0.498046875 0.498263889423077 0.498046875 0.49479166586538464 0.5 0.4913194447115385 0.5 0.47395833413461536 0.498046875 0.470486110576923 0.498046875 0.467013889423077 0.4951171875 0.4618055552884615 0.4814453125 0.4618055552884615 0.4794921875 0.46527777884615384 0.4775390625 0.46527777884615384 0.474609375 0.470486110576923 0.474609375 0.4774305552884615 0.47265625 0.48090277884615384 0.47265625 0.4913194447115385 0.474609375 0.49479166586538464 0.474609375 0.498263889423077 0.4794921875 0.5069444447115384 0.4814453125 0.5069444447115384 0.4833984375 0.5104166658653846 0.4892578125 0.5104166658653846 0.490234375 0.5086805552884616 0.4931640625 0.5069444447115384 0.498046875 0.498263889423077
4 0.49609375 0.5434027788461538 0.49609375 0.5225694447115384 0.4892578125 0.5104166658653846 0.4775390625 0.5104166658653846 0.470703125 0.5225694447115384 0.470703125 0.5260416658653846 0.46875 0.529513889423077 0.46875 0.5364583341346154 0.470703125 0.5399305552884616 0.470703125 0.5434027788461538 0.4775390625 0.5555555552884616 0.4833984375 0.5555555552884616 0.4853515625 0.5590277788461538 0.486328125 0.5572916658653846 0.4892578125 0.5555555552884616 0.49609375 0.5434027788461538
4 0.466796875 0.546875 0.466796875 0.5434027788461538 0.46875 0.5399305552884616 0.46875 0.5190972211538462 0.4638671875 0.5104166658653846 0.4619140625 0.5104166658653846 0.4599609375 0.5069444447115384 0.4521484375 0.5069444447115384 0.4501953125 0.5104166658653846 0.4482421875 0.5104166658653846 0.443359375 0.5190972211538462 0.443359375 0.5225694447115384 0.44140625 0.5260416658653846 0.44140625 0.5364583341346154 0.443359375 0.5399305552884616 0.443359375 0.5434027788461538 0.4482421875 0.5520833341346154 0.4501953125 0.5520833341346154 0.4521484375 0.5555555552884616 0.4599609375 0.5555555552884616 0.4609375 0.5538194447115384 0.4638671875 0.5520833341346154 0.466796875 0.546875
4 0.462890625 0.5885416658653846 0.462890625 0.5850694447115384 0.46484375 0.5815972211538462 0.46484375 0.5711805552884616 0.462890625 0.5677083341346154 0.462890625 0.564236110576923 0.4580078125 0.5555555552884616 0.4501953125 0.5520833341346154 0.4462890625 0.5520833341346154 0.4443359375 0.5555555552884616 0.4423828125 0.5555555552884616 0.4375 0.564236110576923 0.4375 0.5850694447115384 0.4443359375 0.5972222211538462 0.4482421875 0.6006944447115384 0.4541015625 0.6006944447115384 0.455078125 0.5989583341346154 0.4580078125 0.5972222211538462 0.462890625 0.5885416658653846
4 0.490234375 0.592013889423077 0.490234375 0.5885416658653846 0.4921875 0.5850694447115384 0.4921875 0.578125 0.490234375 0.5677083341346154 0.4853515625 0.5590277788461538 0.4833984375 0.5590277788461538 0.4814453125 0.5555555552884616 0.4736328125 0.5555555552884616 0.4716796875 0.5590277788461538 0.4697265625 0.5590277788461538 0.466796875 0.564236110576923 0.466796875 0.5677083341346154 0.46484375 0.5711805552884616 0.46484375 0.5850694447115384 0.466796875 0.5885416658653846 0.466796875 0.592013889423077 0.4697265625 0.5972222211538462 0.4736328125 0.6006944447115384 0.4833984375 0.6006944447115384 0.484375 0.5989583341346154 0.4873046875 0.5972222211538462 0.490234375 0.592013889423077
4 0.484375 0.6336805552884616 0.484375 0.6302083341346154 0.482421875 0.626736110576923 0.482421875 0.609375 0.4794921875 0.6041666658653846 0.4775390625 0.6041666658653846 0.4755859375 0.6006944447115384 0.4638671875 0.6006944447115384 0.458984375 0.609375 0.458984375 0.6163194447115384 0.45703125 0.6197916658653846 0.45703125 0.626736110576923 0.458984375 0.6302083341346154 0.458984375 0.6336805552884616 0.4638671875 0.642361110576923 0.4658203125 0.642361110576923 0.4677734375 0.6458333341346154 0.4755859375 0.6458333341346154 0.4765625 0.644097221153846 0.4794921875 0.642361110576923 0.484375 0.6336805552884616
4 0.5078125 0.6336805552884616 0.5078125 0.6302083341346154 0.509765625 0.626736110576923 0.509765625 0.6163194447115384 0.5078125 0.6128472211538462 0.505859375 0.6024305552884616 0.5009765625 0.59375 0.4931640625 0.59375 0.4912109375 0.5972222211538462 0.4892578125 0.5972222211538462 0.484375 0.6059027788461538 0.484375 0.609375 0.482421875 0.6128472211538462 0.482421875 0.626736110576923 0.484375 0.6302083341346154 0.484375 0.6336805552884616 0.4892578125 0.642361110576923 0.5009765625 0.642361110576923 0.501953125 0.640625 0.5048828125 0.638888889423077 0.5078125 0.6336805552884616
4 0.533203125 0.6163194447115384 0.533203125 0.609375 0.53515625 0.6059027788461538 0.53515625 0.6024305552884616 0.533203125 0.5989583341346154 0.53125 0.5885416658653846 0.5263671875 0.579861110576923 0.5146484375 0.579861110576923 0.5078125 0.592013889423077 0.5078125 0.6128472211538462 0.509765625 0.6163194447115384 0.509765625 0.6197916658653846 0.5126953125 0.625 0.5146484375 0.625 0.5166015625 0.628472221153846 0.5244140625 0.628472221153846 0.525390625 0.626736110576923 0.5283203125 0.625 0.533203125 0.6163194447115384
4 0.45703125 0.6128472211538462 0.455078125 0.609375 0.455078125 0.6059027788461538 0.4501953125 0.6006944447115384 0.4443359375 0.5972222211538462 0.4384765625 0.5972222211538462 0.4296875 0.6128472211538462 0.4296875 0.626736110576923 0.431640625 0.6336805552884616 0.4365234375 0.642361110576923 0.4404296875 0.6458333341346154 0.4462890625 0.6458333341346154 0.4501953125 0.642361110576923 0.45703125 0.6302083341346154 0.45703125 0.6128472211538462
4 0.4296875 0.609375 0.4267578125 0.6041666658653846 0.4248046875 0.6041666658653846 0.4228515625 0.6006944447115384 0.4150390625 0.5972222211538462 0.4130859375 0.5972222211538462 0.4091796875 0.6006944447115384 0.40625 0.6059027788461538 0.404296875 0.6128472211538462 0.404296875 0.6302083341346154 0.408203125 0.640625 0.4111328125 0.642361110576923 0.4130859375 0.6458333341346154 0.4208984375 0.6458333341346154 0.4248046875 0.642361110576923 0.4296875 0.6336805552884616 0.4296875 0.609375
4 0.3974609375 0.642361110576923 0.40234375 0.6336805552884616 0.404296875 0.623263889423077 0.40234375 0.6197916658653846 0.40234375 0.609375 0.3994140625 0.6041666658653846 0.3955078125 0.6041666658653846 0.3935546875 0.6006944447115384 0.3876953125 0.5972222211538462 0.3857421875 0.6006944447115384 0.3837890625 0.6006944447115384 0.37890625 0.609375 0.37890625 0.6128472211538462 0.376953125 0.6163194447115384 0.376953125 0.626736110576923 0.37890625 0.6302083341346154 0.37890625 0.6336805552884616 0.3837890625 0.642361110576923 0.3857421875 0.642361110576923 0.3876953125 0.6458333341346154 0.3916015625 0.6458333341346154 0.392578125 0.644097221153846 0.3935546875 0.642361110576923 0.3974609375 0.642361110576923
4 0.41015625 0.5885416658653846 0.41015625 0.5711805552884616 0.408203125 0.5677083341346154 0.408203125 0.564236110576923 0.4052734375 0.5590277788461538 0.4033203125 0.5590277788461538 0.4013671875 0.5555555552884616 0.3916015625 0.5555555552884616 0.384765625 0.5677083341346154 0.384765625 0.5711805552884616 0.3828125 0.5746527788461538 0.3828125 0.5815972211538462 0.384765625 0.5850694447115384 0.384765625 0.5885416658653846 0.38671875 0.592013889423077 0.3876953125 0.5972222211538462 0.3896484375 0.5972222211538462 0.3916015625 0.6006944447115384 0.3955078125 0.6006944447115384 0.3974609375 0.6041666658653846 0.400390625 0.6024305552884616 0.4033203125 0.6006944447115384 0.41015625 0.5885416658653846
4 0.4306640625 0.6006944447115384 0.4375 0.5885416658653846 0.4375 0.578125 0.435546875 0.5746527788461538 0.435546875 0.5677083341346154 0.4287109375 0.5555555552884616 0.4169921875 0.5555555552884616 0.41015625 0.5677083341346154 0.41015625 0.5850694447115384 0.412109375 0.5885416658653846 0.412109375 0.592013889423077 0.4150390625 0.5972222211538462 0.4169921875 0.5972222211538462 0.4189453125 0.6006944447115384 0.4228515625 0.6006944447115384 0.4248046875 0.6041666658653846 0.42578125 0.6024305552884616 0.4267578125 0.6006944447115384 0.4306640625 0.6006944447115384
4 0.44140625 0.546875 0.44140625 0.5190972211538462 0.4365234375 0.5104166658653846 0.4306640625 0.5104166658653846 0.4287109375 0.5069444447115384 0.4248046875 0.5069444447115384 0.4228515625 0.5104166658653846 0.4208984375 0.5104166658653846 0.41796875 0.515625 0.41796875 0.5190972211538462 0.4140625 0.529513889423077 0.4140625 0.5364583341346154 0.416015625 0.5399305552884616 0.416015625 0.5434027788461538 0.4228515625 0.5555555552884616 0.4345703125 0.5555555552884616 0.435546875 0.5538194447115384 0.4384765625 0.5520833341346154 0.44140625 0.546875
4 0.4140625 0.5434027788461538 0.4140625 0.5225694447115384 0.4072265625 0.5104166658653846 0.3955078125 0.5104166658653846 0.388671875 0.5225694447115384 0.388671875 0.5399305552884616 0.390625 0.5434027788461538 0.3916015625 0.548611110576923 0.3935546875 0.548611110576923 0.3994140625 0.5555555552884616 0.4052734375 0.5555555552884616 0.40625 0.5538194447115384 0.4091796875 0.5520833341346154 0.4140625 0.5434027788461538
4 0.41796875 0.498263889423077 0.41796875 0.47395833413461536 0.4111328125 0.4618055552884615 0.4013671875 0.4618055552884615 0.3994140625 0.46527777884615384 0.3974609375 0.46527777884615384 0.396484375 0.470486110576923 0.392578125 0.4774305552884615 0.392578125 0.4913194447115385 0.39453125 0.49479166586538464 0.39453125 0.498263889423077 0.3994140625 0.5069444447115384 0.4013671875 0.5069444447115384 0.4033203125 0.5104166658653846 0.4091796875 0.5104166658653846 0.41015625 0.5086805552884616 0.4130859375 0.5069444447115384 0.41796875 0.498263889423077
4 0.4453125 0.498263889423077 0.4453125 0.470486110576923 0.4423828125 0.46527777884615384 0.4404296875 0.46527777884615384 0.4384765625 0.4618055552884615 0.4345703125 0.4618055552884615 0.4326171875 0.45833333413461536 0.4306640625 0.4618055552884615 0.4248046875 0.46527777884615384 0.419921875 0.47395833413461536 0.419921875 0.49479166586538464 0.4267578125 0.5069444447115384 0.4306640625 0.5069444447115384 0.4326171875 0.5104166658653846 0.4365234375 0.5104166658653846 0.4375 0.5086805552884616 0.4404296875 0.5069444447115384 0.4453125 0.498263889423077
4 0.47265625 0.47395833413461536 0.4658203125 0.4618055552884615 0.4638671875 0.4618055552884615 0.4619140625 0.45833333413461536 0.4560546875 0.45833333413461536 0.4541015625 0.4618055552884615 0.4521484375 0.4618055552884615 0.447265625 0.470486110576923 0.4453125 0.48090277884615384 0.4453125 0.48784722115384616 0.447265625 0.4913194447115385 0.447265625 0.49479166586538464 0.4541015625 0.5069444447115384 0.4658203125 0.5069444447115384 0.466796875 0.5052083341346154 0.47265625 0.49479166586538464 0.47265625 0.47395833413461536
4 0.4560546875 0.45833333413461536 0.45703125 0.453125 0.458984375 0.44965277884615384 0.458984375 0.42534722115384616 0.4541015625 0.41666666586538464 0.4423828125 0.41666666586538464 0.4404296875 0.420138889423077 0.4384765625 0.420138889423077 0.435546875 0.42534722115384616 0.435546875 0.4288194447115385 0.43359375 0.43229166586538464 0.43359375 0.453125 0.4404296875 0.46527777884615384 0.4501953125 0.46527777884615384 0.451171875 0.46354166586538464 0.4541015625 0.45833333413461536 0.4560546875 0.45833333413461536
4 0.486328125 0.453125 0.486328125 0.4288194447115385 0.4814453125 0.420138889423077 0.4794921875 0.420138889423077 0.4775390625 0.41666666586538464 0.4697265625 0.41666666586538464 0.4677734375 0.420138889423077 0.4658203125 0.420138889423077 0.4609375 0.4288194447115385 0.4609375 0.43229166586538464 0.458984375 0.435763889423077 0.458984375 0.4461805552884615 0.4609375 0.44965277884615384 0.4609375 0.453125 0.4658203125 0.4618055552884615 0.4677734375 0.4618055552884615 0.4697265625 0.46527777884615384 0.4775390625 0.46527777884615384 0.478515625 0.46354166586538464 0.4814453125 0.4618055552884615 0.486328125 0.453125
4 0.54296875 0.46354166586538464 0.5419921875 0.4618055552884615 0.5380859375 0.4618055552884615 0.5322265625 0.454861110576923 0.5283203125 0.454861110576923 0.521484375 0.467013889423077 0.521484375 0.484375 0.5234375 0.48784722115384616 0.5234375 0.4913194447115385 0.5263671875 0.49652777884615384 0.5283203125 0.49652777884615384 0.5302734375 0.5 0.5400390625 0.5 0.541015625 0.498263889423077 0.54296875 0.49479166586538464 0.54296875 0.46354166586538464
4 0.5859375 0.435763889423077 0.5859375 0.41840277884615384 0.5791015625 0.40625 0.5751953125 0.40277777884615384 0.5654296875 0.40277777884615384 0.556640625 0.41840277884615384 0.5546875 0.42534722115384616 0.5546875 0.43229166586538464 0.556640625 0.44270833413461536 0.5615234375 0.451388889423077 0.5654296875 0.454861110576923 0.5751953125 0.454861110576923 0.576171875 0.453125 0.583984375 0.44270833413461536 0.5859375 0.435763889423077
4 0.6083984375 0.44791666586538464 0.6103515625 0.44791666586538464 0.6171875 0.435763889423077 0.6171875 0.41840277884615384 0.615234375 0.4149305552884615 0.615234375 0.41145833413461536 0.6123046875 0.40625 0.6025390625 0.3993055552884615 0.5986328125 0.3993055552884615 0.5947265625 0.40277777884615384 0.5859375 0.41840277884615384 0.5859375 0.43229166586538464 0.587890625 0.439236110576923 0.5927734375 0.44791666586538464 0.5966796875 0.451388889423077 0.6025390625 0.454861110576923 0.603515625 0.453125 0.6064453125 0.451388889423077 0.6083984375 0.44791666586538464
4 0.720703125 0.41840277884615384 0.720703125 0.4149305552884615 0.71875 0.404513889423077 0.7138671875 0.39583333413461536 0.7060546875 0.388888889423077 0.7021484375 0.388888889423077 0.6962890625 0.392361110576923 0.689453125 0.404513889423077 0.6875 0.41840277884615384 0.689453125 0.4288194447115385 0.6962890625 0.44097222115384616 0.7001953125 0.4444444447115385 0.7080078125 0.4444444447115385 0.7119140625 0.44097222115384616 0.71875 0.4288194447115385 0.720703125 0.41840277884615384
4 0.4094865961538462 0.42659838942307693 0.40651833653846153 0.44106651442307687 0.40987375961538464 0.4569125576923077 0.41981095192307694 0.4663283149038462 0.4306515264423077 0.45943873076923075 0.4336197764423077 0.4412961634615385 0.43052246875000005 0.42797630528846153 0.4230373173076923 0.41833088942307695 0.41350668028846155 0.4218407956730769 0.4094865961538462 0.42659838942307693
4 0.4480738798076923 0.3969731802884615 0.44962253365384613 0.4141971394230769 0.4590435144230769 0.42108672355769233 0.47014219471153845 0.4171826225961538 0.4746590985576923 0.4022551875 0.47285233894230766 0.3848015793269231 0.45852729326923075 0.3730892860576923 0.45088107692307694 0.38431578365384617 0.4480738798076923 0.3969731802884615
4 0.48111182932692304 0.38732776201923075 0.4772401947115385 0.39926970432692305 0.47762735817307694 0.4155750552884615 0.48485440625 0.4282059543269231 0.4938882211538462 0.43004318028846156 0.5030510985576924 0.42223497836538465 0.50485784375 0.40271449519230773 0.49750174038461537 0.3841126201923077 0.4861253245192308 0.3822501875 0.48111182932692304 0.38732776201923075
4 0.5046171490384616 0.43027282932692307 0.4980353701923077 0.44244443028846153 0.49726104326923076 0.4610463076923077 0.5034556586538461 0.4771220096153846 0.5132638028846154 0.4782702668269231 0.5224266658653847 0.46449109855769233 0.5232009927884615 0.45094158173076926 0.5193293581730769 0.4362438052884615 0.5087823389423077 0.4297589158653846 0.5046171490384616 0.43027282932692307
4 0.5262983004807692 0.41970880528846155 0.5239753197115384 0.43578449759615384 0.5287503389423077 0.45094158173076926 0.5353321177884616 0.4608166466346154 0.5438497115384615 0.4610463076923077 0.5532706802884616 0.45025262259615384 0.5545612403846154 0.43027282932692307 0.54862471875 0.4119006033653846 0.5366678990384616 0.40807014903846156 0.5262983004807692 0.41970880528846155
4 0.5694911610576923 0.3799788701923077 0.5732337379807693 0.3983510961538462 0.5811060649038462 0.4089151201923077 0.5931081298076923 0.4063889375 0.599044639423077 0.3916911634615384 0.5995608509615384 0.3735485913461538 0.5918175817307693 0.35793220192307695 0.580460795673077 0.3565542860576923 0.5715248461538461 0.3677910096153846 0.5694911610576923 0.3799788701923077
4 0.6007223413461539 0.372400329326923 0.6007223413461539 0.39077255528846155 0.6070460144230769 0.4022551875 0.616983204326923 0.4063889375 0.627694733173077 0.39467664423076926 0.6307920408653847 0.37814164423076924 0.6282109423076924 0.3622956033653846 0.6164669927884615 0.3528798389423077 0.6058008461538461 0.3595286201923077 0.6007223413461539 0.372400329326923
4 0.6209339927884615 0.40409241346153846 0.6173204639423078 0.4245315144230769 0.6236441370192308 0.4454299134615385 0.6333232235576923 0.45140088942307693 0.6453252884615384 0.4380810216346154 0.6486807019230769 0.4215460216346154 0.6441637980769231 0.40271449519230773 0.6313626081730769 0.3963650985576923 0.6209339927884615 0.40409241346153846
4 0.6506165192307692 0.41396747836538467 0.6517780096153847 0.43555484855769233 0.6628766899038462 0.45048227163461535 0.6773308052884615 0.44474095673076924 0.6826220240384615 0.41810122836538466 0.6793956706730769 0.40547032932692306 0.6698456322115385 0.3921504711538461 0.6571180192307692 0.3998077620192308 0.6506165192307692 0.41396747836538467
4 0.6669625096153846 0.36597004807692307 0.6663172427884615 0.3868684543269231 0.6792226923076924 0.40317380528846153 0.6913538052884616 0.39926970432692305 0.6981936995192307 0.3857201875 0.6979355841346154 0.3648217860576923 0.6890308245192307 0.3498943509615385 0.6759020408653846 0.34920063701923076 0.6669625096153846 0.36597004807692307
4 0.7072547067307693 0.3645921322115384 0.7081580913461539 0.3880167211538461 0.7193858317307692 0.4020255384615385 0.7348723677884615 0.3932987283653846 0.7404217139423076 0.3671183100961538 0.7329365504807692 0.34759782692307695 0.7173430793269231 0.34747930528846155 0.7072547067307693 0.3645921322115384
4 0.7393892716346154 0.36767709375 0.7426156370192308 0.39064236778846156 0.7530690480769231 0.4005174447115385 0.7655873365384616 0.39615403605769234 0.7719109975961539 0.3766335504807692 0.7695880168269231 0.3566537596153846 0.760167048076923 0.3444821586538461 0.7483270336538462 0.34684551201923075 0.7393892716346154 0.36767709375
4 0.8000168677884615 0.5617959014423077 0.8039070985576923 0.5838618966346154 0.8175228774038461 0.5860252163461538 0.8306523846153847 0.5816985576923077 0.8318680721153846 0.5544405625000001 0.8296798221153847 0.53843190625 0.8163071899038462 0.5310765673076923 0.80276228125 0.5443903629807691 0.8000168677884615 0.5617959014423077