4 0.5321203052884615 0.3107929639423077 0.5300921177884615 0.3212171947115384 0.5307681706730769 0.33524981249999997 0.5357259615384615 0.34687684375 0.5429372764423077 0.35128708894230765 0.5494725552884615 0.3480796370192308 0.5557824326923076 0.33966007211538457 0.5582613365384616 0.3324432860576923 0.5582613365384616 0.3196134831730769 0.5562331682692307 0.3083873774038462 0.5521767932692307 0.3027743245192308 0.5435345240384616 0.2991211754807692 0.53752878125 0.30237339903846155 0.5321203052884615 0.3107929639423077
4 0.5625430432692308 0.3051799182692308 0.5602895072115385 0.32642930769230766 0.5636698124999999 0.33845726442307694 0.56930365625 0.34407031730769233 0.5760642692307693 0.34647590384615384 0.5848530865384615 0.3388582067307692 0.5877826923076923 0.3332451538461539 0.5891347932692308 0.3188116033653846 0.5880080240384615 0.30798644471153847 0.58305025 0.2987650072115385 0.5748077620192308 0.2966168125 0.5695290240384615 0.29676034615384617 0.5625430432692308 0.3051799182692308
4 0.5176976634615384 0.36010759374999995 0.5156694759615384 0.37213555048076924 0.51904978125 0.38817282932692304 0.5269371634615385 0.398196125 0.5341484759615385 0.39779519951923076 0.5413598052884615 0.38977656250000003 0.5449654807692308 0.37814953125 0.5449654807692308 0.36612157211538465 0.542035858173077 0.35609827403846156 0.5382048509615385 0.3500842956730769 0.5318949374999999 0.34647590384615384 0.5285146322115385 0.34727776923076925 0.5280387740384616 0.3472049543269231 0.5213033197115384 0.35168802884615386 0.5176976634615384 0.36010759374999995
4 0.4890777259615385 0.3613103870192308 0.48614813942307694 0.3753430048076923 0.48614813942307694 0.38576724278846153 0.49088056490384613 0.39939891826923074 0.4967397572115385 0.4058138389423077 0.5023736009615385 0.40461103125 0.5093595649038462 0.4002007860576923 0.5136412884615384 0.3885737548076923 0.5143173557692308 0.37855045673076926 0.5120638197115385 0.36612157211538465 0.5091342139423077 0.36010759374999995 0.5046271394230769 0.35529640865384615 0.5001464254807693 0.3547180456730769 0.49471156971153846 0.3564992019230769 0.4890777259615385 0.3613103870192308
4 0.43837313461538463 0.33966007211538457 0.43589424759615386 0.35529640865384615 0.4390492019230769 0.3681262331730769 0.44558446394230766 0.37494207692307696 0.4545986153846154 0.37494207692307696 0.46293669711538465 0.3637159879807692 0.4627113461538462 0.3536926899038461 0.4615845769230769 0.3424665841346154 0.4575282019230769 0.33284422596153845 0.4499965480769231 0.32867266346153845 0.4426548581730769 0.33164143509615385 0.43837313461538463 0.33966007211538457
4 0.4097532163461538 0.3288349086538461 0.40659825961538465 0.33645260576923075 0.40524614182692303 0.34687684375 0.4061475600961538 0.3589048004807692 0.41087998557692307 0.36772530769230766 0.41854201442307687 0.36972996634615385 0.42575332932692306 0.36772530769230766 0.4313871730769231 0.3564992019230769 0.43206324038461535 0.34687684375 0.4309364711538462 0.3376554134615385 0.42733081490384617 0.32963677403846153 0.42169697115384613 0.3232218557692308 0.4187233076923077 0.32316306490384616 0.41380959134615386 0.3244246466346154 0.4097532163461538 0.3288349086538461
4 0.3939784543269231 0.3741402115384615 0.39014743749999997 0.38496537500000005 0.3905981466346154 0.3941868076923077 0.3914995576923077 0.4026063701923077 0.3953305721153846 0.4106250096153846 0.4002883653846154 0.41463432932692307 0.40479543990384614 0.41463432932692307 0.40885179807692307 0.41262966826923075 0.41200675240384615 0.4078184975961538 0.41471099038461534 0.4030073125 0.4165138293269231 0.3929840144230769 0.41493635817307695 0.3801541899038462 0.41133068509615384 0.3737392860576923 0.4081757475961538 0.36892809855769226 0.40210059615384613 0.3672398629807692 0.39780946875 0.3693290240384615 0.3939784543269231 0.3741402115384615
4 0.5487537355769231 0.3569001418269231 0.5476269663461538 0.3713336850961539 0.5510072716346154 0.38496537500000005 0.5555143485576923 0.39178122115384617 0.5622749591346154 0.3937858822115385 0.5674580865384615 0.39057841346153843 0.5742186971153846 0.38215884855769233 0.5757961850961538 0.37013089182692305 0.5748947668269231 0.3581029350961539 0.5706130408653846 0.34968337019230766 0.5649791971153847 0.3436693918269231 0.5598754951923077 0.34319797355769227 0.5532608100961538 0.3480796370192308 0.5487537355769231 0.3569001418269231
4 0.5796271923076923 0.35289082211538464 0.5780497211538461 0.3665224975961538 0.5805286105769231 0.3773476634615385 0.5850356850961538 0.38576724278846153 0.5904441778846153 0.38937562019230765 0.5983315600961538 0.38656909375000004 0.603063983173077 0.37855045673076926 0.6059935721153846 0.36972996634615385 0.6068949903846154 0.3577020096153846 0.6053175216346154 0.3500842956730769 0.6021625649038461 0.34286752403846155 0.5934026610576922 0.3381892451923077 0.5859371033653846 0.3412637908653846 0.5796271923076923 0.35289082211538464
4 0.5670073846153846 0.3985970528846154 0.5649791971153847 0.4150352692307692 0.5685848533653846 0.42906788701923076 0.5748947668269231 0.43468092548076925 0.5798525408653846 0.4350818653846154 0.5868385048076923 0.43187441346153843 0.5913455793269231 0.4262613918269231 0.5942751850961538 0.41262966826923075 0.5933737668269231 0.4050119711538462 0.5920216466346153 0.3949886730769231 0.5863878028846154 0.38656909375000004 0.5787521346153846 0.3862730240384616 0.5724158774038461 0.3885737548076923 0.5670073846153846 0.3985970528846154
4 0.5347817932692307 0.40461103125 0.5332043245192307 0.41663898798076926 0.5359085625 0.43428002884615385 0.5408663533653846 0.4398930504807692 0.5471762475961538 0.4431005048076923 0.5559650480769232 0.4378883918269231 0.5602467716346153 0.42906788701923076 0.561598891826923 0.41623809375 0.5602467716346153 0.4042101057692308 0.5559650480769232 0.3937858822115385 0.5466336730769231 0.39078087980769227 0.53951421875 0.3957905408653846 0.5347817932692307 0.40461103125
4 0.5057111562500001 0.40942221634615383 0.503682985576923 0.4234548341346154 0.5066125745192308 0.4382893485576923 0.5140492548076924 0.4483126466346154 0.5219366370192308 0.44791168990384617 0.5275704807692307 0.4422986682692308 0.5309507860576923 0.43187441346153843 0.531852204326923 0.42104924759615386 0.5305000673076923 0.41262966826923075 0.5268944110576923 0.4018045192307692 0.5173326201923077 0.39679135096153845 0.5106689495192308 0.4010026514423077 0.5057111562500001 0.40942221634615383
4 0.4827250817307692 0.4138324759615385 0.48114761298076925 0.42185111538461534 0.4829504302884615 0.43267626442307694 0.4870068052884615 0.44069490384615384 0.4917392307692308 0.4439023701923077 0.49849984375 0.44470422115384617 0.5030069182692307 0.44029400721153844 0.5048097548076923 0.4370865240384615 0.50255621875 0.4202474110576923 0.5052604567307692 0.40701663221153844 0.49782377403846156 0.40701663221153844 0.48942267788461535 0.4002007860576923 0.4856546875 0.40541289663461544 0.4827250817307692 0.4138324759615385
4 0.4565210360576923 0.39178122115384617 0.4571971033653846 0.40942221634615383 0.46305629807692306 0.42265296634615385 0.4680140721153846 0.4250585673076923 0.47432398317307695 0.42385577403846153 0.47973247836538463 0.41663898798076926 0.4815352980769231 0.40701663221153844 0.4822113653846154 0.3949886730769231 0.47973247836538463 0.38536630288461543 0.47545075240384616 0.37855045673076926 0.4691549278846154 0.37625556971153845 0.46260557932692303 0.38055511538461534 0.4565210360576923 0.39178122115384617
4 0.4617041778846154 0.4398930504807692 0.4574224543269231 0.4539256538461538 0.4603520408653846 0.4711657379807692 0.46643660336538456 0.47958530288461537 0.4718450961538462 0.4799862283653846 0.47905640865384613 0.4747741322115384 0.4840141850961538 0.4603405889423077 0.4835634831730769 0.44911448317307695 0.4799578269230769 0.4398930504807692 0.47500003605769237 0.4334781322115384 0.47253581971153846 0.43185243990384614 0.4666619543269231 0.43267626442307694 0.4617041778846154 0.4398930504807692
4 0.4355631394230769 0.419445514423077 0.43285889182692305 0.43187441346153843 0.43466172115384616 0.4455060889423077 0.4398448533653846 0.4547275360576923 0.4463801153846154 0.45833592788461536 0.45269002884615384 0.4539256538461538 0.4575707596153846 0.4451875625 0.45914824519230774 0.43356054567307695 0.4555425721153846 0.41712232932692306 0.44697913942307693 0.41030649759615384 0.4396195048076923 0.41222874278846156 0.4355631394230769 0.419445514423077
4 0.42579588461538465 0.3682086466346154 0.42106345913461535 0.3746235528846154 0.4185845721153846 0.3846468509615385 0.41993668990384614 0.3994813341346154 0.4242184158653846 0.40870276442307696 0.43007761057692306 0.41351395192307694 0.43796499038461534 0.4119102163461538 0.44359883413461537 0.4022878605769231 0.44607772115384614 0.3906608293269231 0.44359883413461537 0.3774300793269231 0.4390917596153846 0.3682086466346154 0.43052831009615383 0.36339746153846153 0.42579588461538465 0.3682086466346154
4 0.3807251370192307 0.42233445673076925 0.3784715985576923 0.4331596057692308 0.38004906730769233 0.44558850480769235 0.38545756009615384 0.4560127283653846 0.39199282211538466 0.45841832932692306 0.3976266658653846 0.4564136682692308 0.4012323221153846 0.4508006466346154 0.4046126298076923 0.44077731730769226 0.4039365793269231 0.43195681249999995 0.40303516105769227 0.4243391153846154 0.3985280841346154 0.4155186105769231 0.39402100961538467 0.4127120841346154 0.39083096153846153 0.41181753125 0.38523221153846154 0.41471674278846155 0.3807251370192307 0.42233445673076925
4 0.3658517932692308 0.3850477764423077 0.3647250240384615 0.39908039182692306 0.3672039110576923 0.40790089903846155 0.3712602860576923 0.4139148774038462 0.37711947836538456 0.4179241947115384 0.38207725480769233 0.4167214038461538 0.3870350480769231 0.41110835096153847 0.3888378677884615 0.4030897115384615 0.39041535336538463 0.3934673557692308 0.3895139350961539 0.3834440576923077 0.38523221153846154 0.3762272860576923 0.38185190384615386 0.37061423317307696 0.3753352115384615 0.37024509855769233 0.36878137980769227 0.3762272860576923 0.3658517932692308 0.3850477764423077
4 0.35165450000000004 0.4295512283653846 0.3503023798076923 0.4423810528846154 0.3543587548076923 0.45721552163461543 0.36134471634615384 0.4632295 0.3672039110576923 0.46162578125000003 0.3728377548076923 0.4556118028846154 0.37621806009615383 0.44398476923076924 0.37621806009615383 0.4331596057692308 0.3726124038461539 0.42233445673076925 0.3667532115384615 0.4167214038461538 0.3592759807692308 0.41582451442307694 0.35526015625 0.4203297956730769 0.35165450000000004 0.4295512283653846
4 0.4103621778846154 0.41288274278846154 0.4069818701923077 0.4209013822115385 0.4051790336538461 0.4317265456730769 0.40743257211538464 0.44656102884615384 0.4153199519230769 0.4565843269230769 0.4205030961538462 0.4565843269230769 0.4268129903846154 0.4529759350961538 0.42951724519230766 0.44575916346153843 0.4310947139423077 0.4333302788461539 0.4286158269230769 0.41849579567307693 0.42388340144230774 0.412080875 0.41844156730769233 0.4088122956730769 0.4139678341346154 0.4108780841346154 0.4103621778846154 0.41288274278846154
4 0.37543234615384613 0.4746262644230769 0.3765591153846154 0.4970784447115385 0.38354507692307693 0.5075026850961538 0.39165781009615386 0.506299875 0.3975170024038462 0.5006868389423077 0.4004466081730769 0.4934700673076923 0.4008973100961538 0.48464956249999996 0.3997705408653846 0.47342347115384614 0.3970663028846154 0.4678104182692308 0.39210852644230765 0.4625983052884616 0.3860413653846154 0.4619048028846154 0.3806154711538462 0.4650038918269231 0.37543234615384613 0.4746262644230769
4 0.34703777884615383 0.47703184855769226 0.34658706009615387 0.4918663341346154 0.3504180841346154 0.5030924230769231 0.35695332932692303 0.5111110624999999 0.3628125408653846 0.5099083004807692 0.36777031490384615 0.5026914975961538 0.37137597115384613 0.493069125 0.37137597115384613 0.47943744951923073 0.36777031490384615 0.4714188125 0.3643900096153846 0.4654048317307692 0.3581490168269231 0.46340742067307694 0.35064343509615387 0.46901321153846154 0.34703777884615383 0.47703184855769226
4 0.4058551009615385 0.46460296634615383 0.40315084615384617 0.4710178701923077 0.4013480264423077 0.4822439615384615 0.40270014663461534 0.4906635408653846 0.4058551009615385 0.49788034375 0.4101368269230769 0.5034933653846154 0.41464390144230767 0.5058989807692308 0.42095379567307695 0.5030924230769231 0.42591158894230774 0.49667751923076925 0.4283904759615385 0.48545142788461537 0.4283904759615385 0.47582905769230766 0.4250101706730769 0.4658057596153846 0.4218552139423077 0.46019270673076923 0.41646938221153845 0.45889956490384615 0.4099114591346154 0.45979177884615385 0.4058551009615385 0.46460296634615383
4 0.42980756009615384 0.4784473918269231 0.4316103798076923 0.49007440865384616 0.4349906850961538 0.5008996033653846 0.44468090384615383 0.5061116850961539 0.4521175841346154 0.5000977067307693 0.4575260600961538 0.4888716466346154 0.45707535817307693 0.48125390384615385 0.4554978894230769 0.4696268870192308 0.4514415144230769 0.464815701923077 0.4471597908653846 0.4612073076923077 0.4399484783653846 0.4612073076923077 0.43408928365384614 0.4660184927884616 0.42980756009615384 0.4784473918269231
4 0.47922497836538464 0.47831238221153843 0.4758446730769231 0.48552915384615386 0.4749432716346154 0.49555245192307695 0.47719681009615383 0.5043729567307692 0.4812531658653846 0.5135943870192308 0.48733772836538464 0.5168018389423077 0.49477439182692307 0.5147971802884616 0.5010843028846154 0.5043729567307692 0.5019857211538462 0.49434965865384617 0.49973218509615386 0.48272262740384614 0.49657722836538465 0.4739021370192308 0.4920701538461539 0.4714965360576923 0.48774982692307695 0.4714213822115385 0.48418277163461537 0.4726993293269231 0.47922497836538464 0.47831238221153843
4 0.4961265096153846 0.46347789903846154 0.49838004807692304 0.47550585576923077 0.5044646081730769 0.4851282283653846 0.5132534086538462 0.4875338125 0.5188326153846154 0.4823217019230769 0.5209154230769231 0.4747039879807692 0.5199593846153846 0.4642797644230769 0.5211492836538462 0.45227228125 0.5204100841346154 0.4498462211538462 0.5157322956730769 0.45024714663461535 0.5049360216346154 0.4413690216346154 0.49973218509615386 0.44864341346153847 0.4961265096153846 0.46347789903846154
4 0.45240497596153845 0.5042309399038462 0.45240497596153845 0.5158579639423077 0.45578528124999995 0.5278859230769231 0.46096840625 0.534701766826923 0.46660225 0.5355036346153846 0.4715600432692308 0.5322961682692308 0.47561639903846153 0.5278859230769231 0.47741923798076924 0.519466358173077 0.4780952884615385 0.5098439855769231 0.4729121610576923 0.4942076418269231 0.4643653341346154 0.48995367307692306 0.4580388173076923 0.4942076418269231 0.45240497596153845 0.5042309399038462
4 0.42716534615384616 0.5210700769230769 0.42671464423076927 0.5355036346153846 0.43032030048076925 0.5435222740384615 0.4339259567307692 0.5483334447115384 0.43888374999999996 0.5515409110576923 0.4467711322115384 0.5467297259615385 0.4512782067307692 0.5379092211538462 0.4512782067307692 0.5274849951923077 0.4510528389423077 0.519466358173077 0.4465457644230769 0.5114477283653847 0.44339082451923073 0.5074384086538462 0.4373182067307692 0.5049798533653846 0.4309963701923077 0.5102449182692308 0.42716534615384616 0.5210700769230769
4 0.4005736057692308 0.5118486466346154 0.3976440072115385 0.5238766033653847 0.3985454182692308 0.5359045600961538 0.4005736057692308 0.541116673076923 0.40462997115384614 0.5491353100961539 0.4107145240384616 0.5511399711538462 0.4154469495192308 0.5487343846153846 0.4192779639423077 0.5451259903846154 0.4222075697115385 0.5383101466346154 0.4240103894230769 0.5302915072115385 0.42288362019230774 0.5218719423076923 0.4215315024038461 0.5154570384615385 0.4186019206730769 0.5094430673076923 0.4154469495192308 0.5066365264423077 0.4088623774038461 0.5049798533653846 0.4048553293269231 0.5074384086538462 0.4005736057692308 0.5118486466346154
4 0.34608484134615386 0.517146670673077 0.34338059375 0.52716996875 0.34225382451923075 0.5359904903846154 0.3449580721153846 0.5472165721153845 0.3487890865384615 0.5524286850961538 0.3530708028846154 0.5572398701923077 0.3584792956730769 0.5572398701923077 0.3629863701923077 0.5540324182692308 0.36614132692307694 0.5480184399038461 0.3681695144230769 0.54120259375 0.3681695144230769 0.5279718509615384 0.36569060817307697 0.5199532139423076 0.36050747355769236 0.5123354927884616 0.35561334855769233 0.5109903269230769 0.35081726442307687 0.511533625 0.34608484134615386 0.517146670673077
4 0.33797210096153846 0.5668622283653846 0.3372960408653846 0.5796920504807692 0.3393242283653847 0.5933237427884616 0.3463101899038462 0.6017433076923078 0.3528454519230769 0.6021442475961538 0.3593807067307692 0.5961302692307693 0.3625356610576923 0.5833004447115384 0.3629863701923077 0.5720743533653846 0.3589300048076923 0.5612491899038461 0.35374686298076924 0.5568389302884615 0.34828808653846155 0.5555679951923077 0.3429298846153846 0.5584426634615385 0.33797210096153846 0.5668622283653846
4 0.3679441466346154 0.5592445288461538 0.3654652596153846 0.5676640937499999 0.36411313942307694 0.5812957860576924 0.3686202139423077 0.5929228028846154 0.3733526394230769 0.5973330625 0.38078931971153845 0.6001395889423077 0.3864231634615385 0.5933237427884616 0.38980347115384617 0.5837013701923077 0.38957812019230764 0.5712724879807692 0.3882259831730769 0.5640557163461538 0.38462032692307696 0.5568389302884615 0.37702565624999995 0.5525627596153846 0.3713244519230769 0.5564380024038461 0.3679441466346154 0.5592445288461538
4 0.37605689423076927 0.5127364254807693 0.37267658894230765 0.5175476057692308 0.37109910336538465 0.5255662427884615 0.3708737524038461 0.5355895408653846 0.3733526394230769 0.5452119134615384 0.37673294711538463 0.5516268173076923 0.3843949759615385 0.5540324182692308 0.38912740144230773 0.5520277596153846 0.39295842548076926 0.5464147067307692 0.3967894326923077 0.5383960673076923 0.3970147836538462 0.5299765120192308 0.39431054567307694 0.5191513317307692 0.3916062908653846 0.5139392331730769 0.38800063221153847 0.5091280408653847 0.3829422163461539 0.5079850889423076 0.37876113221153845 0.5103308341346154 0.37605689423076927 0.5127364254807693
4 0.3983669014423077 0.5532305504807693 0.3911555889423077 0.5684659615384615 0.3925077091346154 0.5816967115384615 0.3970147836538462 0.592521875 0.4024232764423077 0.5953284014423077 0.4085078197115385 0.5961302692307693 0.4127895456730769 0.5921209495192308 0.4170712692307692 0.5816967115384615 0.41752197115384615 0.5668622283653846 0.41459238221153843 0.5588435889423077 0.41121207692307693 0.5540324182692308 0.40576322836538464 0.5510601418269231 0.4021979254807692 0.551225891826923 0.3983669014423077 0.5532305504807693
4 0.42270511298076924 0.5576407956730769 0.420000875 0.5692678269230769 0.42067692548076924 0.5796920504807692 0.4260854206730769 0.590918141826923 0.4326206826923077 0.5961302692307693 0.4398319951923077 0.5921209495192308 0.4438883677884615 0.5869088221153846 0.44524048798076926 0.579291125 0.4432123004807692 0.5644566418269231 0.4427616009615385 0.5592445288461538 0.44050806249999996 0.5548342692307693 0.43622633894230767 0.5508249495192308 0.4322468725961538 0.5510601418269231 0.4274375384615385 0.5516268173076923 0.42270511298076924 0.5576407956730769
4 0.44681795673076924 0.5556361370192308 0.4445644206730769 0.5672631682692308 0.44636725721153847 0.5824985769230769 0.45380393750000003 0.590918141826923 0.46078989903846157 0.5917200096153846 0.46777586298076923 0.5841023125 0.4704801009615384 0.570871545673077 0.4691279807692308 0.5600463966346154 0.46597302644230765 0.5520277596153846 0.4619166682692307 0.5456128389423077 0.4576349447115385 0.5452119134615384 0.4524518004807693 0.5476174975961539 0.44681795673076924 0.5556361370192308
4 0.4716179759615385 0.5416771538461538 0.46981515625000003 0.5561106971153846 0.47297011057692306 0.5669358774038462 0.4779278870192308 0.5729498557692307 0.4849138485576923 0.5753554399038461 0.49144911057692303 0.568539610576923 0.4946040673076923 0.5613228245192308 0.49573083653846156 0.5472902067307692 0.49302658173076924 0.5376678341346154 0.48829415625 0.53045109375 0.4821150096153846 0.5295226153846154 0.4745475817307692 0.5324557524038462 0.4716179759615385 0.5416771538461538
4 0.52483628125 0.44773100721153847 0.5210074783653846 0.4593364879807692 0.5211492836538462 0.4696805144230769 0.5235600096153846 0.4805291177884615 0.5292323149038461 0.4891070793269231 0.5353300480769231 0.4916300096153846 0.5425622355769231 0.48759332451923076 0.5466746586538462 0.4800245288461538 0.5500780432692308 0.46867133653846155 0.5493690048076924 0.4590841995192308 0.5465328533653846 0.44949706009615387 0.542278625 0.4439466105769231 0.5371735408653846 0.439657625 0.53403353125 0.44037309375 0.5296577427884616 0.4419282668269231 0.52483628125 0.44773100721153847
4 0.493817016826923 0.5303349591346154 0.4951153317307692 0.5409218533653847 0.49890209375 0.5476589663461539 0.5039871730769231 0.5520862115384616 0.508639483173077 0.5536261298076923 0.5153474591346154 0.54900640625 0.5193506153846154 0.5409218533653847 0.5206489302884616 0.5282175817307693 0.5194588052884616 0.5207105096153846 0.5169703581730769 0.5149358389423078 0.5138327620192308 0.5095461490384615 0.5093968341346155 0.506466329326923 0.505460125 0.5070342115384615 0.5022560817307692 0.5081987259615385 0.4970628125 0.5149358389423078 0.49457436538461536 0.522827891826923 0.493817016826923 0.5303349591346154
4 0.5162124543269231 0.4908390504807692 0.5158598004807693 0.4981587908653846 0.516800201923077 0.5054785264423077 0.5179756995192307 0.5117525889423077 0.5204442427884616 0.5157261658653846 0.5240882836538462 0.519908875 0.5260866370192308 0.5209545528846153 0.5291429278846154 0.5220002283653846 0.5316114711538462 0.5213728245192308 0.5337273701923076 0.5203271466346154 0.5381942572115385 0.5146804879807692 0.5404277043269231 0.5109160528846154 0.5393697548076923 0.4989953317307692 0.541133 0.4914664639423077 0.5316114711538462 0.4918847283653846 0.5209144447115385 0.4799640072115385 0.5179756995192307 0.48540152884615384 0.5162124543269231 0.4908390504807692
4 0.5243233894230769 0.5295291009615385 0.5209144447115385 0.5362214375 0.5198564951923077 0.5466782091346154 0.5215021947115385 0.5588080625 0.5260866370192308 0.5673826177884616 0.5314939230769231 0.5705196490384615 0.5373714110576923 0.5698922451923077 0.54172075 0.5646638605769231 0.5445419447115385 0.5569258461538461 0.5461876442307692 0.5502335120192308 0.5458349903846154 0.5437503173076923 0.5445419447115385 0.5368488413461538 0.543013795673077 0.5312021899038462 0.5401926081730769 0.5274377475961539 0.5342384927884616 0.523892326923077 0.5292604759615385 0.5249281274038462 0.5243233894230769 0.5295291009615385
4 0.5594992235576923 0.4338608269230769 0.5538252379807692 0.4433374975961539 0.5515093221153846 0.45240213221153847 0.5531304663461538 0.4662051033653846 0.556835920673077 0.4765058293269231 0.5648258173076923 0.4816561899038462 0.5701524110576923 0.48062611778846154 0.5753632115384616 0.47506372596153845 0.5784896875000001 0.4686772956730769 0.5799950336538461 0.4581705432692308 0.5797634471153846 0.4484878605769231 0.5779107091346154 0.4416893846153846 0.5755947980769232 0.43756909374999997 0.5688786610576924 0.4313886586538462 0.5659837716346154 0.4303585865384615 0.56250990625 0.43159467067307694 0.5594992235576923 0.4338608269230769
4 0.5467858605769231 0.48348590625 0.5451626153846154 0.48637385576923076 0.5432350120192307 0.4892618052884616 0.5419161298076923 0.4908862788461539 0.5409016009615384 0.49720367307692304 0.5401914278846154 0.5037015625 0.5410030528846154 0.5100189567307692 0.5431335600961538 0.5181413197115384 0.5466844086538462 0.5231952403846154 0.5509454302884615 0.5264441850961539 0.5570326009615385 0.527346670673077 0.5615979759615385 0.5237367307692308 0.5652502764423077 0.5181413197115384 0.5672793317307693 0.5132679062500001 0.5681924014423078 0.5047845480769231 0.5676851370192307 0.4955791971153846 0.5655546370192307 0.48835931971153845 0.5623081586538462 0.4825834206730769 0.5591631081730769 0.47951497115384617 0.5559166129807692 0.47861248557692304 0.5522777596153846 0.47785771394230764 0.5494236394230769 0.47915397596153847 0.5467858605769231 0.48348590625
4 0.5753955576923077 0.4782514903846154 0.5710330817307692 0.48673485096153846 0.5690040264423077 0.4977451634615385 0.5697141923076923 0.5044235528846154 0.57174325 0.512184920673077 0.5758013605769231 0.5195853004807692 0.5817870865384616 0.5231952403846154 0.5860481009615385 0.5230147403846154 0.5913236442307692 0.5188633245192308 0.5957875769230769 0.5114629375 0.5973093701923077 0.50207709375 0.5976137163461538 0.4952182091346154 0.5953817572115384 0.48529087499999995 0.5936570625 0.48150043509615387 0.5853824639423076 0.4740243894230769 0.5796565721153846 0.47500254807692305 0.5753955576923077 0.4782514903846154
4 0.5903091153846154 0.4778904951923077 0.597106451923077 0.4793344711538462 0.6027878149038461 0.4771685120192308 0.6065415649038461 0.4717536033653846 0.6101938725961539 0.46182627403846155 0.6111069423076922 0.45099645432692304 0.6083677187500001 0.4408886153846154 0.6053241346153846 0.43493221634615387 0.600352954326923 0.43041979326923074 0.5938599639423077 0.4289758173076923 0.5879756995192308 0.43475171875 0.5837146850961539 0.4432350793269231 0.5820914471153846 0.45135744230769226 0.5824651899038462 0.45869109375 0.5842219471153846 0.4685046514423077 0.5903091153846154 0.4778904951923077
4 0.5531773894230769 0.5656120240384616 0.5592645576923077 0.5735538918269231 0.5658728076923076 0.5749938028846153 0.5693023317307693 0.5734293052884616 0.57343534375 0.5695180600961538 0.5758096322115385 0.5645116610576923 0.5771286802884615 0.5590359182692308 0.5777442331730769 0.5487102331730769 0.5764251850961538 0.5394796995192308 0.5731715384615385 0.5321265600961538 0.5692143966346154 0.5275895144230769 0.5642020120192307 0.5255556682692307 0.5597172524038462 0.5268072644230769 0.5552324951923077 0.5302491610576923 0.5518909038461538 0.53775875 0.5505020288461538 0.5488869615384615 0.5507425216346153 0.5573091658653846 0.5531773894230769 0.5656120240384616
4 0.5941487620192307 0.5182002451923077 0.5908071730769231 0.5266485360576924 0.589488125 0.5346274735576924 0.5902795552884615 0.5457354110576923 0.5927417788461539 0.5516805024038461 0.5959954254807692 0.5569997908653846 0.60039225 0.5604416875 0.6055805048076923 0.5605981346153845 0.6099773293269231 0.5584078533653846 0.6141982836538461 0.552932110576923 0.6163966947115385 0.5471434567307693 0.6178036778846153 0.53853871875 0.6173639951923077 0.5316549302884616 0.6168363774038461 0.5257098341346154 0.6141103413461538 0.51945184375 0.6123516105769231 0.516792201923077 0.6078668509615385 0.5120987091346154 0.6013916899038462 0.5117224975961538 0.5971386033653846 0.5139761009615385 0.5941487620192307 0.5182002451923077
4 0.5809646610576923 0.5594900240384615 0.577772920673077 0.5655470745192308 0.5757514831730769 0.5721719903846154 0.5753259158653846 0.5799326033653845 0.5763898293269231 0.5875039350961538 0.5789432235576923 0.5958324038461538 0.5817093990384615 0.5998073509615385 0.5866033990384616 0.6034037355769231 0.5905398870192308 0.603782295673077 0.5955402788461538 0.6011323413461539 0.5997959326923077 0.5956431225961538 0.6028812860576923 0.5863682379807693 0.6035196322115385 0.5778504903846154 0.6023493269230769 0.5697113028846154 0.6003278894230769 0.5636542427884615 0.5980936730769231 0.5598685769230769 0.5943699735576924 0.5566507740384615 0.5892707548076923 0.5547969447115384 0.5853267067307693 0.5560829110576923 0.5809646610576923 0.5594900240384615
4 0.6995203629807693 0.5600386538461538 0.6956457115384616 0.5692299735576923 0.6952151899038461 0.5784212860576923 0.6959327187500001 0.5865913557692308 0.6990898509615384 0.5957826658653846 0.7041125528846154 0.6019102139423077 0.7081307067307693 0.6034420961538461 0.7115748485576923 0.6034420961538461 0.7170280697115385 0.5996123798076923 0.7204722115384615 0.5937401442307693 0.7234858293269231 0.5876125961538462 0.7243468605769231 0.5802084975961539 0.7242033581730769 0.5740809495192308 0.7231988125 0.5674427908653846 0.7213332427884616 0.561570545673077 0.7178891033653846 0.5564642596153846 0.7131534086538461 0.5534005048076923 0.7092562860576923 0.5524969903846154 0.7049735865384614 0.5546770769230769 0.6995203629807693 0.5600386538461538
4 0.6013235432692308 0.38688164423076926 0.5972163581730769 0.3941888052884615 0.5946888677884615 0.4054306009615385 0.5970583918269231 0.4197638966346154 0.6006916658653846 0.4259468846153846 0.6065364879807692 0.43212986538461534 0.6142769350961539 0.4307246394230769 0.619489891826923 0.4259468846153846 0.6240709615384615 0.41386194711538465 0.6243869038461539 0.3995286634615385 0.6212275408653846 0.3894110576923077 0.617594264423077 0.3843522403846154 0.6120653774038461 0.3821038774038461 0.6097049086538461 0.38171730288461536 0.6060625889423077 0.38266597115384615 0.6013235432692308 0.38688164423076926
4 0.6240709615384615 0.42538479326923073 0.6201217548076923 0.4349403125 0.6183841057692308 0.44533897596153843 0.6209115961538461 0.45939121875000005 0.6261245528846153 0.46866569711538464 0.6307056346153845 0.4706330144230769 0.6363924903846154 0.4700709230769231 0.6425532548076922 0.4641690048076923 0.646186516826923 0.4568618221153846 0.647608233173077 0.44730629086538465 0.6472923028846154 0.4377507620192308 0.6450807451923077 0.4287573341346154 0.6427112211538462 0.4267900192307692 0.633799233173077 0.41963623798076927 0.6292839182692307 0.4214501610576923 0.6240709615384615 0.42538479326923073
4 0.60500171875 0.4807609639423077 0.604002173076923 0.49587655528846153 0.6072506899038461 0.5078801274038461 0.613747704326923 0.5163270889423077 0.6192451730769231 0.5172162451923077 0.623493235576923 0.5154379663461538 0.6302401298076923 0.5052126730769231 0.6324891009615385 0.4860958846153846 0.62999025 0.4758706105769231 0.6244927620192308 0.46875739182692305 0.6167610769230769 0.46664430048076927 0.6109989711538462 0.4705357067307692 0.60500171875 0.4807609639423077
4 0.6219939086538461 0.5185499711538462 0.6187454110576923 0.5292198149038462 0.6197449567307692 0.5430016802884615 0.6232433341346154 0.5510040721153846 0.6274913966346154 0.5572281177884615 0.6312396754807692 0.559451 0.6392359975961538 0.5576727211538461 0.6439838221153846 0.55055946875 0.6467325576923078 0.5430016802884615 0.6482318653846153 0.5305535240384616 0.6447334855769231 0.5163270889423077 0.6369870264423076 0.5087693173076923 0.6330064302884615 0.5088544495192308 0.6269916129807692 0.5127704783653846 0.6219939086538461 0.5185499711538462
3 0.6442337043269231 0.46564535336538465 0.6364872620192308 0.4754260408653846 0.6339884110576922 0.48120553365384616 0.6339884110576922 0.49409825961538456 0.6372369254807692 0.5038789471153846 0.6429842764423076 0.5132150817307692 0.6482318653846153 0.5154379663461538 0.6562282067307692 0.5109921995192308 0.6619755552884615 0.5003223221153846 0.66272521875 0.487429610576923 0.6602263653846154 0.47498147115384615 0.6542291153846154 0.46520078365384615 0.6482318653846153 0.4638670576923077 0.6442337043269231 0.46564535336538465
4 0.6614767067307692 0.5078399927884616 0.6572563701923078 0.5107278774038462 0.6530360216346154 0.5162148509615384 0.6507635408653846 0.5228569951923077 0.6491403341346154 0.5300766947115385 0.6501142572115385 0.5424946081730769 0.6548215600961539 0.5528909879807692 0.6618013437499999 0.5575115985576923 0.6676448870192307 0.55606765625 0.6733261129807692 0.5517358293269231 0.6775464615384615 0.5410506658653846 0.6764102091346154 0.524012141826923 0.6736507620192308 0.5159260889423076 0.6700796971153846 0.5113054567307692 0.6663463293269231 0.5092839350961539 0.6634383461538461 0.5080434951923076 0.6614767067307692 0.5078399927884616
4 0.6431344591346153 0.5551707211538461 0.6397257283653845 0.5592137860576923 0.6369662788461539 0.563834375 0.6345314687499999 0.5704765192307693 0.6345314687499999 0.5805841129807692 0.6353430721153847 0.5878038149038461 0.6364793125 0.5918468581730769 0.6392387596153846 0.5973338413461539 0.6449199855769231 0.6016656682692307 0.650438891826923 0.6028208269230769 0.6572563701923078 0.5982002163461538 0.6632622331730769 0.5826362067307692 0.6621259927884615 0.5696407283653846 0.6596911826923078 0.5609770745192308 0.6561201177884615 0.5578004038461539 0.6520621009615385 0.5543349302884615 0.6474064038461538 0.5549442596153846 0.6431344591346153 0.5551707211538461
4 0.6155327788461539 0.5554595168269231 0.610176201923077 0.55979134375 0.6062805024038462 0.5670110552884615 0.6048196129807693 0.5771186514423077 0.6066051394230769 0.5906916995192307 0.6098515528846155 0.5979114110576923 0.616506701923077 0.6036871802884616 0.6231618605769231 0.601954451923077 0.6288430865384615 0.59646746875 0.6324141370192307 0.5860710889423077 0.6327387740384616 0.57654109375 0.6316025336538461 0.5667222596153846 0.6280314831730769 0.5603689230769231 0.6246227379807692 0.5557483004807693 0.6196041730769231 0.5542258125 0.6155327788461539 0.5554595168269231
4 0.6540962307692308 0.33354942067307697 0.6505251802884615 0.3413467091346154 0.6487396490384616 0.34856642067307697 0.6489019663461538 0.3632946274038461 0.65263534375 0.3716694975961538 0.6602644254807692 0.3794667764423077 0.6659456490384615 0.37975557211538463 0.6730877644230768 0.3736910072115384 0.6763341778846154 0.3656049326923077 0.6782820216346154 0.3517430913461539 0.6768211346153846 0.3422130745192308 0.6724384783653845 0.3326830576923077 0.6674065384615384 0.32864001442307694 0.6614089879807692 0.3287382716346154 0.6540962307692308 0.33354942067307697
4 0.6290905576923076 0.29905224519230766 0.6274673509615384 0.3123365096153846 0.6286036033653846 0.3253319903846154 0.6329862572115386 0.33457322355769226 0.6385051634615385 0.33832747115384615 0.6446733557692308 0.33832747115384615 0.651653139423077 0.33312928125 0.6553865216346153 0.32388804807692306 0.6571720480769231 0.31118136298076926 0.6550618725961539 0.29934103125 0.6518154591346155 0.29298769951923076 0.6484067259615384 0.2883670721153846 0.6428878197115384 0.2869231298076923 0.6394918990384616 0.2868883605769231 0.6334732235576923 0.29096616586538465 0.6290905576923076 0.29905224519230766
4 0.6198382812500001 0.33746110817307695 0.6152932956730769 0.3426592980769231 0.6110729591346155 0.35854266346153846 0.6112352764423077 0.36720631730769226 0.615455625 0.37904665144230765 0.6198382812500001 0.38453362500000005 0.6256818245192307 0.3879990889423077 0.6312007307692308 0.3859775673076923 0.635460704326923 0.38192611538461535 0.6393167668269231 0.3732708822115385 0.6409796105769231 0.35477999759615386 0.6350964302884615 0.34034899278846154 0.6281166346153846 0.3360171658653846 0.6224452764423076 0.33631454807692307 0.6198382812500001 0.33746110817307695
4 0.6743448629807692 0.5555427043269231 0.6694752403846155 0.5601633269230769 0.6657418725961539 0.5665166634615384 0.6639563461538462 0.5806673028846154 0.6673650793269231 0.5948179423076924 0.6741825432692308 0.6040591634615384 0.6814869759615385 0.6043479687500001 0.6883044543269231 0.597994610576923 0.6913885384615385 0.5919300576923077 0.6931740769230769 0.5769130673076923 0.6915508701923077 0.5662278798076923 0.6879798052884615 0.5595857692307692 0.6831101850961538 0.5555427043269231 0.6782526754807693 0.5531403846153846 0.6743448629807692 0.5555427043269231
4 0.6884667740384616 0.5099141322115385 0.6839217884615384 0.5148235384615385 0.6810000216346155 0.5203105240384616 0.6790521658653846 0.5307069038461538 0.6800260889423076 0.5434135985576923 0.6840841057692307 0.5529436153846153 0.6892783774038461 0.5584305889423077 0.6946349543269231 0.5590081682692307 0.6999915432692307 0.5569866466346154 0.7053481322115385 0.5480342331730769 0.7087568629807692 0.5318620600961539 0.7058350865384615 0.5185777860576923 0.7030756394230769 0.5136683798076923 0.6946904903846154 0.5084042716346153 0.6884667740384616 0.5099141322115385
4 0.6758057524038462 0.46486313221153847 0.6709361298076922 0.4677510216346154 0.6670404302884615 0.47294921153846153 0.6642809831730769 0.4816128653846154 0.6642809831730769 0.4972074471153846 0.667852033653846 0.5067374639423077 0.6753187980769231 0.5136683798076923 0.6829478653846154 0.5130908125 0.6907392668269231 0.5038495793269231 0.6930117451923077 0.4928756201923077 0.6925247908653845 0.4821904447115385 0.6886290913461538 0.47006132692307695 0.6834348341346155 0.46544072115384616 0.6782526754807693 0.46438970913461536 0.6758057524038462 0.46486313221153847
4 0.6386033774038461 0.47194287740384616 0.6348066923076924 0.48115393749999996 0.6348066923076924 0.4903649975961538 0.6351518413461539 0.5026464110576924 0.6399839975961539 0.5100152403846153 0.6461967740384615 0.5155419326923076 0.6530998485576922 0.5118574711538462 0.6610383677884616 0.5075589711538462 0.6624189879807693 0.48606649759615383 0.6582771538461538 0.4713287932692308 0.6530998485576922 0.46641623317307696 0.6475773942307692 0.46518808653846155 0.6430903870192307 0.4682584399038462 0.6386033774038461 0.47194287740384616
4 0.6354184062499999 0.38844715384615386 0.6333474903846154 0.4007285673076923 0.6354184062499999 0.41546627163461536 0.640940860576923 0.4240632475961539 0.6499148509615384 0.42774768509615385 0.6616500817307693 0.4136240649038462 0.6633758485576924 0.39827229807692305 0.6592340168269231 0.3853768004807692 0.6547470072115384 0.3780079471153846 0.6452037692307692 0.3760524254807692 0.6402505624999999 0.38046424038461535 0.6354184062499999 0.38844715384615386
4 0.6599243124999999 0.41976477163461534 0.6533663870192308 0.4252913942307692 0.649569701923077 0.4351165384615384 0.6492245528846153 0.4523105120192307 0.6547470072115384 0.4645919254807692 0.6613049326923076 0.4695044879807692 0.67096921875 0.46520598798076923 0.6770179134615385 0.4572230745192308 0.67821746875 0.4412572451923077 0.6737304591346154 0.4265195408653846 0.6650535384615384 0.41901231009615386 0.6599243124999999 0.41976477163461534
4 0.6756373197115385 0.3730953870192308 0.6701148413461537 0.37739388701923077 0.6666633028846154 0.3866049471153846 0.6639020913461539 0.4013426514423077 0.6656278581730769 0.41423812740384613 0.6735663774038462 0.42283512500000003 0.6815049230769231 0.42344918750000005 0.6918595336538461 0.4130099807692308 0.6942755985576923 0.3915175072115385 0.6880628485576923 0.3780079471153846 0.6797251057692308 0.37221672115384613 0.6756373197115385 0.3730953870192308
4 0.680469451923077 0.44002909855769234 0.6801243028846155 0.4553808653846154 0.6849564591346154 0.46520598798076923 0.6904789134615386 0.4713466947115385 0.7001432259615386 0.4688904254807692 0.7067011514423077 0.46090748798076925 0.7094623653846154 0.45046830528846155 0.7091172163461539 0.43573060096153843 0.7056656802884615 0.4259054783653846 0.6991077548076923 0.42099289423076924 0.6922390889423077 0.41901231009615386 0.6832306899038462 0.4265195408653846 0.680469451923077 0.44002909855769234
4 0.6960013677884616 0.47871559375 0.6949659206730769 0.48976881490384616 0.6977271346153846 0.5008220817307693 0.7025592908653846 0.5112612884615385 0.7118784567307692 0.5155598341346154 0.7205072980769232 0.5088050192307693 0.7243039831730769 0.4916110216346154 0.7236136610576923 0.47380298557692313 0.7174009110576923 0.4658200721153846 0.7087720697115384 0.46274971875 0.7011786706730769 0.4688904254807692 0.6960013677884616 0.47871559375
4 0.6842661634615385 0.35467326682692313 0.685301608173077 0.3718672403846154 0.6935853004807692 0.38292053125 0.7015238461538461 0.38292053125 0.7098075144230769 0.3737094711538462 0.7149848197115385 0.3534451201923077 0.7101526875 0.3362511466346154 0.7056656802884615 0.33072453605769236 0.6987118413461538 0.32925683653846155 0.6877176995192307 0.33686523076923075 0.6842661634615385 0.35467326682692313
4 0.6980723100961538 0.4007285673076923 0.7018689951923077 0.4203788341346154 0.7118303028846154 0.4272074927884616 0.7230149326923077 0.42057456249999997 0.7263749014423078 0.418536625 0.729136141826923 0.40502706730769233 0.7274103725961538 0.3853768004807692 0.721887891826923 0.37739388701923077 0.7122236057692307 0.3737094711538462 0.7008335240384616 0.3841486538461538 0.6980723100961538 0.4007285673076923
4 0.7177460600961538 0.5112612884615385 0.7139493725961539 0.5186301875 0.7111881346153847 0.5302974927884615 0.7125687548076923 0.5493336971153846 0.7239588365384615 0.5591588197115385 0.7325876778846154 0.5560884663461538 0.7401810480769231 0.5419648221153847 0.7388004278846154 0.5223145552884616 0.7343134471153847 0.5131034951923077 0.7254658774038462 0.5080006442307693 0.7177460600961538 0.5112612884615385
4 0.7294812884615385 0.5652995264423077 0.7260297524038462 0.578195 0.7298264375 0.5953889975961538 0.7353488918269231 0.6052141201923077 0.7429422884615384 0.6058281802884615 0.7508808076923077 0.6003015360576923 0.7553678149038461 0.5904764134615385 0.7567484350961539 0.5763527692307693 0.7522614278846155 0.5634572956730769 0.74811959375 0.5579306490384616 0.7405689615384615 0.55402909375 0.7343134471153847 0.5573165889423077 0.7294812884615385 0.5652995264423077
4 0.7508808076923077 0.5174019951923077 0.7460486490384616 0.5290693461538462 0.7450132043269231 0.5425788822115385 0.74811959375 0.5560884663461538 0.7539871947115385 0.5628432331730769 0.7615805649038462 0.5652995264423077 0.767793341346154 0.5628432331730769 0.7722803509615385 0.5542462355769231 0.7757318870192308 0.5431929903846154 0.7764221850961538 0.5345959927884615 0.7736609447115386 0.5259989927884615 0.7695191105769231 0.5167879326923077 0.7591241802884615 0.5110692067307693 0.7508808076923077 0.5174019951923077
4 0.7733157956730768 0.46520598798076923 0.7657224254807692 0.4688904254807692 0.7612354182692307 0.4842421923076923 0.7608902692307692 0.5014361658653846 0.7684836394230768 0.514331641826923 0.7757318870192308 0.5167879326923077 0.7850510264423077 0.5131034951923077 0.7909186274038462 0.49529545913461537 0.7898831826923077 0.4793296081730769 0.78367040625 0.4695044879807692 0.7768163653846153 0.4665750408653846 0.7733157956730768 0.46520598798076923
4 0.7512259543269231 0.42897583173076925 0.7474292692307691 0.43634466105769226 0.7467389735576924 0.44985422115384616 0.7495001875 0.4645919254807692 0.7598547980769231 0.4744170480769231 0.7719351754807692 0.46766227884615386 0.7773401033653846 0.4452111730769231 0.7741444711538462 0.42815505528846154 0.7672207379807693 0.41773188701923075 0.7567484350961539 0.42222104086538464 0.7512259543269231 0.42897583173076925
4 0.7360392139423078 0.4688904254807692 0.7312070576923078 0.4793296081730769 0.7281006682692308 0.4971377139423077 0.7374198076923076 0.5149457259615384 0.7467389735576924 0.5167879326923077 0.7539871947115385 0.5081909350961539 0.7591645 0.494681375 0.7577838798076922 0.47871559375 0.7526065745192307 0.4682763413461538 0.7422950288461538 0.46427361778846155 0.7360392139423078 0.4688904254807692
4 0.7229233629807692 0.42222104086538464 0.7160202908653847 0.43020395432692304 0.7139493725961539 0.43941501442307696 0.7139493725961539 0.45169642788461534 0.7194718269230769 0.46766227884615386 0.7270651971153845 0.47257484134615385 0.7339682716346154 0.4713466947115385 0.7415616682692308 0.46152157211538464 0.7457035024038461 0.44248536778846154 0.7394907524038461 0.42713360096153846 0.730644076923077 0.41747802884615387 0.7229233629807692 0.42222104086538464
4 0.72499428125 0.3288823052884616 0.7191266778846154 0.34116370673076923 0.7160202908653847 0.3534451201923077 0.7163654399038462 0.3675687644230769 0.7232685120192308 0.3780079471153846 0.7350037427884615 0.37862203125 0.7425191274038461 0.3743235336538462 0.7470841225961539 0.35037476682692303 0.7436325841346154 0.3393215 0.7374198076923076 0.3288823052884616 0.7302125600961538 0.3261882716346154 0.72499428125 0.3288823052884616
4 0.7426981033653846 0.3755552596153846 0.7369953341346154 0.38197184375 0.7347595865384615 0.3878366730769231 0.7323434951923077 0.3995040024038462 0.7344144110576922 0.41854020673076925 0.7426981033653846 0.4240668293269231 0.75167209375 0.42468091346153847 0.7620267043269231 0.4130135600961538 0.7625601442307691 0.38955235576923075 0.7565042524038461 0.3792396730769231 0.7496308125000001 0.3729838629807692 0.7426981033653846 0.3755552596153846
4 0.7074924399038461 0.28283058413461537 0.7019699855769231 0.28835721875 0.6985184495192308 0.3049371201923077 0.7026602836538461 0.32581553125 0.7102536538461539 0.3337984591346154 0.7192276706730769 0.3337984591346154 0.7285468100961539 0.3178326057692308 0.7288919567307693 0.29511199759615386 0.7233695048076924 0.28405871875 0.7151094759615385 0.2793926826923077 0.7074924399038461 0.28283058413461537
4 0.6671094447115385 0.3030949350961538 0.6677997668269231 0.31967482451923074 0.67228675 0.3301140192307692 0.6805704423076923 0.3362547259615385 0.6909250528846154 0.3325703125 0.6957572091346154 0.3190607524038462 0.6978281274038461 0.3049371201923077 0.6933411442307692 0.2914275721153846 0.6885089879807692 0.28283058413461537 0.680992110576923 0.2816024615384615 0.67228675 0.2895853533653846 0.6671094447115385 0.3030949350961538