4 0.31865715384615384 0.28064322836538463 0.31032829567307696 0.2871914591346154 0.3056833509615385 0.29715615865384615 0.30552318509615384 0.31423849759615385 0.3100079543269231 0.3261961370192308 0.3184969879807692 0.33673024278846153 0.3290682379807693 0.3313208317307692 0.3349945432692308 0.3207867259615385 0.33515471875 0.2960173341346154 0.32760359615384615 0.2810726081730769 0.31865715384615384 0.28064322836538463
4 0.39854781971153846 0.3082373245192308 0.38941810576923075 0.3156396682692308 0.38749606490384614 0.3355690649038462 0.3906994759615384 0.35208199038461535 0.39966901442307695 0.36233138942307697 0.41120129326923077 0.36033845673076925 0.4188894615384615 0.34467964663461537 0.41712758653846155 0.32076437019230764 0.40681920432692303 0.3074716826923077 0.39854781971153846 0.3082373245192308
4 0.3924303341346154 0.41120864663461537 0.3763243605769231 0.3991113653846154 0.3684760072115385 0.4119231177884615 0.3687963461538461 0.4355536923076923 0.37888709134615384 0.4523513197115384 0.39414790625 0.44369228125 0.39178015625 0.432031125 0.3924303341346154 0.41120864663461537
4 0.29634802403846155 0.3172745913461539 0.28880429326923074 0.32489339903846154 0.28640402403846155 0.34226428125 0.28931864423076925 0.3620731875 0.2984054086538462 0.3706062596153846 0.30680637259615384 0.36908249278846156 0.3150359038461538 0.35933041346153843 0.31726473076923073 0.337693 0.31486444951923076 0.3245886466346154 0.30560624278846155 0.3157508293269231 0.29634802403846155 0.3172745913461539
4 0.23682061538461538 0.31698468990384615 0.2289339903846154 0.3343555793269231 0.23236294711538463 0.36025952403846156 0.24333564423076923 0.3697068485576923 0.25516558894230773 0.36483081490384617 0.25842310336538465 0.3486789375 0.2568800673076923 0.3261272596153846 0.24850781730769228 0.3145505168269231 0.23682061538461538 0.31698468990384615
4 0.4307266610576923 0.3968786105769231 0.41916068509615384 0.4144515625 0.4269547956730769 0.4401534495192308 0.4386132860576923 0.45051502884615385 0.45010032211538464 0.4450294831730769 0.4552437692307692 0.4188207764423077 0.44561713942307696 0.39529749278846155 0.4307266610576923 0.3968786105769231
4 0.3689997451923077 0.3113638341346154 0.35991297836538466 0.31867789903846155 0.3556267764423077 0.33391551201923075 0.3573412548076923 0.35463867788461534 0.36505643749999994 0.36774303124999996 0.37825795192307693 0.36926678846153843 0.3875161706730769 0.3500673918269231 0.3864874735576923 0.32538245192307697 0.37894374278846155 0.31258284855769236 0.3689997451923077 0.3113638341346154
4 0.4401837235576923 0.2606740985576923 0.4326399951923077 0.27530221875 0.4346973701923077 0.30333943509615385 0.4478988966346154 0.31705329086538464 0.46212910817307695 0.30760596634615384 0.46590097355769233 0.28505429567307694 0.4601261033653846 0.2639225793269231 0.4509594423076923 0.2555581514423077 0.4401837235576923 0.2606740985576923
4 0.5543465913461538 0.25359875 0.5444025913461539 0.2603033004807692 0.5390876899038461 0.28072171153846154 0.5426881009615385 0.30266388701923075 0.5555467307692308 0.31454922355769227 0.5696055024038462 0.3038828918269231 0.5730344711538462 0.2767599302884615 0.564976391826923 0.2566462740384615 0.5543465913461538 0.25359875
4 0.4282894278846153 0.2630761826923077 0.4178310793269231 0.2582001442307692 0.4082122620192308 0.2653891322115384 0.40171493509615386 0.2804470721153846 0.40462955528846156 0.3069605288461539 0.41920266346153845 0.3185411153846154 0.43291853846153844 0.30543676201923076 0.43429012259615385 0.27983756971153845 0.4282894278846153 0.2630761826923077
4 0.5037973461538462 0.26356732451923076 0.49928419711538463 0.29132881971153846 0.5117427019230769 0.31603258653846156 0.5283731850961538 0.3068900120192308 0.5323165048076923 0.28372882932692306 0.5297447788461539 0.2633104206730769 0.5157288413461538 0.2538364519230769 0.5037973461538462 0.26356732451923076
4 0.5280403942307692 0.2991438966346154 0.520668108173077 0.32017181490384616 0.5223825985576923 0.34424724999999995 0.5364413581730769 0.3594848653846154 0.5510144783653846 0.3466852716346154 0.5542719927884615 0.31925756009615386 0.544327983173077 0.30036290865384613 0.5280403942307692 0.2991438966346154
4 0.2163064423076923 0.3684951706730769 0.21189425240384616 0.38754179807692307 0.21609633173076923 0.40733534615384615 0.22912277644230766 0.41741885576923077 0.24235931971153846 0.40472110576923076 0.24235931971153846 0.37372365625000004 0.22891266586538464 0.35915859134615385 0.2163064423076923 0.3684951706730769
4 0.2488034783653846 0.36570990865384617 0.2437609855769231 0.3757934158653846 0.24250036538461536 0.3955869639423077 0.2488034783653846 0.41313973317307695 0.2630905576923077 0.41874168990384614 0.27275533653846157 0.3974542764423077 0.2710744951923077 0.3731791682692308 0.26035919230769233 0.3619752740384615 0.2488034783653846 0.36570990865384617
4 0.22990992788461537 0.4136888125 0.2173036875 0.4114480336538462 0.2078490048076923 0.4252661754807692 0.20763890865384615 0.44655357211538466 0.21415213221153848 0.46447981490384616 0.22738867307692306 0.46784098798076923 0.23705345192307695 0.44879435576923077 0.23705345192307695 0.4290008076923077 0.22990992788461537 0.4136888125
4 0.2704087860576923 0.38211582932692306 0.2729300240384615 0.4067644038461538 0.285746375 0.41759482932692304 0.29919302644230766 0.40825825240384617 0.30066374278846153 0.37688734134615387 0.28973834374999996 0.3615753509615385 0.27746059134615386 0.3637455841346154 0.2704087860576923 0.38211582932692306
4 0.2237713798076923 0.46400822596153846 0.21221566586538462 0.46400822596153846 0.20297109134615385 0.4744651899038462 0.2027609951923077 0.49500566826923076 0.20969442548076925 0.5147992235576923 0.22482190384615386 0.5177869326923077 0.23259574759615387 0.49799337740384614 0.23153863701923075 0.47350157692307693 0.2237713798076923 0.46400822596153846
4 0.22039171634615384 0.5128668942307693 0.2113572548076923 0.5053976394230769 0.20253288942307693 0.511373045673077 0.19643987259615384 0.5278054278846154 0.1995914278846154 0.5494663052884615 0.21072693750000002 0.5621640432692308 0.22543420913461537 0.5535744014423076 0.2273251466346154 0.5278054278846154 0.22039171634615384 0.5128668942307693
4 0.25473910336538463 0.4608267139423077 0.24024192788461537 0.46269403605769227 0.23267819471153844 0.48062026682692305 0.2349893389423077 0.50340153125 0.24864608653846154 0.5149788822115384 0.26293315384615384 0.5048953798076923 0.2623028509615385 0.4753917860576923 0.25473910336538463 0.4608267139423077
4 0.2421878605769231 0.5052523870192307 0.22979173317307694 0.512721641826923 0.22664017548076923 0.5336355961538461 0.23105235096153848 0.5541760625 0.24596973557692306 0.5605249302884615 0.25563451442307694 0.5467067932692308 0.2550041971153846 0.5172032115384615 0.2421878605769231 0.5052523870192307
4 0.26790683173076923 0.4177562668269231 0.2672765288461539 0.44688639903846156 0.27778172115384614 0.46331878365384616 0.29101826442307693 0.4618249350961538 0.29774159615384616 0.4405375264423077 0.29631122596153847 0.423168125 0.2821938966346154 0.4072992980769231 0.26790683173076923 0.4177562668269231
4 0.33903489182692303 0.3298116826923077 0.3302105240384616 0.33653402403846155 0.3255882379807692 0.35520718749999997 0.3320660913461539 0.38021239182692307 0.3434470817307692 0.38583117307692305 0.3558432091346154 0.37238648798076923 0.35647352644230773 0.3469909951923077 0.3495400961538462 0.3342932403846154 0.33903489182692303 0.3298116826923077
4 0.31337552403846153 0.35972317548076926 0.30140005048076923 0.3752336322115385 0.3001389831730769 0.40304490625 0.3114845889423077 0.4179834399038462 0.3266120817307692 0.4112610961538462 0.33102425721153844 0.3888533076923077 0.32493124038461535 0.36644551923076923 0.31337552403846153 0.35972317548076926
4 0.2785500240384616 0.4583575072115385 0.2653134807692308 0.46620023798076926 0.26174171875 0.4882345769230769 0.26657410096153844 0.5072811947115384 0.28191168990384613 0.5151239350961538 0.2928370889423077 0.4945834447115385 0.290242 0.4697947283653846 0.2785500240384616 0.4583575072115385
4 0.2791047403846154 0.5083902451923077 0.2669187211538462 0.5039086875 0.2547326899038462 0.518100298076923 0.2549428004807692 0.5438692596153847 0.2641873725961539 0.5603016418269231 0.28162599278846157 0.5539527620192307 0.2839371370192308 0.5296776490384615 0.2791047403846154 0.5083902451923077
4 0.2764100576923077 0.31736263701923073 0.26380383173076927 0.31885648557692303 0.25518956249999997 0.34051735817307693 0.26065226201923075 0.36665978605769234 0.2776706923076923 0.3722617307692308 0.2875455673076923 0.3535885625 0.2858647403846154 0.33155423557692304 0.2764100576923077 0.31736263701923073
4 0.3185454663461539 0.41630546153846154 0.3090907836538461 0.41219736538461543 0.2998462091346154 0.4226543413461539 0.2975350673076923 0.44506213221153845 0.30278767067307694 0.4644822235576923 0.31875556250000003 0.46896378125 0.3271597211538462 0.4487967644230769 0.3262446802884615 0.4255743293269231 0.3185454663461539 0.41630546153846154
4 0.32194403846153846 0.4740941706730769 0.31080852884615384 0.4599025721153846 0.2940002091346154 0.46998607451923075 0.29315979567307693 0.49724889663461536 0.30569717067307695 0.5161706754807692 0.32305539903846153 0.5032153221153846 0.32194403846153846 0.4740941706730769
4 0.34820910096153845 0.4853264278846154 0.33728370192307694 0.5013853485576922 0.339174625 0.5349970264423077 0.3591345 0.54321321875 0.36963969230769234 0.5159504086538461 0.3620423413461538 0.4920581105769231 0.34820910096153845 0.4853264278846154
4 0.25145852403846153 0.4130400456730769 0.2384320769230769 0.4261112572115385 0.24095331730769232 0.4589760240384615 0.25629090625 0.47130031250000004 0.27120827403846154 0.44777212259615384 0.26532538221153845 0.4212562379807692 0.25145852403846153 0.4130400456730769
4 0.3961760192307692 0.48658803125000005 0.38836481490384617 0.5060210625 0.3940930240384616 0.5337825576923076 0.40866734134615385 0.5407428197115385 0.4198028365384615 0.5157207836538462 0.4116575769230769 0.48498681971153845 0.3961760192307692 0.48658803125000005
4 0.32571783173076924 0.5007091778846153 0.31122067067307696 0.5145273125000001 0.3122711802884615 0.5481390024038462 0.3284491826923077 0.5608367524038461 0.34210594471153843 0.5391758870192308 0.33853418028846155 0.5126599903846154 0.32571783173076924 0.5007091778846153
4 0.8491828533653846 0.9443539759615385 0.8407786947115384 0.9626536706730769 0.8422494254807693 0.9906634086538462 0.8567465865384616 1 0.8683023028846153 0.9887960985576923 0.8714538725961538 0.964520985576923 0.8622093004807693 0.9477151418269231 0.8491828533653846 0.9443539759615385
4 0.28335452884615386 0.3240558581730769 0.29364961057692307 0.3255497067307692 0.3016335625 0.3147192668269231 0.3031042932692308 0.28596259615384617 0.28986773798076926 0.2684098341346154 0.2752564951923077 0.28260691826923073 0.27326952884615385 0.3076234735576923 0.28335452884615386 0.3240558581730769
4 0.5144265408653846 0.39011604326923077 0.5018797163461538 0.38815843509615383 0.4914647788461538 0.4011138149038462 0.4900544903846154 0.4282092908653846 0.50119 0.4468824543269231 0.515266954326923 0.44090704807692305 0.5222003846153845 0.42186041826923076 0.5206268990384616 0.4043494759615385 0.5144265408653846 0.39011604326923077
4 0.5085399254807692 0.3044123028846154 0.49446297115384613 0.30105113701923075 0.4833274615384615 0.31823044471153844 0.48479819230769233 0.3488544302884616 0.4990852572115384 0.3619256418269231 0.5154733557692308 0.3522156033653846 0.5163137692307692 0.32308546394230764 0.5085399254807692 0.3044123028846154
4 0.45338865865384614 0.3463702235576923 0.43868138701923076 0.35608027163461536 0.43531972115384615 0.3788615216346154 0.44036221394230773 0.40089586298076924 0.4565402163461538 0.40873857932692303 0.4685161370192308 0.38857157451923074 0.4678512427884615 0.3631073245192308 0.45338865865384614 0.3463702235576923
4 0.3765399134615385 0.46371272355769233 0.3654044038461538 0.4737962259615385 0.36162254567307694 0.49769787740384613 0.37191762740384615 0.5204791274038462 0.38851583653846156 0.5163710312500001 0.3943987572115385 0.49209592067307695 0.38893604326923076 0.4719289158653846 0.3765399134615385 0.46371272355769233
4 0.3132696754807692 0.5267025624999999 0.3066075456730769 0.5075634038461538 0.29078856009615384 0.5110171081730769 0.2842675865384615 0.533393829326923 0.29364102163461536 0.5562199519230769 0.3106521177884615 0.5562199519230769 0.3143762596153846 0.5414644951923078 0.3132696754807692 0.5267025624999999
4 0.36658739903846155 0.42939691586538464 0.3525104302884615 0.4271561298076923 0.3432658581730769 0.45105778125 0.3480982548076923 0.4779471394230769 0.36637728846153844 0.4816817740384615 0.3739410360576923 0.46599631490384613 0.3743612427884615 0.4402273533653846 0.36658739903846155 0.42939691586538464
4 0.5723656394230769 0.30119956971153844 0.5576946177884615 0.31170081009615386 0.5541228557692308 0.3370963076923077 0.5631573173076924 0.35688986298076925 0.576183764423077 0.3609979591346154 0.5877394807692308 0.34269826442307694 0.5867416394230769 0.31883946874999997 0.5723656394230769 0.30119956971153844
4 0.3466000913461539 0.387506625 0.33399385096153844 0.3904943341346154 0.32579980288461535 0.4061797932692308 0.3279156826923077 0.43165234375 0.34218789903846153 0.4472607379807692 0.3571052836538462 0.43194875240384617 0.3578106298076923 0.40659893750000003 0.3466000913461539 0.387506625
4 0.5738457836538461 0.35456242307692304 0.5676134110576924 0.37661122596153845 0.5737064254807692 0.3993924903846154 0.5884136995192308 0.40723522115384614 0.6008098269230769 0.39005591346153845 0.6016502548076923 0.36428693990384614 0.5882757139423077 0.3456929831730769 0.5738457836538461 0.35456242307692304
4 0.3936195697115385 0.3538525168269231 0.3797527115384615 0.35721368990384617 0.37239907451923077 0.38111532692307687 0.3770213605769231 0.40539043990384616 0.3925690456730769 0.4154739543269231 0.4058056033653846 0.3953069375 0.40573097355769233 0.37328117788461534 0.3936195697115385 0.3538525168269231
4 0.41323499999999996 0.39986221875 0.39726709375 0.4043437764423077 0.39033366346153847 0.42451079326923075 0.39348522115384615 0.44691859375000004 0.40609145913461536 0.45961634375 0.41995831730769234 0.4506532163461538 0.4232857836538461 0.4230987139423077 0.41323499999999996 0.39986221875
4 0.3158221538461538 0.4126224735576923 0.3044765480769231 0.41635710576923074 0.2967027043269231 0.43129562740384614 0.29754311778846154 0.4525830432692307 0.30573716586538463 0.4664011802884615 0.3181332956730769 0.46938888942307694 0.32821828124999997 0.45332996875 0.32658994471153846 0.42794098076923076 0.3158221538461538 0.4126224735576923
4 0.33565056249999997 0.44569409134615384 0.32350651923076923 0.45529779086538463 0.321195375 0.4859217716346154 0.3342218076923077 0.5012337548076923 0.34667237500000003 0.4924255168269231 0.3501440192307692 0.4782363125 0.34736669230769235 0.4578778653846154 0.33565056249999997 0.44569409134615384
4 0.5800819038461539 0.2545332932692308 0.5724442932692309 0.2681055721153846 0.57199046875 0.30030100721153846 0.5879671225961538 0.3150839230769231 0.6017551875 0.2991339399038461 0.6046003581730769 0.27268028846153847 0.5953571514423077 0.2545332932692308 0.5800819038461539 0.2545332932692308
4 0.6160800865384615 0.3106021394230769 0.6032632932692308 0.30243340625 0.5893793870192308 0.30943507211538457 0.5854399350961539 0.3343326225961538 0.5900359663461539 0.35417285096153844 0.6042617475961538 0.3654545576923077 0.6176120961538462 0.3491155384615385 0.6195818221153846 0.3292752980769231 0.6160800865384615 0.3106021394230769
4 0.6127282307692308 0.3503968341346154 0.6030076129807692 0.36458605048076925 0.6017096706730769 0.39402020192307696 0.6161543149038462 0.40802506971153846 0.6319121201923077 0.39791044471153847 0.6345995841346154 0.3676706610576923 0.6234903293269232 0.34854607211538463 0.6127282307692308 0.3503968341346154
4 0.5617402644230769 0.34548367307692307 0.545325891826923 0.34509464903846154 0.53581840625 0.3609523509615385 0.5382537764423077 0.3914212596153846 0.5514460408653846 0.40314276442307695 0.5660269423076923 0.39080432211538463 0.5689706899038461 0.3656815889423077 0.5617402644230769 0.34548367307692307
4 0.44700947355769227 0.3078876418269231 0.4325137836538462 0.30363830528846153 0.4189956274038461 0.32033641105769234 0.41943334375 0.35145834375 0.4347534182692308 0.36390712019230764 0.45007349278846154 0.35184736778846154 0.4535752283653846 0.32850592067307693 0.44700947355769227 0.3078876418269231
4 0.48479464423076923 0.47861348076923077 0.46953452163461534 0.47665105288461534 0.4594670432692308 0.4910449519230769 0.4596858942307692 0.5198327403846154 0.47237967788461543 0.5365607836538462 0.48966947836538466 0.5283912740384615 0.49229576923076923 0.4999925144230769 0.48479464423076923 0.47861348076923077
4 0.6366814399038462 0.44156108173076924 0.6268373028846154 0.4627109158653846 0.6309038629807693 0.4923473509615385 0.6520500576923076 0.49813006490384615 0.6583793701923076 0.48181751923076926 0.6601151923076922 0.4633098581730769 0.6528247427884615 0.4448021947115385 0.6366814399038462 0.44156108173076924
4 0.5488424495192308 0.43510059375 0.5370388485576923 0.4443544254807692 0.5335718389423076 0.4715664014423077 0.5438017283653847 0.48975019711538464 0.5604077596153846 0.48774086778846154 0.56724215625 0.45977747596153845 0.5609932115384615 0.4394190528846154 0.5488424495192308 0.43510059375
4 0.6479644062500001 0.42506070673076923 0.6427569375 0.4059361081730769 0.6309533629807693 0.3954484375 0.6190714855769232 0.4030141129807693 0.6132809879807692 0.425315 0.6184924302884615 0.44727279086538463 0.6331617139423076 0.45619314182692305 0.644935733173077 0.44349879567307693 0.6479644062500001 0.42506070673076923
4 0.45725336538461536 0.43675866826923077 0.4419781201923077 0.4466294591346154 0.4385064735576923 0.4676047716346154 0.4440611009615385 0.4861124350961538 0.45541718509615386 0.49763725721153845 0.46970042067307693 0.48254127403846153 0.47201662980769227 0.4540647644230769 0.45725336538461536 0.43675866826923077
4 0.5161249879807692 0.3462348774038461 0.5050933774038462 0.36072440625 0.5049301875000001 0.3836074975961538 0.5149934495192308 0.4019527740384615 0.5263814350961539 0.40126658413461536 0.5369973581730769 0.38548442067307687 0.5352190408653846 0.35610563221153846 0.5268870841346154 0.34315026682692307 0.5161249879807692 0.3462348774038461
4 0.46306425 0.30302138221153846 0.45195499519230775 0.3147429230769231 0.4509134903846154 0.3412705456730769 0.4608998028846154 0.36086461057692304 0.47286684375 0.3591491634615384 0.4825176923076923 0.34645480528846156 0.48375312740384613 0.3191391634615384 0.47464953365384616 0.3018237451923077 0.46306425 0.30302138221153846
4 0.4721451778846154 0.39058318028846156 0.45651082211538463 0.39778808413461536 0.45187842067307693 0.42008897115384614 0.45554574759615385 0.44273294711538463 0.46886389663461536 0.4516532956730769 0.4846912740384616 0.4393020408653846 0.48527032932692304 0.40842389182692307 0.4721451778846154 0.39058318028846156
4 0.5231319951923077 0.39615145192307694 0.5179205384615385 0.4218832451923077 0.526606298076923 0.4452134014423077 0.5420476322115385 0.4462426682692308 0.5516984807692308 0.42977432692307693 0.5520845120192308 0.4026701754807692 0.5439778076923077 0.39031891826923076 0.5335548942307692 0.38654492307692306 0.5231319951923077 0.39615145192307694
4 0.5760973149038462 0.3954285240384615 0.5656823774038462 0.39049315384615385 0.5537067668269231 0.4021151490384615 0.5498473269230769 0.42470359375 0.5550587836538461 0.44185812500000005 0.5679909014423077 0.4480337596153846 0.5811160528846154 0.4391133990384616 0.5830406057692308 0.40900081490384615 0.5760973149038462 0.3954285240384615
4 0.6076908966346154 0.43882202884615384 0.5961370384615384 0.45615607211538467 0.5971021274038462 0.47674151201923076 0.6034716802884615 0.4942391225961539 0.6183339711538461 0.4952683918269231 0.6301079903846154 0.4781138701923077 0.6289498942307692 0.45341134375000003 0.6219900504807693 0.44164902163461534 0.6076908966346154 0.43882202884615384
4 0.42648162740384615 0.35282496153846155 0.4127774471153846 0.3524818725961539 0.40428470913461534 0.37306730048076925 0.4064078918269231 0.39948527163461534 0.4197260408653846 0.41115035096153846 0.4363254855769231 0.39879909375 0.4362981778846154 0.3714951682692308 0.42648162740384615 0.35282496153846155
4 0.4686203461538462 0.5220576754807692 0.4588997259615385 0.5208238269230769 0.44621972355769235 0.5293814447115385 0.4439035168269231 0.5568286850961539 0.4529753100961538 0.5743262956730769 0.46436329807692306 0.57638484375 0.4763303389423077 0.5619750384615385 0.4759144951923077 0.5365582307692308 0.4686203461538462 0.5220576754807692
4 0.47878995192307694 0.5273223100961538 0.47427682932692306 0.5458299735576924 0.4767573389423077 0.5690493293269231 0.48856795913461537 0.5785869663461539 0.5020791322115384 0.5717251514423076 0.5055534350961538 0.5456502692307692 0.5028511971153846 0.530897375 0.48914131009615386 0.5212265048076923 0.47878995192307694 0.5273223100961538
4 0.4120354302884615 0.4543082283653846 0.4097192235576923 0.4796969326923077 0.4216862644230769 0.4965083774038461 0.4351974375 0.4961652764423077 0.4431111322115384 0.47180585096153843 0.4396368293269231 0.4498480552884615 0.42477453605769233 0.43886915625 0.4120354302884615 0.4543082283653846
4 0.5711274543269231 0.47985922836538464 0.5578093052884616 0.4795161394230769 0.5485445024038461 0.4949552067307692 0.5485445024038461 0.5203439110576923 0.5608975625 0.5361260745192308 0.5788481274038462 0.5272057235576922 0.5795314615384616 0.49489182451923075 0.5711274543269231 0.47985922836538464
4 0.43633402884615385 0.48812695913461535 0.4224474471153846 0.4979977043269231 0.4183055649038462 0.5247354831730769 0.42892148798076923 0.5460071009615385 0.4491882596153846 0.5381160096153846 0.44985373076923074 0.5045353509615385 0.43633402884615385 0.48812695913461535
4 0.4966717644230769 0.4334815192307693 0.48270052644230765 0.43428739903846153 0.4750629158653846 0.4546458221153846 0.47575723317307694 0.47623809615384616 0.49126728365384614 0.4924930889423077 0.5051644879807692 0.48048492067307697 0.5064283076923076 0.4516009807692308 0.4966717644230769 0.4334815192307693
4 0.5423311682692308 0.47963930528846155 0.5284445865384615 0.47963930528846155 0.5204597908653846 0.49012698557692314 0.5192458413461538 0.5188071129807692 0.5327570120192308 0.5349323677884615 0.5493564567307693 0.5229241995192307 0.5501006754807692 0.4932880120192307 0.5423311682692308 0.47963930528846155
4 0.52001365625 0.5209586153846154 0.5068214182692308 0.5283616850961539 0.502396579326923 0.5598573173076923 0.5159437475961538 0.579874 0.5329292235576923 0.571639829326923 0.5350524086538462 0.5349291370192307 0.52001365625 0.5209586153846154
4 0.48137503125000003 0.3469457091346154 0.46902195432692306 0.3592969663461538 0.4659336971153846 0.3785100360576923 0.47307531490384613 0.40321256009615386 0.4887096706730769 0.4038987403846154 0.4995186153846154 0.38880275480769233 0.4995186153846154 0.36581568990384616 0.4906398317307692 0.34969043028846153 0.48137503125000003 0.3469457091346154
4 0.5818262548076923 0.5242521730769231 0.5707169735576924 0.5248691105769231 0.5613322139423077 0.543364125 0.5642274639423077 0.5680666370192308 0.5781246682692308 0.5821333533653846 0.5943380793269231 0.5666942788461539 0.5939602692307692 0.5395972908653847 0.5818262548076923 0.5242521730769231
4 0.519045766826923 0.48876397355769235 0.5072717475961539 0.47709889423076923 0.4918304014423077 0.48464687500000003 0.48893515144230765 0.5120941177884615 0.4965054278846154 0.5283761370192308 0.5044902235576922 0.5339284447115384 0.5173353028846154 0.5265254230769231 0.5221340384615385 0.5072908533653846 0.519045766826923 0.48876397355769235
4 0.5873843413461539 0.4380160600961539 0.5752335817307692 0.43616529807692306 0.5651658028846154 0.44912065384615385 0.5632761899038461 0.47741071874999996 0.576015295673077 0.49422214903846157 0.5949309350961538 0.48290016105769235 0.5962820552884616 0.45510983173076924 0.5873843413461539 0.4380160600961539
4 0.5953688509615385 0.3952919375 0.5839124086538462 0.4119488629807692 0.5842595673076922 0.4353918846153846 0.5976230480769231 0.4528947668269231 0.6128713725961539 0.4436313149038461 0.6165386875000001 0.4158409831730769 0.6082372115384616 0.3949524711538462 0.5953688509615385 0.3952919375
4 0.6321651201923076 0.48538608653846155 0.6139167548076924 0.4948745360576923 0.6123767235576923 0.5285706322115384 0.6266558629807691 0.5442795673076923 0.6422243173076924 0.5344630841346154 0.6453488293269231 0.5048508028846154 0.6321651201923076 0.48538608653846155
4 0.6093483269230769 0.49927678365384615 0.6044880456730769 0.4863214302884616 0.5947674254807692 0.4795352716346154 0.5805336826923078 0.49002295192307693 0.5779574711538461 0.5082863990384616 0.5822038389423076 0.5278425576923077 0.5947499230769231 0.5364198197115384 0.6090011682692308 0.5233367548076923 0.6093483269230769 0.49927678365384615
4 0.6188952235576923 0.529661951923077 0.6047391129807692 0.5261029591346154 0.5934170096153847 0.538925391826923 0.5928379567307692 0.5698035384615385 0.6048049975961539 0.58421334375 0.6229485721153847 0.5770084423076923 0.6248746682692308 0.5495459927884615 0.6188952235576923 0.529661951923077
4 0.5641240384615385 0.5544578918269231 0.5609995504807692 0.5316317235576923 0.5481544447115385 0.5223778918269231 0.5353093677884615 0.5353332692307693 0.5342678629807692 0.5445871009615385 0.5334683197115384 0.5616007836538461 0.5436982115384615 0.5797845721153846 0.5593325673076923 0.5742951298076924 0.5641240384615385 0.5544578918269231
4 0.3528353173076923 0.3807662211538462 0.3542239807692308 0.39618927403846155 0.3590842908653846 0.4048261923076923 0.36672189903846153 0.40914465144230766 0.37540101442307694 0.4066769543269231 0.3757481995192308 0.3955723605769231 0.3747066971153846 0.3801493100961538 0.3778311826923077 0.36781086778846156 0.36915206730769234 0.3684277788461538 0.3635974399038462 0.36349240865384613 0.35946179807692313 0.3597222235576923 0.3552654855769231 0.36596009375 0.3528353173076923 0.3807662211538462
4 0.5066933028846153 0.4511579158653846 0.5046103100961539 0.4634963581730769 0.507619076923077 0.4766573653846154 0.5110907235576924 0.48447171875 0.5175711370192307 0.4873506754807692 0.52405153125 0.48858453124999995 0.5303005048076923 0.4836491514423077 0.5340035889423077 0.4750122331730769 0.5351608052884615 0.46185124038461534 0.5335406923076923 0.44869023317307694 0.5303005048076923 0.44087587980769233 0.5242829711538461 0.4359405 0.5166453605769231 0.43676306730769227 0.5103963870192307 0.44169844711538464 0.5066933028846153 0.4511579158653846
4 0.3876804951923077 0.4666600745192308 0.39028423076923074 0.47915275240384614 0.3949709591346154 0.4847050889423077 0.4009595576923077 0.4884065817307693 0.40825 0.4870185480769231 0.41163486298076923 0.48285428124999996 0.41293673076923076 0.47869006730769226 0.4111141057692308 0.46804816346153844 0.41293673076923076 0.4578689471153846 0.4064273942307692 0.4578689471153846 0.39939730048076927 0.45416741586538467 0.3913411394230769 0.44456018509615386 0.38715975721153845 0.4578689471153846 0.3876804951923077 0.4666600745192308