4 0.3505859375 0.4444444447115385 0.3525390625 0.4444444447115385 0.35546875 0.439236110576923 0.35546875 0.435763889423077 0.357421875 0.43229166586538464 0.357421875 0.4149305552884615 0.35546875 0.41145833413461536 0.3544921875 0.40625 0.3525390625 0.40625 0.3466796875 0.3993055552884615 0.3408203125 0.3993055552884615 0.3388671875 0.40277777884615384 0.3369140625 0.40277777884615384 0.330078125 0.4149305552884615 0.330078125 0.41840277884615384 0.328125 0.421875 0.328125 0.4288194447115385 0.330078125 0.43229166586538464 0.330078125 0.439236110576923 0.3349609375 0.44791666586538464 0.3388671875 0.44791666586538464 0.3408203125 0.451388889423077 0.3447265625 0.451388889423077 0.345703125 0.44965277884615384 0.3486328125 0.44791666586538464 0.3505859375 0.4444444447115385
4 0.384765625 0.435763889423077 0.384765625 0.43229166586538464 0.38671875 0.4288194447115385 0.38671875 0.41840277884615384 0.384765625 0.4149305552884615 0.384765625 0.41145833413461536 0.3818359375 0.40625 0.3798828125 0.40625 0.3759765625 0.3993055552884615 0.3681640625 0.3993055552884615 0.3662109375 0.40277777884615384 0.3603515625 0.40625 0.359375 0.41145833413461536 0.357421875 0.4149305552884615 0.357421875 0.43229166586538464 0.359375 0.435763889423077 0.359375 0.439236110576923 0.3623046875 0.44097222115384616 0.3642578125 0.4444444447115385 0.3662109375 0.4444444447115385 0.3681640625 0.44791666586538464 0.3759765625 0.44791666586538464 0.376953125 0.4461805552884615 0.3798828125 0.4444444447115385 0.384765625 0.435763889423077
4 0.314453125 0.48784722115384616 0.314453125 0.4600694447115385 0.3115234375 0.454861110576923 0.3095703125 0.454861110576923 0.3037109375 0.44791666586538464 0.2978515625 0.44791666586538464 0.2958984375 0.451388889423077 0.2939453125 0.451388889423077 0.2890625 0.4600694447115385 0.2890625 0.46354166586538464 0.287109375 0.467013889423077 0.287109375 0.48090277884615384 0.291015625 0.48784722115384616 0.2919921875 0.4930555552884615 0.2939453125 0.4930555552884615 0.2998046875 0.5 0.3056640625 0.5 0.306640625 0.498263889423077 0.3095703125 0.49652777884615384 0.314453125 0.48784722115384616
4 0.3056640625 0.545138889423077 0.30859375 0.5399305552884616 0.30859375 0.5364583341346154 0.3125 0.5260416658653846 0.310546875 0.5225694447115384 0.310546875 0.515625 0.30859375 0.5121527788461538 0.30859375 0.5086805552884616 0.3056640625 0.5034722211538462 0.3037109375 0.5034722211538462 0.3017578125 0.5 0.2919921875 0.5 0.2900390625 0.5034722211538462 0.2880859375 0.5034722211538462 0.287109375 0.5086805552884616 0.283203125 0.515625 0.283203125 0.529513889423077 0.28515625 0.532986110576923 0.28515625 0.5364583341346154 0.2900390625 0.545138889423077 0.2939453125 0.545138889423077 0.2958984375 0.548611110576923 0.2998046875 0.548611110576923 0.30078125 0.546875 0.3017578125 0.545138889423077 0.3056640625 0.545138889423077
4 0.30859375 0.5815972211538462 0.30859375 0.5677083341346154 0.306640625 0.564236110576923 0.306640625 0.560763889423077 0.2998046875 0.548611110576923 0.2880859375 0.548611110576923 0.279296875 0.564236110576923 0.279296875 0.578125 0.28125 0.5815972211538462 0.28125 0.5850694447115384 0.2861328125 0.59375 0.2900390625 0.59375 0.2919921875 0.5972222211538462 0.2978515625 0.5972222211538462 0.298828125 0.595486110576923 0.3017578125 0.59375 0.30859375 0.5815972211538462
4 0.2978515625 0.6354166658653846 0.302734375 0.626736110576923 0.302734375 0.6163194447115384 0.30078125 0.6128472211538462 0.30078125 0.6059027788461538 0.2958984375 0.5972222211538462 0.2919921875 0.5972222211538462 0.2900390625 0.59375 0.2822265625 0.59375 0.275390625 0.6059027788461538 0.275390625 0.6128472211538462 0.2734375 0.6163194447115384 0.2734375 0.6197916658653846 0.275390625 0.623263889423077 0.275390625 0.626736110576923 0.279296875 0.6336805552884616 0.2802734375 0.638888889423077 0.2822265625 0.638888889423077 0.2841796875 0.642361110576923 0.2919921875 0.642361110576923 0.29296875 0.640625 0.2958984375 0.6354166658653846 0.2978515625 0.6354166658653846
4 0.328125 0.626736110576923 0.330078125 0.623263889423077 0.330078125 0.6059027788461538 0.328125 0.6024305552884616 0.328125 0.5989583341346154 0.3251953125 0.5972222211538462 0.3232421875 0.59375 0.3193359375 0.59375 0.3173828125 0.5902777788461538 0.3115234375 0.5902777788461538 0.302734375 0.6059027788461538 0.302734375 0.623263889423077 0.3115234375 0.638888889423077 0.3232421875 0.638888889423077 0.32421875 0.637152778846154 0.328125 0.6302083341346154 0.328125 0.626736110576923
4 0.3359375 0.5815972211538462 0.3359375 0.560763889423077 0.333984375 0.5572916658653846 0.333984375 0.5538194447115384 0.3310546875 0.548611110576923 0.3291015625 0.548611110576923 0.3271484375 0.545138889423077 0.3173828125 0.545138889423077 0.3154296875 0.548611110576923 0.3134765625 0.548611110576923 0.30859375 0.5572916658653846 0.30859375 0.578125 0.3154296875 0.5902777788461538 0.3173828125 0.5902777788461538 0.3193359375 0.59375 0.3271484375 0.59375 0.328125 0.592013889423077 0.3310546875 0.5902777788461538 0.3359375 0.5815972211538462
4 0.33984375 0.5086805552884616 0.3330078125 0.49652777884615384 0.3212890625 0.49652777884615384 0.3173828125 0.5034722211538462 0.3154296875 0.5034722211538462 0.314453125 0.5086805552884616 0.3125 0.5121527788461538 0.3125 0.529513889423077 0.3212890625 0.545138889423077 0.3330078125 0.545138889423077 0.333984375 0.5434027788461538 0.33984375 0.532986110576923 0.33984375 0.5086805552884616
4 0.341796875 0.48784722115384616 0.341796875 0.484375 0.34375 0.48090277884615384 0.34375 0.4600694447115385 0.3369140625 0.44791666586538464 0.3251953125 0.44791666586538464 0.3232421875 0.451388889423077 0.3212890625 0.451388889423077 0.31640625 0.4600694447115385 0.31640625 0.48090277884615384 0.3251953125 0.49652777884615384 0.3349609375 0.49652777884615384 0.3359375 0.49479166586538464 0.3388671875 0.4930555552884615 0.341796875 0.48784722115384616
4 0.37109375 0.48090277884615384 0.37109375 0.45659722115384616 0.3642578125 0.4444444447115385 0.3525390625 0.4444444447115385 0.3505859375 0.44791666586538464 0.3486328125 0.44791666586538464 0.345703125 0.453125 0.345703125 0.45659722115384616 0.34375 0.4600694447115385 0.34375 0.47395833413461536 0.345703125 0.4774305552884615 0.345703125 0.48090277884615384 0.3505859375 0.48958333413461536 0.3525390625 0.48958333413461536 0.3544921875 0.4930555552884615 0.3623046875 0.4930555552884615 0.36328125 0.4913194447115385 0.3662109375 0.48958333413461536 0.37109375 0.48090277884615384
4 0.369140625 0.529513889423077 0.369140625 0.5086805552884616 0.3671875 0.5052083341346154 0.3671875 0.501736110576923 0.3642578125 0.49652777884615384 0.3623046875 0.49652777884615384 0.3603515625 0.4930555552884615 0.3505859375 0.4930555552884615 0.3486328125 0.49652777884615384 0.3466796875 0.49652777884615384 0.341796875 0.5052083341346154 0.341796875 0.5086805552884616 0.33984375 0.5121527788461538 0.33984375 0.5225694447115384 0.341796875 0.5260416658653846 0.341796875 0.529513889423077 0.3486328125 0.5416666658653846 0.3603515625 0.5416666658653846 0.361328125 0.5399305552884616 0.3642578125 0.5381944447115384 0.369140625 0.529513889423077
4 0.36328125 0.578125 0.36328125 0.5746527788461538 0.365234375 0.5711805552884616 0.365234375 0.5572916658653846 0.36328125 0.5538194447115384 0.36328125 0.5503472211538462 0.3603515625 0.545138889423077 0.3583984375 0.545138889423077 0.3564453125 0.5416666658653846 0.3447265625 0.5416666658653846 0.3427734375 0.545138889423077 0.3408203125 0.545138889423077 0.337890625 0.5503472211538462 0.337890625 0.5538194447115384 0.3359375 0.5572916658653846 0.3359375 0.5711805552884616 0.337890625 0.5746527788461538 0.337890625 0.578125 0.3427734375 0.5868055552884616 0.3486328125 0.5868055552884616 0.3505859375 0.5902777788461538 0.3544921875 0.5902777788461538 0.35546875 0.5885416658653846 0.3583984375 0.5868055552884616 0.36328125 0.578125
4 0.357421875 0.6197916658653846 0.359375 0.6163194447115384 0.359375 0.6024305552884616 0.3525390625 0.5902777788461538 0.3486328125 0.5902777788461538 0.3466796875 0.5868055552884616 0.3388671875 0.5868055552884616 0.3369140625 0.5902777788461538 0.3349609375 0.5902777788461538 0.33203125 0.595486110576923 0.33203125 0.5989583341346154 0.330078125 0.6024305552884616 0.330078125 0.6163194447115384 0.33203125 0.6197916658653846 0.33203125 0.623263889423077 0.3388671875 0.6354166658653846 0.3505859375 0.6354166658653846 0.3515625 0.6336805552884616 0.357421875 0.623263889423077 0.357421875 0.6197916658653846
4 0.38671875 0.6197916658653846 0.38671875 0.6128472211538462 0.384765625 0.609375 0.384765625 0.595486110576923 0.3818359375 0.5902777788461538 0.3798828125 0.5902777788461538 0.3779296875 0.5868055552884616 0.3681640625 0.5868055552884616 0.3662109375 0.5902777788461538 0.3642578125 0.5902777788461538 0.361328125 0.595486110576923 0.361328125 0.5989583341346154 0.359375 0.6024305552884616 0.359375 0.6163194447115384 0.36328125 0.623263889423077 0.3642578125 0.628472221153846 0.3662109375 0.628472221153846 0.3720703125 0.6354166658653846 0.3759765625 0.6354166658653846 0.376953125 0.6336805552884616 0.3798828125 0.6319444447115384 0.38671875 0.6197916658653846
4 0.3876953125 0.5868055552884616 0.392578125 0.578125 0.392578125 0.5711805552884616 0.39453125 0.5677083341346154 0.39453125 0.564236110576923 0.392578125 0.560763889423077 0.392578125 0.5538194447115384 0.390625 0.5503472211538462 0.3896484375 0.545138889423077 0.3876953125 0.545138889423077 0.3857421875 0.5416666658653846 0.3740234375 0.5416666658653846 0.3671875 0.5538194447115384 0.3671875 0.560763889423077 0.365234375 0.564236110576923 0.365234375 0.5677083341346154 0.3671875 0.5711805552884616 0.3671875 0.5746527788461538 0.369140625 0.578125 0.3701171875 0.5833333341346154 0.3720703125 0.5833333341346154 0.3740234375 0.5868055552884616 0.3798828125 0.5868055552884616 0.3818359375 0.5902777788461538 0.3828125 0.5885416658653846 0.3837890625 0.5868055552884616 0.3876953125 0.5868055552884616
4 0.3984375 0.5260416658653846 0.3984375 0.5052083341346154 0.3916015625 0.4930555552884615 0.3798828125 0.4930555552884615 0.3779296875 0.49652777884615384 0.3759765625 0.49652777884615384 0.37109375 0.5052083341346154 0.37109375 0.5086805552884616 0.369140625 0.5121527788461538 0.369140625 0.5225694447115384 0.37109375 0.5260416658653846 0.37109375 0.529513889423077 0.3779296875 0.5416666658653846 0.3916015625 0.5416666658653846 0.392578125 0.5399305552884616 0.392578125 0.5364583341346154 0.3984375 0.5260416658653846
4 0.3984375 0.48090277884615384 0.3984375 0.4774305552884615 0.40234375 0.467013889423077 0.40234375 0.4600694447115385 0.400390625 0.45659722115384616 0.400390625 0.453125 0.3955078125 0.4444444447115385 0.3916015625 0.4444444447115385 0.3896484375 0.44097222115384616 0.3837890625 0.44097222115384616 0.3818359375 0.4444444447115385 0.3759765625 0.44791666586538464 0.373046875 0.453125 0.373046875 0.48090277884615384 0.3779296875 0.48958333413461536 0.3798828125 0.48958333413461536 0.3818359375 0.4930555552884615 0.3896484375 0.4930555552884615 0.390625 0.4913194447115385 0.3935546875 0.48958333413461536 0.3984375 0.48090277884615384
4 0.5986793149038461 0.3621031754807692 0.5947730649038461 0.3621031754807692 0.5898902524038461 0.3707837307692308 0.5898902524038461 0.3742559519230769 0.5879371274038461 0.3777281754807692 0.5879371274038461 0.39508928605769233 0.5967261899038461 0.41071428605769233 0.6104654951923076 0.40715224278846157 0.6209077379807693 0.388888889423077 0.6164434519230769 0.36772486778846153 0.6047712043269231 0.361111110576923 0.5986793149038461 0.3621031754807692
4 0.42578125 0.501736110576923 0.42578125 0.4913194447115385 0.427734375 0.48784722115384616 0.42578125 0.484375 0.42578125 0.4774305552884615 0.423828125 0.47395833413461536 0.423828125 0.470486110576923 0.4189453125 0.4618055552884615 0.4091796875 0.4618055552884615 0.4072265625 0.46527777884615384 0.4052734375 0.46527777884615384 0.400390625 0.47395833413461536 0.400390625 0.4774305552884615 0.3984375 0.48090277884615384 0.396484375 0.4913194447115385 0.3984375 0.49479166586538464 0.3984375 0.501736110576923 0.4052734375 0.513888889423077 0.4169921875 0.513888889423077 0.41796875 0.5121527788461538 0.4208984375 0.5104166658653846 0.42578125 0.501736110576923
4 0.41796875 0.5572916658653846 0.419921875 0.5538194447115384 0.419921875 0.546875 0.416015625 0.5364583341346154 0.416015625 0.529513889423077 0.4130859375 0.5277777788461538 0.4111328125 0.5243055552884616 0.4013671875 0.5243055552884616 0.392578125 0.5399305552884616 0.392578125 0.5572916658653846 0.4013671875 0.5729166658653846 0.4111328125 0.5729166658653846 0.412109375 0.5711805552884616 0.41796875 0.560763889423077 0.41796875 0.5572916658653846
4 0.4365234375 0.5520833341346154 0.443359375 0.5399305552884616 0.443359375 0.5190972211538462 0.4345703125 0.5034722211538462 0.4267578125 0.5034722211538462 0.4248046875 0.5069444447115384 0.4228515625 0.5069444447115384 0.416015625 0.5190972211538462 0.416015625 0.532986110576923 0.41796875 0.5364583341346154 0.419921875 0.546875 0.4228515625 0.5520833341346154 0.4267578125 0.5520833341346154 0.4287109375 0.5555555552884616 0.431640625 0.5538194447115384 0.4326171875 0.5520833341346154 0.4365234375 0.5520833341346154
4 0.4375 0.578125 0.435546875 0.5746527788461538 0.435546875 0.5711805552884616 0.4326171875 0.5659722211538462 0.4306640625 0.5659722211538462 0.4287109375 0.5625 0.4189453125 0.5625 0.41015625 0.578125 0.41015625 0.592013889423077 0.412109375 0.595486110576923 0.4140625 0.6059027788461538 0.4169921875 0.607638889423077 0.4189453125 0.611111110576923 0.4306640625 0.611111110576923 0.431640625 0.609375 0.4375 0.5989583341346154 0.4375 0.578125
4 0.412109375 0.6128472211538462 0.4140625 0.609375 0.41015625 0.5885416658653846 0.4052734375 0.579861110576923 0.3935546875 0.579861110576923 0.3916015625 0.5833333341346154 0.3896484375 0.5833333341346154 0.388671875 0.5885416658653846 0.384765625 0.595486110576923 0.384765625 0.609375 0.38671875 0.6128472211538462 0.38671875 0.6197916658653846 0.3896484375 0.625 0.3916015625 0.625 0.3935546875 0.628472221153846 0.4052734375 0.628472221153846 0.40625 0.626736110576923 0.412109375 0.6163194447115384 0.412109375 0.6128472211538462
4 0.4609375 0.578125 0.4609375 0.5746527788461538 0.462890625 0.5711805552884616 0.462890625 0.5572916658653846 0.4609375 0.5538194447115384 0.4609375 0.5503472211538462 0.4560546875 0.5416666658653846 0.4423828125 0.5416666658653846 0.435546875 0.5538194447115384 0.435546875 0.5711805552884616 0.4375 0.5746527788461538 0.4375 0.578125 0.4423828125 0.5868055552884616 0.4443359375 0.5868055552884616 0.4462890625 0.5902777788461538 0.4521484375 0.5902777788461538 0.453125 0.5885416658653846 0.4560546875 0.5868055552884616 0.4609375 0.578125
4 0.4453125 0.47395833413461536 0.4453125 0.44270833413461536 0.4423828125 0.44097222115384616 0.4404296875 0.4375 0.4345703125 0.4375 0.4326171875 0.43402777884615384 0.4287109375 0.43402777884615384 0.421875 0.4461805552884615 0.421875 0.46354166586538464 0.423828125 0.467013889423077 0.423828125 0.470486110576923 0.4287109375 0.47916666586538464 0.4306640625 0.47916666586538464 0.4326171875 0.482638889423077 0.4384765625 0.482638889423077 0.439453125 0.48090277884615384 0.4423828125 0.4756944447115385 0.4453125 0.47395833413461536
4 0.462890625 0.501736110576923 0.4609375 0.498263889423077 0.462890625 0.49479166586538464 0.462890625 0.484375 0.4619140625 0.482638889423077 0.4560546875 0.482638889423077 0.4501953125 0.4756944447115385 0.4443359375 0.4756944447115385 0.439453125 0.484375 0.439453125 0.48784722115384616 0.4375 0.4913194447115385 0.4375 0.5052083341346154 0.4462890625 0.5208333341346154 0.4580078125 0.5208333341346154 0.458984375 0.5190972211538462 0.462890625 0.5086805552884616 0.462890625 0.501736110576923
4 0.482421875 0.546875 0.482421875 0.529513889423077 0.4794921875 0.5243055552884616 0.4716796875 0.5243055552884616 0.4697265625 0.5208333341346154 0.4677734375 0.5208333341346154 0.4638671875 0.513888889423077 0.4619140625 0.513888889423077 0.458984375 0.5190972211538462 0.458984375 0.5225694447115384 0.45703125 0.5260416658653846 0.45703125 0.5399305552884616 0.458984375 0.5434027788461538 0.458984375 0.546875 0.4619140625 0.5520833341346154 0.4638671875 0.5520833341346154 0.4658203125 0.5555555552884616 0.4755859375 0.5555555552884616 0.4765625 0.5538194447115384 0.4794921875 0.5520833341346154 0.482421875 0.546875
4 0.486328125 0.595486110576923 0.490234375 0.5850694447115384 0.490234375 0.578125 0.48828125 0.5746527788461538 0.48828125 0.5711805552884616 0.486328125 0.5677083341346154 0.4853515625 0.5625 0.4833984375 0.5625 0.4775390625 0.5555555552884616 0.4736328125 0.5555555552884616 0.4716796875 0.5590277788461538 0.4677734375 0.5590277788461538 0.462890625 0.5677083341346154 0.462890625 0.5746527788461538 0.4609375 0.578125 0.4609375 0.5885416658653846 0.462890625 0.592013889423077 0.462890625 0.595486110576923 0.4677734375 0.6041666658653846 0.4697265625 0.6041666658653846 0.4716796875 0.607638889423077 0.4775390625 0.607638889423077 0.478515625 0.6059027788461538 0.486328125 0.5989583341346154 0.486328125 0.595486110576923
4 0.4921875 0.48784722115384616 0.4853515625 0.4756944447115385 0.4833984375 0.4756944447115385 0.4814453125 0.47222222115384616 0.4736328125 0.47222222115384616 0.4716796875 0.4756944447115385 0.4697265625 0.4756944447115385 0.462890625 0.48784722115384616 0.462890625 0.5121527788461538 0.4677734375 0.5208333341346154 0.4697265625 0.5208333341346154 0.4716796875 0.5243055552884616 0.4833984375 0.5243055552884616 0.484375 0.5225694447115384 0.4921875 0.5086805552884616 0.4921875 0.48784722115384616
4 0.47265625 0.467013889423077 0.474609375 0.46354166586538464 0.474609375 0.44965277884615384 0.47265625 0.4461805552884615 0.47265625 0.439236110576923 0.4697265625 0.43402777884615384 0.4677734375 0.43402777884615384 0.4619140625 0.42708333413461536 0.4580078125 0.42708333413461536 0.4560546875 0.4305555552884615 0.4501953125 0.43402777884615384 0.4453125 0.44270833413461536 0.4453125 0.467013889423077 0.447265625 0.470486110576923 0.4482421875 0.4756944447115385 0.4501953125 0.4756944447115385 0.4560546875 0.482638889423077 0.4638671875 0.482638889423077 0.46484375 0.48090277884615384 0.47265625 0.470486110576923 0.47265625 0.467013889423077
4 0.486328125 0.39409722115384616 0.484375 0.390625 0.4833984375 0.38541666586538464 0.4814453125 0.38541666586538464 0.4755859375 0.37847222115384616 0.4677734375 0.37847222115384616 0.4658203125 0.3819444447115385 0.4638671875 0.3819444447115385 0.458984375 0.390625 0.458984375 0.39409722115384616 0.45703125 0.3975694447115385 0.45703125 0.4149305552884615 0.458984375 0.41840277884615384 0.458984375 0.421875 0.4619140625 0.42708333413461536 0.4638671875 0.42708333413461536 0.4658203125 0.4305555552884615 0.4775390625 0.4305555552884615 0.478515625 0.4288194447115385 0.486328125 0.4149305552884615 0.486328125 0.39409722115384616
4 0.49882812499999996 0.3471064807692308 0.49199218749999996 0.3349537043269231 0.49003906249999996 0.3349537043269231 0.48808593749999996 0.3314814807692308 0.48027343749999996 0.3314814807692308 0.47832031249999996 0.3349537043269231 0.47636718749999996 0.3349537043269231 0.46953124999999996 0.3471064807692308 0.46953124999999996 0.36793981490384614 0.47636718749999996 0.38009259375 0.47832031249999996 0.38009259375 0.48027343749999996 0.38356481490384614 0.49003906249999996 0.38356481490384614 0.49101562499999996 0.3818287043269231 0.49882812499999996 0.3714120360576923 0.49882812499999996 0.3471064807692308
4 0.530078125 0.34062499999999996 0.5232421875 0.3284722211538461 0.5212890625 0.3284722211538461 0.5193359375 0.32499999999999996 0.5115234375 0.32499999999999996 0.5095703125 0.3284722211538461 0.5076171875 0.3284722211538461 0.50078125 0.34062499999999996 0.50078125 0.3614583341346154 0.5076171875 0.3736111105769231 0.5095703125 0.3736111105769231 0.5115234375 0.3770833341346154 0.5212890625 0.3770833341346154 0.522265625 0.3753472211538461 0.530078125 0.3649305552884616 0.530078125 0.34062499999999996
4 0.517578125 0.390625 0.5107421875 0.37847222115384616 0.5087890625 0.37847222115384616 0.5068359375 0.375 0.4990234375 0.375 0.4970703125 0.37847222115384616 0.4951171875 0.37847222115384616 0.48828125 0.390625 0.48828125 0.41145833413461536 0.4951171875 0.423611110576923 0.4970703125 0.423611110576923 0.4990234375 0.42708333413461536 0.5087890625 0.42708333413461536 0.509765625 0.42534722115384616 0.517578125 0.4149305552884615 0.517578125 0.390625
4 0.50390625 0.435763889423077 0.4990234375 0.42708333413461536 0.4970703125 0.42708333413461536 0.4951171875 0.423611110576923 0.4833984375 0.423611110576923 0.474609375 0.439236110576923 0.474609375 0.4600694447115385 0.4833984375 0.4756944447115385 0.4951171875 0.4756944447115385 0.49609375 0.47395833413461536 0.50390625 0.4600694447115385 0.50390625 0.435763889423077
4 0.5322265625 0.4618055552884615 0.533203125 0.45659722115384616 0.53515625 0.453125 0.53515625 0.43229166586538464 0.533203125 0.4288194447115385 0.5322265625 0.423611110576923 0.5302734375 0.423611110576923 0.5244140625 0.41666666586538464 0.5185546875 0.41666666586538464 0.5166015625 0.420138889423077 0.5146484375 0.420138889423077 0.5107421875 0.42708333413461536 0.5078125 0.4288194447115385 0.5078125 0.43229166586538464 0.505859375 0.435763889423077 0.505859375 0.44965277884615384 0.5078125 0.453125 0.5078125 0.45659722115384616 0.5126953125 0.46527777884615384 0.5146484375 0.46527777884615384 0.5166015625 0.46875 0.5263671875 0.46875 0.52734375 0.467013889423077 0.5302734375 0.4618055552884615 0.5322265625 0.4618055552884615
4 0.517578125 0.5052083341346154 0.521484375 0.498263889423077 0.521484375 0.4774305552884615 0.5166015625 0.46875 0.5146484375 0.46875 0.5126953125 0.46527777884615384 0.5029296875 0.46527777884615384 0.5009765625 0.46875 0.4990234375 0.46875 0.494140625 0.4774305552884615 0.494140625 0.484375 0.4921875 0.48784722115384616 0.494140625 0.4913194447115385 0.494140625 0.501736110576923 0.4990234375 0.5104166658653846 0.5009765625 0.5104166658653846 0.5029296875 0.513888889423077 0.5126953125 0.513888889423077 0.513671875 0.5121527788461538 0.5166015625 0.5104166658653846 0.517578125 0.5052083341346154
4 0.5029296875 0.5590277788461538 0.5048828125 0.5555555552884616 0.5068359375 0.5555555552884616 0.509765625 0.5503472211538462 0.509765625 0.546875 0.51171875 0.5434027788461538 0.51171875 0.529513889423077 0.509765625 0.5260416658653846 0.509765625 0.5225694447115384 0.5048828125 0.513888889423077 0.5009765625 0.513888889423077 0.4990234375 0.5104166658653846 0.4931640625 0.5104166658653846 0.4912109375 0.513888889423077 0.4892578125 0.513888889423077 0.484375 0.5225694447115384 0.484375 0.5260416658653846 0.482421875 0.529513889423077 0.482421875 0.546875 0.4892578125 0.5590277788461538 0.4912109375 0.5590277788461538 0.4931640625 0.5625 0.4970703125 0.5625 0.498046875 0.560763889423077 0.4990234375 0.5590277788461538 0.5029296875 0.5590277788461538
4 0.5146484375 0.607638889423077 0.51953125 0.5989583341346154 0.51953125 0.595486110576923 0.521484375 0.592013889423077 0.521484375 0.578125 0.51953125 0.5746527788461538 0.51953125 0.5711805552884616 0.5126953125 0.5590277788461538 0.5009765625 0.5590277788461538 0.4990234375 0.5625 0.4970703125 0.5625 0.494140625 0.5677083341346154 0.494140625 0.5711805552884616 0.4921875 0.5746527788461538 0.4921875 0.592013889423077 0.494140625 0.595486110576923 0.494140625 0.5989583341346154 0.4990234375 0.607638889423077 0.5029296875 0.607638889423077 0.5048828125 0.611111110576923 0.5087890625 0.611111110576923 0.509765625 0.609375 0.5107421875 0.607638889423077 0.5146484375 0.607638889423077
4 0.5390625 0.5399305552884616 0.541015625 0.5364583341346154 0.541015625 0.5260416658653846 0.5390625 0.5225694447115384 0.5390625 0.5190972211538462 0.5361328125 0.513888889423077 0.5341796875 0.513888889423077 0.5283203125 0.5069444447115384 0.5205078125 0.5069444447115384 0.5185546875 0.5104166658653846 0.5166015625 0.5104166658653846 0.513671875 0.515625 0.513671875 0.5190972211538462 0.51171875 0.5225694447115384 0.51171875 0.5399305552884616 0.513671875 0.5434027788461538 0.513671875 0.546875 0.5185546875 0.5555555552884616 0.5322265625 0.5555555552884616 0.533203125 0.5538194447115384 0.5390625 0.5434027788461538 0.5390625 0.5399305552884616
4 0.5458984375 0.5104166658653846 0.552734375 0.498263889423077 0.552734375 0.47395833413461536 0.5478515625 0.46527777884615384 0.5458984375 0.46527777884615384 0.5439453125 0.4618055552884615 0.5400390625 0.4618055552884615 0.5380859375 0.45833333413461536 0.5361328125 0.4618055552884615 0.5322265625 0.4618055552884615 0.5283203125 0.46875 0.525390625 0.470486110576923 0.525390625 0.47395833413461536 0.5234375 0.4774305552884615 0.5234375 0.498263889423077 0.5302734375 0.5104166658653846 0.5341796875 0.5104166658653846 0.5361328125 0.513888889423077 0.5400390625 0.513888889423077 0.541015625 0.5121527788461538 0.5419921875 0.5104166658653846 0.5458984375 0.5104166658653846
4 0.5634765625 0.45833333413461536 0.564453125 0.453125 0.56640625 0.44965277884615384 0.56640625 0.4288194447115385 0.564453125 0.42534722115384616 0.5634765625 0.420138889423077 0.5615234375 0.420138889423077 0.5556640625 0.4131944447115385 0.5478515625 0.4131944447115385 0.5458984375 0.41666666586538464 0.5439453125 0.41666666586538464 0.537109375 0.4288194447115385 0.537109375 0.44965277884615384 0.5390625 0.453125 0.5390625 0.45659722115384616 0.5419921875 0.4618055552884615 0.5458984375 0.4618055552884615 0.5478515625 0.46527777884615384 0.5576171875 0.46527777884615384 0.55859375 0.46354166586538464 0.5615234375 0.45833333413461536 0.5634765625 0.45833333413461536
4 0.42447916586538464 0.44584986778846153 0.42643229086538464 0.4423776466346154 0.42643229086538464 0.4250165336538462 0.42447916586538464 0.4215443125 0.42350260336538464 0.4163359783653846 0.42154947836538464 0.4163359783653846 0.41764322836538464 0.4093915336538462 0.41569010336538464 0.4093915336538462 0.41373697836538464 0.4059193125 0.41178385336538464 0.4059193125 0.4092261899038461 0.41071428605769233 0.4055059519230769 0.4100529110576923 0.39713541586538464 0.4180720889423077 0.39713541586538464 0.4215443125 0.39518229086538464 0.4250165336538462 0.39518229086538464 0.4423776466346154 0.39713541586538464 0.44584986778846153 0.39713541586538464 0.4493220889423077 0.40006510336538464 0.45453042307692304 0.40201822836538464 0.45453042307692304 0.40592447836538464 0.46147486778846153 0.41569010336538464 0.46147486778846153 0.41666666586538464 0.4597387572115385 0.42447916586538464 0.4493220889423077 0.42447916586538464 0.44584986778846153
4 0.6015625 0.4461805552884615 0.603515625 0.44270833413461536 0.603515625 0.42534722115384616 0.6015625 0.421875 0.6015625 0.41840277884615384 0.5986328125 0.4131944447115385 0.5966796875 0.4131944447115385 0.5927734375 0.40625 0.5849609375 0.40625 0.5830078125 0.40972222115384616 0.5810546875 0.40972222115384616 0.57421875 0.421875 0.57421875 0.44270833413461536 0.576171875 0.4461805552884615 0.576171875 0.44965277884615384 0.5791015625 0.451388889423077 0.5830078125 0.45833333413461536 0.5927734375 0.45833333413461536 0.59375 0.45659722115384616 0.6015625 0.44965277884615384 0.6015625 0.4461805552884615
4 0.587890625 0.4913194447115385 0.587890625 0.48784722115384616 0.58984375 0.484375 0.58984375 0.470486110576923 0.587890625 0.467013889423077 0.587890625 0.46354166586538464 0.5849609375 0.45833333413461536 0.5830078125 0.45833333413461536 0.5771484375 0.451388889423077 0.5712890625 0.451388889423077 0.5693359375 0.454861110576923 0.5654296875 0.454861110576923 0.5625 0.4600694447115385 0.5625 0.46354166586538464 0.560546875 0.467013889423077 0.560546875 0.47395833413461536 0.55859375 0.4774305552884615 0.560546875 0.48090277884615384 0.560546875 0.4913194447115385 0.5654296875 0.5 0.5673828125 0.5 0.5693359375 0.5034722211538462 0.5791015625 0.5034722211538462 0.580078125 0.501736110576923 0.5830078125 0.5 0.587890625 0.4913194447115385
4 0.5673828125 0.545138889423077 0.5693359375 0.545138889423077 0.57421875 0.5364583341346154 0.57421875 0.5121527788461538 0.5673828125 0.5 0.5634765625 0.5 0.5615234375 0.49652777884615384 0.5595703125 0.49652777884615384 0.5576171875 0.5 0.5537109375 0.5 0.5517578125 0.5034722211538462 0.5498046875 0.5034722211538462 0.546875 0.5086805552884616 0.546875 0.5121527788461538 0.544921875 0.515625 0.544921875 0.532986110576923 0.546875 0.5364583341346154 0.546875 0.5399305552884616 0.5498046875 0.545138889423077 0.5517578125 0.545138889423077 0.5576171875 0.5520833341346154 0.5615234375 0.5520833341346154 0.5625 0.5503472211538462 0.5654296875 0.548611110576923 0.5673828125 0.545138889423077
4 0.5517578125 0.59375 0.55859375 0.5815972211538462 0.55859375 0.578125 0.560546875 0.5746527788461538 0.560546875 0.560763889423077 0.55859375 0.5572916658653846 0.55859375 0.5538194447115384 0.5556640625 0.548611110576923 0.5537109375 0.548611110576923 0.5478515625 0.5416666658653846 0.5439453125 0.5416666658653846 0.5419921875 0.545138889423077 0.5380859375 0.545138889423077 0.533203125 0.5538194447115384 0.533203125 0.5572916658653846 0.53125 0.560763889423077 0.53125 0.5746527788461538 0.533203125 0.578125 0.533203125 0.5815972211538462 0.5380859375 0.5902777788461538 0.5400390625 0.5902777788461538 0.5458984375 0.5972222211538462 0.546875 0.595486110576923 0.5478515625 0.59375 0.5517578125 0.59375
4 0.544921875 0.626736110576923 0.544921875 0.623263889423077 0.546875 0.6197916658653846 0.546875 0.6059027788461538 0.544921875 0.6024305552884616 0.544921875 0.5989583341346154 0.5419921875 0.59375 0.5400390625 0.59375 0.5341796875 0.5868055552884616 0.5283203125 0.5868055552884616 0.5263671875 0.5902777788461538 0.5244140625 0.5902777788461538 0.517578125 0.6024305552884616 0.517578125 0.623263889423077 0.5244140625 0.6354166658653846 0.5263671875 0.6354166658653846 0.5283203125 0.638888889423077 0.5361328125 0.638888889423077 0.537109375 0.637152778846154 0.5400390625 0.6354166658653846 0.544921875 0.626736110576923
4 0.5693359375 0.6354166658653846 0.57421875 0.626736110576923 0.57421875 0.623263889423077 0.576171875 0.6197916658653846 0.576171875 0.6024305552884616 0.57421875 0.5989583341346154 0.57421875 0.595486110576923 0.5712890625 0.5902777788461538 0.5693359375 0.5902777788461538 0.5673828125 0.5868055552884616 0.5576171875 0.5868055552884616 0.5556640625 0.5902777788461538 0.5537109375 0.5902777788461538 0.546875 0.6024305552884616 0.546875 0.6197916658653846 0.548828125 0.623263889423077 0.548828125 0.626736110576923 0.5517578125 0.6319444447115384 0.5537109375 0.6319444447115384 0.5595703125 0.638888889423077 0.5634765625 0.638888889423077 0.564453125 0.637152778846154 0.5654296875 0.6354166658653846 0.5693359375 0.6354166658653846
4 0.58984375 0.578125 0.58984375 0.5538194447115384 0.5869140625 0.548611110576923 0.5849609375 0.548611110576923 0.5810546875 0.5416666658653846 0.5712890625 0.5416666658653846 0.5693359375 0.545138889423077 0.5673828125 0.545138889423077 0.5625 0.5538194447115384 0.5625 0.560763889423077 0.560546875 0.564236110576923 0.560546875 0.5711805552884616 0.5625 0.5746527788461538 0.5625 0.578125 0.5673828125 0.5868055552884616 0.5693359375 0.5868055552884616 0.5712890625 0.5902777788461538 0.5810546875 0.5902777788461538 0.58203125 0.5885416658653846 0.5849609375 0.5868055552884616 0.58984375 0.578125
4 0.603515625 0.532986110576923 0.603515625 0.529513889423077 0.60546875 0.5260416658653846 0.60546875 0.5190972211538462 0.603515625 0.515625 0.603515625 0.5086805552884616 0.6005859375 0.5034722211538462 0.5986328125 0.5034722211538462 0.5947265625 0.49652777884615384 0.5849609375 0.49652777884615384 0.5810546875 0.5034722211538462 0.5791015625 0.5034722211538462 0.576171875 0.5086805552884616 0.576171875 0.532986110576923 0.578125 0.5364583341346154 0.5791015625 0.5416666658653846 0.5810546875 0.5416666658653846 0.5869140625 0.548611110576923 0.5927734375 0.548611110576923 0.59375 0.546875 0.5966796875 0.545138889423077 0.603515625 0.532986110576923
4 0.6123046875 0.5 0.6171875 0.4913194447115385 0.6171875 0.48784722115384616 0.619140625 0.484375 0.619140625 0.467013889423077 0.6171875 0.46354166586538464 0.6171875 0.4600694447115385 0.6142578125 0.454861110576923 0.6123046875 0.454861110576923 0.6103515625 0.451388889423077 0.6005859375 0.451388889423077 0.5986328125 0.454861110576923 0.5966796875 0.454861110576923 0.591796875 0.46354166586538464 0.591796875 0.467013889423077 0.58984375 0.470486110576923 0.58984375 0.484375 0.591796875 0.48784722115384616 0.591796875 0.4913194447115385 0.5947265625 0.49652777884615384 0.5966796875 0.49652777884615384 0.6025390625 0.5034722211538462 0.6064453125 0.5034722211538462 0.607421875 0.501736110576923 0.6083984375 0.5 0.6123046875 0.5
4 0.6298828125 0.44791666586538464 0.6328125 0.4461805552884615 0.6328125 0.44270833413461536 0.634765625 0.439236110576923 0.634765625 0.421875 0.6328125 0.41840277884615384 0.6328125 0.4149305552884615 0.6298828125 0.4131944447115385 0.6240234375 0.40277777884615384 0.6162109375 0.40277777884615384 0.6142578125 0.40625 0.6123046875 0.40625 0.60546875 0.41840277884615384 0.60546875 0.44270833413461536 0.6103515625 0.451388889423077 0.6123046875 0.451388889423077 0.6181640625 0.45833333413461536 0.6220703125 0.45833333413461536 0.623046875 0.45659722115384616 0.6259765625 0.454861110576923 0.6298828125 0.44791666586538464
4 0.65234375 0.3975694447115385 0.654296875 0.39409722115384616 0.654296875 0.376736110576923 0.6474609375 0.36458333413461536 0.6455078125 0.36458333413461536 0.6435546875 0.361111110576923 0.6337890625 0.361111110576923 0.6318359375 0.36458333413461536 0.6298828125 0.36458333413461536 0.623046875 0.376736110576923 0.623046875 0.38020833413461536 0.62109375 0.3836805552884615 0.625 0.404513889423077 0.6279296875 0.40625 0.6318359375 0.4131944447115385 0.6455078125 0.4131944447115385 0.646484375 0.41145833413461536 0.65234375 0.40104166586538464 0.65234375 0.3975694447115385
4 0.68359375 0.3975694447115385 0.685546875 0.39409722115384616 0.685546875 0.376736110576923 0.68359375 0.373263889423077 0.68359375 0.36979166586538464 0.6787109375 0.361111110576923 0.6748046875 0.361111110576923 0.6728515625 0.357638889423077 0.6650390625 0.357638889423077 0.6630859375 0.361111110576923 0.6611328125 0.361111110576923 0.654296875 0.373263889423077 0.654296875 0.39409722115384616 0.65625 0.3975694447115385 0.65625 0.40104166586538464 0.6611328125 0.40972222115384616 0.6630859375 0.40972222115384616 0.6650390625 0.4131944447115385 0.6748046875 0.4131944447115385 0.67578125 0.41145833413461536 0.68359375 0.40104166586538464 0.68359375 0.3975694447115385
4 0.66796875 0.4461805552884615 0.66796875 0.439236110576923 0.669921875 0.435763889423077 0.669921875 0.4288194447115385 0.66796875 0.42534722115384616 0.66796875 0.41840277884615384 0.6650390625 0.4131944447115385 0.6630859375 0.4131944447115385 0.6591796875 0.40625 0.6494140625 0.40625 0.6455078125 0.4131944447115385 0.6435546875 0.4131944447115385 0.638671875 0.421875 0.638671875 0.4288194447115385 0.63671875 0.43229166586538464 0.63671875 0.435763889423077 0.638671875 0.439236110576923 0.638671875 0.4461805552884615 0.6416015625 0.451388889423077 0.6435546875 0.451388889423077 0.6474609375 0.45833333413461536 0.6591796875 0.45833333413461536 0.66015625 0.45659722115384616 0.6630859375 0.454861110576923 0.66796875 0.4461805552884615
4 0.701171875 0.44270833413461536 0.701171875 0.439236110576923 0.703125 0.435763889423077 0.703125 0.42534722115384616 0.701171875 0.421875 0.701171875 0.4149305552884615 0.6982421875 0.4131944447115385 0.6923828125 0.40277777884615384 0.6826171875 0.40277777884615384 0.6767578125 0.4131944447115385 0.6748046875 0.4131944447115385 0.671875 0.41840277884615384 0.671875 0.42534722115384616 0.669921875 0.4288194447115385 0.669921875 0.43229166586538464 0.671875 0.435763889423077 0.671875 0.44270833413461536 0.6787109375 0.454861110576923 0.6806640625 0.454861110576923 0.6826171875 0.45833333413461536 0.6904296875 0.45833333413461536 0.69140625 0.45659722115384616 0.6943359375 0.454861110576923 0.701171875 0.44270833413461536
4 0.71484375 0.48784722115384616 0.71484375 0.467013889423077 0.712890625 0.46354166586538464 0.712890625 0.4600694447115385 0.7080078125 0.451388889423077 0.7021484375 0.451388889423077 0.7001953125 0.44791666586538464 0.6982421875 0.451388889423077 0.6962890625 0.451388889423077 0.6943359375 0.454861110576923 0.6923828125 0.454861110576923 0.6904296875 0.45833333413461536 0.6875 0.4600694447115385 0.6875 0.46354166586538464 0.685546875 0.467013889423077 0.685546875 0.48784722115384616 0.6923828125 0.5 0.6943359375 0.5 0.6962890625 0.5034722211538462 0.7041015625 0.5034722211538462 0.705078125 0.501736110576923 0.7080078125 0.5 0.71484375 0.48784722115384616
4 0.6767578125 0.49652777884615384 0.6787109375 0.49652777884615384 0.681640625 0.4913194447115385 0.681640625 0.48784722115384616 0.68359375 0.484375 0.68359375 0.467013889423077 0.681640625 0.46354166586538464 0.681640625 0.4600694447115385 0.6787109375 0.454861110576923 0.6767578125 0.454861110576923 0.6748046875 0.451388889423077 0.6650390625 0.451388889423077 0.6630859375 0.454861110576923 0.6611328125 0.454861110576923 0.654296875 0.467013889423077 0.654296875 0.470486110576923 0.65234375 0.47395833413461536 0.65234375 0.48090277884615384 0.654296875 0.484375 0.654296875 0.48784722115384616 0.65625 0.4913194447115385 0.6572265625 0.49652777884615384 0.6591796875 0.49652777884615384 0.6650390625 0.5034722211538462 0.6708984375 0.5034722211538462 0.671875 0.501736110576923 0.6748046875 0.5 0.6767578125 0.49652777884615384
4 0.6416015625 0.5 0.6455078125 0.4930555552884615 0.6484375 0.4913194447115385 0.6484375 0.48784722115384616 0.650390625 0.484375 0.650390625 0.467013889423077 0.6484375 0.46354166586538464 0.6484375 0.4600694447115385 0.6455078125 0.454861110576923 0.6435546875 0.454861110576923 0.6376953125 0.44791666586538464 0.6337890625 0.44791666586538464 0.6318359375 0.451388889423077 0.6259765625 0.454861110576923 0.62109375 0.46354166586538464 0.62109375 0.48784722115384616 0.6259765625 0.49652777884615384 0.6279296875 0.49652777884615384 0.6337890625 0.5034722211538462 0.63671875 0.501736110576923 0.6376953125 0.5 0.6416015625 0.5
4 0.6259765625 0.545138889423077 0.6298828125 0.5381944447115384 0.6328125 0.5364583341346154 0.6328125 0.532986110576923 0.634765625 0.529513889423077 0.634765625 0.5121527788461538 0.6328125 0.5086805552884616 0.6328125 0.5052083341346154 0.6298828125 0.5034722211538462 0.6259765625 0.49652777884615384 0.6142578125 0.49652777884615384 0.6123046875 0.5 0.6103515625 0.5 0.60546875 0.5086805552884616 0.60546875 0.529513889423077 0.607421875 0.532986110576923 0.607421875 0.5364583341346154 0.6103515625 0.5381944447115384 0.6142578125 0.545138889423077 0.6181640625 0.545138889423077 0.6201171875 0.548611110576923 0.62109375 0.546875 0.6220703125 0.545138889423077 0.6259765625 0.545138889423077
4 0.6572265625 0.5416666658653846 0.6591796875 0.5416666658653846 0.666015625 0.529513889423077 0.666015625 0.5121527788461538 0.6640625 0.5086805552884616 0.6640625 0.5052083341346154 0.6611328125 0.5 0.6591796875 0.5 0.6533203125 0.4930555552884615 0.6474609375 0.4930555552884615 0.6455078125 0.49652777884615384 0.6435546875 0.49652777884615384 0.6396484375 0.5034722211538462 0.63671875 0.5052083341346154 0.63671875 0.532986110576923 0.6416015625 0.5416666658653846 0.6435546875 0.5416666658653846 0.6494140625 0.548611110576923 0.65234375 0.546875 0.6552734375 0.545138889423077 0.6572265625 0.5416666658653846
4 0.6171875 0.578125 0.619140625 0.5746527788461538 0.619140625 0.5538194447115384 0.6123046875 0.5416666658653846 0.6103515625 0.5416666658653846 0.6083984375 0.5381944447115384 0.6025390625 0.5381944447115384 0.6005859375 0.5416666658653846 0.5986328125 0.5416666658653846 0.591796875 0.5538194447115384 0.591796875 0.5746527788461538 0.59375 0.578125 0.5947265625 0.5833333341346154 0.5966796875 0.5833333341346154 0.6025390625 0.5902777788461538 0.6083984375 0.5902777788461538 0.609375 0.5885416658653846 0.6171875 0.5815972211538462 0.6171875 0.578125
4 0.6435546875 0.5833333341346154 0.6455078125 0.5833333341346154 0.6484375 0.578125 0.6484375 0.5746527788461538 0.650390625 0.5711805552884616 0.650390625 0.5538194447115384 0.6455078125 0.545138889423077 0.6435546875 0.545138889423077 0.6376953125 0.5381944447115384 0.6337890625 0.5381944447115384 0.6318359375 0.5416666658653846 0.6279296875 0.5416666658653846 0.623046875 0.5503472211538462 0.623046875 0.5538194447115384 0.62109375 0.5572916658653846 0.62109375 0.5746527788461538 0.623046875 0.578125 0.623046875 0.5815972211538462 0.6259765625 0.5833333341346154 0.6279296875 0.5868055552884616 0.6318359375 0.5868055552884616 0.6337890625 0.5902777788461538 0.6376953125 0.5902777788461538 0.638671875 0.5885416658653846 0.6416015625 0.5868055552884616 0.6435546875 0.5833333341346154
4 0.6025390625 0.628472221153846 0.603515625 0.623263889423077 0.60546875 0.6197916658653846 0.60546875 0.5989583341346154 0.5986328125 0.5868055552884616 0.5966796875 0.5868055552884616 0.5947265625 0.5833333341346154 0.5888671875 0.5833333341346154 0.5869140625 0.5868055552884616 0.5810546875 0.5902777788461538 0.578125 0.595486110576923 0.578125 0.6024305552884616 0.576171875 0.6059027788461538 0.576171875 0.6197916658653846 0.580078125 0.626736110576923 0.580078125 0.6302083341346154 0.5830078125 0.6319444447115384 0.5849609375 0.6354166658653846 0.5966796875 0.6354166658653846 0.59765625 0.6336805552884616 0.6005859375 0.628472221153846 0.6025390625 0.628472221153846
4 0.634765625 0.6163194447115384 0.63671875 0.6128472211538462 0.63671875 0.6059027788461538 0.634765625 0.6024305552884616 0.6328125 0.592013889423077 0.6298828125 0.5902777788461538 0.6279296875 0.5868055552884616 0.6259765625 0.5868055552884616 0.6240234375 0.5833333341346154 0.6162109375 0.5833333341346154 0.6142578125 0.5868055552884616 0.6123046875 0.5868055552884616 0.607421875 0.595486110576923 0.607421875 0.5989583341346154 0.60546875 0.6024305552884616 0.60546875 0.6163194447115384 0.607421875 0.6197916658653846 0.607421875 0.623263889423077 0.6142578125 0.6354166658653846 0.6279296875 0.6354166658653846 0.62890625 0.6336805552884616 0.634765625 0.623263889423077 0.634765625 0.6163194447115384
4 0.666015625 0.6197916658653846 0.666015625 0.5989583341346154 0.6640625 0.595486110576923 0.6630859375 0.5902777788461538 0.6611328125 0.5902777788461538 0.6552734375 0.5833333341346154 0.6455078125 0.5833333341346154 0.6435546875 0.5868055552884616 0.6416015625 0.5868055552884616 0.63671875 0.595486110576923 0.63671875 0.6197916658653846 0.6435546875 0.6319444447115384 0.6455078125 0.6319444447115384 0.6474609375 0.6354166658653846 0.6552734375 0.6354166658653846 0.65625 0.6336805552884616 0.6591796875 0.6319444447115384 0.666015625 0.6197916658653846
4 0.6748046875 0.5833333341346154 0.6767578125 0.5833333341346154 0.6796875 0.578125 0.6796875 0.5746527788461538 0.681640625 0.5711805552884616 0.681640625 0.5572916658653846 0.6796875 0.5538194447115384 0.6796875 0.5503472211538462 0.6767578125 0.545138889423077 0.6748046875 0.545138889423077 0.6708984375 0.5381944447115384 0.6611328125 0.5381944447115384 0.6572265625 0.545138889423077 0.6552734375 0.545138889423077 0.654296875 0.5503472211538462 0.65234375 0.5538194447115384 0.65234375 0.578125 0.6552734375 0.5833333341346154 0.6572265625 0.5833333341346154 0.6630859375 0.5902777788461538 0.6689453125 0.5902777788461538 0.669921875 0.5885416658653846 0.6728515625 0.5868055552884616 0.6748046875 0.5833333341346154
4 0.6923828125 0.5416666658653846 0.6943359375 0.5416666658653846 0.697265625 0.5364583341346154 0.697265625 0.532986110576923 0.69921875 0.529513889423077 0.69921875 0.515625 0.697265625 0.5121527788461538 0.697265625 0.5086805552884616 0.6923828125 0.5 0.6904296875 0.5 0.6884765625 0.49652777884615384 0.6826171875 0.4930555552884615 0.6806640625 0.49652777884615384 0.6787109375 0.49652777884615384 0.6767578125 0.5 0.6748046875 0.5 0.6728515625 0.5034722211538462 0.669921875 0.5052083341346154 0.669921875 0.5086805552884616 0.66796875 0.5121527788461538 0.66796875 0.529513889423077 0.6767578125 0.545138889423077 0.6787109375 0.545138889423077 0.6806640625 0.548611110576923 0.6865234375 0.548611110576923 0.6875 0.546875 0.6904296875 0.545138889423077 0.6923828125 0.5416666658653846
4 0.7216796875 0.545138889423077 0.728515625 0.532986110576923 0.728515625 0.529513889423077 0.73046875 0.5260416658653846 0.73046875 0.515625 0.728515625 0.5121527788461538 0.728515625 0.5086805552884616 0.7197265625 0.4930555552884615 0.7138671875 0.4930555552884615 0.7119140625 0.49652777884615384 0.7099609375 0.49652777884615384 0.7080078125 0.5 0.7021484375 0.5034722211538462 0.69921875 0.5086805552884616 0.69921875 0.529513889423077 0.703125 0.5364583341346154 0.703125 0.5399305552884616 0.7060546875 0.5416666658653846 0.7080078125 0.545138889423077 0.7119140625 0.545138889423077 0.7138671875 0.548611110576923 0.71484375 0.546875 0.7158203125 0.545138889423077 0.7216796875 0.545138889423077
4 0.71484375 0.5746527788461538 0.716796875 0.5711805552884616 0.716796875 0.560763889423077 0.71484375 0.5572916658653846 0.71484375 0.5538194447115384 0.7099609375 0.545138889423077 0.7080078125 0.545138889423077 0.7060546875 0.5416666658653846 0.7021484375 0.5416666658653846 0.7001953125 0.5381944447115384 0.6982421875 0.5416666658653846 0.6943359375 0.5416666658653846 0.6923828125 0.545138889423077 0.6904296875 0.545138889423077 0.685546875 0.5538194447115384 0.685546875 0.560763889423077 0.68359375 0.564236110576923 0.68359375 0.5677083341346154 0.685546875 0.5711805552884616 0.685546875 0.578125 0.6943359375 0.59375 0.7060546875 0.59375 0.70703125 0.592013889423077 0.71484375 0.578125 0.71484375 0.5746527788461538
4 0.6953125 0.623263889423077 0.6953125 0.6197916658653846 0.697265625 0.6163194447115384 0.697265625 0.5989583341346154 0.6904296875 0.5868055552884616 0.6884765625 0.5868055552884616 0.6865234375 0.5833333341346154 0.6767578125 0.5833333341346154 0.6748046875 0.5868055552884616 0.6728515625 0.5868055552884616 0.66796875 0.595486110576923 0.66796875 0.5989583341346154 0.666015625 0.6024305552884616 0.666015625 0.6163194447115384 0.66796875 0.6197916658653846 0.66796875 0.623263889423077 0.6728515625 0.6319444447115384 0.6748046875 0.6319444447115384 0.6767578125 0.6354166658653846 0.6865234375 0.6354166658653846 0.6875 0.6336805552884616 0.6904296875 0.6319444447115384 0.6953125 0.623263889423077
4 0.5491071418269231 0.3846726201923077 0.5422712043269231 0.37251984134615385 0.5403180793269231 0.37251984134615385 0.5383649543269231 0.3690476201923077 0.5305524543269231 0.3690476201923077 0.5285993293269231 0.37251984134615385 0.5266462043269231 0.37251984134615385 0.5198102668269231 0.3846726201923077 0.5198102668269231 0.4089781754807692 0.5246930793269231 0.4176587307692308 0.5266462043269231 0.4176587307692308 0.5285993293269231 0.4211309519230769 0.5403180793269231 0.4211309519230769 0.5412946418269231 0.41939484134615385 0.5491071418269231 0.4055059519230769 0.5491071418269231 0.3846726201923077
4 0.5825892860576923 0.38334986778846153 0.5757533485576923 0.3711970889423077 0.5738002235576923 0.3711970889423077 0.5718470985576923 0.36772486778846153 0.5640345985576923 0.36772486778846153 0.5620814735576923 0.3711970889423077 0.5601283485576923 0.3711970889423077 0.5532924110576923 0.38334986778846153 0.5532924110576923 0.40765542307692304 0.5581752235576923 0.4163359783653846 0.5601283485576923 0.4163359783653846 0.5620814735576923 0.4198082019230769 0.5738002235576923 0.4198082019230769 0.5747767860576923 0.4180720889423077 0.5825892860576923 0.4041832019230769 0.5825892860576923 0.38334986778846153
4 0.40345982211538456 0.3988921947115385 0.40345982211538456 0.37458663942307696 0.39662388461538456 0.36243386298076924 0.38490513461538456 0.36243386298076924 0.38295200961538456 0.36590608413461534 0.38099888461538456 0.36590608413461534 0.37806919711538456 0.3711144182692308 0.37806919711538456 0.37458663942307696 0.37611607211538456 0.37805886298076924 0.37611607211538456 0.39194775240384616 0.37806919711538456 0.3954199735576923 0.37806919711538456 0.3988921947115385 0.38295200961538456 0.40757275240384616 0.38490513461538456 0.40757275240384616 0.38685825961538456 0.4110449735576923 0.39467075961538456 0.4110449735576923 0.39564732211538456 0.40930886298076924 0.39857700961538456 0.40757275240384616 0.40345982211538456 0.3988921947115385
4 0.37146577403846154 0.3916170625 0.37146577403846154 0.3673115072115385 0.36462983653846154 0.3551587307692308 0.35291108653846154 0.3551587307692308 0.35095796153846154 0.3586309519230769 0.34900483653846154 0.3586309519230769 0.34607514903846154 0.36383928605769233 0.34607514903846154 0.3673115072115385 0.34412202403846154 0.3707837307692308 0.34412202403846154 0.3846726201923077 0.34607514903846154 0.38814484134615385 0.34607514903846154 0.3916170625 0.35095796153846154 0.4002976201923077 0.35291108653846154 0.4002976201923077 0.35486421153846154 0.40376984134615385 0.36267671153846154 0.40376984134615385 0.36365327403846154 0.4020337307692308 0.36658296153846154 0.4002976201923077 0.37146577403846154 0.3916170625
4 0.3283110120192308 0.4418816129807693 0.3283110120192308 0.41410383653846156 0.3253813245192308 0.40889550240384614 0.3234281995192308 0.40889550240384614 0.3214750745192308 0.40542328125 0.3097563245192308 0.40542328125 0.3078031995192308 0.40889550240384614 0.3058500745192308 0.40889550240384614 0.3029203870192308 0.41410383653846156 0.3029203870192308 0.41757605769230766 0.3009672620192308 0.42104828125 0.3009672620192308 0.4349371682692308 0.3029203870192308 0.43840939182692307 0.3029203870192308 0.4418816129807693 0.3078031995192308 0.4505621682692308 0.3097563245192308 0.4505621682692308 0.3117094495192308 0.45403439182692307 0.3195219495192308 0.45403439182692307 0.3204985120192308 0.45229828125 0.3234281995192308 0.4505621682692308 0.3283110120192308 0.4418816129807693
4 0.45275297596153846 0.42534722115384616 0.45275297596153846 0.421875 0.45665922596153846 0.41145833413461536 0.45665922596153846 0.404513889423077 0.45470610096153846 0.40104166586538464 0.45470610096153846 0.3975694447115385 0.44982328846153846 0.388888889423077 0.44591703846153846 0.388888889423077 0.44396391346153846 0.38541666586538464 0.43810453846153846 0.38541666586538464 0.43615141346153846 0.388888889423077 0.43029203846153846 0.392361110576923 0.42931547596153846 0.3975694447115385 0.42736235096153846 0.40104166586538464 0.42736235096153846 0.42534722115384616 0.43224516346153846 0.43402777884615384 0.43419828846153846 0.43402777884615384 0.43615141346153846 0.4375 0.44396391346153846 0.4375 0.44494047596153846 0.435763889423077 0.44787016346153846 0.43402777884615384 0.45275297596153846 0.42534722115384616
4 0.5923084086538462 0.3634259254807692 0.5942615336538462 0.3634259254807692 0.5971912211538462 0.35821759375 0.5971912211538462 0.33738425961538465 0.5952380961538462 0.3339120360576923 0.5952380961538462 0.33043981490384616 0.5923084086538462 0.3252314807692308 0.5903552836538462 0.3252314807692308 0.5864490336538462 0.3182870360576923 0.5786365336538462 0.3182870360576923 0.5766834086538462 0.32175925961538465 0.5747302836538462 0.32175925961538465 0.5678943461538462 0.3339120360576923 0.5678943461538462 0.3547453701923077 0.5698474711538462 0.35821759375 0.5698474711538462 0.36168981490384616 0.5727771586538462 0.3634259254807692 0.5766834086538462 0.3703703701923077 0.5864490336538462 0.3703703701923077 0.5874255961538462 0.36863425961538465 0.5903552836538462 0.3668981490384615 0.5923084086538462 0.3634259254807692
4 0.6324869783653846 0.3586309519230769 0.6354166658653846 0.35689484134615385 0.6354166658653846 0.3534226201923077 0.6373697908653846 0.34995039663461536 0.6373697908653846 0.33258928605769233 0.6354166658653846 0.3291170625 0.6354166658653846 0.32564484134615385 0.6324869783653846 0.3239087307692308 0.6266276033653846 0.3134920625 0.6188151033653846 0.3134920625 0.6168619783653846 0.31696428605769233 0.6149088533653846 0.31696428605769233 0.6080729158653846 0.3291170625 0.6080729158653846 0.3534226201923077 0.6129557283653846 0.3621031754807692 0.6149088533653846 0.3621031754807692 0.6207682283653846 0.3690476201923077 0.6246744783653846 0.3690476201923077 0.6256510408653846 0.3673115072115385 0.6285807283653846 0.36557539663461536 0.6324869783653846 0.3586309519230769
4 0.663364954326923 0.3573082019230769 0.666294641826923 0.3555720889423077 0.666294641826923 0.35209986778846153 0.668247766826923 0.3486276466346154 0.668247766826923 0.3312665336538462 0.666294641826923 0.3277943125 0.666294641826923 0.3243220889423077 0.663364954326923 0.3225859783653846 0.657505579326923 0.3121693125 0.649693079326923 0.3121693125 0.647739954326923 0.3156415336538462 0.645786829326923 0.3156415336538462 0.638950891826923 0.3277943125 0.638950891826923 0.35209986778846153 0.643833704326923 0.36078042307692304 0.645786829326923 0.36078042307692304 0.651646204326923 0.36772486778846153 0.655552454326923 0.36772486778846153 0.656529016826923 0.3659887572115385 0.659458704326923 0.3642526466346154 0.663364954326923 0.3573082019230769