4 0.3261961610576923 0.2586575673076923 0.31905263221153846 0.26614306490384615 0.31440768750000003 0.27610776442307694 0.3142475240384615 0.29319010336538465 0.3187322932692308 0.3051477427884616 0.3272213269230769 0.31568184855769227 0.3382429134615385 0.31095354326923075 0.3444063677884615 0.30082638701923076 0.34534022596153846 0.2759235408653846 0.3361884278846154 0.26197794711538464 0.3261961610576923 0.2586575673076923
4 0.3570286394230769 0.2694804591346154 0.3478989254807692 0.27688280048076924 0.3459768870192308 0.2968121971153846 0.34918029567307696 0.31332512259615386 0.3581498341346154 0.32357452403846154 0.3696821153846154 0.3215815889423077 0.3773702836538462 0.3059227788461538 0.37560840865384615 0.28200750240384614 0.3653000240384615 0.2687148149038462 0.3570286394230769 0.2694804591346154
4 0.3353321298076923 0.3063799783653846 0.3274837764423077 0.3191917331730769 0.3278041153846154 0.3428223052884615 0.3378948605769231 0.3596199350961538 0.3486262740384615 0.3587658197115384 0.35807632932692307 0.3436764182692308 0.35631445432692305 0.3203305600961538 0.3460635552884615 0.3055258653846154 0.3353321298076923 0.3063799783653846
4 0.3076602139423077 0.3054456201923077 0.30011648317307693 0.3130644278846154 0.2977162139423077 0.3304353125 0.3006308341346154 0.35024421875 0.3097175985576923 0.35877728846153845 0.3181185625 0.35725352163461543 0.32634809375 0.34750144471153843 0.3285769206730769 0.32586402884615384 0.3261766394230769 0.3127596754807692 0.3169184326923077 0.30392185817307693 0.3076602139423077 0.3054456201923077
4 0.27790934615384616 0.3066762331730769 0.2701982764423077 0.3245125360576923 0.2736272331730769 0.35041648317307694 0.28459993028846153 0.35986380769230764 0.29642987259615383 0.35498777403846155 0.30180204326923077 0.33459920673076926 0.2987919471153846 0.3158724206730769 0.2894794326923077 0.30383377403846157 0.27790934615384616 0.3066762331730769
4 0.3730274831730769 0.3215210432692308 0.3658266490384615 0.34254895432692306 0.3692556177884615 0.36479588221153847 0.38091410817307697 0.3751574615384615 0.3924011442307692 0.3696719158653846 0.39754459134615383 0.34346320913461537 0.3879179591346154 0.3199399254807692 0.3730274831730769 0.3215210432692308
4 0.4092018485576923 0.297052875 0.4000064254807692 0.3054961346153846 0.39572022355769226 0.32073374759615386 0.3974347019230769 0.34145691346153845 0.4051498846153846 0.35456126682692307 0.4183513990384615 0.35608502403846154 0.42822410817307693 0.3392848725961538 0.42795618750000003 0.31229450000000003 0.41903718990384614 0.29940108413461536 0.4092018485576923 0.297052875
4 0.449319125 0.24934374278846153 0.4413717836538461 0.26451891346153844 0.44410523798076923 0.29321775 0.4573067644230769 0.3069316057692308 0.4715369783653846 0.29748428125 0.4753088413461538 0.2749326105769231 0.4718798725961539 0.25329518509615384 0.46036731009615384 0.24543646634615385 0.449319125 0.24934374278846153
4 0.48711815384615387 0.2440743389423077 0.4774477091346154 0.2513502716346154 0.4721328076923077 0.2717686802884615 0.47573321875 0.2937108557692308 0.48859185096153845 0.3055961923076923 0.5026506201923077 0.29492986298076923 0.5072351274038461 0.26660070432692307 0.4980215120192308 0.24769324278846155 0.48711815384615387 0.2440743389423077
4 0.4540172572115385 0.2976868894230769 0.44332903125 0.29286772115384613 0.4327090961538461 0.29759211778846156 0.42698688701923077 0.3157243485576923 0.43013737259615387 0.34208596634615385 0.44471048317307693 0.35366655288461535 0.4584263581730769 0.3405621995192308 0.4597979399038462 0.31496300721153847 0.4540172572115385 0.2976868894230769
4 0.4608934254807692 0.3007259831730769 0.4579787932692308 0.33120122115384615 0.4706659807692307 0.35375290144230764 0.4872964639423077 0.34461032692307697 0.49123978365384613 0.32144914423076926 0.4886680600961538 0.30103073557692306 0.47465212019230774 0.2915567668269231 0.4608934254807692 0.3007259831730769
4 0.49779322836538464 0.29106215384615386 0.4904209423076923 0.3120900721153846 0.4921354326923077 0.3361655072115385 0.5061941923076924 0.3514031225961538 0.5207673125000001 0.33860353125000003 0.524024826923077 0.3111758173076923 0.5140808149038462 0.2922811658653846 0.49779322836538464 0.29106215384615386
4 0.2580510889423077 0.35608656250000004 0.25417638942307696 0.37561938701923075 0.25814343990384614 0.3964185048076923 0.2714049158653846 0.40549644230769233 0.28492448076923077 0.39433371153846153 0.28464145673076924 0.3618012451923077 0.2711948052884615 0.3472361778846154 0.2580510889423077 0.35608656250000004
4 0.2903021586538462 0.3530384663461538 0.2852596658653846 0.3631219735576923 0.28399904567307693 0.3829155216346154 0.2903021586538462 0.4004682908653846 0.30458923798076926 0.40607024759615384 0.3156620408653846 0.3855670528846154 0.31257317788461536 0.36050772596153846 0.301857875 0.34930383173076923 0.2903021586538462 0.3530384663461538
4 0.27190265865384616 0.40109740144230766 0.2592964206730769 0.39885662259615384 0.24984173798076922 0.4126747644230769 0.24963163942307692 0.4339621610576923 0.2561448629807692 0.45188840384615386 0.26938140625 0.45524957692307694 0.27904618509615386 0.4362029447115384 0.27904618509615386 0.41640939663461535 0.27190265865384616 0.40109740144230766
4 0.27900866105769234 0.41923520192307695 0.28152989903846154 0.4438837764423077 0.29434625000000003 0.45471420192307693 0.30879856009615386 0.4466253004807692 0.3097145649038462 0.4135182163461538 0.29833821875 0.39869472355769225 0.28606046634615384 0.4008649567307693 0.27900866105769234 0.41923520192307695
4 0.26622888701923075 0.44895163221153844 0.25467317067307693 0.44895163221153844 0.2454285985576923 0.45940859615384616 0.24521850240384616 0.4799490745192308 0.25215193269230773 0.4997426298076923 0.2672794110576923 0.5027303389423077 0.27505325240384615 0.4829367836538462 0.27399614423076923 0.45844498557692304 0.26622888701923075 0.44895163221153844
4 0.26176165865384615 0.49910397115384614 0.2527271947115385 0.4916347163461538 0.2439028293269231 0.49761012259615384 0.2378098125 0.5140425048076923 0.2409613701923077 0.5357033822115385 0.2520968774038461 0.5484011201923077 0.2668041514423077 0.5398114783653847 0.2686950865384615 0.5140425048076923 0.26176165865384615 0.49910397115384614
4 0.2956726634615384 0.4482367860576923 0.28117548798076925 0.45010410817307694 0.2736117548076923 0.4680303389423077 0.2759228990384615 0.4908116033653846 0.2895796466346154 0.5023889543269231 0.30386671153846156 0.49230545192307695 0.30323640865384616 0.46280185817307695 0.2956726634615384 0.4482367860576923
4 0.2825897451923077 0.4930314350961539 0.2700925769230769 0.4993785913461538 0.26704206009615383 0.5214146442307692 0.27145423557692305 0.5419551105769231 0.28637161778846154 0.5483039783653847 0.29740581490384616 0.5335615865384615 0.2953155168269231 0.5043326490384615 0.2825897451923077 0.4930314350961539
4 0.31325112980769226 0.35768255288461537 0.3126208269230769 0.38681268509615385 0.3231260192307692 0.4032450673076923 0.33636256009615384 0.4017512211538462 0.34419031730769234 0.38143255048076924 0.34024834615384614 0.3572050745192307 0.32753819471153844 0.34722558173076923 0.31325112980769226 0.35768255288461537
4 0.35353741346153844 0.3518363966346154 0.3447130480769231 0.3585587403846154 0.3400907620192308 0.37723190144230767 0.34324233173076923 0.4003866201923077 0.3579496033653846 0.40785588942307693 0.37034573317307695 0.39441120192307694 0.37097605048076926 0.3690157091346154 0.3640426201923077 0.3563179543269231 0.35353741346153844 0.3518363966346154
4 0.3221586947115384 0.3965040192307692 0.30766153125 0.4110690793269231 0.3089221514423077 0.43982574759615384 0.3202677572115385 0.45476428365384614 0.33539525000000003 0.44804193990384616 0.33980742548076925 0.4256341514423077 0.33371441105769234 0.40322636057692307 0.3221586947115384 0.3965040192307692
4 0.3190635 0.4447387956730769 0.3058269591346154 0.4525815240384615 0.3022551947115385 0.47461586298076924 0.3070875793269231 0.4936624807692308 0.3224251682692308 0.5015052235576923 0.3343156370192307 0.48140162500000006 0.3307554759615385 0.4561760168269231 0.3190635 0.4447387956730769
4 0.3203356394230769 0.4950503581730769 0.30814962019230774 0.49056880048076923 0.29596358653846155 0.5047604110576923 0.2961736971153846 0.5305293725961538 0.30541826923076926 0.5469617548076923 0.3228568918269231 0.5406128725961539 0.32601542307692305 0.5164255288461539 0.3203356394230769 0.4950503581730769
4 0.3574671730769231 0.4014147379807692 0.34486094951923074 0.4029085841346154 0.3362466778846154 0.42456945673076923 0.34170937740384616 0.4507118846153846 0.3587278076923077 0.45631382932692305 0.3686026826923077 0.4376406610576923 0.36692185576923075 0.4156063341346154 0.3574671730769231 0.4014147379807692
4 0.3538761298076923 0.450750125 0.34442144711538464 0.4466420288461539 0.33517687500000004 0.45709900480769233 0.33286573076923076 0.4795067956730769 0.3381183341346154 0.49892688701923077 0.35408622596153844 0.5034084447115384 0.36249038701923075 0.4832414278846154 0.36157534375 0.46001899278846153 0.3538761298076923 0.450750125
4 0.35503165625000005 0.5063998894230769 0.34389614663461543 0.4922082908653846 0.3270878269230769 0.5022917932692308 0.3262474134615384 0.5295546153846155 0.33717281250000003 0.5508420048076923 0.3531944735576923 0.5400514230769231 0.35503165625000005 0.5063998894230769
4 0.36144271875 0.4897938028846154 0.35051731971153843 0.5058527235576923 0.35240824278846156 0.5394644014423077 0.3723681177884615 0.54768059375 0.38287331009615383 0.5204177836538462 0.3752759591346154 0.49652548557692305 0.36144271875 0.4897938028846154
4 0.3721410769230769 0.43475433894230775 0.35911462980769226 0.4478255504807693 0.36163587019230764 0.4806903173076923 0.37697345913461533 0.4930146033653846 0.391890826923077 0.46948641586538464 0.38600793509615383 0.44297053125 0.3721410769230769 0.43475433894230775
4 0.3761625649038462 0.37442142307692305 0.36397653125 0.3979496033653846 0.3709099615384615 0.42670628125000004 0.3879283894230769 0.4326816875 0.39906388461538456 0.4076596490384615 0.3909186274038462 0.3769256875 0.3761625649038462 0.37442142307692305
4 0.39170634375 0.4729493125 0.3772091826923077 0.4867674495192308 0.3782596923076923 0.5203791394230769 0.3944376947115385 0.5330768870192307 0.4080944567307692 0.5114160216346154 0.40452269471153846 0.484900125 0.39170634375 0.4729493125
4 0.3920860649038461 0.41683801923076924 0.3830183990384616 0.4350451298076923 0.3851526346153846 0.46314745192307694 0.3995091346153846 0.47356363701923077 0.41202764903846156 0.46243606971153844 0.41435708173076924 0.4370050288461539 0.4049257980769231 0.4192097451923077 0.3920860649038461 0.41683801923076924
4 0.4089505625 0.3991253846153846 0.41693451442307694 0.39240304086538463 0.41924565865384616 0.36626061778846153 0.41840524519230765 0.3531894014423077 0.4039080697115385 0.34534667788461537 0.3957140192307692 0.3505751586538462 0.39004121153846155 0.37597065865384616 0.3982352596153846 0.39427036298076923 0.4089505625 0.3991253846153846
4 0.4154756201923077 0.4403538149038461 0.4257707019230769 0.4418476634615385 0.43375465384615386 0.43101722596153846 0.4352253846153846 0.40226055528846155 0.42198882932692305 0.38470779326923077 0.40737758653846157 0.39890487740384617 0.40539062019230765 0.4239214326923077 0.4154756201923077 0.4403538149038461
4 0.4377431057692308 0.3470996586538462 0.4236661514423077 0.3426181009615385 0.4135811658653846 0.3590504831730769 0.4133710552884615 0.38519290625 0.42450656490384614 0.4038660673076923 0.4385835192307692 0.39789066105769233 0.4458209206730769 0.3824356466346154 0.44509674278846156 0.36091780048076927 0.4377431057692308 0.3470996586538462
4 0.46860615865384614 0.3420412163461538 0.45452920432692306 0.33868005048076927 0.44339369471153844 0.35585935817307696 0.44486442548076927 0.38648334615384616 0.4591514903846154 0.3995545576923077 0.4755395889423077 0.38984451682692306 0.47638000240384615 0.36071437980769233 0.46860615865384614 0.3420412163461538
4 0.4464833076923077 0.3869707115384615 0.4317760360576923 0.39668075721153845 0.4284143677884616 0.4194620096153846 0.43345686057692306 0.4414963485576923 0.4496348629807692 0.4493390649038461 0.4626776346153846 0.4265713076923077 0.4617902596153846 0.4003838677884615 0.4464833076923077 0.3869707115384615
4 0.41554363221153845 0.45346921394230766 0.40440812259615383 0.46355271634615386 0.4006262644230769 0.4874543653846154 0.4109213461538461 0.5102356177884615 0.4275966971153846 0.5078888966346153 0.43340247596153847 0.48185240865384615 0.4279397620192308 0.46168540625 0.41554363221153845 0.45346921394230766
4 0.4531566057692308 0.4436058701923077 0.4306754903846154 0.4279204182692308 0.4233218533653846 0.45107513701923074 0.43214622115384616 0.47796448557692306 0.4500050480769231 0.4760971754807692 0.4533221514423077 0.45897568990384613 0.4531566057692308 0.4436058701923077
4 0.4499856923076923 0.4770854158653846 0.43590872355769233 0.4748446322115385 0.4266641514423077 0.49874628125 0.4314965480769231 0.525635641826923 0.4497755817307692 0.5293702764423076 0.4573393293269231 0.5136848173076923 0.4577595360576923 0.48791585576923074 0.4499856923076923 0.4770854158653846
4 0.4924123798076923 0.3333988774038461 0.47861614182692314 0.34788185336538463 0.47504437740384614 0.3732773533653846 0.48407884134615387 0.39307090624999996 0.4971052860576923 0.3971790024038461 0.5086610024038462 0.37887931009615383 0.5074426562500001 0.3500991850961538 0.4924123798076923 0.3333988774038461
4 0.48312840625 0.38184553365384616 0.46955412740384617 0.3846413197115384 0.4618348509615385 0.4015741586538461 0.4633055817307692 0.4280900432692307 0.4782229495192307 0.4426551033653846 0.4931403317307692 0.4273431177884615 0.49384568028846154 0.40199330288461543 0.48312840625 0.38184553365384616
4 0.5113369158653847 0.3403313894230769 0.5056641057692308 0.3653534206730769 0.5117571225961538 0.3881346850961539 0.5264643942307692 0.3959774134615385 0.5388605240384615 0.3787981057692308 0.5397009519230769 0.3530291322115385 0.5263264086538462 0.33443517548076923 0.5113369158653847 0.3403313894230769
4 0.5123703870192308 0.38176604326923075 0.49850352644230767 0.3851272139423077 0.4911498918269231 0.40902885336538464 0.4957721778846154 0.4333039639423077 0.5113198629807691 0.44338747836538467 0.5245564182692308 0.42322046394230767 0.5244817908653846 0.40119470432692306 0.5123703870192308 0.38176604326923075
4 0.5005426947115384 0.42607739423076924 0.48457479086538463 0.4305589519230769 0.4776413605769231 0.45072596875 0.4807929158653846 0.47313377163461534 0.49339915625 0.4858315192307692 0.507266014423077 0.4768683918269231 0.5110771370192307 0.4491519278846154 0.5005426947115384 0.42607739423076924
4 0.4680704326923077 0.42898507692307697 0.45610993028846153 0.43307159375 0.4489509831730769 0.4476582331730769 0.4497913966346154 0.4689456466346154 0.45798544711538464 0.48276378365384615 0.47038157451923074 0.4857514927884615 0.48046656249999997 0.4696925721153846 0.4799539951923077 0.4429041971153846 0.4680704326923077 0.42898507692307697
4 0.4710831995192307 0.47651945673076923 0.4593173894230769 0.4892172067307692 0.4570062451923077 0.5198411875 0.4700326778846154 0.5351531706730769 0.48452985336538457 0.529924701923077 0.4914632836538461 0.5041557283653846 0.4843197427884615 0.4858560360576923 0.4710831995192307 0.47651945673076923
4 0.5496949038461538 0.24213450961538463 0.5400651418269231 0.25458327884615384 0.5413782860576923 0.29076253125 0.5573549423076923 0.3055454471153846 0.5711430072115384 0.2895954639423077 0.5739881778846153 0.2631418125 0.5665469903846154 0.24524669951923078 0.5496949038461538 0.24213450961538463
4 0.5534251971153846 0.2989856658653846 0.5398559975961539 0.2900381105769231 0.5260524639423078 0.29864322836538465 0.5218965408653846 0.32158587259615384 0.5273810769230769 0.34255637740384615 0.5416068581730769 0.35383808413461537 0.5549572067307692 0.3374990649038461 0.5569269326923076 0.3176588245192308 0.5534251971153846 0.2989856658653846
4 0.5906171057692308 0.24061413221153846 0.57923646875 0.2596763197115385 0.5807684783653846 0.2892421610576923 0.5952131225961538 0.30324702884615384 0.6109709278846154 0.29313240384615386 0.6149103509615385 0.26123241105769235 0.6041278052884616 0.23917812259615384 0.5906171057692308 0.24061413221153846
4 0.5874711466346154 0.2874189735576923 0.5710567764423077 0.2870299519230769 0.5594572884615384 0.3041470168269231 0.5623024447115385 0.33332382211538464 0.5765282379807692 0.3477177283653846 0.5927237451923077 0.33332382211538464 0.5947015745192308 0.3076168918269231 0.5874711466346154 0.2874189735576923
4 0.5718304495192308 0.3365729591346154 0.5562915240384615 0.33073759375 0.5438166057692307 0.3490217283653846 0.5442543197115385 0.3801436634615385 0.5595743942307693 0.3925924399038462 0.5748944711538462 0.3805326875 0.5783962067307692 0.35719124038461536 0.5718304495192308 0.3365729591346154
4 0.5550640649038462 0.37819975 0.5386496947115385 0.37742169711538465 0.5285822163461538 0.39181559615384615 0.5288010673076923 0.42060338461538466 0.5414948509615385 0.43733142788461543 0.5587846514423077 0.4291619182692308 0.5614109423076923 0.40076315865384615 0.5550640649038462 0.37819975
4 0.6201982235576923 0.24215835096153848 0.6100317836538461 0.26818059855769233 0.61409834375 0.2978170360576923 0.6352445360576924 0.30359975 0.6482575552884615 0.27324047596153844 0.6394130649038462 0.23999397596153849 0.6201982235576923 0.24215835096153848
4 0.641076514423077 0.291889125 0.6279513750000001 0.3028680240384615 0.6262142235576923 0.33340308173076927 0.6364441129807693 0.35158687740384614 0.6530501442307692 0.3495775480769231 0.6619966033653846 0.3206639375 0.6566480072115385 0.29623967307692306 0.641076514423077 0.291889125
4 0.6301262692307692 0.3216697019230769 0.6278100625 0.3003980889423077 0.6121757067307693 0.2877037379807692 0.5994365985576923 0.2990257259615384 0.5936461009615385 0.32132661298076926 0.5988575432692308 0.34328440384615383 0.6135268269230769 0.3522047548076923 0.6253008461538462 0.3395104086538462 0.6301262692307692 0.3216697019230769
4 0.5942662836538462 0.3296959735576923 0.5782458942307692 0.3399886923076923 0.5736134927884615 0.36297575240384616 0.5790179591346154 0.3825319110576923 0.5921430985576923 0.39316772115384613 0.6064263341346154 0.3780717379807692 0.6087425408653846 0.3495952283653846 0.5942662836538462 0.3296959735576923
4 0.6205200937500001 0.3374825120192308 0.6091321057692307 0.3542939423076923 0.6085530528846154 0.37899646875 0.6205200937500001 0.3971802692307692 0.6319080817307692 0.3964940793269231 0.6425240048076923 0.3807119158653846 0.6419449615384616 0.35120613701923076 0.6332592019230769 0.3381686899038462 0.6205200937500001 0.3374825120192308
4 0.6546925432692308 0.33824352884615383 0.6433045432692308 0.3505947860576923 0.6417604134615384 0.3807867548076923 0.6535344326923076 0.3993136466346154 0.6655014759615384 0.39759819951923075 0.6751523245192307 0.38490384134615385 0.6770824735576924 0.3588289567307692 0.6672841658653846 0.34027278125 0.6546925432692308 0.33824352884615383
4 0.5784971201923077 0.3763791802884615 0.5628627644230769 0.38358408413461537 0.5582303629807692 0.4058849711538462 0.5618976899038461 0.42852894711538464 0.5752158389423078 0.43744929807692307 0.59104321875 0.42509804086538466 0.5916222740384616 0.3942198918269231 0.5784971201923077 0.3763791802884615
4 0.5933846153846154 0.38912843990384616 0.5881731586538461 0.41486023317307696 0.5968589206730769 0.4381903894230769 0.6123002524038461 0.43921965625 0.6219511009615384 0.4227513149038461 0.6223371346153846 0.3956471634615385 0.6142304278846153 0.38329590625 0.603807514423077 0.3795219110576923 0.5933846153846154 0.38912843990384616
4 0.6503330264423077 0.3892257283653846 0.6377869423076923 0.3830501057692308 0.6244687932692308 0.39540136057692304 0.6221525865384615 0.420103875 0.6273640432692308 0.43725840865384613 0.6402961586538461 0.4434340408653846 0.6534213125 0.43451368028846155 0.6562451418269231 0.4053579182692308 0.6503330264423077 0.3892257283653846
4 0.6657785697115385 0.3850424639423077 0.6540045360576923 0.40459862259615387 0.6549696249999999 0.42518406249999996 0.6613391778846154 0.4426816730769231 0.67620146875 0.4437109423076923 0.6879754879807692 0.4265564206730769 0.686817391826923 0.4018538966346154 0.6798575480769231 0.39009157211538464 0.6657785697115385 0.3850424639423077
4 0.53502121875 0.4228922740384615 0.5213170360576923 0.42254918509615386 0.5128242980769231 0.4431346129807692 0.5149474831730769 0.46955258653846155 0.5282656322115384 0.48121766346153844 0.5448650745192307 0.46886640625000003 0.5448377668269231 0.44156248076923077 0.53502121875 0.4228922740384615
4 0.5697130769230769 0.4278477019230769 0.5592901778846154 0.42064279807692306 0.5448139182692308 0.43436642548076926 0.5424977115384615 0.46181366586538464 0.5515695048076923 0.4793112764423077 0.5629574903846154 0.4813698245192307 0.5749245336538462 0.46696001923076924 0.5745086899038461 0.44154321153846154 0.5697130769230769 0.4278477019230769
4 0.5019436201923078 0.4707668197115385 0.49673217788461543 0.4920384326923077 0.5009785456730769 0.5139962283653846 0.5127891682692307 0.5235338653846153 0.5263003389423078 0.5166720528846154 0.5297746442307693 0.49059717067307695 0.5270724038461538 0.4758442740384616 0.5133625168269231 0.46617340625 0.5019436201923078 0.4707668197115385
4 0.4840386971153846 0.5227239158653846 0.4817224903846154 0.5481126201923077 0.49368953125 0.5649240625 0.5072007043269231 0.5645809615384615 0.5151143990384616 0.5402215384615384 0.5116400961538461 0.5182637403846153 0.49677780528846155 0.5072848413461538 0.4840386971153846 0.5227239158653846
4 0.5507011466346154 0.46747431490384617 0.5373829975961538 0.4671312259615385 0.5281181947115384 0.48257029567307697 0.5281181947115384 0.5079589975961538 0.5404712572115384 0.5237411610576923 0.5584218197115385 0.5148208125 0.5591051538461538 0.4825069110576923 0.5507011466346154 0.46747431490384617
4 0.5307870985576923 0.5087836658653846 0.5145736875 0.5173609254807693 0.5122574807692307 0.547895983173077 0.5228734038461538 0.5691676033653846 0.5431401730769231 0.5612765096153847 0.5440369855769231 0.5273107283653846 0.5307870985576923 0.5087836658653846
4 0.5963109759615385 0.4246216370192308 0.5818347163461538 0.4239354519230769 0.5733419783653846 0.4438347067307692 0.5743070528846154 0.4699095889423077 0.5909064975961539 0.4836332043269231 0.604803701923077 0.4716250384615384 0.6060675216346154 0.4427410985576923 0.5963109759615385 0.4246216370192308
4 0.5789850600961539 0.46834673798076926 0.566245954326923 0.46971909615384616 0.5565951057692308 0.48447199038461536 0.5581392475961539 0.5115761418269231 0.5716504206730769 0.5277013942307692 0.5882498629807692 0.5156932283653846 0.5889940841346154 0.4860570408653846 0.5789850600961539 0.46834673798076926
4 0.5601165024038461 0.5114978317307692 0.5440961129807692 0.5193889134615385 0.5410078413461539 0.5526687115384615 0.5550980697115384 0.5718817692307693 0.5720835456730768 0.5636475985576923 0.5742067283653847 0.52693690625 0.5601165024038461 0.5114978317307692
4 0.6180880192307693 0.42579324759615383 0.6057349447115384 0.4381445048076923 0.6026466850961538 0.45735757451923076 0.6097883052884615 0.48206009855769233 0.6254226610576924 0.48274627884615384 0.6362316057692308 0.46765029326923074 0.6362316057692308 0.44466322836538463 0.6273528221153846 0.42853796875 0.6180880192307693 0.42579324759615383
4 0.6073470432692308 0.46877709375 0.5951869783653846 0.4718648990384615 0.5865012307692308 0.4914210697115384 0.5893964807692308 0.5161235841346155 0.6032936850961538 0.5301903004807692 0.6195070961538461 0.5147512259615384 0.6191292836538461 0.48765423557692306 0.6073470432692308 0.46877709375
4 0.6002081923076923 0.5238115240384615 0.5892879639423076 0.5137451370192307 0.5743232043269231 0.519497358173077 0.570278673076923 0.5475394302884615 0.5769021370192308 0.5661985865384616 0.5867459951923076 0.573746576923077 0.5994851033653846 0.5644831274038462 0.6043105264423076 0.5421822403846154 0.6002081923076923 0.5238115240384615
4 0.6612102980769231 0.43063285576923077 0.647699125 0.4299466778846154 0.6370832043269231 0.44401338701923077 0.6374692355769231 0.4735191778846154 0.65020834375 0.4903306081730769 0.6691239807692307 0.47900862019230767 0.6704751009615385 0.4512182908653846 0.6612102980769231 0.43063285576923077
4 0.6785987548076923 0.42829858173076923 0.6677898245192307 0.45197182692307697 0.6677898245192307 0.47770362019230767 0.6830381466346154 0.49348578365384616 0.6982864711538461 0.48422233173076923 0.7019537860576922 0.456432 0.6936523100961539 0.43554348798076925 0.6785987548076923 0.42829858173076923
4 0.6728488605769231 0.4741129158653846 0.6527751129807692 0.4881796322115385 0.6496868413461538 0.5211163221153846 0.6655142187499999 0.5375846634615384 0.6813415985576923 0.5331244879807693 0.6861670096153846 0.49744307692307693 0.6728488605769231 0.4741129158653846
4 0.6459983341346154 0.4788263798076923 0.6336452596153846 0.46887675 0.6199410649038462 0.4819141923076923 0.6172388389423078 0.5028427163461539 0.6214852067307692 0.522398875 0.6340312908653847 0.5309761346153846 0.6485075504807691 0.5220557860576923 0.6506794903846154 0.4995882764423077 0.6459983341346154 0.4788263798076923
4 0.6586908221153845 0.5231299615384615 0.6447936177884616 0.5172974182692308 0.6332126081730769 0.5323934014423076 0.6326335528846154 0.5632715504807693 0.6446005961538461 0.5776813557692309 0.6627441682692308 0.5704764519230769 0.6654940913461539 0.5424880024038461 0.6586908221153845 0.5231299615384615
4 0.6348205865384616 0.5482870360576924 0.6305742163461538 0.5211828846153846 0.6162909807692307 0.51157634375 0.6018147211538462 0.5266723269230769 0.60104265625 0.5551488485576923 0.6112725456730769 0.573332639423077 0.6269069038461539 0.5678431947115384 0.6348205865384616 0.5482870360576924