1 0.8643604182692308 0 0.8600493918269231 0.008430447115384616 0.8600493918269231 0.026057747596153848 0.8703958509615385 0.04215224038461539 0.879449002403846 0.04215224038461539 0.8880710528846154 0.01992651442307692 0.8854844375 0.0022992139423076924 0.8643604182692308 0
1 0.8876399495192308 0.012262468750000002 0.8820356177884616 0.03602100480769231 0.8837600288461539 0.05518111298076923 0.8936753846153846 0.0636115625 0.9061773557692308 0.05671392307692307 0.9113505841346154 0.02988976923076923 0.9022974326923077 0.012262468750000002 0.8876399495192308 0.012262468750000002
1 0.9135060961538461 0.013028874999999999 0.9061773557692308 0.024524939903846153 0.9040218437499999 0.04521785817307692 0.90876396875 0.060545944711538464 0.9191104278846154 0.061312348557692305 0.927301375 0.05824673076923077 0.9307501947115384 0.0398530264423077 0.927301375 0.017627300480769232 0.9135060961538461 0.013028874999999999
1 0.9260080673076924 0.025291343749999997 0.9216970432692307 0.05518111298076923 0.9290257860576923 0.06820998798076923 0.9406655504807693 0.06744358413461539 0.9475631899038461 0.05364830528846154 0.9484253966346153 0.02988976923076923 0.9402344495192309 0.017627300480769232 0.9260080673076924 0.025291343749999997
1 0.9510120096153846 0.01992651442307692 0.9436832692307693 0.03602100480769231 0.9423899615384616 0.05901313461538461 0.9531675216346154 0.06820998798076923 0.9643761850961539 0.06514437019230769 0.9678250048076923 0.052115497596153845 0.9678250048076923 0.029123365384615386 0.9583407524038462 0.018393704326923076 0.9510120096153846 0.01992651442307692
1 0.8591148870192308 0.060193341346153846 0.8521799615384615 0.06599510817307692 0.8460609086538462 0.0790490841346154 0.8460609086538462 0.09645438942307692 0.8529958341346154 0.10805792307692307 0.8627863173076923 0.10733270192307692 0.8729847379807693 0.09355350480769231 0.8733926754807692 0.07324731730769231 0.8680894951923077 0.060918560096153845 0.8591148870192308 0.060193341346153846
1 0.8322805865384615 0.08627218990384616 0.8249778149038461 0.0946481298076923 0.8216797860576922 0.10972482451923077 0.8237999471153846 0.12145114182692307 0.8311027211538462 0.13192106730769232 0.8372276274038462 0.13275866105769232 0.8454726947115384 0.1218699375 0.8494774399038462 0.10972482451923077 0.8485351466346154 0.09632331971153846 0.8405256538461539 0.08459700240384614 0.8322805865384615 0.08627218990384616
1 0.8577225072115385 0.10511805528846155 0.8501841610576922 0.11056241826923077 0.8440592548076923 0.12270753124999999 0.8426458149038462 0.1344338485576923 0.8490062932692308 0.15034813701923078 0.8565446394230769 0.15369851201923077 0.8640829879807692 0.1516045264423077 0.8678521610576924 0.14113460096153846 0.8706790408653846 0.12563911057692306 0.8666742932692307 0.11056241826923077 0.8577225072115385 0.10511805528846155
1 0.875626079326923 0.08543459615384616 0.8702078942307693 0.08794737740384616 0.8643185600961538 0.10093008653846154 0.8636118413461538 0.11433159134615385 0.868087733173077 0.12940828365384616 0.8727991995192308 0.1310834735576923 0.881044266826923 0.12898948798076923 0.8862268798076923 0.12522031490384616 0.8907027740384615 0.1109812139423077 0.8883470408653846 0.0959045216346154 0.8822221346153847 0.08543459615384616 0.875626079326923 0.08543459615384616
1 0.8961209615384615 0.06449474278846154 0.8890537596153846 0.07287068509615385 0.8876403197115385 0.08669098557692309 0.8890537596153846 0.09841730288461538 0.8925873605769231 0.1101436201923077 0.9031881610576923 0.11140001201923076 0.9090774927884616 0.10553685336538463 0.9142601081730769 0.09171655048076924 0.9142601081730769 0.07831504567307693 0.9081351995192308 0.06491354086538462 0.8961209615384615 0.06449474278846154
1 0.9175581346153846 0.07663985817307692 0.910255360576923 0.08585339182692307 0.9071929062499999 0.09799850721153845 0.9088419206730769 0.11391279326923076 0.9137889615384616 0.1218699375 0.9220340264423077 0.12522031490384616 0.9314569615384615 0.11851956250000001 0.9352261346153846 0.10176768028846153 0.9338126947115384 0.08752858173076923 0.9258031995192308 0.07454587259615385 0.9175581346153846 0.07663985817307692
1 0.9517162668269231 0.0653323389423077 0.9446490673076924 0.06323835336538462 0.9378174399038461 0.06742632211538462 0.932634826923077 0.07496467067307692 0.9305146682692308 0.08752858173076923 0.9331059735576923 0.10637444711538462 0.9375818677884615 0.11140001201923076 0.9458269326923077 0.11140001201923076 0.955721014423077 0.11056241826923077 0.9585478942307692 0.09925489663461538 0.9585478942307692 0.07622106009615384 0.9517162668269231 0.0653323389423077
1 0.8087232548076924 0.1310834735576923 0.8049540793269231 0.13862181971153847 0.8037762139423077 0.1490917451923077 0.8063675216346154 0.15998046875 0.8141414399038461 0.17045039423076924 0.8216797860576922 0.16835640865384616 0.8270979735576923 0.159142875 0.8301604278846154 0.14867294711538462 0.8289825600961538 0.13862181971153847 0.8240355216346154 0.12647670432692307 0.8148481610576923 0.12396392307692308 0.8087232548076924 0.1310834735576923
1 0.8558379206730768 0.1482541514423077 0.8494774399038462 0.14280979086538462 0.8414679471153845 0.14574136778846153 0.8355786129807693 0.15327971634615384 0.8320450144230769 0.16626242307692307 0.8336940264423076 0.18175791346153847 0.8395833605769231 0.18929626201923078 0.8482995745192308 0.18929626201923078 0.8534821874999999 0.18385189903846152 0.8581936538461539 0.17296317548076923 0.8586648004807693 0.15663009134615385 0.8558379206730768 0.1482541514423077
1 0.8183817596153846 0.16710001682692305 0.8117857067307692 0.17003159615384614 0.8077809615384616 0.1809203197115385 0.8056608004807693 0.19557821634615385 0.8117857067307692 0.20856092548076924 0.8193240528846153 0.2123300985576923 0.8259201081730769 0.20981731490384614 0.8299248533653846 0.2026977668269231 0.8327517331730768 0.19139024519230768 0.8313382932692307 0.1809203197115385 0.8254489615384616 0.16877520673076923 0.8183817596153846 0.16710001682692305
1 0.8214442139423077 0.21065490865384615 0.8160260264423077 0.21693686538461537 0.8141414399038461 0.2286631826923077 0.8157904543269231 0.24709025240384616 0.8221509326923078 0.2550473966346154 0.8311027211538462 0.25462859855769227 0.8362853341346154 0.24834664423076921 0.8400545072115384 0.23536393509615383 0.8395833605769231 0.22112483653846154 0.8327517331730768 0.20730453365384616 0.8214442139423077 0.21065490865384615
1 0.8452371201923078 0.18385189903846152 0.8351074663461537 0.19348423076923077 0.8325161610576923 0.20353536057692306 0.8332228798076924 0.21484287980769232 0.8365209062500001 0.2248940096153846 0.8405256538461539 0.2311759639423077 0.8490062932692308 0.2295007764423077 0.8565446394230769 0.22028724278846154 0.8589003749999999 0.20814212740384616 0.857251360576923 0.19725340384615386 0.8532466129807692 0.1880398701923077 0.8452371201923078 0.18385189903846152
1 0.8657320000000001 0.16165565624999997 0.8589003749999999 0.16668122115384615 0.8539533341346155 0.1779887403846154 0.8539533341346155 0.19390302884615382 0.8581936538461539 0.20730453365384616 0.8650252812500001 0.20897972115384617 0.8742126394230769 0.20521054807692307 0.8805731201923077 0.1880398701923077 0.8798664014423078 0.1750571610576923 0.8746837860576923 0.16416843750000001 0.8657320000000001 0.16165565624999997
1 0.8824577067307692 0.12563911057692306 0.8758616538461539 0.12438272115384616 0.8683233076923076 0.1352714423076923 0.8652608533653846 0.1474165576923077 0.8676165865384615 0.16626242307692307 0.8737414927884615 0.17045039423076924 0.8812798413461539 0.17296317548076923 0.887169173076923 0.16710001682692305 0.8923517860576923 0.15495490384615385 0.8911739206730769 0.13275866105769232 0.8824577067307692 0.12563911057692306
1 0.9149668269230768 0.11349399759615385 0.9097842139423077 0.10428046153846153 0.9017747211538462 0.10260527403846154 0.8937652283653846 0.10763083894230768 0.8885826129807692 0.11893835817307694 0.8885826129807692 0.1352714423076923 0.8935296538461538 0.14783535336538461 0.8994189879807692 0.15202332451923078 0.9097842139423077 0.14783535336538461 0.915673548076923 0.12982708173076923 0.9149668269230768 0.11349399759615385
1 0.9298079471153847 0.11810076442307693 0.9234474663461539 0.11810076442307693 0.9161446947115385 0.12019475 0.9100197860576924 0.12773309615384615 0.9083707740384616 0.14364738461538462 0.9104909326923077 0.15579249759615385 0.9189715745192307 0.16626242307692307 0.9286300793269231 0.16374964182692306 0.9335771201923078 0.15327971634615384 0.9359328533653847 0.14113460096153846 0.9340482668269231 0.12815189423076923 0.9298079471153847 0.11810076442307693
1 0.9533652812500001 0.10553685336538463 0.9462980817307692 0.10595565144230769 0.9382885865384616 0.11307519951923076 0.9354617067307692 0.12605790865384614 0.9361684278846153 0.14113460096153846 0.9427644807692308 0.15244212259615383 0.9524229879807693 0.15244212259615383 0.9590190408653847 0.1453225721153846 0.9620814927884616 0.13317745673076925 0.9620814927884616 0.11851956250000001 0.9594901875 0.1101436201923077 0.9533652812500001 0.10553685336538463
1 0.8471217067307693 0.2278255889423077 0.841232375 0.23368874759615382 0.8365209062500001 0.24583386057692308 0.8369920528846154 0.26300453846153843 0.8407612259615385 0.2717992764423077 0.850419733173077 0.2747308557692308 0.8591359471153847 0.27054288701923074 0.8626695480769231 0.2554661923076923 0.8621984014423076 0.2399707019230769 0.8565446394230769 0.2286631826923077 0.8471217067307693 0.2278255889423077
1 0.8676165865384615 0.20060378125 0.8584292259615385 0.20479175240384617 0.8539533341346155 0.21568047355769232 0.8523043197115385 0.2286631826923077 0.8551311995192308 0.24415867307692307 0.8605493870192308 0.24960303365384615 0.8676165865384615 0.2508594254807692 0.8727991995192308 0.24625265865384616 0.8779818149038461 0.23326994951923077 0.8798664014423078 0.22238122596153845 0.8763328004807692 0.20604814182692308 0.8676165865384615 0.20060378125
1 0.8775106682692309 0.1884586658653846 0.8725636274038462 0.20897972115384617 0.875626079326923 0.22656919711538462 0.8822221346153847 0.2295007764423077 0.8911739206730769 0.2290819783653846 0.8977699735576923 0.22070603846153844 0.9008324278846154 0.20186017307692308 0.8970632548076923 0.1888774639423077 0.8876403197115385 0.18217671153846154 0.8775106682692309 0.1884586658653846
1 0.911904375 0.1516045264423077 0.9036593076923077 0.14406618028846155 0.8951786682692308 0.14616016586538463 0.8897604807692308 0.15411731009615387 0.886462454326923 0.16961280048076924 0.8876403197115385 0.18427069711538463 0.8954142403846154 0.19139024519230768 0.901068 0.1918090432692308 0.9083707740384616 0.1872022764423077 0.9137889615384616 0.17045039423076924 0.911904375 0.1516045264423077
1 0.9020102932692308 0.18259550721153847 0.8975344014423077 0.19055265144230768 0.8963565336538462 0.2031165625 0.8968276802884615 0.2177744591346154 0.9020102932692308 0.22740679086538462 0.9128466682692308 0.22405641586538463 0.9170869879807693 0.21819325721153845 0.9225051730769231 0.2026977668269231 0.9199138677884615 0.1922278389423077 0.9142601081730769 0.18133911778846154 0.9020102932692308 0.18259550721153847
1 0.927923360576923 0.15537370192307692 0.9177937067307693 0.16039926442307692 0.9142601081730769 0.17463836538461536 0.9149668269230768 0.1888774639423077 0.9206205865384616 0.20102257692307693 0.9276877860576923 0.20395415625 0.9371107211538461 0.19474062259615385 0.9411154663461538 0.17840753846153845 0.9373462932692308 0.15998046875 0.927923360576923 0.15537370192307692
1 0.9571344543269231 0.14239099278846154 0.9472403749999999 0.14574136778846153 0.9406443197115385 0.15830528124999999 0.9385241610576922 0.17296317548076923 0.9418221874999999 0.1884586658653846 0.9545431466346154 0.19139024519230768 0.9625526394230769 0.18636468269230771 0.9667929615384616 0.16793761298076923 0.964908375 0.15411731009615387 0.9571344543269231 0.14239099278846154
1 0.9524229879807693 0.18385189903846152 0.9408798942307691 0.18636468269230771 0.9335771201923078 0.19809099759615384 0.9340482668269231 0.21107370673076925 0.9399376009615386 0.2282443846153846 0.9448846394230769 0.23033837019230768 0.9528941346153845 0.22991957451923076 0.9599613341346154 0.21484287980769232 0.9580767475961539 0.1959970144230769 0.9524229879807693 0.18385189903846152
1 0.954072 0.23494513701923078 0.9455913605769232 0.23620152884615386 0.9389953076923077 0.24583386057692308 0.9366395745192307 0.2676113076923077 0.94252890625 0.28185040625 0.9521874134615385 0.2839443918269231 0.9613747740384616 0.2717992764423077 0.9642016538461539 0.2533722067307692 0.96019690625 0.23955190625 0.954072 0.23494513701923078
1 0.9611391995192308 0.2671925096153846 0.9634949326923077 0.27598724759615384 0.9686775480769231 0.27975642067307693 0.9762158942307693 0.27724363942307695 0.979513920673077 0.2738932620192308 0.9769226129807692 0.25002183173076925 0.9755091730769231 0.2315947620192308 0.9646728004807692 0.23326994951923077 0.96019690625 0.24583386057692308 0.9611391995192308 0.2671925096153846
1 0.9550142932692308 0.2248940096153846 0.9597257596153846 0.23326994951923077 0.9677352548076923 0.23871431009615385 0.9755091730769231 0.23703912259615387 0.9750380264423076 0.2144240841346154 0.9740957331730768 0.1922278389423077 0.9627882139423077 0.1922278389423077 0.9564277331730769 0.20395415625 0.9550142932692308 0.2248940096153846
1 0.9415866129807693 0.21316769230769234 0.9345194134615386 0.20437295432692307 0.9267454927884615 0.20479175240384617 0.9189715745192307 0.21484287980769232 0.9154379735576923 0.23452634134615383 0.9203850144230769 0.24750904807692306 0.927216639423077 0.2537910048076923 0.9352261346153846 0.2508594254807692 0.9432356274038463 0.23285115384615385 0.9415866129807693 0.21316769230769234
1 0.9107265072115385 0.2248940096153846 0.9041304543269231 0.2194496466346154 0.8972988269230769 0.21986844471153846 0.8911739206730769 0.2278255889423077 0.8883470408653846 0.2357827331730769 0.8899960528846154 0.2575601778846154 0.8947075216346154 0.26342333653846156 0.9055438942307692 0.2646797283653846 0.9126110937499999 0.24876543990384617 0.9133178149038461 0.23326994951923077 0.9107265072115385 0.2248940096153846
1 0.89494309375 0.25462859855769227 0.8935296538461538 0.24122709375 0.8914094927884615 0.23075716826923076 0.88269328125 0.23033837019230768 0.8742126394230769 0.23494513701923078 0.8695011730769231 0.2433210793269231 0.8683233076923076 0.26174814903846155 0.8723280528846153 0.2726368701923077 0.8824577067307692 0.2780812331730769 0.8897604807692308 0.2717992764423077 0.89494309375 0.25462859855769227
1 0.8252133870192307 0.2738932620192308 0.81885290625 0.28771356490384614 0.8181461875 0.30320905528846154 0.8247422403846154 0.31828574759615386 0.8348718942307692 0.31828574759615386 0.8421746682692308 0.30949100961538456 0.8447659735576922 0.2956707091346154 0.843588108173077 0.28352559374999997 0.8391122139423076 0.27556844951923076 0.8252133870192307 0.2738932620192308
1 0.8553667740384616 0.2684489014423077 0.8461794134615384 0.2701240889423077 0.84193909375 0.2730556682692308 0.8398189326923077 0.28310679807692307 0.8407612259615385 0.3044654471153846 0.8445304014423077 0.3111661995192308 0.8551311995192308 0.3128413870192308 0.8614916802884616 0.3044654471153846 0.8643185600961538 0.28729476682692306 0.8614916802884616 0.2738932620192308 0.8553667740384616 0.2684489014423077
1 0.881044266826923 0.2692864951923077 0.8690300264423076 0.2688676971153846 0.8621984014423076 0.2780812331730769 0.8603138149038462 0.2952519110576923 0.8636118413461538 0.3099098076923077 0.8727991995192308 0.31577296634615387 0.88269328125 0.3078158221153846 0.886462454326923 0.2956707091346154 0.8857557331730769 0.28017521875 0.881044266826923 0.2692864951923077
1 0.8921162139423077 0.2571413798076923 0.8892893341346154 0.2676113076923077 0.8829288533653846 0.27138048076923077 0.8796308269230769 0.27556844951923076 0.8845778677884616 0.282688 0.8845778677884616 0.29734589663461536 0.8888181875 0.30153386778846153 0.8963565336538462 0.30320905528846154 0.9024814399038461 0.2960895048076923 0.9050727475961539 0.28185040625 0.9046016009615384 0.26551732211538465 0.8921162139423077 0.2571413798076923
1 0.9281589326923078 0.24834664423076921 0.9199138677884615 0.2420646875 0.9121399471153846 0.24750904807692306 0.9057794663461538 0.26216694471153845 0.9057794663461538 0.27933762500000003 0.9133178149038461 0.2906451442307692 0.9243897596153846 0.28938875240384615 0.9319281081730769 0.27221807451923075 0.9321636802884616 0.2592353653846154 0.9281589326923078 0.24834664423076921
1 0.840062875 0.30720946875 0.8288797860576923 0.3147831995192308 0.8270159399038461 0.3251970817307692 0.8278147307692307 0.34602484134615386 0.8376664975961539 0.35265185576923075 0.8488495865384615 0.34555148317307693 0.8531098100961538 0.3299306634615385 0.8496483774038462 0.31430984134615386 0.840062875 0.30720946875
1 0.867754329326923 0.30626275240384615 0.8587013533653847 0.30105581249999996 0.8467194735576923 0.31430984134615386 0.847518266826923 0.3365576778846154 0.8520447524038463 0.34318469230769233 0.8597664086538461 0.3488649903846154 0.8674880649038462 0.34034454326923075 0.8720145528846154 0.31951678365384617 0.867754329326923 0.30626275240384615
1 0.8919843509615385 0.2977423052884615 0.8845289591346154 0.2977423052884615 0.8744109278846154 0.3100496177884615 0.8722808173076924 0.3199901418269231 0.8752097211538461 0.3365576778846154 0.8850614879807692 0.3427113341346154 0.8919843509615385 0.34034454326923075 0.8986409519230769 0.3247237235576923 0.8994397427884615 0.30957625961538465 0.8919843509615385 0.2977423052884615
1 0.9159481105769232 0.2844882764423077 0.9100903028846153 0.2844882764423077 0.9021023822115384 0.29442879807692307 0.8986409519230769 0.30436931971153847 0.9018361177884615 0.3199901418269231 0.9098240384615385 0.33040402163461535 0.9194095408653846 0.3247237235576923 0.9255336129807692 0.3124164086538462 0.9244685576923076 0.2906419326923077 0.9159481105769232 0.2844882764423077
1 0.9396456057692307 0.2717076057692308 0.9289950456730769 0.2717076057692308 0.9199420697115385 0.2863817091346154 0.9207408629807692 0.30058245432692304 0.9257998774038462 0.31430984134615386 0.9343203245192307 0.31809670913461535 0.9420419807692307 0.3100496177884615 0.9471009951923077 0.29348208173076923 0.9396456057692307 0.2717076057692308
1 0.96920090625 0.2764411875 0.9604141947115384 0.2679207379807692 0.9455034134615385 0.2759678293269231 0.9433733004807692 0.2830682019230769 0.9439058293269231 0.2991623798076923 0.9500298990384616 0.31099633413461536 0.9582840841346154 0.31383648317307694 0.9652069471153847 0.30626275240384615 0.9694671706730769 0.28969521634615386 0.96920090625 0.2764411875
1 0.85257728125 0.345078125 0.8411279302884616 0.3498117067307692 0.8358026514423076 0.3616456610576923 0.8366014423076924 0.3824734230769231 0.8445893629807693 0.39052051201923077 0.8555061850961538 0.38957379567307693 0.8621627860576923 0.37063946875 0.8616302572115385 0.35265185576923075 0.85257728125 0.345078125
1 0.8813337908653847 0.33087737980769233 0.875475983173077 0.32898394711538465 0.8666892716346154 0.3365576778846154 0.8616302572115385 0.34791827403846154 0.8650916899038462 0.3711128269230769 0.8714820240384615 0.3796332740384616 0.8813337908653847 0.37489969230769227 0.8866590721153845 0.3668526033653846 0.8887891826923078 0.34839163221153846 0.8813337908653847 0.33087737980769233
1 0.9676339278846153 0.31878306971153847 0.9761904759615384 0.3240740745192308 0.9858630961538462 0.3253968245192308 0.9858630961538462 0.3154761899038461 0.9828869038461538 0.2929894182692308 0.9810267860576923 0.2731481490384616 0.9758184519230769 0.2784391538461538 0.9668898798076923 0.2929894182692308 0.9676339278846153 0.31878306971153847
1 0.9557291658653846 0.3042328052884615 0.9434523798076923 0.30158730048076926 0.9341517860576923 0.3121693125 0.9322916658653846 0.3253968245192308 0.9378720240384616 0.34457671875 0.9456845240384616 0.34920634855769234 0.9568452379807693 0.34457671875 0.9609375 0.32142857211538456 0.9557291658653846 0.3042328052884615
1 0.9404761899038461 0.3366402115384615 0.935267858173077 0.31679894230769234 0.9259672620192307 0.3115079375 0.9151785721153847 0.32010581971153845 0.9107142860576923 0.3353174591346154 0.9144345240384616 0.3538359783653846 0.9207589278846153 0.36044973557692306 0.9341517860576923 0.35317460336538464 0.9404761899038461 0.3366402115384615
1 0.9110863100961539 0.3478835985576923 0.9095982139423077 0.3306878317307692 0.9029017860576923 0.3247354495192308 0.8950892860576923 0.3247354495192308 0.8861607139423077 0.3366402115384615 0.8843005961538462 0.3538359783653846 0.8880208341346154 0.3664021153846154 0.8995535721153847 0.37367724759615384 0.9088541658653846 0.36044973557692306 0.9110863100961539 0.3478835985576923
1 0.8707682283653846 0.3825231490384615 0.8668619783653846 0.3692129639423077 0.8603515625 0.3663194447115385 0.8600260408653846 0.375 0.8541666658653846 0.3836805552884615 0.8479817716346154 0.3848379639423077 0.8463541658653846 0.3946759254807692 0.8489583341346154 0.4056712956730769 0.8597005216346154 0.41550925961538465 0.8714192716346154 0.39988425961538465 0.8707682283653846 0.3825231490384615
1 0.8916015625 0.3640046298076923 0.8805338533653846 0.3663194447115385 0.8727213533653846 0.3796296298076923 0.8736979158653846 0.39409722115384616 0.8772786466346154 0.4068287043269231 0.8880208341346154 0.4137731490384615 0.8997395841346154 0.40277777884615384 0.8997395841346154 0.3778935192307692 0.8916015625 0.3640046298076923
1 0.9007161466346154 0.3599537043269231 0.8916015625 0.3709490745192308 0.8981119783653846 0.38715277884615384 0.8942057283653846 0.404513889423077 0.9036458341346154 0.4108796298076923 0.9143880216346154 0.39988425961538465 0.9166666658653846 0.3807870360576923 0.9134114591346154 0.3668981490384615 0.9007161466346154 0.3599537043269231
1 0.9274088533653846 0.35011574038461535 0.9186197908653846 0.35011574038461535 0.9127604158653846 0.3640046298076923 0.9127604158653846 0.3848379639423077 0.9195963533653846 0.3975694447115385 0.9313151033653846 0.3964120360576923 0.9391276033653846 0.37847222115384616 0.9371744783653846 0.35590277884615384 0.9274088533653846 0.35011574038461535
1 0.9449869783653846 0.3506944447115385 0.9365234375 0.361111110576923 0.9368489591346154 0.38541666586538464 0.9436848966346154 0.3952546298076923 0.9573567716346154 0.3946759254807692 0.9658203125 0.37152777884615384 0.9586588533653846 0.3553240745192308 0.9449869783653846 0.3506944447115385
1 0.9791666658653846 0.32581018509615384 0.9716796875 0.3171296298076923 0.9612630216346154 0.32175925961538465 0.9541015625 0.3321759254807692 0.953125 0.3495370360576923 0.9580078125 0.3651620360576923 0.9677734375 0.3692129639423077 0.978515625 0.3524305552884615 0.9791666658653846 0.32581018509615384
1 0.9794921875 0.34606481490384616 0.9833984375 0.3564814807692308 0.9915364591346154 0.3599537043269231 0.9967447908653846 0.3599537043269231 0.990234375 0.3368055552884615 0.9866536466346154 0.314236110576923 0.9772135408653846 0.33043981490384616 0.9794921875 0.34606481490384616
1 0.8766276033653846 0.4033564807692308 0.8688151033653846 0.4033564807692308 0.8577473966346154 0.41145833413461536 0.8564453125 0.42534722115384616 0.8587239591346154 0.4415509254807692 0.8668619783653846 0.4490740745192308 0.8785807283653846 0.4484953701923077 0.8834635408653846 0.42534722115384616 0.8766276033653846 0.4033564807692308
1 0.8958333341346154 0.3981481490384615 0.8870442716346154 0.40972222115384616 0.8782552091346154 0.40393518509615384 0.876953125 0.4143518509615385 0.8811848966346154 0.42303240625 0.8779296875 0.43981481490384616 0.884765625 0.4450231490384615 0.8987630216346154 0.4380787043269231 0.90234375 0.4160879639423077 0.8958333341346154 0.3981481490384615
1 0.9248046875 0.388888889423077 0.9153645841346154 0.388888889423077 0.9072265625 0.39699074038461535 0.9026692716346154 0.41666666586538464 0.9091796875 0.4328703701923077 0.9189453125 0.4375 0.9309895841346154 0.42071759375 0.9306640625 0.404513889423077 0.9248046875 0.388888889423077
1 0.9469401033653846 0.39293981490384616 0.9345703125 0.3865740745192308 0.9261067716346154 0.4004629639423077 0.9264322908653846 0.42534722115384616 0.9348958341346154 0.43113425961538465 0.9456380216346154 0.4305555552884615 0.9521484375 0.41145833413461536 0.9469401033653846 0.39293981490384616
1 0.966796875 0.37615740625 0.9593098966346154 0.38136574038461535 0.9527994783653846 0.4016203701923077 0.9544270841346154 0.41550925961538465 0.9619140625 0.42303240625 0.9729817716346154 0.4224537043269231 0.9791666658653846 0.4137731490384615 0.9814453125 0.392361110576923 0.9755859375 0.38020833413461536 0.966796875 0.37615740625
1 0.8880208341346154 0.4537037043269231 0.8795572908653846 0.46527777884615384 0.8776041658653846 0.48668981490384616 0.8860677091346154 0.5 0.9010416658653846 0.49884259375 0.9059244783653846 0.4797453701923077 0.9016927091346154 0.4600694447115385 0.8880208341346154 0.4537037043269231
1 0.9124348966346154 0.42824074038461535 0.9049479158653846 0.41956018509615384 0.900390625 0.41956018509615384 0.8968098966346154 0.4334490745192308 0.8889973966346154 0.44097222115384616 0.8899739591346154 0.4537037043269231 0.8977864591346154 0.46354166586538464 0.908203125 0.4618055552884615 0.9150390625 0.4444444447115385 0.9124348966346154 0.42824074038461535
1 0.9384765625 0.423611110576923 0.9274088533653846 0.42534722115384616 0.9215494783653846 0.43402777884615384 0.9182942716346154 0.453125 0.9228515625 0.4658564807692308 0.9322916658653846 0.47106481490384616 0.9427083341346154 0.46354166586538464 0.9466145841346154 0.4450231490384615 0.9384765625 0.423611110576923
1 1 0.3721064807692308 0.9947916658653846 0.3553240745192308 0.98828125 0.3524305552884615 0.982421875 0.3634259254807692 0.9791666658653846 0.37731481490384616 0.9830729158653846 0.39699074038461535 0.9915364591346154 0.40509259375 0.998046875 0.4021990745192308 1 0.390625 1 0.3721064807692308
1 0.9108072908653846 0.45428240625 0.9033203125 0.46238425961538465 0.9016927091346154 0.484375 0.9039713533653846 0.4959490745192308 0.9147135408653846 0.5028935192307692 0.9222005216346154 0.4959490745192308 0.9283854158653846 0.47800925961538465 0.9225260408653846 0.45833333413461536 0.9108072908653846 0.45428240625
1 0.9710648149038461 0.4192386826923077 0.9609375 0.4248971201923077 0.9545717596153847 0.44032921875 0.9560185192307693 0.45730452644230773 0.9664351850961539 0.4665637860576923 0.9765625 0.46604938221153847 0.9846643509615384 0.4521604927884615 0.9806134254807692 0.4264403293269231 0.9710648149038461 0.4192386826923077
1 1 0.41769547355769227 0.9858217596153847 0.41975308653846155 0.9774305552884616 0.4336419759615385 0.9811921298076923 0.4567901225961538 0.9864004639423077 0.4665637860576923 0.9933449062499999 0.4670781899038462 1 0.46347736538461537 1 0.41769547355769227
1 0.9953125 0.39629629567307695 0.9875 0.39722222115384614 0.9821180552884615 0.3876543221153846 0.9777777788461539 0.3929012355769231 0.9765625 0.4095679014423077 0.9710069447115385 0.4185185192307692 0.9762152788461538 0.4271604927884616 0.984375 0.43209876442307693 0.9932291658653847 0.4228395072115385 0.9973958341346154 0.40740740625 0.9953125 0.39629629567307695
1 0.90625 0.49290123557692306 0.9020833341346154 0.48580246875 0.8930555552884616 0.4972222211538462 0.8833333341346153 0.49074074038461535 0.8795138894230768 0.5015432091346154 0.8840277788461539 0.5120370360576924 0.8899305552884615 0.5228395072115385 0.8991319447115385 0.5185185192307692 0.9085069447115385 0.5043209879807692 0.90625 0.49290123557692306
1 0.9397569447115385 0.46450617307692305 0.9312499999999999 0.46604938221153847 0.9260416658653846 0.4712962956730769 0.9237847211538461 0.48302469230769235 0.923263889423077 0.4987654326923077 0.9284722211538461 0.5077160504807693 0.9355902788461539 0.5120370360576924 0.9451388894230769 0.503703704326923 0.949652778846154 0.48364197596153846 0.9451388894230769 0.4682098774038461 0.9397569447115385 0.46450617307692305
1 0.9664930552884615 0.46141975240384614 0.9598958341346153 0.45833333413461536 0.9519097211538461 0.4617283942307692 0.9468749999999999 0.47191357932692307 0.9454861105769231 0.48765432211538456 0.9480902788461538 0.4996913581730769 0.9557291658653846 0.5052469134615385 0.9633680552884616 0.5043209879807692 0.970486110576923 0.49320987740384614 0.971875 0.4725308653846154 0.9664930552884615 0.46141975240384614
1 0.990451389423077 0.45555555528846153 0.9815972211538462 0.45432098798076925 0.973090278846154 0.4580246923076923 0.9689236105769231 0.47283950721153845 0.9694444447115385 0.4913580240384615 0.9736111105769231 0.49660493749999995 0.9815972211538462 0.5003086418269231 0.9902777788461539 0.49660493749999995 0.9954861105769232 0.4725308653846154 0.990451389423077 0.45555555528846153
1 0.9098958341346154 0.5083333341346153 0.9024305552884615 0.5083333341346153 0.8946180552884615 0.5182098774038462 0.8928819447115385 0.5314814807692307 0.8944444447115385 0.5453703701923077 0.9012152788461538 0.5540123461538461 0.9128472211538461 0.553086420673077 0.9199652788461539 0.5302469134615385 0.917534721153846 0.5172839495192307 0.9098958341346154 0.5083333341346153
1 0.927951389423077 0.5018518509615385 0.9192708341346154 0.503703704326923 0.9112847211538462 0.5126543221153846 0.9161458341346154 0.5234567908653847 0.915798610576923 0.5388888894230769 0.9248263894230769 0.5462962956730769 0.9375 0.5376543221153847 0.9383680552884616 0.5225308653846154 0.936111110576923 0.5086419759615385 0.927951389423077 0.5018518509615385
1 0.9230902788461539 0.5419753076923077 0.9156249999999999 0.5382716057692307 0.9102430552884615 0.5496913581730769 0.9032986105769231 0.5506172836538462 0.902777778846154 0.5623456778846154 0.9046875000000001 0.5743827163461538 0.9109375 0.5842592596153846 0.923263889423077 0.5787037043269231 0.9288194447115384 0.5666666658653846 0.927951389423077 0.5521604927884616 0.9230902788461539 0.5419753076923077
1 0.9402777788461538 0.5330246923076923 0.9347222211538462 0.5333333341346154 0.927951389423077 0.5422839495192308 0.925347221153846 0.5515432091346154 0.9265625 0.5654320985576923 0.9302083341346153 0.575 0.940625 0.5777777788461539 0.9491319447115385 0.5691358028846154 0.9520833341346153 0.5512345673076923 0.9480902788461538 0.53919753125 0.9402777788461538 0.5330246923076923
1 0.9532986105769231 0.4962962956730769 0.9456597211538462 0.4969135793269231 0.9390624999999999 0.503086420673077 0.936111110576923 0.5123456778846154 0.9359375000000001 0.528086420673077 0.9390624999999999 0.5376543221153847 0.9468749999999999 0.5416666658653846 0.9552083341346154 0.5398148149038462 0.9618055552884616 0.5271604927884616 0.9612847211538462 0.5080246923076923 0.9532986105769231 0.4962962956730769
1 0.982638889423077 0.4969135793269231 0.9772569447115385 0.4904320985576923 0.9675347211538461 0.4898148149038462 0.9605902788461538 0.49598765384615384 0.9576388894230768 0.5055555552884615 0.9588541658653846 0.5234567908653847 0.9618055552884616 0.5308641971153846 0.9697916658653847 0.5354938269230769 0.9770833341346153 0.53240740625 0.9835069447115384 0.5216049375 0.9838541658653847 0.507098764423077 0.982638889423077 0.4969135793269231
1 1 0.4870370360576923 0.9947916658653846 0.48641975240384616 0.9847222211538462 0.49475308653846156 0.980902778846154 0.5052469134615385 0.9815972211538462 0.517901235576923 0.9836805552884615 0.525 0.9894097211538462 0.5308641971153846 0.9949652788461538 0.5308641971153846 1 0.5290123461538461 1 0.4870370360576923
1 0.9883680552884615 0.5240740745192307 0.9805555552884615 0.5234567908653847 0.9739583341346154 0.5293209879807692 0.9710069447115385 0.5388888894230769 0.9715277788461538 0.5527777788461539 0.9753472211538461 0.5635802475961539 0.9855902788461539 0.5679012355769231 0.993576389423077 0.5620370360576923 0.9977430552884615 0.5493827163461538 0.9963541658653846 0.5330246923076923 0.9883680552884615 0.5240740745192307
1 0.9750000000000001 0.5577160504807692 0.975173610576923 0.5444444447115384 0.971875 0.5354938269230769 0.9649305552884615 0.528086420673077 0.9579861105769231 0.528703704326923 0.9510416658653846 0.5336419759615384 0.9479166658653846 0.54259259375 0.9479166658653846 0.5546296298076923 0.9486111105769232 0.5632716057692307 0.954513889423077 0.5703703701923077 0.9618055552884616 0.5734567908653846 0.9713541658653846 0.5645061730769231 0.9750000000000001 0.5577160504807692
1 0.9817708341346154 0.56080246875 0.9750000000000001 0.5580246923076924 0.96875 0.5580246923076924 0.9633680552884616 0.5648148149038461 0.9600694447115384 0.571913579326923 0.959548610576923 0.5836419759615384 0.9609375 0.5922839495192307 0.965625 0.6 0.9720486105769232 0.6033950625 0.9831597211538461 0.5975308653846154 0.9850694447115385 0.5842592596153846 0.9848958341346153 0.5716049375 0.9817708341346154 0.56080246875
1 0.9364583341346153 0.5746913581730769 0.931076389423077 0.5697530865384615 0.9251736105769232 0.5672839495192308 0.921875 0.5759259254807693 0.9140625 0.5811728389423076 0.9140625 0.5944444447115385 0.9161458341346154 0.6058641971153846 0.9243055552884616 0.6132716057692308 0.9336805552884615 0.6080246923076923 0.9395833341346154 0.5978395072115384 0.9397569447115385 0.5864197524038461 0.9364583341346153 0.5746913581730769
1 0.940972221153846 0.5993827163461538 0.9378472211538462 0.5972222211538462 0.9307291658653847 0.60740740625 0.9244791658653846 0.6086419759615385 0.9234374999999999 0.6246913581730769 0.9251736105769232 0.6361111105769232 0.9345486105769231 0.6435185192307693 0.9456597211538462 0.6361111105769232 0.9493055552884615 0.621913579326923 0.9477430552884616 0.607098764423077 0.940972221153846 0.5993827163461538
1 0.962673610576923 0.5793209879807693 0.9572916658653846 0.5654320985576923 0.9501736105769231 0.5629629639423077 0.939236110576923 0.5722222211538461 0.9373263894230769 0.5790123461538461 0.9373263894230769 0.5938271610576923 0.9401041658653846 0.6024691346153846 0.9460069447115385 0.6083333341346153 0.954861110576923 0.6055555552884615 0.9602430552884615 0.5984567908653846 0.962673610576923 0.5793209879807693
1 1 0.5527777788461539 0.9953125 0.5552469134615385 0.9883680552884615 0.5617283942307693 0.9852430552884616 0.5731481490384616 0.9850694447115385 0.5882716057692308 0.9885416658653846 0.5956790120192308 0.9944444447115385 0.5984567908653846 1 0.5984567908653846 1 0.5527777788461539
1 0.9685763894230769 0.5944444447115385 0.9611111105769231 0.5919753076923077 0.9532986105769231 0.5990740745192308 0.9475694447115385 0.607098764423077 0.9477430552884616 0.6253086418269231 0.9508680552884615 0.6333333341346153 0.9586805552884615 0.6382716057692307 0.9685763894230769 0.6327160504807693 0.9729166658653846 0.6206790120192308 0.9723958341346154 0.6049382716346154 0.9685763894230769 0.5944444447115385
1 0.9932291658653847 0.5916666658653846 0.984375 0.5882716057692308 0.9776041658653847 0.5929012355769231 0.9720486105769232 0.6003086418269231 0.9717013894230769 0.6157407403846153 0.9744791658653846 0.6262345673076923 0.9819444447115384 0.6333333341346153 0.9894097211538462 0.6327160504807693 0.9963541658653846 0.6212962956730769 0.9972222211538462 0.6021604927884615 0.9932291658653847 0.5916666658653846
1 0.9576388894230768 0.6336419759615384 0.9522569447115384 0.6290123461538462 0.9456597211538462 0.6287037043269231 0.9364583341346153 0.6385802475961538 0.9347222211538462 0.650308641826923 0.9371527788461538 0.6657407403846154 0.9477430552884616 0.6731481490384615 0.9598958341346153 0.6608024687499999 0.9604166658653847 0.6478395072115385 0.9576388894230768 0.6336419759615384
1 0.980034721153846 0.6246913581730769 0.971875 0.621913579326923 0.9642361105769232 0.6293209879807692 0.959548610576923 0.6370370360576924 0.9607638894230769 0.6564814807692307 0.967361110576923 0.6648148149038462 0.974826389423077 0.6663580240384616 0.9845486105769231 0.6555555552884615 0.9852430552884616 0.6373456778846154 0.980034721153846 0.6246913581730769
1 1 0.6209876538461538 0.9984375000000001 0.6197530865384615 0.9899305552884615 0.6256172836538462 0.9855902788461539 0.6367283942307692 0.9854166658653847 0.6512345673076924 0.9883680552884615 0.6595679014423077 0.9947916658653846 0.6623456778846154 1 0.6629629639423077 1 0.6209876538461538
1 0.9677083341346153 0.6617283942307692 0.9631944447115385 0.6549382716346154 0.9583333341346154 0.6530864206730769 0.954513889423077 0.6629629639423077 0.9477430552884616 0.66759259375 0.9461805552884616 0.6790123461538461 0.9489583341346154 0.6922839495192308 0.9564236105769232 0.6984567908653846 0.9630208341346154 0.6962962956730769 0.9684027788461538 0.6910493822115384 0.9720486105769232 0.6817901225961538 0.9723958341346154 0.6691358028846154 0.9677083341346153 0.6617283942307692
1 0.9925347211538462 0.6564814807692307 0.985763889423077 0.6564814807692307 0.9788194447115385 0.6598765432692308 0.9736111105769231 0.6691358028846154 0.9736111105769231 0.6833333341346154 0.9772569447115385 0.6932098774038462 0.9848958341346153 0.6990740745192308 0.9911458341346153 0.6966049375 0.996527778846154 0.688888889423077 0.9998263894230769 0.6790123461538461 0.9980902788461539 0.66759259375 0.9925347211538462 0.6564814807692307
1 0.984375 0.6947530865384616 0.9802083341346154 0.6901234567307692 0.9729166658653846 0.6882716057692307 0.9645833341346154 0.6947530865384616 0.9618055552884616 0.7083333341346154 0.962673610576923 0.7231481490384616 0.9684027788461538 0.7293209879807693 0.9760416658653847 0.7311728389423077 0.9842013894230769 0.7209876538461538 0.9866319447115385 0.7145061730769231 0.9866319447115385 0.7024691346153846 0.984375 0.6947530865384616
1 1 0.6864197524038461 0.9914930552884615 0.6935185192307693 0.9873263894230769 0.7052469134615384 0.9869791658653846 0.7145061730769231 0.9888888894230768 0.724691358173077 0.995659721153846 0.7314814807692307 0.9994791658653847 0.7311728389423077 1 0.7280864206730769 1 0.6864197524038461
1 0.9972222211538462 0.7290123461538461 0.9927083341346153 0.7203703701923078 0.985763889423077 0.7175925937500001 0.9786458341346154 0.7216049375 0.9732638894230768 0.7333333341346153 0.973090278846154 0.7493827163461538 0.9791666658653846 0.7598765432692307 0.990798610576923 0.7595679014423078 0.996527778846154 0.7509259254807692 0.998263889423077 0.7410493822115385 0.9972222211538462 0.7290123461538461
1 0.987847221153846 0.7691358028846154 0.9894097211538462 0.7873456778846154 0.9942708341346154 0.7932098774038461 1 0.7950617283653846 0.9998263894230769 0.7509259254807692 0.9942708341346154 0.7570987644230769 0.987847221153846 0.7691358028846154
1 0.76567265625 0.35423653846153846 0.7545719278846155 0.3601569254807692 0.7473564567307692 0.37890481971153844 0.7512417115384615 0.39765271634615384 0.7606773293269231 0.40850675961538463 0.7715005384615385 0.40357310336538466 0.7784384927884616 0.3872920360576923 0.7781609735576923 0.3680507764423077 0.76567265625 0.35423653846153846
1 0.7448587932692308 0.32266113701923077 0.7326479927884615 0.3335151802884615 0.7293177740384615 0.3537431730769231 0.7357006923076923 0.37199770192307696 0.7473564567307692 0.37791808894230766 0.7584571826923077 0.3655839471153846 0.7612323653846154 0.3468360528846154 0.7559595192307692 0.3261146947115385 0.7448587932692308 0.32266113701923077
1 0.7301503293269231 0.29848621875 0.7184945649038461 0.29947294951923076 0.7087814302884615 0.310820360576923 0.7082263942307693 0.3345019110576923 0.7134992379807692 0.3493028822115385 0.7270976298076923 0.35176970913461536 0.73514565625 0.34436922596153846 0.7390309110576924 0.3251279639423077 0.7357006923076923 0.3078601658653846 0.7301503293269231 0.29848621875
1 0.6824071923076923 0.29386218028846156 0.6750058125 0.29386218028846156 0.66612415625 0.30921318990384616 0.6641504567307692 0.32719580048076924 0.6708116971153846 0.343862610576923 0.68388746875 0.3478100120192308 0.6932625480769231 0.3324590024038461 0.6944961105769232 0.3157921923076923 0.6900552836538462 0.3000025841346154 0.6824071923076923 0.29386218028846156
1 0.6962231009615384 0.32061679567307694 0.6885750072115384 0.3298274014423077 0.6843808942307692 0.3482486129807692 0.6868480192307692 0.3627224206730769 0.6962231009615384 0.3745646298076923 0.70781859375 0.3693014254807692 0.7149732620192307 0.3521960144230769 0.7125061346153847 0.3342134038461539 0.7060916057692308 0.3223711971153846 0.6962231009615384 0.32061679567307694
1 0.6446601562500001 0.2785111706730769 0.6318310985576924 0.28640597596153844 0.6266501322115385 0.30658158653846157 0.6291172596153847 0.32412559855769235 0.6355317884615383 0.3346520048076923 0.6463871442307692 0.3350906057692308 0.6574892139423076 0.3219325961538461 0.6579826394230769 0.3017569831730769 0.6532950985576923 0.28465157451923073 0.6446601562500001 0.2785111706730769
1 0.6552688004807692 0.31359919230769234 0.6493476971153846 0.32807299999999995 0.6392324783653845 0.33158180288461536 0.6355317884615383 0.3482486129807692 0.6421930288461539 0.3666698245192308 0.6505812596153846 0.3714944278846154 0.6611899038461538 0.36623122355769233 0.6671110072115384 0.3447398100961539 0.6619300408653845 0.32280979807692306 0.6552688004807692 0.31359919230769234
1 0.6019788677884615 0.2741251682692308 0.5903833725961538 0.2758795697115385 0.5837221322115385 0.2890375769230769 0.5837221322115385 0.3118447908653846 0.5876695336538462 0.32412559855769235 0.6014854423076923 0.32719580048076924 0.6118473725961538 0.3118447908653846 0.611107235576923 0.2850901730769231 0.6019788677884615 0.2741251682692308
1 0.6086401081730769 0.3070201875 0.6024722932692308 0.32324839663461535 0.6037058557692307 0.3412310096153846 0.611107235576923 0.3561434182692308 0.6234428677884616 0.35702061778846156 0.6325712355769231 0.33816080769230766 0.6320778100961538 0.3197395961538462 0.6214691682692308 0.3030727860576923 0.6086401081730769 0.3070201875
1 0.611107235576923 0.3469328125 0.6061729831730769 0.32895020192307695 0.594824201923077 0.3236869975961539 0.58273528125 0.33377480288461536 0.579528016826923 0.3521960144230769 0.5824885673076923 0.3732488269230769 0.5987716033653846 0.3807050336538461 0.6088868221153846 0.36359962259615386 0.611107235576923 0.3469328125
1 0.5990183149038462 0.3693014254807692 0.5876695336538462 0.3719330264423077 0.5819951442307693 0.3855296346153846 0.5849556947115384 0.41316145192307696 0.5928505000000001 0.4214948581730769 0.6044459951923077 0.4188632548076923 0.6120940865384615 0.39868764423076924 0.6098736730769231 0.37544182932692305 0.5990183149038462 0.3693014254807692
1 0.6066664086538461 0.3960560408653846 0.60543284375 0.4149158533653846 0.6098736730769231 0.42895106250000004 0.6185086153846153 0.4364072668269231 0.6301041105769231 0.43158266346153845 0.6352850745192308 0.40965265144230767 0.6313376730769231 0.38991563701923077 0.6185086153846153 0.3842138341346154 0.6066664086538461 0.3960560408653846
1 0.6227027307692308 0.3447398100961539 0.616288201923077 0.35351181490384614 0.6140677884615384 0.37281022836538463 0.6207290288461539 0.39210863942307694 0.6345449375 0.39474024038461536 0.6439200192307692 0.3771962307692308 0.6441667307692308 0.35526621634615385 0.633311375 0.34254681009615384 0.6227027307692308 0.3447398100961539
1 0.6532950985576923 0.36184522115384615 0.6419463173076922 0.36447682211538457 0.6355317884615383 0.3855296346153846 0.6394791899038462 0.4083368485576923 0.6572425024038462 0.41754745432692303 0.6685912836538462 0.3929858389423077 0.6634103173076924 0.367985625 0.6532950985576923 0.36184522115384615
1 0.6883282956730769 0.35044161298076926 0.6779663629807692 0.33816080769230766 0.66365703125 0.3407924086538462 0.6572425024038462 0.3631610216346154 0.66365703125 0.3868454375 0.6799400649038462 0.39079283894230765 0.6878348701923076 0.37281022836538463 0.6883282956730769 0.35044161298076926
1 0.6977033774038461 0.36447682211538457 0.6866013076923078 0.37281022836538463 0.6826539038461538 0.39474024038461536 0.6880815817307693 0.41710885576923074 0.7038711923076922 0.41710885576923074 0.7152199735576924 0.3969332427884616 0.7095455841346153 0.3745646298076923 0.6977033774038461 0.36447682211538457
1 0.735697125 0.35833641826923074 0.7241016298076922 0.343862610576923 0.711025858173077 0.3482486129807692 0.7048580432692308 0.367985625 0.7102857211538461 0.39035423798076924 0.7211410769230769 0.39912624278846154 0.7361905504807692 0.3798278317307692 0.735697125 0.35833641826923074
1 0.6523082475961538 0.40789825 0.6419463173076922 0.40131924519230766 0.6315843870192308 0.40965265144230767 0.6271435576923078 0.42807386057692304 0.6313376730769231 0.4478108725961538 0.6419463173076922 0.4557056778846154 0.6545286634615385 0.44693367307692305 0.6577359278846154 0.4258808605769231 0.6523082475961538 0.40789825
1 0.6352850745192308 0.4390388677884615 0.6281304086538462 0.4271966610576923 0.6157947764423077 0.4271966610576923 0.6081466850961539 0.43509146634615387 0.6066664086538461 0.46053028125 0.6143145 0.47895149278846155 0.6278836971153846 0.47719709134615385 0.6350383629807692 0.45921448076923077 0.6352850745192308 0.4390388677884615
1 0.6481141346153846 0.44430207211538464 0.6352850745192308 0.4482494735576923 0.6286238341346154 0.46447768269230766 0.6296106850961538 0.4846532956730769 0.6370120649038462 0.5000043052884615 0.6523082475961538 0.4951797019230769 0.6597096274038462 0.47588129086538467 0.6567490769230768 0.46053028125 0.6481141346153846 0.44430207211538464
1 0.6735255360576923 0.4258808605769231 0.6634103173076924 0.4201790576923077 0.6540352379807692 0.42807386057692304 0.6488542716346154 0.4495652740384615 0.6542819495192307 0.4706180865384615 0.6683445697115384 0.47675849038461543 0.6801867788461539 0.46184608173076924 0.6804334903846154 0.4438634711538461 0.6735255360576923 0.4258808605769231
1 0.6900552836538462 0.40965265144230767 0.6868480192307692 0.3929858389423077 0.6787065024038461 0.38289803365384617 0.66489059375 0.3842138341346154 0.659216201923077 0.4039508461538462 0.6602030528846154 0.42281065865384615 0.6752525240384616 0.4368458677884615 0.6846276057692309 0.42675806009615386 0.6900552836538462 0.40965265144230767
1 0.6898085721153847 0.4153544543269231 0.6784597884615385 0.4285124615384615 0.6757459495192308 0.44649507211538464 0.6796933533653846 0.4622846826923077 0.6895618581730769 0.4706180865384615 0.7009106418269231 0.46447768269230766 0.707325170673077 0.4460564735576923 0.7031310552884615 0.4232492596153846 0.6898085721153847 0.4153544543269231
1 0.7085587331730768 0.40263504567307695 0.699677076923077 0.4157930528846154 0.7004172163461538 0.4372844663461538 0.7063383197115385 0.45044247596153847 0.7226213533653846 0.4517582764423077 0.7305161586538461 0.4328984639423077 0.7290358822115385 0.41360005288461543 0.7194140889423076 0.39956484375 0.7085587331730768 0.40263504567307695
1 0.7310095841346154 0.37895063221153846 0.7221279278846153 0.3916700384615384 0.7233614927884615 0.4201790576923077 0.7339701370192308 0.4307054639423077 0.7455656298076924 0.42807386057692304 0.7532137235576923 0.40965265144230767 0.7514867331730769 0.38816123798076924 0.7421116538461539 0.3776348317307692 0.7310095841346154 0.37895063221153846
1 0.7606151009615385 0.3982490432692308 0.7480327572115384 0.4083368485576923 0.7458123437499999 0.43553006490384616 0.7574078365384616 0.45263547596153847 0.7734441610576923 0.4478108725961538 0.7776382740384615 0.43158266346153845 0.7744310096153846 0.4065824495192307 0.7606151009615385 0.3982490432692308
1 0.7512400216346153 0.4324598629807692 0.7398912403846154 0.4223720576923077 0.7278023197115384 0.42895106250000004 0.7233614927884615 0.4587758798076923 0.7329832860576923 0.47500409134615384 0.7482794687500001 0.47500409134615384 0.7546939975961539 0.4530740769230769 0.7512400216346153 0.4324598629807692
1 0.7643157908653847 0.4456178725961539 0.7529670096153847 0.45044247596153847 0.7463057692307692 0.4763198918269231 0.7556808485576922 0.4964955024038461 0.76850990625 0.4973727043269231 0.7781316995192308 0.4780742908653846 0.7746777235576924 0.45482847836538465 0.7643157908653847 0.4456178725961539
1 0.750253170673077 0.4728110889423077 0.73816425 0.46842508653846154 0.7275556057692308 0.47895149278846155 0.7238549182692308 0.5008815048076923 0.7315030096153846 0.5162325144230769 0.7453189182692307 0.5219343197115385 0.7554341370192308 0.5000043052884615 0.750253170673077 0.4728110889423077
1 0.7327365721153847 0.4675478846153846 0.7258286177884615 0.4495652740384615 0.7149732620192307 0.44254767067307693 0.7026376298076923 0.45395127644230765 0.7001705024038463 0.47544268990384614 0.7065850312499999 0.49430250240384616 0.7228680673076924 0.4956183028846154 0.7327365721153847 0.4675478846153846
1 0.7075718822115384 0.48596909615384615 0.7021442043269231 0.46403908413461536 0.692028985576923 0.4596530817307692 0.6799400649038462 0.4693022860576923 0.6764860889423077 0.4886006995192308 0.6801867788461539 0.5048289086538461 0.6890684326923077 0.5127237139423078 0.7014040649038461 0.507899110576923 0.7075718822115384 0.48596909615384615
1 0.6979500889423077 0.5057061081730769 0.6836407548076924 0.5070219086538461 0.6767328004807692 0.5175483173076922 0.6767328004807692 0.5394783293269231 0.6836407548076924 0.556145139423077 0.6969632379807693 0.5552679399038462 0.7075718822115384 0.5368467283653846 0.7058448942307692 0.52149571875 0.6979500889423077 0.5057061081730769
1 0.6685912836538462 0.4671092860576923 0.659216201923077 0.4697408870192307 0.6518148221153847 0.4864076971153847 0.6518148221153847 0.5061447091346154 0.6631636057692307 0.5197413173076924 0.676239375 0.5136009134615385 0.6821604783653845 0.49430250240384616 0.6787065024038461 0.47675849038461543 0.6685912836538462 0.4671092860576923
1 0.5881629591346154 0.46140748076923077 0.6004985913461538 0.4631618822115385 0.6101203846153846 0.4530740769230769 0.6125875120192308 0.4333370649038461 0.6083933966346154 0.41710885576923074 0.5982781778846153 0.40965265144230767 0.5852024086538461 0.42061765625 0.5829819927884615 0.44210906971153846 0.5881629591346154 0.46140748076923077
1 0.595317625 0.45833727884615383 0.584708983173077 0.4675478846153846 0.58150171875 0.4938639014423077 0.5903833725961538 0.5096535120192308 0.6039525697115384 0.5114079134615385 0.6120940865384615 0.49912710576923075 0.6128342235576923 0.47895149278846155 0.6061729831730769 0.4622846826923077 0.595317625 0.45833727884615383
1 0.6342982259615385 0.5096535120192308 0.6357785 0.4872848966346154 0.6271435576923078 0.47193388942307696 0.6128342235576923 0.4710566875 0.6066664086538461 0.49430250240384616 0.6103670985576923 0.5171097163461538 0.6239362932692308 0.5219343197115385 0.6342982259615385 0.5096535120192308
1 0.6160414879807692 0.5114079134615385 0.6083933966346154 0.5017587067307692 0.5960577644230769 0.5030745072115385 0.5879162475961539 0.5175483173076922 0.5901366610576922 0.5429871322115385 0.5997584543269231 0.5548293389423077 0.6135743629807693 0.5504433365384616 0.6185086153846153 0.524565920673077 0.6160414879807692 0.5114079134615385
1 0.6106138100961538 0.5486889350961538 0.60296571875 0.5447415336538461 0.5926037860576924 0.5526363365384616 0.587176108173077 0.5706189495192308 0.5921103605769231 0.5934261634615384 0.60543284375 0.5978121658653847 0.6140677884615384 0.589917360576923 0.6175217644230769 0.5671101466346153 0.6106138100961538 0.5486889350961538
1 0.6224560168269231 0.5197413173076924 0.6150546394230769 0.5276361225961538 0.6096269591346154 0.5434257307692307 0.6125875120192308 0.5627241442307692 0.6204823173076923 0.5728119495192308 0.6320778100961538 0.5723733485576923 0.6394791899038462 0.5543907379807692 0.6397259038461538 0.5355309278846154 0.633311375 0.5254431201923077 0.6224560168269231 0.5197413173076924
1 0.6547753749999999 0.535092326923077 0.6599563413461538 0.5206185192307692 0.6582293509615386 0.5048289086538461 0.6510746850961537 0.49210950000000003 0.6407127548076923 0.49167090144230774 0.6318310985576924 0.50044290625 0.6278836971153846 0.5188641177884615 0.6342982259615385 0.5377239278846153 0.6471272836538462 0.54254853125 0.6547753749999999 0.535092326923077
1 0.6449068677884615 0.54254853125 0.6347916514423078 0.5526363365384616 0.6318310985576924 0.57193475 0.640219329326923 0.5903559615384615 0.6505812596153846 0.5947419639423077 0.6602030528846154 0.5815839543269231 0.6619300408653845 0.56140834375 0.6560089375 0.5482503341346153 0.6449068677884615 0.54254853125
1 0.6779663629807692 0.5552679399038462 0.6821604783653845 0.5429871322115385 0.6801867788461539 0.5232501201923078 0.6745123870192308 0.5136009134615385 0.6631636057692307 0.5122851129807692 0.6562556514423077 0.5184255168269231 0.6505812596153846 0.5346537259615385 0.6537885240384615 0.5552679399038462 0.6658774447115385 0.5644785456730769 0.6779663629807692 0.5552679399038462
1 0.7270621826923077 0.5324607259615385 0.7310095841346154 0.5118465120192307 0.7253351923076923 0.4925481009615385 0.7144798365384616 0.4899165 0.7038711923076922 0.49342530048076927 0.699677076923077 0.5131623125 0.7031310552884615 0.5377239278846153 0.7179338125 0.5412327307692307 0.7270621826923077 0.5324607259615385
1 0.7616019519230769 0.4995657043269231 0.7519801586538463 0.5021973076923077 0.743838641826923 0.5149167139423076 0.7418649399038462 0.5342151274038461 0.7472926201923078 0.5464959326923077 0.7576545504807692 0.5521977379807692 0.7680164807692308 0.5460573341346154 0.7729507355769231 0.5263203221153846 0.7697434711538461 0.510092110576923 0.7616019519230769 0.4995657043269231
1 0.7245950552884615 0.5276361225961538 0.7194140889423076 0.5464959326923077 0.7228680673076924 0.5662329447115385 0.7337234230769231 0.5736891514423077 0.7443320673076923 0.5679873461538462 0.7519801586538463 0.5486889350961538 0.7455656298076924 0.5271975216346154 0.7371774014423077 0.5223729182692307 0.7245950552884615 0.5276361225961538
1 0.7072266442307692 0.5410371971153846 0.6967165264423076 0.5513205360576923 0.69523625 0.5644785456730769 0.6991836514423077 0.58465415625 0.7090521586538461 0.5921103605769231 0.7218812163461539 0.5855313581730769 0.7263220432692308 0.5649171442307692 0.7211410769230769 0.5447415336538461 0.7072266442307692 0.5410371971153846
1 0.6794220552884614 0.596114173076923 0.69099259375 0.5973483653846153 0.6970092740384615 0.5882976322115385 0.7004804375 0.575544326923077 0.6967778653846154 0.5545630817307692 0.6879842548076923 0.5471579375 0.6780335913461539 0.5471579375 0.6703970360576924 0.5570314639423077 0.6692399807692309 0.5722531514423077 0.6720169110576923 0.5870634423076923 0.6794220552884614 0.596114173076923
1 0.6560495673076924 0.5833608677884615 0.6479501899038461 0.5862406466346154 0.6410078653846154 0.596114173076923 0.6412392764423077 0.6175068149038462 0.6451732596153845 0.6286145336538461 0.6544296923076923 0.6319057091346154 0.6643803557692307 0.6277917379807693 0.6694713918269231 0.6166840216346153 0.6690085697115384 0.5944685865384616 0.6646117668269231 0.5874748389423077 0.6560495673076924 0.5833608677884615
1 0.7611100625 0.5463351442307692 0.7502337548076923 0.5492149230769231 0.7416715552884615 0.5648480072115385 0.7428286105769231 0.58582925 0.7520850408653845 0.5981711586538462 0.7650440456730769 0.596114173076923 0.7722177788461538 0.575544326923077 0.7696722596153845 0.557442860576923 0.7611100625 0.5463351442307692
1 0.746068360576923 0.5804810913461538 0.7379689831730769 0.5693733725961538 0.7250099807692307 0.5730759447115384 0.7180676562499999 0.5882976322115385 0.7196875312500001 0.6088674783653846 0.7273240865384616 0.6191524038461539 0.7409773245192308 0.6199751971153845 0.74838246875 0.5977597620192308 0.746068360576923 0.5804810913461538
1 0.7567132572115385 0.5928229975961539 0.74514271875 0.5952913798076923 0.7368119302884615 0.6146270360576923 0.7368119302884615 0.6277917379807693 0.7442170745192308 0.64383621875 0.7594901850961538 0.6421906322115384 0.7671267427884616 0.6261461514423078 0.7650440456730769 0.6035193197115385 0.7567132572115385 0.5928229975961539
1 0.7222330504807692 0.6088674783653846 0.7215388173076923 0.594879983173077 0.7164477812500001 0.5821266778846154 0.7051086514423077 0.5792468990384616 0.6979349182692308 0.5845950600961538 0.6916868269230769 0.5985825552884616 0.6935381129807693 0.6170954182692309 0.6988605625000001 0.6240891658653845 0.7099682788461539 0.6298487235576923 0.7189933004807691 0.6220321826923076 0.7222330504807692 0.6088674783653846
1 0.6690085697115384 0.6080446850961538 0.6692399807692309 0.6269689447115384 0.6754880721153846 0.6380766634615385 0.686827201923077 0.6393108533653845 0.6951579879807692 0.6323171057692308 0.6970092740384615 0.6146270360576923 0.6940009350961538 0.5957027764423077 0.6824303966346155 0.5915888076923077 0.675719483173077 0.594879983173077 0.6690085697115384 0.6080446850961538
1 0.6410078653846154 0.5940571899038462 0.6389251682692307 0.5763671201923077 0.634296954326923 0.5656708004807692 0.6278174519230769 0.5627910216346154 0.6169411442307692 0.5669049903846154 0.6116186971153846 0.5813038846153846 0.6106930528846154 0.59693696875 0.6160155024038462 0.6109244639423077 0.626197576923077 0.6158612283653846 0.6368424711538462 0.6063990985576923 0.6410078653846154 0.5940571899038462
1 0.6329084879807693 0.6080446850961538 0.6248091105769231 0.6092788774038461 0.6162469110576924 0.6195638004807692 0.6146270360576923 0.6372538677884615 0.6201808966346154 0.6541211442307693 0.6275860408653846 0.6586465096153845 0.6368424711538462 0.6574123197115385 0.6419335096153845 0.6458932043269231 0.6430905625 0.6290259302884615 0.6396194014423077 0.616272625 0.6329084879807693 0.6080446850961538
1 0.6204123052884616 0.6187410072115385 0.6178667884615384 0.6018737307692308 0.6104616418269231 0.5911774110576923 0.600742389423077 0.5895318221153846 0.5912545480769231 0.5994053509615385 0.5889404399038461 0.6170954182692309 0.5926430120192308 0.6310829134615384 0.5991225144230768 0.6388994567307692 0.6127757500000001 0.6372538677884615 0.6204123052884616 0.6187410072115385
1 0.6009738004807692 0.6545325408653846 0.5947257091346153 0.6709884182692308 0.5942628870192308 0.6907354711538461 0.6065276586538462 0.7039001730769231 0.6192552524038462 0.6964950288461539 0.6245776995192307 0.6767479759615385 0.6206437163461539 0.6570009230769231 0.6123129278846154 0.6524755552884615 0.6009738004807692 0.6545325408653846
1 0.6345283629807692 0.6504185721153846 0.6229578245192309 0.6532983485576923 0.6164783221153846 0.6607034951923076 0.62226359375 0.6759251826923076 0.6192552524038462 0.6919696634615384 0.62388346875 0.7001976009615384 0.6379995264423077 0.6973178221153845 0.6444790264423077 0.6812733413461539 0.6419335096153845 0.6660516538461538 0.6345283629807692 0.6504185721153846
1 0.6507271177884615 0.6676972427884615 0.6414706875 0.6734568004807693 0.6373052932692308 0.69361525 0.6398508125 0.7096597307692308 0.6493386538461539 0.7207674495192309 0.6622976586538462 0.7158306850961539 0.6671572836538461 0.6927924567307693 0.6625290697115385 0.6759251826923076 0.6507271177884615 0.6676972427884615
1 0.6583636754807694 0.6265575480769231 0.6500328870192308 0.6257347548076923 0.640776454326923 0.629437326923077 0.6370738822115385 0.6495957764423077 0.6393879903846155 0.6648174639423078 0.6477187788461538 0.6734568004807693 0.6599835504807692 0.6738681971153846 0.6660002307692309 0.6570009230769231 0.6653059975961538 0.6388994567307692 0.6583636754807694 0.6265575480769231
1 0.6801162884615385 0.6347854879807693 0.6694713918269231 0.63560828125 0.6620662475961538 0.6442476177884615 0.6622976586538462 0.668108639423077 0.670165625 0.6808619447115384 0.6842816826923077 0.6829189302884615 0.69099259375 0.6615262884615384 0.68775284375 0.6421906322115384 0.6801162884615385 0.6347854879807693
1 0.7076246009615385 0.6203760528846154 0.6967471153846153 0.6182854855769231 0.6870455721153846 0.6313515360576923 0.6864576009615385 0.6569609927884615 0.693513266826923 0.67159496875 0.7073306153846153 0.671072326923077 0.7155622259615384 0.6522572139423077 0.7149742548076923 0.6339647451923077 0.7076246009615385 0.6203760528846154
1 0.7173261442307692 0.6480760793269231 0.7111524350961538 0.6695044014423076 0.7143862836538462 0.6867515865384616 0.7261457283653846 0.6956365000000001 0.737905173076923 0.6877968701923076 0.7423149639423077 0.6726402524038462 0.7390811177884615 0.6501666466346154 0.7290855889423077 0.6412817331730769 0.7173261442307692 0.6480760793269231
1 0.7549563677884615 0.6381458798076923 0.7405510480769231 0.641804375 0.7361412548076923 0.6653232644230769 0.7408450336538461 0.6810025240384616 0.7502525889423077 0.6914553653846155 0.7626000072115384 0.6867515865384616 0.7693616875 0.666368548076923 0.7658338533653846 0.6459855120192307 0.7549563677884615 0.6381458798076923
1 0.7508405625 0.6820478076923078 0.7396690889423077 0.6804798822115384 0.7273216730769231 0.6940685745192308 0.7249697836538461 0.7118384038461538 0.7340833533653845 0.7301308725961538 0.7467247572115384 0.7332667235576923 0.7546623822115385 0.7207233173076923 0.7570142716346153 0.6977270697115384 0.7508405625 0.6820478076923078
1 0.7196780336538461 0.6789119567307692 0.7120343942307692 0.6705496850961539 0.6982170456730769 0.6752534639423077 0.6920433365384615 0.6909327235576923 0.693513266826923 0.7102704759615384 0.7085065600961538 0.7212459591346154 0.7179141153846154 0.7123610456730769 0.7214419495192307 0.6977270697115384 0.7196780336538461 0.6789119567307692
1 0.7108584495192307 0.7207233173076923 0.7073306153846153 0.74267428125 0.7117404062499999 0.7593988245192308 0.7223239086538461 0.7630573197115385 0.7329074086538461 0.754695045673077 0.737905173076923 0.7390157860576922 0.7343773389423076 0.7228138846153846 0.7226178942307692 0.7123610456730769 0.7108584495192307 0.7207233173076923
1 0.6749921418269231 0.6757761057692308 0.6652905985576923 0.6851836610576924 0.6620567524038462 0.7076572668269231 0.6658785721153847 0.7228138846153846 0.6817538221153847 0.7296082307692308 0.6917493509615384 0.707134625 0.6885155024038461 0.6799572403846154 0.6749921418269231 0.6757761057692308
1 0.689985435096154 0.7599214663461538 0.7014508942307691 0.7593988245192308 0.7085065600961538 0.7447648485576923 0.7088005456730768 0.7228138846153846 0.7002749495192307 0.7102704759615384 0.6885155024038461 0.7118384038461538 0.6802838918269232 0.7238591682692307 0.6805778774038462 0.7494686274038462 0.689985435096154 0.7599214663461538
1 0.7692326322115384 0.8324063269230769 0.7643382572115385 0.8643104038461539 0.7757584663461539 0.8976646634615384 0.8034932596153846 0.8918639230769231 0.8059404471153846 0.8483583653846154 0.7945202379807692 0.8251554014423077 0.7692326322115384 0.8324063269230769
1 0.6395316899038461 0.9324691081730769 0.6215856490384616 0.9658233701923076 0.6281114807692307 0.9977274447115385 0.6664507548076923 1 0.6721608581730769 0.9701739254807692 0.6640035673076923 0.9368196634615384 0.6395316899038461 0.9324691081730769
1 0.3743868389423077 0.17090653365384614 0.36582036057692313 0.17316272596153848 0.36106120432692307 0.19741678846153846 0.36645491346153847 0.21546632451923076 0.37787688461538466 0.21997870673076925 0.3864433629807692 0.20926179567307693 0.38771247115384616 0.18839202163461538 0.3826360408653846 0.17316272596153848 0.3743868389423077 0.17090653365384614
1 0.34837012500000003 0.19008416586538462 0.3401209230769231 0.19798083653846155 0.33948637019230765 0.2149022764423077 0.34488007932692305 0.2318237139423077 0.35439838942307694 0.23746419471153846 0.36359942067307693 0.2318237139423077 0.36645491346153847 0.20869774759615384 0.3594748197115385 0.18839202163461538 0.34837012500000003 0.19008416586538462
1 0.3210843052884615 0.21208203605769232 0.3141042115384615 0.22561918749999998 0.3147387668269231 0.24479681730769232 0.3210843052884615 0.2555137283653846 0.3280643990384616 0.242540625 0.3382172620192308 0.24366872115384614 0.3407554783653846 0.23238776201923078 0.3334581081730769 0.21095393990384614 0.3210843052884615 0.21208203605769232
1 0.3033167932692308 0.2645384975961539 0.30173040865384615 0.28258803125000004 0.30648956490384616 0.3051499495192308 0.3201324735576923 0.3062780456730769 0.3271125673076923 0.29217684615384615 0.32457435096153847 0.26848683173076926 0.3141042115384615 0.25946206490384616 0.3033167932692308 0.2645384975961539
1 0.30902778124999997 0.29781732692307694 0.30109585576923076 0.3051499495192308 0.2988749158653846 0.3248916298076923 0.3045859014423077 0.3412490192307692 0.31695970432692305 0.3451973557692308 0.3261607379807692 0.33109615625 0.3236225216346154 0.30571399759615386 0.30902778124999997 0.29781732692307694
1 0.3334581081730769 0.29217684615384615 0.3274298461538461 0.29950947115384613 0.3261607379807692 0.31981519711538464 0.3325062764423077 0.33560854086538466 0.34646646394230773 0.33673663701923073 0.35312928125 0.3136106706730769 0.3458319110576923 0.29217684615384615 0.3334581081730769 0.29217684615384615
1 0.3325062764423077 0.2369001466346154 0.32044975240384616 0.24818110576923078 0.3185460889423077 0.2673587355769231 0.32520890625 0.28879256009615384 0.34107275480769234 0.28879256009615384 0.3486874038461538 0.2690508798076923 0.3445628028846154 0.24592491346153847 0.3325062764423077 0.2369001466346154
1 0.35312928125 0.27130707211538463 0.3451973557692308 0.28315207932692305 0.3486874038461538 0.30853423798076923 0.3575711586538462 0.31868710096153846 0.3712140673076923 0.30684209375 0.3712140673076923 0.28484422355769234 0.3632821442307692 0.27130707211538463 0.35312928125 0.27130707211538463
1 0.38136693269230765 0.21321013221153845 0.3705795144230769 0.20926179567307693 0.3639166971153846 0.2177225144230769 0.36169575961538464 0.23520800240384615 0.36423397596153845 0.25043729807692305 0.37184862259615387 0.25833396875000003 0.38041510096153847 0.2560777764423077 0.3886643028846154 0.24197657692307692 0.38739519471153844 0.2227989471153846 0.38136693269230765 0.21321013221153845
1 0.39945171875 0.15172890384615384 0.3892988557692308 0.15736938221153848 0.38580881009615386 0.17147058173076923 0.3886643028846154 0.19290440384615384 0.3978653341346154 0.20305726923076922 0.4092873052884615 0.19346845192307693 0.41246007692307696 0.17541891826923078 0.4086527524038462 0.15793343028846152 0.39945171875 0.15172890384615384
1 0.41817106249999997 0.12973103365384617 0.4105564134615385 0.14270413461538461 0.41214279807692306 0.1658301033653846 0.41944017067307693 0.1771110625 0.4330830793269231 0.1742908221153846 0.43657312740384613 0.14890866346153847 0.43086214182692306 0.12973103365384617 0.41817106249999997 0.12973103365384617
1 0.4533888076923077 0.10998935336538462 0.44291866586538464 0.12183436057692307 0.44418777403846155 0.14834461538461538 0.45402336057692305 0.16075367067307691 0.4651280552884615 0.1556772379807692 0.4705217644230769 0.13424341586538463 0.4651280552884615 0.11450173798076922 0.4533888076923077 0.10998935336538462
1 0.4543406370192308 0.152857 0.4445050504807692 0.14552437499999998 0.4353040192307692 0.152857 0.4311794182692308 0.1725986778846154 0.4337176346153846 0.18726392548076923 0.44291866586538464 0.1991089326923077 0.45624430048076925 0.1917763076923077 0.45941706971153845 0.1658301033653846 0.4543406370192308 0.152857
1 0.420392 0.17598296634615382 0.4105564134615385 0.17823915865384615 0.4038935985576923 0.19572464423076924 0.40643181250000004 0.21377418028846154 0.41372918509615386 0.22336299519230768 0.42610298557692305 0.22110680288461537 0.4302275865384615 0.201365125 0.42737209374999996 0.18500773317307692 0.420392 0.17598296634615382
1 0.4073836442307692 0.21151798798076923 0.3969135048076923 0.2047494110576923 0.3864433629807692 0.21264608413461536 0.3848569783653846 0.2312596658653846 0.38739519471153844 0.24592491346153847 0.39818261298076923 0.2543856322115384 0.4086527524038462 0.24423276923076923 0.41119096875 0.22787537980769232 0.4073836442307692 0.21151798798076923
1 0.3861260865384616 0.24818110576923078 0.3743868389423077 0.24987325 0.36835857451923076 0.2611542091346154 0.3696276826923077 0.28258803125000004 0.37629049999999997 0.2961251826923077 0.3899334110576923 0.2938689903846154 0.39437528846153846 0.2718711201923077 0.39120251923076926 0.2543856322115384 0.3861260865384616 0.24818110576923078
1 0.3988171658653846 0.24761705769230768 0.3924716274038461 0.25720587259615385 0.39469256490384613 0.28145993509615386 0.40547998317307693 0.2933049423076923 0.41626739903846155 0.28089588701923074 0.4178537836538462 0.2634104014423077 0.4115082451923077 0.24648896153846153 0.3988171658653846 0.24761705769230768
1 0.4302275865384615 0.2227989471153846 0.42007472355769226 0.21603037259615385 0.40992186057692304 0.2227989471153846 0.40674909134615383 0.23915633894230767 0.40992186057692304 0.25720587259615385 0.41975744711538465 0.26623063942307695 0.4324485264423077 0.2560777764423077 0.4337176346153846 0.2369001466346154 0.4302275865384615 0.2227989471153846
1 0.44133228125 0.1906482139423077 0.43149669471153845 0.19516059615384615 0.4257857091346154 0.20926179567307693 0.4276893701923077 0.22843942788461538 0.4356212956730769 0.23915633894230767 0.4470432668269231 0.2385922908653846 0.45211969951923076 0.22392704326923077 0.4505333149038462 0.19741678846153846 0.44133228125 0.1906482139423077
1 0.45148514423076924 0.18557178125 0.44609143509615384 0.20080107692307692 0.44862965144230765 0.22167085096153846 0.456561576923077 0.23295181009615387 0.46893537980769234 0.22843942788461538 0.4730599783653846 0.21208203605769232 0.47274270192307694 0.19290440384615384 0.46195528605769226 0.18500773317307692 0.45148514423076924 0.18557178125
1 0.47274270192307694 0.14383223076923077 0.4629071153846154 0.15398509615384615 0.4603689014423077 0.1748548701923077 0.4651280552884615 0.18782797355769232 0.47528091826923075 0.1940325 0.4841646730769231 0.1861358293269231 0.48702016586538466 0.16470200721153846 0.4841646730769231 0.14947271153846153 0.47274270192307694 0.14383223076923077
1 0.4984421370192308 0.11619388221153847 0.4892411057692308 0.12070626442307691 0.4844819519230769 0.13593556009615385 0.48670288942307693 0.15511318990384615 0.49717303125 0.16526605528846156 0.5092295552884616 0.1584974783653846 0.512085048076923 0.13819175240384615 0.5070086153846154 0.11957816826923076 0.4984421370192308 0.11619388221153847
1 0.38168420913461537 0.2916127980769231 0.37026223798076924 0.2933049423076923 0.3629648677884615 0.30684209375 0.36359942067307693 0.3248916298076923 0.37089679086538463 0.33842878125 0.3820014855769231 0.33673663701923073 0.3880297475961539 0.3192511490384616 0.38771247115384616 0.30176566346153844 0.38168420913461537 0.2916127980769231
1 0.3194979206730769 0.3401209230769231 0.31124871875 0.34294116346153847 0.3055377331730769 0.35365807451923076 0.30712411778846155 0.3739638028846154 0.3160078725961538 0.3875009543269231 0.3274298461538461 0.3784761850961538 0.3309198918269231 0.36324689182692305 0.3267952908653846 0.34632545192307695 0.3194979206730769 0.3401209230769231
1 0.34551463221153844 0.3294040120192308 0.33314083173076925 0.33109615625 0.3274298461538461 0.3451973557692308 0.33028533894230766 0.36606712980769235 0.33758270913461536 0.37452785096153846 0.34710101682692307 0.3722716586538462 0.35281200240384614 0.35929855528846155 0.3515428966346154 0.3401209230769231 0.34551463221153844 0.3294040120192308
1 0.37375228365384616 0.33560854086538466 0.3689931298076923 0.32150734134615383 0.3626475889423077 0.30909828605769235 0.35312928125 0.31079043028846154 0.3480528485576923 0.3277118677884615 0.34900468028846154 0.3457614038461539 0.3550329423076923 0.35535021875 0.36835857451923076 0.3530940264423077 0.37375228365384616 0.33560854086538466
1 0.3201324735576923 0.3773480889423077 0.3122005504807692 0.3875009543269231 0.3134696586538462 0.4100628725961538 0.32171885817307694 0.42360002403846153 0.3334581081730769 0.4173954951923077 0.3378999855769231 0.39652572115384616 0.33155444471153844 0.38016832932692307 0.3201324735576923 0.3773480889423077
1 0.3426591394230769 0.36606712980769235 0.3334581081730769 0.3762199951923077 0.332189 0.3931414326923077 0.3372654302884615 0.40893477644230775 0.3480528485576923 0.41175501682692306 0.35535021875 0.40498643990384614 0.3575711586538462 0.38693690625 0.3534465576923077 0.3694514182692308 0.3426591394230769 0.36606712980769235
1 0.3585229903846154 0.35196593269230764 0.3534465576923077 0.3604266514423077 0.3534465576923077 0.3818604735576923 0.35884026682692305 0.39370548076923073 0.36931040625 0.395397625 0.37565594711538464 0.3841166658653846 0.3772423317307692 0.36775927403846154 0.37153134615384614 0.35365807451923076 0.3585229903846154 0.35196593269230764
1 0.3791459927884615 0.3277118677884615 0.37248317548076926 0.33053210817307693 0.36645491346153847 0.3485816442307692 0.37216589903846153 0.37001546634615384 0.3820014855769231 0.37452785096153846 0.3918370721153846 0.3683233221153846 0.3937407331730769 0.3457614038461539 0.38961613221153846 0.3322242524038461 0.3791459927884615 0.3277118677884615
1 0.3937407331730769 0.3153028125 0.3880297475961539 0.32432758173076925 0.38834702644230773 0.3451973557692308 0.39659622596153843 0.35817045913461537 0.4077009206730769 0.35365807451923076 0.41436373798076925 0.33730068509615385 0.4092873052884615 0.3175590048076923 0.3991344423076923 0.3102263822115384 0.3937407331730769 0.3153028125
1 0.41023913701923076 0.28089588701923074 0.4019899350961538 0.2949970865384616 0.4045281514423077 0.3169949567307692 0.4127773533653846 0.3277118677884615 0.42166110817307695 0.3277118677884615 0.4280066490384616 0.30909828605769235 0.4257857091346154 0.2904847043269231 0.41944017067307693 0.2786396947115385 0.41023913701923076 0.28089588701923074
1 0.4286412019230769 0.25664182451923073 0.41975744711538465 0.2651025456730769 0.4178537836538462 0.2797677908653846 0.4210265552884615 0.2961251826923077 0.4276893701923077 0.3045859014423077 0.43689040384615385 0.3028937596153846 0.44291866586538464 0.2893566081730769 0.44418777403846155 0.27017897596153845 0.4362558485576923 0.25664182451923073 0.4286412019230769 0.25664182451923073
1 0.4416495576923077 0.23295181009615387 0.4353040192307692 0.24705300961538462 0.43689040384615385 0.2667946875 0.4435532211538461 0.2763835048076923 0.4524369759615385 0.2797677908653846 0.46132073076923075 0.26566659375 0.46005162259615384 0.242540625 0.4518024206730769 0.23238776201923078 0.4416495576923077 0.23295181009615387
1 0.4641762235576923 0.22674728365384617 0.45941706971153845 0.2335158581730769 0.45846523798076927 0.25156539423076923 0.4632243942307692 0.2696149278846154 0.4746463653846154 0.27130707211538463 0.4835301201923077 0.2555137283653846 0.48479922836538464 0.23238776201923078 0.47337725721153845 0.2227989471153846 0.4641762235576923 0.22674728365384617
1 0.3334581081730769 0.44390575 0.32584345913461543 0.45236646875 0.3236225216346154 0.46985195673076924 0.3274298461538461 0.48056886778846153 0.33567904567307694 0.48846553846153845 0.34741829567307697 0.4822610120192307 0.35027378846153845 0.4653395721153846 0.34551463221153844 0.4489821826923077 0.3334581081730769 0.44390575
1 0.3540811105769231 0.4252921682692307 0.3461491875 0.4416495576923077 0.34741829567307697 0.45969909375 0.3534465576923077 0.46872386057692306 0.36772402163461543 0.46872386057692306 0.37184862259615387 0.4444697980769231 0.36708946875 0.42811240625 0.3540811105769231 0.4252921682692307
1 0.34488007932692305 0.40329429567307695 0.33377538461538464 0.4066785841346154 0.32965078365384615 0.4219078798076923 0.3309198918269231 0.43657312740384613 0.3372654302884615 0.4461619423076923 0.34837012500000003 0.44503384615384617 0.35535021875 0.4292405024038462 0.35281200240384614 0.4134471610576923 0.34488007932692305 0.40329429567307695
1 0.3639166971153846 0.3886290504807692 0.35661932692307696 0.3903211923076923 0.35027378846153845 0.3982178653846154 0.34932195673076927 0.41175501682692306 0.3540811105769231 0.42811240625 0.36233031250000003 0.4331888389423077 0.37153134615384614 0.4320607427884615 0.3747041153846154 0.4168314471153846 0.3728004543269231 0.3959616730769231 0.3639166971153846 0.3886290504807692
1 0.38707791826923077 0.3671952259615385 0.37565594711538464 0.3694514182692308 0.37089679086538463 0.3863728581730769 0.37375228365384616 0.40329429567307695 0.3797805480769231 0.41119096875 0.3918370721153846 0.41119096875 0.39723078125 0.39201333653846154 0.39469256490384613 0.3750918990384615 0.38707791826923077 0.3671952259615385
1 0.3848569783653846 0.40160215384615383 0.3750213918269231 0.40160215384615383 0.37026223798076924 0.4134471610576923 0.37026223798076924 0.43488098317307694 0.3772423317307692 0.44785408653846154 0.38834702644230773 0.44785408653846154 0.39564439663461537 0.4309326466346154 0.3940580120192308 0.41288311298076924 0.3848569783653846 0.40160215384615383
1 0.38358787019230767 0.4405214615384615 0.3747041153846154 0.4388293197115385 0.3689931298076923 0.45236646875 0.36708946875 0.46646766826923075 0.3712140673076923 0.4788767235576923 0.38327059374999994 0.48395315625 0.3924716274038461 0.4715441009615385 0.39278890384615384 0.4518024206730769 0.38358787019230767 0.4405214615384615
1 0.40484542788461536 0.4173954951923077 0.39278890384615384 0.42021573557692304 0.38961613221153846 0.43826527163461537 0.3918370721153846 0.45349456490384615 0.39659622596153843 0.4613912379807692 0.4070663677884615 0.46195528605769226 0.4165846778846154 0.44785408653846154 0.41436373798076925 0.42585621634615384 0.40484542788461536 0.4173954951923077
1 0.4115082451923077 0.45067432692307696 0.4057972596153846 0.46421147596153844 0.4096045841346154 0.4833891081730769 0.4178537836538462 0.49184982692307694 0.4280066490384616 0.4862093485576923 0.4324485264423077 0.4692879086538462 0.4299103100961539 0.45462266105769233 0.41975744711538465 0.4455978942307692 0.4115082451923077 0.45067432692307696
1 0.43911134134615387 0.4608271899038462 0.4330830793269231 0.46985195673076924 0.43086214182692306 0.4867733966346154 0.4337176346153846 0.4991824519230769 0.44418777403846155 0.5070791225961538 0.45560974519230774 0.49636221153846155 0.45529246875 0.4721081490384615 0.44831237500000004 0.4625193341346154 0.43911134134615387 0.4608271899038462
1 0.45370608413461533 0.42811240625 0.4457741586538461 0.4388293197115385 0.4457741586538461 0.45857099759615383 0.4533888076923077 0.46985195673076924 0.46385894711538456 0.4704160048076923 0.47020448557692307 0.45857099759615383 0.4695699326923077 0.4405214615384615 0.4641762235576923 0.42811240625 0.45370608413461533 0.42811240625
1 0.4784536875 0.4935419711538461 0.48130918028846154 0.48395315625 0.47528091826923075 0.48113291586538465 0.47083904086538464 0.46985195673076924 0.46734899278846154 0.4608271899038462 0.4578306850961538 0.4653395721153846 0.45402336057692305 0.48000481971153847 0.45624430048076925 0.49749030769230773 0.4622725625 0.5053869783653846 0.47337725721153845 0.5048229302884615 0.4784536875 0.4935419711538461
1 0.42959303365384616 0.42585621634615384 0.42515115625 0.43544503124999995 0.42483387740384615 0.4563148052884615 0.42959303365384616 0.46759576442307693 0.4359385721153846 0.4721081490384615 0.4470432668269231 0.4636474278846154 0.4492642067307692 0.4495462307692308 0.44672599038461536 0.4320607427884615 0.43942862019230766 0.42416407211538465 0.42959303365384616 0.42585621634615384
1 0.45148514423076924 0.3875009543269231 0.4416495576923077 0.3959616730769231 0.43911134134615387 0.41062692067307693 0.4410150048076923 0.42416407211538465 0.44862965144230765 0.43544503124999995 0.45941706971153845 0.4343169350961539 0.46607988701923075 0.41626739903846155 0.4629071153846154 0.3970897692307692 0.45148514423076924 0.3875009543269231
1 0.4267375408653846 0.3841166658653846 0.41721923076923073 0.39201333653846154 0.41372918509615386 0.4066785841346154 0.41721923076923073 0.42416407211538465 0.4257857091346154 0.43488098317307694 0.4381595120192308 0.4264202644230769 0.4406977283653846 0.40160215384615383 0.4359385721153846 0.3875009543269231 0.4267375408653846 0.3841166658653846
1 0.39659622596153843 0.38524476201923075 0.3924716274038461 0.40160215384615383 0.39500984134615386 0.4168314471153846 0.40547998317307693 0.4275483581730769 0.4146810144230769 0.42360002403846153 0.41975744711538465 0.3993459615384615 0.41341190625 0.3863728581730769 0.40484542788461536 0.3790402331730769 0.39659622596153843 0.38524476201923075
1 0.40992186057692304 0.3440692596153846 0.40040355048076925 0.35196593269230764 0.3991344423076923 0.3694514182692308 0.4013553822115385 0.38580881009615386 0.4146810144230769 0.38975714423076924 0.42356476923076924 0.3835526177884615 0.42546843269230766 0.3609906995192308 0.41975744711538465 0.3457614038461539 0.40992186057692304 0.3440692596153846
1 0.4340349110576923 0.3412490192307692 0.4257857091346154 0.3440692596153846 0.42197838461538456 0.35929855528846155 0.42229566346153846 0.3790402331730769 0.43213125 0.3891930985576923 0.44482232932692306 0.3841166658653846 0.4473605432692308 0.3609906995192308 0.4432359423076923 0.3457614038461539 0.4340349110576923 0.3412490192307692
1 0.4578306850961538 0.35083783653846157 0.4476778221153846 0.3530940264423077 0.4426013894230769 0.3711435625 0.44418777403846155 0.38693690625 0.4543406370192308 0.3993459615384615 0.46385894711538456 0.39426952884615385 0.4686181009615385 0.38016832932692307 0.4670317163461538 0.3609906995192308 0.4578306850961538 0.35083783653846157
1 0.4597343461538462 0.31191852644230766 0.4505333149038462 0.31417471875 0.44418777403846155 0.3277118677884615 0.4451396057692308 0.34632545192307695 0.45529246875 0.362118795673077 0.4670317163461538 0.35478617067307694 0.47147359375 0.3378647331730769 0.4686181009615385 0.3203792451923077 0.4597343461538462 0.31191852644230766
1 0.4311794182692308 0.2961251826923077 0.4226129399038462 0.30740614182692305 0.42197838461538456 0.3277118677884615 0.42737209374999996 0.33955687740384616 0.4384767884615384 0.3457614038461539 0.44609143509615384 0.3378647331730769 0.4495814831730769 0.3169949567307692 0.4454568822115385 0.30232971153846155 0.4311794182692308 0.2961251826923077
1 0.4489469278846154 0.2729992163461538 0.44228411298076925 0.2916127980769231 0.4454568822115385 0.3124825745192308 0.45275425240384615 0.3231994855769231 0.4667144399038462 0.31304662259615385 0.46925265625 0.2933049423076923 0.4644935 0.27356326442307694 0.4489469278846154 0.2729992163461538
1 0.47020448557692307 0.2634104014423077 0.4651280552884615 0.27920374278846155 0.4651280552884615 0.2972532788461538 0.4711563173076923 0.30797018990384617 0.4822610120192307 0.3102263822115384 0.4911447668269231 0.29556113461538464 0.48955838221153847 0.27694755288461537 0.48289556490384616 0.2605901610576923 0.47020448557692307 0.2634104014423077
1 0.5381017596153846 0.09814434615384617 0.5289007283653846 0.10716911298076924 0.5257279591346153 0.12070626442307691 0.5301698365384616 0.1421400889423077 0.5415918076923076 0.14947271153846153 0.5511101177884615 0.1432681826923077 0.5542828870192308 0.12239840865384616 0.5504755625000001 0.10491292307692308 0.5381017596153846 0.09814434615384617
1 0.5085950024038461 0.1415760408653846 0.507643170673077 0.16808629326923075 0.5143059879807692 0.1804953485576923 0.52731434375 0.18162344471153846 0.535563545673077 0.16470200721153846 0.5323907740384615 0.1393198485576923 0.5196996947115384 0.13029507932692308 0.5085950024038461 0.1415760408653846
1 0.5596765961538461 0.12691079326923077 0.5520619471153846 0.14270413461538461 0.5539656105769231 0.1635739110576923 0.5631666418269231 0.17541891826923078 0.574905889423077 0.16808629326923075 0.579665045673077 0.14778056730769232 0.5739540600961539 0.12747484134615383 0.5596765961538461 0.12691079326923077
1 0.55523471875 0.16413795913461537 0.5507928389423077 0.14890866346153847 0.5377844831730769 0.14383223076923077 0.5298525600961539 0.1545491418269231 0.5289007283653846 0.17993130048076925 0.5349289903846154 0.19234035576923075 0.5473027932692308 0.1940325 0.5555519951923077 0.1776751105769231 0.55523471875 0.16413795913461537
1 0.48797199759615384 0.18669987740384614 0.49241387499999995 0.201365125 0.5006630769230769 0.20926179567307693 0.5117677716346154 0.201365125 0.5165269254807693 0.1833155889423077 0.5139887091346154 0.16470200721153846 0.5003458004807693 0.1562412860576923 0.49051021394230765 0.16921438942307693 0.48797199759615384 0.18669987740384614
1 0.5755404447115384 0.16639415144230768 0.560945704326923 0.17147058173076923 0.5568211033653846 0.18275154086538462 0.5571383798076923 0.2036213173076923 0.5663394110576923 0.2149022764423077 0.577126829326923 0.21208203605769232 0.5818859831730769 0.19798083653846155 0.5822032620192308 0.17880320673076922 0.5755404447115384 0.16639415144230768
1 0.5742713365384615 0.20756965144230768 0.5612629807692308 0.21038989182692308 0.5571383798076923 0.22787537980769232 0.5590420408653846 0.24423276923076923 0.5660221346153846 0.2577699206730769 0.5774441057692308 0.2555137283653846 0.5837896466346154 0.24028443509615385 0.5828378149038461 0.2182865625 0.5742713365384615 0.20756965144230768
1 0.47528091826923075 0.19572464423076924 0.47274270192307694 0.20982584375 0.4743290865384615 0.22392704326923077 0.47908824278846157 0.2335158581730769 0.4876547211538461 0.2363360985576923 0.49590392307692305 0.22956752163461538 0.4997112451923077 0.21038989182692308 0.49463481490384614 0.19234035576923075 0.4857510576923077 0.18557178125 0.47528091826923075 0.19572464423076924
1 0.5095468317307692 0.19967298076923076 0.49812486057692307 0.20305726923076922 0.49304843028846157 0.21433822836538463 0.49304843028846157 0.23295181009615387 0.49812486057692307 0.24366872115384614 0.5063740625 0.25100134615384617 0.5146232644230769 0.24648896153846153 0.52033425 0.22674728365384617 0.5165269254807693 0.20982584375 0.5095468317307692 0.19967298076923076
1 0.535563545673077 0.1861358293269231 0.5323907740384615 0.17598296634615382 0.5231897427884615 0.1742908221153846 0.5149405408653845 0.17880320673076922 0.5104986634615385 0.19008416586538462 0.5108159399038461 0.20418536298076925 0.5152578173076923 0.2177225144230769 0.5219206346153846 0.22167085096153846 0.5323907740384615 0.22110680288461537 0.5381017596153846 0.20418536298076925 0.535563545673077 0.1861358293269231
1 0.5447645769230769 0.19234035576923075 0.5390535913461538 0.19798083653846155 0.5358808221153846 0.2149022764423077 0.5387363149038461 0.2290034735576923 0.5457164086538462 0.23915633894230767 0.5555519951923077 0.2363360985576923 0.5634839182692308 0.22505513942307692 0.5631666418269231 0.2047494110576923 0.5542828870192308 0.19121226201923078 0.5447645769230769 0.19234035576923075
1 0.5657048581730769 0.26623063942307695 0.5663394110576923 0.24987325 0.5584074879807692 0.2363360985576923 0.5473027932692308 0.2363360985576923 0.5403226995192308 0.24536086538461538 0.5390535913461538 0.2622823052884615 0.5431781923076924 0.27920374278846155 0.5530137788461539 0.28371612740384616 0.5618975336538461 0.2775116009615385 0.5657048581730769 0.26623063942307695
1 0.5060567860576923 0.24479681730769232 0.5000285240384615 0.2369001466346154 0.49336570673076924 0.23915633894230767 0.48543378125 0.24423276923076923 0.48321284375 0.2605901610576923 0.4844819519230769 0.2763835048076923 0.4908274903846154 0.2842801754807692 0.4987594158653846 0.28653636778846153 0.5082777235576923 0.2729992163461538 0.5095468317307692 0.25946206490384616 0.5060567860576923 0.24479681730769232
1 0.5279488966346154 0.2634104014423077 0.5377844831730769 0.2622823052884615 0.5447645769230769 0.24536086538461538 0.5450818533653846 0.22956752163461538 0.5390535913461538 0.21546632451923076 0.5311216682692308 0.21208203605769232 0.5216033581730769 0.2182865625 0.5174787572115385 0.2312596658653846 0.5200169735576923 0.2521294423076923 0.5279488966346154 0.2634104014423077
1 0.5032012932692308 0.2741273125 0.4955866442307692 0.2803318389423077 0.49400025961538463 0.2961251826923077 0.4987594158653846 0.3153028125 0.5104986634615385 0.3203792451923077 0.52033425 0.30740614182692305 0.5206515264423077 0.2871004158653846 0.5127196033653847 0.27130707211538463 0.5032012932692308 0.2741273125
1 0.5374672067307692 0.2949970865384616 0.54127453125 0.2803318389423077 0.5374672067307692 0.2605901610576923 0.5311216682692308 0.2555137283653846 0.5231897427884615 0.2560777764423077 0.516844201923077 0.2611542091346154 0.5143059879807692 0.27243516826923075 0.5155750961538461 0.2916127980769231 0.5209688028846153 0.29950947115384613 0.52953528125 0.30232971153846155 0.5374672067307692 0.2949970865384616
1 0.5650703052884615 0.2893566081730769 0.558724764423077 0.3040218533653846 0.5593593197115385 0.32601972596153844 0.5653875817307692 0.33842878125 0.5793477692307692 0.33955687740384616 0.5863278629807692 0.3271478221153846 0.5879142475961538 0.3051499495192308 0.5822032620192308 0.28879256009615384 0.5755404447115384 0.2842801754807692 0.5650703052884615 0.2893566081730769
1 0.5419090841346154 0.2972532788461538 0.5330253293269231 0.3136106706730769 0.5349289903846154 0.33955687740384616 0.5425436394230769 0.3457614038461539 0.5533310552884616 0.3457614038461539 0.5590420408653846 0.33673663701923073 0.5615802572115385 0.31191852644230766 0.5542828870192308 0.29894542307692307 0.5419090841346154 0.2972532788461538
1 0.5174787572115385 0.3153028125 0.5108159399038461 0.3282759158653846 0.5108159399038461 0.3485816442307692 0.5181133100961538 0.36381093990384616 0.5298525600961539 0.36381093990384616 0.5381017596153846 0.3485816442307692 0.5371499302884616 0.3271478221153846 0.5289007283653846 0.3136106706730769 0.5174787572115385 0.3153028125
1 0.49717303125 0.3451973557692308 0.49241387499999995 0.35365807451923076 0.4917793221153846 0.3739638028846154 0.4997112451923077 0.3875009543269231 0.5066913389423077 0.39370548076923073 0.5165269254807693 0.38298856971153844 0.5200169735576923 0.36550308173076923 0.5162096490384616 0.34688949999999996 0.5073258942307692 0.3389928293269231 0.49717303125 0.3451973557692308
1 0.5019321850961538 0.3835526177884615 0.49526936778846153 0.3722716586538462 0.4851165048076923 0.3728357067307692 0.4759154735576923 0.38524476201923075 0.4759154735576923 0.40724263221153845 0.48543378125 0.42303597596153847 0.49939396875000003 0.4168314471153846 0.5032012932692308 0.40160215384615383 0.5019321850961538 0.3835526177884615
1 0.5165269254807693 0.3784761850961538 0.5066913389423077 0.38524476201923075 0.5025667379807692 0.3993459615384615 0.5041531225961539 0.4179595432692308 0.5136714326923078 0.43149669471153845 0.5231897427884615 0.4292405024038462 0.5304871129807692 0.41852359134615386 0.5311216682692308 0.3999100096153846 0.5257279591346153 0.38242452163461543 0.5165269254807693 0.3784761850961538
1 0.5130368798076923 0.4213438317307692 0.5028840168269231 0.4100628725961538 0.49051021394230765 0.41570335096153843 0.4844819519230769 0.43713717548076925 0.49146204326923076 0.4551867091346154 0.4997112451923077 0.4608271899038462 0.5101813870192308 0.4568788533653846 0.5152578173076923 0.43826527163461537 0.5130368798076923 0.4213438317307692
1 0.49463481490384614 0.45123837499999997 0.48321284375 0.4388293197115385 0.4721081490384615 0.4444697980769231 0.4670317163461538 0.4625193341346154 0.4705217644230769 0.48282506009615384 0.4784536875 0.48846553846153845 0.48987565865384614 0.4879014927884615 0.49653847596153844 0.46985195673076924 0.49463481490384614 0.45123837499999997
1 0.5460336850961538 0.3389928293269231 0.5349289903846154 0.34237711538461535 0.5292180048076923 0.3604266514423077 0.5301698365384616 0.37791213701923076 0.5387363149038461 0.39201333653846154 0.5536483317307692 0.38975714423076924 0.5577729326923077 0.3711435625 0.5558692716346154 0.3485816442307692 0.5460336850961538 0.3389928293269231
1 0.5847414759615385 0.3643749879807692 0.5834723701923077 0.34350521153846153 0.5758577211538461 0.33560854086538466 0.5628493653846154 0.3361725889423077 0.556186548076923 0.3485816442307692 0.5542828870192308 0.37001546634615384 0.5606284254807693 0.38580881009615386 0.5723676754807692 0.3875009543269231 0.5809341538461539 0.38016832932692307 0.5847414759615385 0.3643749879807692
1 0.5717331201923077 0.4320607427884615 0.5815687067307692 0.4292405024038462 0.58759696875 0.41119096875 0.5869624158653847 0.3914492884615385 0.5812514302884615 0.38016832932692307 0.5733195048076923 0.37960428125 0.56443575 0.3841166658653846 0.5590420408653846 0.39370548076923073 0.5590420408653846 0.41119096875 0.5641184735576923 0.42811240625 0.5717331201923077 0.4320607427884615
1 0.5479373461538461 0.38298856971153844 0.5381017596153846 0.3903211923076923 0.5346117139423077 0.4027302475961539 0.5349289903846154 0.4213438317307692 0.5406399759615385 0.43544503124999995 0.5501582860576923 0.43713717548076925 0.5612629807692308 0.42811240625 0.5641184735576923 0.40498643990384614 0.5580902115384615 0.3863728581730769 0.5479373461538461 0.38298856971153844
1 0.5247761274038462 0.4224719278846154 0.5143059879807692 0.42698431009615384 0.5095468317307692 0.4416495576923077 0.5095468317307692 0.45969909375 0.5165269254807693 0.47323624519230767 0.52731434375 0.47549243750000003 0.5371499302884616 0.46421147596153844 0.5381017596153846 0.4433417019230769 0.5323907740384615 0.4286764543269231 0.5247761274038462 0.4224719278846154
1 0.5520619471153846 0.4275483581730769 0.5403226995192308 0.4298045504807692 0.5333426057692308 0.44221360576923074 0.535563545673077 0.4670317163461538 0.5453991322115385 0.48282506009615384 0.5596765961538461 0.47323624519230767 0.5631666418269231 0.45123837499999997 0.5593593197115385 0.43375288701923076 0.5520619471153846 0.4275483581730769
1 0.5758577211538461 0.4264202644230769 0.5663394110576923 0.4303685985576923 0.5599938725961539 0.4416495576923077 0.5599938725961539 0.4670317163461538 0.5685603509615385 0.48113291586538465 0.5787132139423077 0.48056886778846153 0.58759696875 0.4670317163461538 0.5872796923076924 0.4484181346153846 0.5825205384615384 0.4309326466346154 0.5758577211538461 0.4264202644230769
1 0.5701467355769231 0.4709800528846154 0.5631666418269231 0.4653395721153846 0.5549174399038461 0.46646766826923075 0.5460336850961538 0.47718457932692304 0.54349546875 0.49805435576923074 0.5507928389423077 0.5144117451923077 0.560945704326923 0.5223084182692308 0.5710985673076923 0.5065150745192308 0.5745886129807692 0.48508125240384614 0.5701467355769231 0.4709800528846154
1 0.5672912427884615 0.50087459375 0.5625320889423077 0.5194881778846153 0.5682430745192307 0.5403579519230769 0.5777613846153846 0.5471265288461539 0.5891833557692308 0.5420500961538461 0.5936252331730769 0.5200522259615384 0.5898179086538462 0.5031307860576922 0.5787132139423077 0.4912857788461539 0.5672912427884615 0.50087459375
1 0.54349546875 0.5059510264423077 0.5447645769230769 0.48508125240384614 0.5374672067307692 0.46759576442307693 0.52731434375 0.46590362019230774 0.5181133100961538 0.47323624519230767 0.5162096490384616 0.4935419711538461 0.5181133100961538 0.5087712668269231 0.5298525600961539 0.5189241298076923 0.54349546875 0.5059510264423077
1 0.5149405408653845 0.5042588822115385 0.5222379110576922 0.48056886778846153 0.5181133100961538 0.4636474278846154 0.5079604471153846 0.45349456490384615 0.49653847596153844 0.45969909375 0.4911447668269231 0.47605648317307697 0.4955866442307692 0.4957981634615385 0.5028840168269231 0.507643170673077 0.5149405408653845 0.5042588822115385
1 0.5028840168269231 0.4997465 0.4955866442307692 0.48056886778846153 0.4873374447115385 0.48113291586538465 0.47718457932692304 0.48564530048076926 0.4736945336538462 0.5048229302884615 0.4775018581730769 0.5262567524038462 0.4892411057692308 0.5352815216346154 0.5003458004807693 0.524564610576923 0.5028840168269231 0.4997465
1 0.49241387499999995 0.524564610576923 0.48479922836538464 0.5341534254807693 0.48289556490384616 0.5533310552884616 0.48955838221153847 0.5713805913461538 0.5035185697115385 0.5725086875 0.5108159399038461 0.55671534375 0.509864110576923 0.5386658076923078 0.5032012932692308 0.5262567524038462 0.49241387499999995 0.524564610576923
1 0.5301698365384616 0.5251286586538462 0.5279488966346154 0.5070791225961538 0.516844201923077 0.5003105480769231 0.5063740625 0.5059510264423077 0.5009803533653846 0.5200522259615384 0.5028840168269231 0.5369736658653846 0.507643170673077 0.5476905769230769 0.516844201923077 0.5533310552884616 0.52731434375 0.5448703365384615 0.5301698365384616 0.5251286586538462
1 0.5590420408653846 0.5223084182692308 0.5533310552884616 0.5065150745192308 0.5447645769230769 0.5014386418269231 0.5361980985576923 0.5053869783653846 0.5304871129807692 0.5177960336538462 0.5298525600961539 0.5358455697115384 0.5374672067307692 0.5510748629807692 0.5476200697115384 0.5533310552884616 0.5577729326923077 0.5397939038461538 0.5590420408653846 0.5223084182692308
1 0.5546001634615385 0.5426141442307693 0.5463509615384615 0.5465624807692308 0.5406399759615385 0.5606636802884615 0.5406399759615385 0.5798413100961539 0.5473027932692308 0.5933784615384615 0.5580902115384615 0.5950706057692308 0.5663394110576923 0.5866098870192308 0.5691949038461538 0.564612014423077 0.5618975336538461 0.5448703365384615 0.5546001634615385 0.5426141442307693
1 0.5860105841346154 0.5403579519230769 0.5787132139423077 0.5381017596153846 0.5691949038461538 0.5431781923076924 0.5653875817307692 0.5550231995192307 0.5647530264423077 0.5713805913461538 0.5688776274038462 0.5854817908653847 0.5774441057692308 0.589430125 0.5882315240384616 0.5854817908653847 0.5933079567307693 0.5651760625000001 0.5904524615384615 0.5465624807692308 0.5860105841346154 0.5403579519230769
1 0.5063740625 0.5595355841346155 0.49939396875000003 0.5663041586538461 0.49749030769230773 0.5820975024038462 0.4997112451923077 0.6012751322115385 0.5089122788461539 0.6108639495192307 0.5212860817307692 0.6046594206730769 0.5244588509615384 0.5905582211538462 0.5244588509615384 0.5725086875 0.5146232644230769 0.5606636802884615 0.5063740625 0.5595355841346155
1 0.5422263605769231 0.5820975024038462 0.5447645769230769 0.5572793918269231 0.5403226995192308 0.541486048076923 0.5285834519230769 0.5358455697115384 0.5193824182692308 0.5426141442307693 0.5152578173076923 0.5584074879807692 0.5196996947115384 0.58096940625 0.52953528125 0.5877379807692308 0.5422263605769231 0.5820975024038462
1 0.5498410096153846 0.5860458389423078 0.5390535913461538 0.5804053581730769 0.5289007283653846 0.5899941730769231 0.5254106826923077 0.6069156129807692 0.5301698365384616 0.6244010985576923 0.5406399759615385 0.6345539639423077 0.5504755625000001 0.6277853870192308 0.5555519951923077 0.6029672764423076 0.5498410096153846 0.5860458389423078
1 0.5565038245192307 0.6086077572115385 0.548254625 0.6153763317307692 0.5453991322115385 0.6311696754807692 0.549206454326923 0.6480911153846154 0.5596765961538461 0.6588080264423077 0.5707812908653846 0.6531675456730769 0.574905889423077 0.6356820600961538 0.5736367836538462 0.619888716346154 0.5641184735576923 0.6069156129807692 0.5565038245192307 0.6086077572115385
1 0.5936252331730769 0.6148122836538461 0.5933079567307693 0.5990189423076923 0.5888660769230769 0.5843536947115384 0.5809341538461539 0.5798413100961539 0.5717331201923077 0.5820975024038462 0.5663394110576923 0.5888660769230769 0.56443575 0.6069156129807692 0.5685603509615385 0.6244010985576923 0.5761749975961539 0.6306056274038461 0.58759696875 0.6266572908653847 0.5936252331730769 0.6148122836538461
1 0.5955288942307692 0.6334258677884615 0.5888660769230769 0.6232730048076923 0.579665045673077 0.6238370528846153 0.5717331201923077 0.6311696754807692 0.5685603509615385 0.6469630192307693 0.5710985673076923 0.6621923125 0.5812514302884615 0.6734732740384615 0.592356125 0.6695249375000001 0.5971152788461539 0.6509113533653846 0.5955288942307692 0.6334258677884615