1 0.8440448509615385 0 0.8397338245192307 0.008430447115384616 0.8397338245192307 0.026057747596153848 0.8497376658653846 0.03820021153846154 0.859504764423077 0.03750566346153846 0.8677554855769232 0.01992651442307692 0.8649024591346154 0 0.8440448509615385 0
1 0.8673243822115384 0.010178822115384616 0.8617200504807693 0.03393735817307692 0.8634444615384615 0.05309746634615385 0.8733598173076923 0.06152791346153846 0.8858617884615385 0.05463027403846154 0.8910350168269231 0.027806122596153844 0.8819818653846153 0.010178822115384616 0.8673243822115384 0.010178822115384616
1 0.8935812139423077 0.024836211538461536 0.8862524711538462 0.03633227884615385 0.8840969591346154 0.057025194711538454 0.8888390865384616 0.07235328365384616 0.899185545673077 0.0731196875 0.9073764927884616 0.07005406971153846 0.9108253125 0.05166036538461538 0.9073764927884616 0.029434639423076923 0.8935812139423077 0.024836211538461536
1 0.9092086562499999 0.012789456730769231 0.9048976322115384 0.04267922596153846 0.912226375 0.055708100961538456 0.9238661394230768 0.054941697115384616 0.9307637788461538 0.041146418269230774 0.9316259831730769 0.01738788221153846 0.9234350384615385 0.005125413461538462 0.9092086562499999 0.012789456730769231
1 0.9353846514423078 0.01992651442307692 0.9280559086538461 0.03602100480769231 0.9267626009615384 0.05901313461538461 0.9375401634615385 0.06820998798076923 0.9487488269230769 0.06514437019230769 0.9521976466346154 0.052115497596153845 0.9521976466346154 0.029123365384615386 0.942713391826923 0.018393704326923076 0.9353846514423078 0.01992651442307692
1 0.8614589903846154 0.04769145192307692 0.8545240649038461 0.05349322115384615 0.8484050120192308 0.06654719711538462 0.8484050120192308 0.0839525 0.8553399375 0.0955560360576923 0.8651304206730769 0.09483081490384615 0.8753288413461539 0.08105161778846154 0.8757367788461539 0.060745430288461535 0.8704336009615384 0.04841667307692307 0.8614589903846154 0.04769145192307692
1 0.8307178509615384 0.030013697115384614 0.8234150769230768 0.03838963701923077 0.8201170504807693 0.05346632932692308 0.8222372115384615 0.06519264663461538 0.8295399855769231 0.07566257211538462 0.835664891826923 0.07650016826923077 0.8439099567307693 0.06561144471153846 0.8479147043269231 0.05346632932692308 0.8469724110576924 0.04006482451923077 0.8389629182692308 0.028338507211538463 0.8307178509615384 0.030013697115384614
1 0.8377976250000001 0.07039059134615384 0.8302592764423077 0.07583495192307692 0.8241343701923077 0.08798006730769231 0.8227209302884616 0.09970638461538463 0.8290814110576924 0.11562067067307692 0.8366197572115385 0.11897104807692307 0.8441581033653847 0.11687706249999999 0.8479272764423077 0.10640713701923077 0.85075415625 0.09091164663461539 0.8467494110576923 0.07583495192307692 0.8377976250000001 0.07039059134615384
1 0.8834397596153847 0.06529266586538461 0.8780215745192308 0.06780544711538462 0.8721322403846153 0.08078815624999999 0.8714255192307692 0.0941896610576923 0.8759014134615384 0.10926635576923077 0.8806128798076922 0.11094154326923077 0.8888579471153846 0.10884755769230768 0.8940405600961537 0.10507838461538463 0.8985164543269231 0.09083928605769231 0.8961607211538462 0.07576259134615385 0.8900358125000001 0.06529266586538461 0.8834397596153847 0.06529266586538461
1 0.9129203725961539 0.049909209134615384 0.9058531706730769 0.058285149038461534 0.9044397307692308 0.07210545192307692 0.9058531706730769 0.08383176923076922 0.9093867716346153 0.09555808653846154 0.9199875721153846 0.09681447596153846 0.92587690625 0.09095131730769232 0.9310595192307692 0.07713101682692308 0.9310595192307692 0.06372950961538461 0.9249346129807693 0.05032800480769231 0.9129203725961539 0.049909209134615384
1 0.967175 0.04746878605769231 0.9598722259615384 0.05668232211538461 0.9568097740384616 0.06882743509615384 0.9584587860576923 0.08474172355769231 0.9634058269230769 0.09269886778846154 0.9716508942307692 0.09604924278846154 0.9810738269230769 0.08934849038461537 0.9848429999999999 0.07259660817307692 0.9834295600961538 0.05835750961538462 0.9754200673076923 0.04537480288461538 0.967175 0.04746878605769231
1 0.9739852548076923 0.007684745192307692 0.9669180552884615 0.0055907596153846155 0.9600864278846154 0.009778730769230769 0.9549038149038461 0.01731707692307692 0.9527836538461538 0.02988098798076923 0.9553749615384616 0.04872685576923076 0.9598508533653847 0.05375242067307692 0.968095920673077 0.05375242067307692 0.97799 0.05291482451923077 0.9808168798076923 0.04160730528846154 0.9808168798076923 0.01857346875 0.9739852548076923 0.007684745192307692
1 0.8348990817307692 0.12135978125 0.83112990625 0.1288981298076923 0.8299520408653845 0.13936805528846155 0.8325433485576923 0.15025677884615385 0.8403172668269231 0.16072670432692307 0.8478556129807693 0.15863271875 0.8532738004807693 0.14941918509615384 0.8563362548076923 0.13894925721153847 0.8551583870192307 0.1288981298076923 0.8502113485576923 0.11675301442307692 0.8410239879807692 0.11424023317307691 0.8348990817307692 0.12135978125
1 0.8933435817307692 0.11144303846153845 0.8869831033653846 0.10599867548076923 0.8789736105769231 0.1089302548076923 0.8730842764423077 0.11646860336538462 0.8695506754807693 0.12945131009615385 0.8711996899038461 0.14494680048076922 0.8770890240384616 0.15248514663461538 0.885805235576923 0.15248514663461538 0.8909878485576923 0.1470407860576923 0.8956993173076923 0.1361520625 0.8961704639423077 0.11981897836538462 0.8933435817307692 0.11144303846153845
1 0.8738905721153846 0.20588844951923077 0.8672945192307692 0.20882002884615383 0.8632897740384615 0.21970875240384616 0.8611696129807692 0.23436664903846155 0.8672945192307692 0.24734935576923078 0.8748328653846154 0.2511185288461538 0.881428920673077 0.24860574759615384 0.8854336658653845 0.2414861971153846 0.888260545673077 0.23017867788461538 0.8868471057692309 0.21970875240384616 0.8809577740384615 0.20756363701923078 0.8738905721153846 0.20588844951923077
1 0.8417597812500001 0.18148383894230768 0.83634159375 0.1877657956730769 0.8344570072115385 0.1994921105769231 0.8361060216346154 0.21791918028846155 0.8424665 0.22587632451923076 0.8514182884615384 0.22545752884615386 0.8566009014423077 0.2191755721153846 0.8603700745192308 0.20619286298076922 0.8598989278846154 0.19195376442307693 0.8530673004807692 0.17813346153846155 0.8417597812500001 0.18148383894230768
1 0.8682874759615384 0.17065546153846153 0.8581578221153846 0.18028779326923078 0.8555665144230769 0.19033892307692307 0.8562732355769231 0.2016464423076923 0.8595712620192307 0.21169757211538462 0.8635760096153846 0.21797952884615385 0.8720566490384616 0.21630433894230772 0.8795949951923077 0.20709080528846155 0.8819507283653846 0.19494568990384617 0.8803017163461538 0.18405696875000002 0.87629696875 0.1748434326923077 0.8682874759615384 0.17065546153846153
1 0.8653413173076923 0.13387368509615385 0.8585096899038462 0.13889924759615385 0.8535626490384616 0.15020676923076923 0.8535626490384616 0.16612105528846152 0.85780296875 0.17952256009615386 0.8646345961538462 0.18119775 0.8738219567307692 0.17742857692307692 0.8801824375 0.1602578966346154 0.8794757163461538 0.14727518990384614 0.8742931033653847 0.13638646634615384 0.8653413173076923 0.13387368509615385
1 0.8668303485576924 0.09160619471153846 0.8602342956730769 0.09034980528846154 0.8526959471153847 0.10123852644230769 0.8496334951923077 0.11338364182692308 0.8519892283653847 0.13222950721153845 0.8581141346153847 0.13641747836538462 0.8656524807692307 0.1389302596153846 0.8715418149038462 0.13306710096153845 0.8767244278846154 0.12092198798076924 0.8755465600961538 0.09872574519230769 0.8668303485576924 0.09160619471153846
1 0.9165295625 0.09821391346153846 0.9113469495192308 0.08900037740384616 0.9033374567307693 0.08732518990384615 0.8953279639423077 0.09235075480769231 0.8901453509615384 0.10365827403846153 0.8901453509615384 0.11999135817307692 0.8950923894230769 0.13255526923076924 0.9009817235576923 0.13674324038461538 0.9113469495192308 0.13255526923076924 0.9172362836538461 0.11454699759615385 0.9165295625 0.09821391346153846
1 0.9317613677884615 0.08267875 0.9254008870192307 0.08267875 0.9180981129807692 0.08477273557692308 0.9119732067307692 0.09231108173076923 0.9103241947115385 0.1082253701923077 0.9124443533653845 0.12037048317307691 0.9209249927884616 0.13084040865384614 0.9305834999999999 0.12832762740384615 0.9355305408653846 0.11785770192307693 0.9378862740384615 0.10571258653846154 0.9360016875 0.0927298798076923 0.9317613677884615 0.08267875
1 0.9490677572115385 0.059696598557692306 0.9420005576923077 0.06011539663461539 0.9339910625 0.06723494711538461 0.9311641826923077 0.08021765384615386 0.9318709038461539 0.09529434855769231 0.9384669567307693 0.10660186778846154 0.9481254639423077 0.10660186778846154 0.9547215168269231 0.09948231730769232 0.9577839711538462 0.08733720432692307 0.9577839711538462 0.0726793076923077 0.9551926634615384 0.06430336778846155 0.9490677572115385 0.059696598557692306
1 0.8533726514423077 0.2132400528846154 0.8474833173076923 0.21910321153846152 0.8427718509615385 0.23124832451923077 0.8432429975961538 0.2484190048076923 0.8470121706730769 0.25721374278846154 0.8566706778846154 0.2601453221153846 0.8653868918269231 0.25595735096153843 0.8689204903846155 0.24088065625 0.8684493437499999 0.2253851658653846 0.8627955841346153 0.2140776466346154 0.8533726514423077 0.2132400528846154
1 0.8926203629807692 0.1714327091346154 0.8834330024038461 0.17562068028846156 0.8789571081730769 0.18650940384615386 0.8773080961538462 0.1994921105769231 0.8801349759615384 0.21498760096153846 0.8855531610576922 0.22043196394230768 0.8926203629807692 0.2216883533653846 0.8978029759615385 0.21708158653846155 0.9029855889423076 0.2040988798076923 0.9048701754807692 0.19321015625000001 0.9013365745192308 0.17687707211538461 0.8926203629807692 0.1714327091346154
1 0.8892311875 0.14053476442307694 0.8842841466346154 0.16105581971153848 0.8873466009615385 0.17864529567307694 0.8939426538461538 0.181576875 0.9028944399038461 0.18115807692307692 0.9094904927884616 0.17278213701923079 0.9125529471153846 0.15393626923076922 0.9087837740384616 0.1409535625 0.8993608389423078 0.13425281009615386 0.8892311875 0.14053476442307694
1 0.92909446875 0.12937894951923076 0.9208494014423076 0.12184060336538462 0.9123687620192308 0.1239345889423077 0.906950576923077 0.13189173076923077 0.9036525480769231 0.14738722115384617 0.9048304158653846 0.16204511778846153 0.9126043365384615 0.16916466826923077 0.9182580961538461 0.16958346634615384 0.9255608701923077 0.16497669711538462 0.9309790552884615 0.1482248173076923 0.92909446875 0.12937894951923076
1 0.9613942596153847 0.14300619711538462 0.9569183653846154 0.15096334134615386 0.9557405 0.16352725240384616 0.9562116466346153 0.17818514903846155 0.9613942596153847 0.18781748076923074 0.9722306322115385 0.18446710576923075 0.9764709519230769 0.17860394711538463 0.981889139423077 0.1631084567307692 0.9792978317307692 0.15263852884615384 0.9736440721153846 0.1417498076923077 0.9613942596153847 0.14300619711538462
1 0.9478482427884616 0.1081443485576923 0.9377185913461539 0.11316991346153847 0.9341849903846153 0.12740901201923077 0.9348917115384616 0.1416481105769231 0.9405454711538461 0.15379322596153847 0.9476126706730769 0.15672480528846153 0.9570356033653845 0.14751126923076924 0.9610403509615384 0.13117818509615384 0.9572711778846154 0.11275111538461538 0.9478482427884616 0.1081443485576923
1 0.9680736057692307 0.0847434014423077 0.9581795264423077 0.08809377644230769 0.9515834711538461 0.10065768750000001 0.9494633125 0.11531558413461539 0.9527613389423077 0.13081107451923077 0.965482298076923 0.13374265384615386 0.9734917932692307 0.12871708894230768 0.9777321129807692 0.11029001923076923 0.9758475264423077 0.09646971634615385 0.9680736057692307 0.0847434014423077
1 0.9415137403846153 0.1479155576923077 0.9299706466346154 0.15042834134615385 0.922667875 0.16215465625 0.9231390216346154 0.17513736538461538 0.9290283533653846 0.19230804326923076 0.9339753942307693 0.19440202884615385 0.9419848870192309 0.19398323317307692 0.9490520865384616 0.17890653846153848 0.9471675 0.16006067307692307 0.9415137403846153 0.1479155576923077
1 0.954072 0.17276956250000003 0.9455913605769232 0.17402595432692308 0.9389953076923077 0.18365828605769233 0.9366395745192307 0.20543573317307692 0.94252890625 0.21967483173076924 0.9521874134615385 0.2217688173076923 0.9613747740384616 0.20962370192307694 0.9642016538461539 0.1911966322115385 0.96019690625 0.17737633173076925 0.954072 0.17276956250000003
1 0.9693186322115385 0.25041355288461536 0.9734415985576923 0.2668605576923077 0.9786242139423076 0.2706297307692308 0.9861625600961539 0.26811694951923076 0.9894605865384616 0.2647665721153846 0.9933831466346154 0.23900518990384614 0.9876076634615385 0.22246306490384615 0.9760566971153846 0.2281672451923077 0.9701435721153846 0.23670717067307695 0.9693186322115385 0.25041355288461536
1 0.9795051201923077 0.19294474038461537 0.9842165865384616 0.20132068269230768 0.9922260793269231 0.20676504326923076 1 0.20508985576923078 0.9995288533653847 0.18247481490384615 0.9985865600961539 0.16027857211538463 0.9872790408653846 0.16027857211538463 0.9809185600961539 0.17200488942307693 0.9795051201923077 0.19294474038461537
1 0.9412657548076923 0.19548473076923076 0.9341985528846154 0.18668999278846155 0.9264246346153846 0.1871087908653846 0.9186507139423077 0.19715991826923077 0.9151171129807693 0.2168433798076923 0.9200641538461538 0.22982608653846154 0.9268957812499999 0.23610804326923077 0.9349052740384616 0.23317646394230768 0.9429147668269231 0.2151681923076923 0.9412657548076923 0.19548473076923076
1 0.9152586610576924 0.22684662740384615 0.9138452211538461 0.2134451201923077 0.9117250600961538 0.20297519471153846 0.9030088485576923 0.20255639903846154 0.8945282067307693 0.20716316586538464 0.8898167403846154 0.2155391057692308 0.8886388749999999 0.23396617548076926 0.8926436201923077 0.24485489903846155 0.9027732740384615 0.25029925961538463 0.9100760480769231 0.24401730528846155 0.9152586610576924 0.22684662740384615
1 0.8855351033653847 0.23852733894230768 0.8791746225961539 0.2523476418269231 0.8784679038461539 0.26784313221153844 0.8850639567307692 0.28291982451923076 0.895193610576923 0.28291982451923076 0.9024963822115384 0.2741250865384615 0.9050876899038461 0.2603047860576923 0.9039098221153845 0.24815967067307693 0.8994339302884615 0.2402025264423077 0.8855351033653847 0.23852733894230768
1 0.9172927908653846 0.2313717235576923 0.9081054302884616 0.2330469110576923 0.9038651105769231 0.23597849038461538 0.9017449495192308 0.24602962019230767 0.9026872427884616 0.26738826923076925 0.9064564158653846 0.2740890216346154 0.9170572163461539 0.2757642091346154 0.9234176971153847 0.26738826923076925 0.9262445769230769 0.2502175889423077 0.9234176971153847 0.23681608413461538 0.9172927908653846 0.2313717235576923
1 0.94842490625 0.21908970192307692 0.9364106658653846 0.21867090384615384 0.9295790408653846 0.2278844375 0.927694454326923 0.24505511778846156 0.9309924807692307 0.2597130144230769 0.940179841346154 0.26557617307692305 0.9500739206730769 0.25761902884615384 0.95384309375 0.24547391346153846 0.9531363725961538 0.2299784230769231 0.94842490625 0.21908970192307692
1 0.9084800841346153 0.16131113701923078 0.9056532043269231 0.1717810625 0.8992927235576923 0.1755502379807692 0.8959946971153846 0.17973820673076923 0.9009417379807693 0.18685775721153847 0.9009417379807693 0.20151565384615383 0.9051820576923078 0.20570362259615382 0.9127204038461538 0.2073788125 0.9188453100961538 0.20025926201923075 0.9214366177884615 0.18602016346153846 0.9209654711538462 0.1696870793269231 0.9084800841346153 0.16131113701923078
1 0.971795920673077 0.21069904807692305 0.9635508533653846 0.20441709134615385 0.9557769326923077 0.20986145432692307 0.9494164519230769 0.22451935096153844 0.9494164519230769 0.24169002884615384 0.9569548004807692 0.25299754807692304 0.9680267451923077 0.25174115625 0.97556509375 0.2345704783653846 0.9758006658653847 0.2215877716346154 0.971795920673077 0.21069904807692305
1 0.9398503942307692 0.4076030576923077 0.9286673052884615 0.4151767884615385 0.9268034567307691 0.42559066826923075 0.9276022500000001 0.44641843028846157 0.937454016826923 0.45304544471153846 0.9486371057692308 0.4459450721153846 0.9528973293269231 0.43032425 0.9494358966346154 0.4147034302884615 0.9398503942307692 0.4076030576923077
1 0.8738506730769231 0.2554955408653846 0.8647976971153846 0.2502886009615385 0.8528158173076924 0.26354262980769233 0.8536146105769231 0.28579046634615385 0.8581410961538462 0.2924174807692308 0.8658627524038462 0.29809777884615385 0.8735844086538461 0.2895773317307692 0.8781108966346154 0.26874956971153846 0.8738506730769231 0.2554955408653846
1 0.8907009110576923 0.3102915048076923 0.8832455192307692 0.3102915048076923 0.8731274879807691 0.3225988173076923 0.870997375 0.3325393389423077 0.8739262788461539 0.34910687500000004 0.8837780480769231 0.3552605336538462 0.8907009110576923 0.35289374278846153 0.8973575096153846 0.3372729206730769 0.8981563028846153 0.3221254591346154 0.8907009110576923 0.3102915048076923
1 0.9053597235576922 0.2725094951923077 0.8995019158653845 0.2725094951923077 0.8915139975961538 0.28245001682692306 0.8880525649038462 0.29239054086538463 0.8912477331730769 0.3080113605769231 0.8992356514423077 0.3184252403846154 0.9088211562499999 0.31274494230769234 0.9149452283653846 0.30043762980769234 0.9138801706730769 0.2786631514423077 0.9053597235576922 0.2725094951923077
1 0.9776609975961539 0.26581484134615385 0.9723733437500001 0.2568767331730769 0.9617227836538462 0.2568767331730769 0.9526698100961538 0.2715508389423077 0.9534686009615385 0.2857515841346154 0.9585276177884615 0.29947897115384614 0.9670480649038461 0.3032658365384615 0.9747697211538462 0.29521874759615385 0.9798287355769231 0.2786512115384615 0.9776609975961539 0.26581484134615385
1 0.9852439158653846 0.1806109423076923 0.9764572043269231 0.1720904951923077 0.9709229326923077 0.18082254326923078 0.96065540625 0.18139296153846154 0.9599488389423076 0.20333213701923075 0.9660729086538461 0.21516609134615386 0.9743270937499999 0.21800624038461539 0.9812499567307692 0.21043250961538462 0.9855101802884616 0.1938649735576923 0.9852439158653846 0.1806109423076923
1 0.9517222115384616 0.3700040216346154 0.940272860576923 0.3747376033653846 0.9349475817307693 0.3865715576923077 0.9357463725961538 0.4073993173076923 0.9437342932692308 0.41544640625 0.9546511153846153 0.41449968990384617 0.9613077163461539 0.3955653629807693 0.9607751875 0.37757775240384617 0.9517222115384616 0.3700040216346154
1 0.9580193774038462 0.4369751490384616 0.9521615697115385 0.43508171634615384 0.9433748581730769 0.4426554471153846 0.9383158413461538 0.4540160432692308 0.9417772740384615 0.47721059615384614 0.9481676105769231 0.4857310432692307 0.9580193774038462 0.4809974615384615 0.96334465625 0.47295037259615386 0.9654747692307691 0.45448940144230765 0.9580193774038462 0.4369751490384616
1 0.97148425 0.32106474038461535 0.9800407980769231 0.3263557475961539 0.9897134182692308 0.32767849759615386 0.9897134182692308 0.31775786298076925 0.9867372259615385 0.29527109134615387 0.9848771081730768 0.27542981971153846 0.9796687740384615 0.2807208269230769 0.9707402043269231 0.29527109134615387 0.97148425 0.32106474038461535
1 0.9499536826923076 0.25916977403846153 0.9376768966346154 0.2565242716346154 0.9283763028846154 0.26710628125 0.9265161826923076 0.2803337932692308 0.9320965408653846 0.2995136875 0.9399090408653846 0.3041433173076923 0.9510697548076923 0.2995136875 0.955162016826923 0.2763655408653846 0.9499536826923076 0.25916977403846153
1 0.9478559759615385 0.31781641346153844 0.9426476418269231 0.29797514423076926 0.933347045673077 0.2926841394230769 0.9225583557692307 0.30128202163461537 0.9180940697115385 0.31649366346153845 0.9218143076923078 0.3350121802884616 0.9281387139423077 0.3416259375 0.9415315697115385 0.3343508052884615 0.9478559759615385 0.31781641346153844
1 0.9306587812499999 0.34902443509615383 0.9291706850961539 0.3318286658653846 0.9224742572115385 0.3258762860576923 0.9146617572115385 0.3258762860576923 0.9057331850961539 0.3377810480769231 0.9038730673076922 0.35497681490384614 0.9075933052884615 0.3675429519230769 0.9191260432692308 0.37481808413461537 0.9284266394230769 0.36159057211538465 0.9306587812499999 0.34902443509615383
1 0.9782338125 0.3657158846153846 0.9671661057692307 0.3680306995192308 0.9593536057692307 0.3813408846153846 0.9603301682692307 0.39580847596153845 0.9639108966346155 0.4085399591346154 0.9746530841346155 0.4154844014423077 0.9863718341346155 0.40448903125 0.9863718341346155 0.3796047740384615 0.9782338125 0.3657158846153846
1 0.9094406826923076 0.35867201201923077 0.9006516201923076 0.35867201201923077 0.8947922451923076 0.3725609014423077 0.8947922451923076 0.3933942355769231 0.9016281826923076 0.40612571634615385 0.9133469326923076 0.4049683076923077 0.9211594326923076 0.3870284927884615 0.9192063076923076 0.36445905048076926 0.9094406826923076 0.35867201201923077
1 0.9437035384615384 0.32958897355769234 0.9352399975961538 0.3400056418269231 0.935565516826923 0.3643111971153846 0.9458958389423077 0.377046375 0.9561633653846153 0.3696309375 0.9616179879807691 0.34681421394230766 0.9573754134615384 0.3342186033653846 0.9437035384615384 0.32958897355769234
1 0.9676156995192307 0.2967188605769231 0.9601287211538462 0.2880383052884615 0.9497120528846155 0.29266793509615385 0.9425505961538462 0.3030846009615385 0.9415740336538462 0.3204457139423077 0.9464568461538462 0.3360707139423077 0.9562224711538462 0.34012163942307694 0.9669646586538462 0.32333923076923077 0.9676156995192307 0.2967188605769231
1 0.9363556538461538 0.3597975649038462 0.9269155504807693 0.3597975649038462 0.9187775288461538 0.3678994158653846 0.9142202379807693 0.38757534375 0.9207306538461538 0.40377904567307693 0.9304962788461538 0.40840867548076926 0.9425405504807693 0.3916262692307692 0.9422150288461538 0.3754225649038462 0.9363556538461538 0.3597975649038462
1 0.9292927932692308 0.419179048076923 0.9169230024038462 0.4128133076923077 0.9084594615384615 0.42670219711538465 0.9087849807692308 0.45158645432692307 0.9172485240384615 0.4573734927884615 0.9279907115384615 0.4567947884615385 0.9345011274038462 0.4376975673076923 0.9292927932692308 0.419179048076923
1 0.9626256923076923 0.4006853870192308 0.9551387139423078 0.40589371875 0.9486282956730769 0.42614834855769235 0.9502559014423078 0.4400372379807692 0.9577428798076923 0.4475603870192308 0.9688105889423078 0.4469816826923077 0.9749954831730769 0.43830112740384614 0.9772741298076923 0.4168890889423077 0.9714147548076923 0.4047363125 0.9626256923076923 0.4006853870192308
1 0.9389061971153846 0.45303887259615383 0.9314192163461539 0.4443583173076923 0.9268619254807693 0.4443583173076923 0.9253859350961539 0.45566565625 0.9179359278846154 0.4573564375 0.9164452596153846 0.47850183413461533 0.9242577596153846 0.4883397980769231 0.9346744254807693 0.4866036875 0.9415103629807693 0.4692425745192308 0.9389061971153846 0.45303887259615383
1 0.9806404302884615 0.4323468173076923 0.9695727211538461 0.4340829278846154 0.9637133461538461 0.4427634831730769 0.9604581394230769 0.46186070432692305 0.9650154302884615 0.4745921875 0.9744555336538461 0.4798005192307692 0.9848722019230769 0.4722773725961539 0.9887784519230769 0.4537588533653846 0.9806404302884615 0.4323468173076923
1 0.9733259014423077 0.3696106706730769 0.9817894423076924 0.37771252403846156 0.9913367740384615 0.37134219230769233 0.9971122572115385 0.3582225769230769 0.9971122572115385 0.3348354326923077 0.9850446514423077 0.32794400480769226 0.978534233173077 0.32505048557692306 0.972674858173077 0.33604585576923074 0.9694196514423077 0.3499347451923077 0.9733259014423077 0.3696106706730769
1 0.9642488509615385 0.46911674278846155 0.9541215360576923 0.4747751778846154 0.9477557956730769 0.4902072764423077 0.9492025552884615 0.5071825865384615 0.9596192211538461 0.51644184375 0.9697465360576923 0.5159274423076923 0.9778483894230768 0.5020385528846154 0.9737974615384615 0.4763183870192308 0.9642488509615385 0.46911674278846155
1 1 0.4286855528846154 0.9879976923076923 0.43593987019230773 0.9853030096153846 0.44495737259615387 0.9838764134615385 0.45482026442307694 0.9859370528846154 0.46242878365384615 0.9889487572115385 0.4703190961538462 0.9935455697115384 0.4731370673076923 1 0.4744674471153846 1 0.4286855528846154
1 0.9965959399038462 0.40428214903846155 0.9904954038461539 0.3992926802884615 0.9847199206730769 0.3952997524038461 0.97906121875 0.4008870889423077 0.9718855144230769 0.41070104326923074 0.9722903846153846 0.4265043725961538 0.97749871875 0.4351463485576923 0.9856584399038462 0.44008462019230765 0.9945126081730769 0.4308253605769231 0.9986792740384616 0.41539326201923077 0.9965959399038462 0.40428214903846155
1 0.9942316177884615 0.5892168245192309 0.9876343966346154 0.58613040625 0.9796482860576923 0.5895254663461539 0.9746135625 0.5997106514423077 0.9732246730769231 0.6154513918269231 0.9758288413461538 0.6274884302884616 0.9834677283653845 0.6330439855769231 0.9911066177884614 0.6321180600961539 0.9982246730769231 0.6210069495192307 0.9996135625 0.6003279350961539 0.9942316177884615 0.5892168245192309
1 0.9937801153846154 0.46485485576923075 0.9849259495192307 0.4636202860576923 0.9764190048076924 0.46732399038461536 0.9722523365384615 0.48213880528846154 0.9727731706730769 0.5006573245192307 0.9769398365384615 0.5059042379807692 0.9849259495192307 0.5096079399038461 0.9936065048076923 0.5059042379807692 0.9988148365384616 0.48183016346153845 0.9937801153846154 0.46485485576923075
1 0.9447035625000001 0.4719870697115385 0.9370646754807692 0.47260435576923077 0.9304674519230769 0.47877719471153846 0.9275160625 0.4880364543269231 0.9273424519230768 0.5037771947115385 0.9304674519230769 0.5133450961538462 0.9382799519230769 0.5173574399038462 0.9466132860576923 0.5155055889423077 0.9532105072115384 0.5028512692307692 0.9526896754807692 0.48371546634615387 0.9447035625000001 0.4719870697115385
1 0.9843825072115385 0.5025495192307692 0.9790005625 0.49606803846153846 0.9692783413461539 0.49545075480769235 0.9623338966346153 0.50162359375 0.9593825072115384 0.5111914951923077 0.9605977860576923 0.5290927283653846 0.9635491730769231 0.5365001370192307 0.9715352860576923 0.541129766826923 0.9788269519230769 0.5380433461538462 0.9852505625 0.5272408774038462 0.9855977860576922 0.5127347043269231 0.9843825072115385 0.5025495192307692
1 1 0.4938617379807692 0.9947916658653846 0.4932444543269231 0.9875221610576923 0.4999077764423077 0.9835593918269231 0.5123068413461538 0.9841934350961539 0.5232969230769231 0.9864125865384616 0.530623641826923 0.9894097211538462 0.5376888990384615 0.9949652788461538 0.5376888990384615 1 0.535837048076923 1 0.4938617379807692
1 0.9889855817307692 0.5273675480769231 0.9811730817307692 0.5267502644230769 0.9745758605769231 0.5326144615384615 0.9716244711538462 0.5421823629807693 0.9721453052884615 0.5560712524038461 0.9759647475961538 0.5668737211538462 0.9862078052884615 0.5711947091346153 0.9941939158653846 0.5653305120192308 0.9983605817307691 0.5526761899038461 0.9969716923076923 0.5363181658653846 0.9889855817307692 0.5273675480769231
1 0.9632794807692308 0.5341013725961539 0.9634530913461539 0.5208297692307693 0.9601544807692307 0.5118791514423077 0.9532100360576923 0.5044717427884615 0.9462655913461538 0.5050890264423077 0.9393211466346153 0.510027298076923 0.9361961466346155 0.5189779158653847 0.9361961466346155 0.531014954326923 0.9368905913461538 0.5396569278846154 0.9427933701923077 0.5467556947115384 0.9500850360576922 0.5498421129807692 0.9596336466346155 0.5408914975961538 0.9632794807692308 0.5341013725961539
1 0.9680968942307693 0.5344095961538462 0.9613260600961537 0.5316318173076924 0.9550760600961539 0.5316318173076924 0.9496941153846153 0.5384219423076924 0.9463955048076923 0.5455207067307692 0.9458746706730768 0.5572491009615385 0.9472635600961539 0.5658910769230769 0.9519510600961538 0.5736071274038461 0.9583746706730769 0.5770021875 0.9694857836538462 0.5711379903846153 0.9713955048076923 0.5578663846153846 0.9712218942307692 0.5452120649038462 0.9680968942307693 0.5344095961538462
1 1 0.5560712524038461 0.9953125 0.5585403870192308 0.9883680552884615 0.5650218701923077 0.9852430552884616 0.5764416225961538 0.9850694447115385 0.591565079326923 0.9885416658653846 0.5989724855769231 0.9944444447115385 0.601750264423077 1 0.601750264423077 1 0.5560712524038461
1 0.9807272788461538 0.5611064975961538 0.9718731129807693 0.5577114350961538 0.9651022788461538 0.5623410649038462 0.9595467235576923 0.5697484735576923 0.9591995024038462 0.5851805721153845 0.9619772788461538 0.5956743990384615 0.9694425576923076 0.6027731634615384 0.9769078341346155 0.6021558798076924 0.9838522788461539 0.5907361274038462 0.9847203341346155 0.5716003245192307 0.9807272788461538 0.5611064975961538
1 1 0.6189040072115385 0.9984375000000001 0.6176694375 0.9899305552884615 0.6235336370192308 0.9855902788461539 0.6346447475961539 0.9854166658653847 0.6491509206730769 0.9883680552884615 0.6574842524038461 0.9947916658653846 0.66026203125 1 0.6608793149038461 1 0.6189040072115385
1 0.7812617620192307 0.2611967932692308 0.7701610360576924 0.26711718028846154 0.7629455625 0.28586507692307694 0.7668308173076923 0.30461297115384617 0.7762664350961538 0.3154670144230769 0.7870896442307692 0.31053335817307687 0.7940275985576922 0.29425229326923075 0.7937500793269231 0.27501103125 0.7812617620192307 0.2611967932692308
1 0.7611902379807692 0.22962139182692307 0.7489794375 0.24047543509615382 0.7456492187499999 0.26070342788461537 0.7520321370192308 0.27895795673076923 0.7636879014423077 0.28487834375 0.7747886274038461 0.27254420432692306 0.7775638100961538 0.25379630769230765 0.7722909639423077 0.23307495192307692 0.7611902379807692 0.22962139182692307
1 0.7472241129807693 0.2067661875 0.7355683485576924 0.20775291826923076 0.7258552115384614 0.21910032932692308 0.7253001754807692 0.24278187980769234 0.7305730216346155 0.25758285096153843 0.7441714110576924 0.2600496778846154 0.7522194399038462 0.2526491923076923 0.7561046947115385 0.2334079326923077 0.7527744759615385 0.2161401346153846 0.7472241129807693 0.2067661875
1 0.6998521442307692 0.2014822908653846 0.692450764423077 0.2014822908653846 0.6835691081730769 0.21683330048076924 0.6815954086538463 0.2348159110576923 0.6882566490384616 0.2514827211538461 0.7013324206730769 0.255430125 0.7107074999999999 0.24007911538461538 0.7119410649038461 0.22341230528846154 0.707500235576923 0.20762269471153846 0.6998521442307692 0.2014822908653846
1 0.7129257139423076 0.22823690865384616 0.7052776225961538 0.23744751442307693 0.7010835072115384 0.2558687235576923 0.7035506322115384 0.2703425336538462 0.7129257139423076 0.2821847403846154 0.7245212091346154 0.27692153846153844 0.731675875 0.2598161274038462 0.72920875 0.24183351682692308 0.7227942211538461 0.22999131009615384 0.7129257139423076 0.22823690865384616
1 0.6617339399038461 0.18877070673076923 0.6489048822115385 0.19666551201923077 0.6437239158653847 0.216841125 0.6461910432692307 0.23438513461538463 0.6526055721153846 0.2449115408653846 0.6634609278846154 0.24535014182692308 0.6745629975961538 0.2321921346153846 0.675056423076923 0.2120165216346154 0.6703688822115385 0.19491111057692306 0.6617339399038461 0.18877070673076923
1 0.6730849206730769 0.22187916105769231 0.6671638173076923 0.23635296875 0.6570485985576924 0.2398617716346154 0.6533479086538462 0.25652858173076926 0.6600091514423077 0.27494979326923075 0.6683973822115384 0.2797743942307692 0.6790060240384614 0.27451119230769233 0.6849271298076923 0.25301977884615384 0.6797461634615385 0.2310897644230769 0.6730849206730769 0.22187916105769231
1 0.6197949879807693 0.18438470432692308 0.6081994951923076 0.1861391057692308 0.6015382524038462 0.19929711298076924 0.6015382524038462 0.2221043269230769 0.6054856562500001 0.23438513461538463 0.6193015625 0.23745533653846154 0.6296634951923077 0.2221043269230769 0.6289233581730769 0.19534971153846153 0.6197949879807693 0.18438470432692308
1 0.6268273990384615 0.21661986778846154 0.6206595841346154 0.23284807932692309 0.6218931466346154 0.25083068990384616 0.6292945264423077 0.2657430985576923 0.6416301586538461 0.2666202980769231 0.6507585264423077 0.24776048798076925 0.6502651009615386 0.2293392764423077 0.6396564567307692 0.21267246634615383 0.6268273990384615 0.21661986778846154
1 0.6289233581730769 0.25785220673076925 0.6239891033653847 0.23986959375 0.6126403221153847 0.23460639182692308 0.6005514014423077 0.24469419711538462 0.5973441370192307 0.2631154086538462 0.6003046899038462 0.28416822115384616 0.6165877235576923 0.2916244254807692 0.6267029423076923 0.2745190168269231 0.6289233581730769 0.25785220673076925
1 0.6172056057692308 0.27824125 0.6058568245192307 0.28087285096153847 0.6001824326923078 0.2944694591346154 0.603142985576923 0.32210127644230774 0.6110377908653846 0.3304346826923077 0.6226332836538462 0.3278030817307692 0.6302813774038462 0.30762746875 0.6280609639423077 0.2843816538461538 0.6172056057692308 0.27824125
1 0.623740189903846 0.30499586778846155 0.6225066274038462 0.3238556778846154 0.626947454326923 0.3378908870192308 0.6355823990384616 0.3453470913461538 0.6471778918269231 0.34052248798076923 0.6523588581730769 0.31859247596153845 0.6484114567307693 0.2988554639423077 0.6355823990384616 0.2931536586538461 0.623740189903846 0.30499586778846155
1 0.6405188509615385 0.2536796346153846 0.6341043221153846 0.2624516418269231 0.6318839086538461 0.2817500528846154 0.6385451514423077 0.30104846394230766 0.6523610576923077 0.30368006490384614 0.661736139423077 0.28613605528846153 0.6619828533653845 0.26420604086538463 0.6511274951923076 0.2514866346153846 0.6405188509615385 0.2536796346153846
1 0.6696265432692308 0.27012518990384615 0.6582777620192307 0.2727567908653846 0.6518632331730768 0.29380960336538464 0.6558106346153847 0.3166168173076923 0.6735739471153847 0.3258274230769231 0.6849227283653847 0.3012658076923077 0.6797417620192309 0.27626559375 0.6696265432692308 0.27012518990384615
1 0.7057732475961539 0.25872158173076926 0.6954113173076923 0.24644077403846154 0.6811019831730769 0.24907237740384616 0.6746874543269231 0.2714409903846154 0.6811019831730769 0.2951254038461538 0.6973850168269231 0.2990728076923077 0.7052798221153846 0.28109019711538463 0.7057732475961539 0.25872158173076926
1 0.7144059903846153 0.2734166466346154 0.7033039206730769 0.2817500528846154 0.6993565192307692 0.30368006490384614 0.7047841971153846 0.3260486802884615 0.7205738052884616 0.3260486802884615 0.7319225889423078 0.3058730673076923 0.7262481971153847 0.28350445432692306 0.7144059903846153 0.2734166466346154
1 0.7523997379807692 0.2666163870192308 0.7408042427884615 0.2521425793269231 0.7277284735576923 0.25652858173076926 0.7215606562500001 0.27626559375 0.7269883341346154 0.29863420673076924 0.7378436923076923 0.30740621153846154 0.7528931634615385 0.2881078004807692 0.7523997379807692 0.2666163870192308
1 0.6697531995192307 0.3174979302884615 0.6593912692307692 0.31091892548076927 0.6490293389423076 0.3192523317307692 0.6445885096153846 0.33767354326923077 0.6487826250000001 0.35741055528846155 0.6593912692307692 0.3653053605769231 0.6719736153846154 0.3565333533653846 0.6751808798076924 0.3354805408653846 0.6697531995192307 0.3174979302884615
1 0.6523588581730769 0.34863854807692307 0.6452041923076923 0.3367963413461539 0.6328685600961539 0.3367963413461539 0.6252204663461539 0.34469114663461536 0.623740189903846 0.37012996153846156 0.6313882836538462 0.3885511730769231 0.6449574783653845 0.38679677163461534 0.6521121466346155 0.3688141610576923 0.6523588581730769 0.34863854807692307
1 0.6648167475961538 0.3532418966346154 0.6519876899038461 0.35718929807692307 0.6453264471153847 0.37341750961538456 0.6463132980769231 0.3935931201923077 0.6537146778846155 0.4089441298076923 0.6690108629807692 0.4041195264423077 0.6764122427884616 0.3848211153846154 0.6734516899038462 0.3694701057692308 0.6648167475961538 0.3532418966346154
1 0.6913416586538462 0.3354805408653846 0.6812264399038461 0.3297787379807692 0.671851358173077 0.33767354326923077 0.666670391826923 0.3591649567307692 0.6720980721153846 0.3802177692307692 0.6861606923076924 0.38635817307692305 0.6980028990384616 0.37144576201923074 0.6982496129807692 0.3534631514423077 0.6913416586538462 0.3354805408653846
1 0.70787140625 0.31727276201923077 0.704664141826923 0.30060595192307693 0.6965226225961539 0.2905181466346154 0.6827067139423076 0.29183394711538463 0.6770323245192308 0.31157095913461536 0.6780191754807692 0.33043076923076925 0.6930686466346153 0.3444659783653846 0.7024437259615385 0.334378173076923 0.70787140625 0.31727276201923077
1 0.7061400168269232 0.32429427884615386 0.694791233173077 0.33745228605769234 0.6920773942307693 0.35543489663461536 0.6960247980769231 0.37122450721153843 0.7058933028846154 0.3795579110576923 0.7172420841346153 0.37341750961538456 0.7236566129807692 0.35499629807692307 0.7194625 0.3321890841346154 0.7061400168269232 0.32429427884615386
1 0.7252613461538462 0.3102551586538462 0.7163796899038462 0.3234131658653846 0.7171198293269231 0.34490457932692303 0.7230409326923077 0.35806258653846157 0.73932396875 0.35937838701923075 0.7472187716346154 0.34051857692307697 0.7457384975961538 0.3212201658653846 0.7361167043269231 0.30718495673076923 0.7252613461538462 0.3102551586538462
1 0.7477121971153846 0.28723060096153846 0.7388305432692307 0.29995000721153847 0.7400641057692308 0.32845902403846156 0.7506727499999999 0.33898543028846156 0.7622682451923077 0.3363538293269231 0.7699163365384615 0.31793261778846155 0.7681893485576924 0.29644120432692306 0.7588142668269231 0.2859147980769231 0.7477121971153846 0.28723060096153846
1 0.7773177163461539 0.3045494423076923 0.7647353701923076 0.31463724759615386 0.7625149567307693 0.3418304663461538 0.7741104519230769 0.358935875 0.7901467740384616 0.35411127403846154 0.7943408894230769 0.33788306250000005 0.791133625 0.31288284855769233 0.7773177163461539 0.3045494423076923
1 0.7679426346153846 0.3407398317307692 0.7565938533653846 0.3306520264423077 0.7445049326923077 0.33723103125 0.7400641057692308 0.3670558485576923 0.7496858990384615 0.38328405769230767 0.7649820841346154 0.38328405769230767 0.7713966129807692 0.36135404567307694 0.7679426346153846 0.3407398317307692
1 0.7810184062500001 0.3532379831730769 0.7696696225961539 0.35806258653846157 0.7630083822115385 0.3839400024038462 0.7723834639423077 0.4041156153846154 0.7852125216346154 0.40499281490384614 0.7948343149038462 0.38569440384615383 0.7913803365384615 0.3624485889423077 0.7810184062500001 0.3532379831730769
1 0.7669557836538462 0.37977134375 0.7548668653846153 0.37538534134615387 0.7442582211538462 0.3859117475961539 0.74055753125 0.4078417620192308 0.7482056225961539 0.4231927716346154 0.76202153125 0.42889457451923074 0.77213675 0.40696456009615384 0.7669557836538462 0.37977134375
1 0.7494391850961539 0.3764877091346154 0.7425312331730769 0.35850509855769236 0.731675875 0.35148749519230765 0.7193402427884615 0.3628911009615384 0.7168731153846154 0.3843825144230769 0.7232876442307692 0.40324232692307693 0.7395706802884615 0.4045581274038461 0.7494391850961539 0.3764877091346154
1 0.7239033269230769 0.3962286346153846 0.7184756490384616 0.3742986201923077 0.7083604302884615 0.3699126177884615 0.6962715096153846 0.37956182451923076 0.6928175336538461 0.3988602355769231 0.6965182235576923 0.4150884447115385 0.7053998774038461 0.42298325 0.7177355096153846 0.4181586466346153 0.7239033269230769 0.3962286346153846
1 0.7150238725961539 0.4159656466346154 0.7007145384615385 0.4172814471153846 0.6938065841346154 0.42780785336538457 0.6938065841346154 0.4497378677884616 0.7007145384615385 0.4664046778846154 0.7140370216346154 0.46552747596153843 0.7246456658653847 0.44710626442307694 0.7229186754807693 0.4317552548076923 0.7150238725961539 0.4159656466346154
1 0.6856650673076923 0.3760491105769231 0.6762899855769231 0.3786807115384615 0.6688886057692307 0.3953475216346154 0.6688886057692307 0.4150845336538461 0.6802373870192308 0.4286811418269231 0.6933131586538461 0.42254073798076924 0.6992342620192308 0.40324232692307693 0.6957802860576923 0.38569831490384615 0.6856650673076923 0.3760491105769231
1 0.6059790817307692 0.37100716346153845 0.6183147139423077 0.37276156490384615 0.6279365072115385 0.3626737572115385 0.6304036322115384 0.3429367451923077 0.626209516826923 0.32670853605769234 0.6160942980769231 0.3192523317307692 0.6030185288461538 0.3302173389423077 0.6007981153846154 0.35170875 0.6059790817307692 0.37100716346153845
1 0.6120202403846154 0.3672771057692307 0.6014115961538461 0.3764877091346154 0.5982043317307693 0.40280372596153846 0.6070859879807693 0.41859333653846154 0.6206551826923078 0.4203477379807692 0.6287966995192308 0.4080669302884615 0.6295368389423076 0.3878913173076923 0.6228755961538461 0.37122450721153843 0.6120202403846154 0.3672771057692307
1 0.6521143461538461 0.42123276201923077 0.6535946225961538 0.39886414663461534 0.6449596802884615 0.38351313942307697 0.6306503461538462 0.38263593749999997 0.6244825288461539 0.40588175240384616 0.62818321875 0.42868896634615383 0.6417524158653846 0.4335135697115385 0.6521143461538461 0.42123276201923077
1 0.6331152716346153 0.42100759375 0.6254671802884615 0.4113583870192308 0.613131548076923 0.4126741875 0.6049900288461538 0.42714799759615385 0.6072104423076923 0.4525868125 0.6168322355769231 0.46442901923076924 0.6306481442307692 0.46004301682692306 0.6355823990384616 0.43416560096153844 0.6331152716346153 0.42100759375
1 0.6284299326923077 0.45696890384615385 0.6207818389423078 0.45302149999999997 0.6104199086538462 0.46091630528846156 0.6049922307692308 0.4788989158653846 0.609926483173077 0.5017061298076924 0.6232489663461538 0.5060921346153846 0.6318839086538461 0.49819732932692307 0.6353378870192308 0.4753901153846154 0.6284299326923077 0.45696890384615385
1 0.6391586322115385 0.42934099759615385 0.6317572524038462 0.4372358028846154 0.6263295745192308 0.45302541346153846 0.629290125 0.47232382451923083 0.6371849302884616 0.48241162980769225 0.6487804254807692 0.48197303124999996 0.6561818052884616 0.46399042067307694 0.656428516826923 0.4451306081730769 0.6500139879807693 0.43504280288461533 0.6391586322115385 0.42934099759615385
1 0.6714779879807692 0.4427124399038461 0.676658954326923 0.4282386298076923 0.6749319663461539 0.4124490192307692 0.6677772980769231 0.39972961298076926 0.6574153677884615 0.3992910120192308 0.6485337115384616 0.40806301682692303 0.6445863100961537 0.42648422836538463 0.6510008389423076 0.44534404086538465 0.6638298966346153 0.4501686442307692 0.6714779879807692 0.4427124399038461
1 0.6619806514423078 0.45148835576923074 0.6518654326923077 0.46157616346153846 0.6489048822115385 0.48087457451923077 0.6572931105769231 0.49929578605769226 0.6676550432692309 0.5036817884615384 0.6772768365384615 0.4905237788461539 0.6790038245192308 0.47034816826923076 0.6730827211538462 0.45719015865384616 0.6619806514423078 0.45148835576923074
1 0.6946689783653847 0.46420776442307693 0.6988630937500001 0.4519269567307692 0.696889391826923 0.4321899447115385 0.6912149999999999 0.42254073798076924 0.67986621875 0.4212249375 0.6729582644230769 0.4273653413461539 0.6672838725961537 0.44359355048076926 0.6704911370192307 0.46420776442307693 0.6825800576923077 0.47341837019230765 0.6946689783653847 0.46420776442307693
1 0.7441359639423077 0.43876112500000003 0.7480833677884615 0.4181469110576923 0.7424089759615384 0.3988485 0.7315536201923076 0.3962168990384616 0.7209449759615385 0.3997257019230769 0.716750860576923 0.41946271394230766 0.7202048365384616 0.4440243269230769 0.7350075961538463 0.4475331298076923 0.7441359639423077 0.43876112500000003
1 0.776819889423077 0.40718581730769227 0.7671980961538462 0.4098174182692308 0.759056579326923 0.4225368269230769 0.7570828774038462 0.44183523798076924 0.7625105552884615 0.4541160456730769 0.7728724879807692 0.4598178485576923 0.7832344182692308 0.4536774447115385 0.7881686706730769 0.43394043269230764 0.78496140625 0.4177122235576923 0.776819889423077 0.40718581730769227
1 0.7401841610576922 0.4339365216346154 0.7350031947115384 0.45279633413461534 0.7384571730769232 0.4725333461538461 0.749312528846154 0.47998955048076924 0.7599211730769231 0.47428774519230765 0.7675692644230769 0.4549893341346154 0.7611547355769231 0.43349792067307696 0.7527665072115385 0.4286733173076923 0.7401841610576922 0.4339365216346154
1 0.7239292596153846 0.44733759615384616 0.7134191394230769 0.4576209350961538 0.7119388629807692 0.47077894471153847 0.7158862668269231 0.49095455528846155 0.7257547716346154 0.49841076201923074 0.7385838293269231 0.4918317572115385 0.74302465625 0.47121754326923077 0.7378436923076923 0.4510419326923077 0.7239292596153846 0.44733759615384616
1 0.6957534999999999 0.5037342860576923 0.7073240384615385 0.5049684759615385 0.7133407187499999 0.4959177451923077 0.7168118822115385 0.48316443990384617 0.7131093076923077 0.4621831947115385 0.7043156995192308 0.45477805048076925 0.6943650360576924 0.45477805048076925 0.6867284807692309 0.4646515769230769 0.6855714254807693 0.4798732644230769 0.6883483557692307 0.49468355288461535 0.6957534999999999 0.5037342860576923
1 0.6734945192307692 0.4923006947115385 0.665395141826923 0.49518047115384617 0.6584528173076923 0.505054 0.6586842283653845 0.5264466394230769 0.6626182115384616 0.537554358173077 0.6718746442307691 0.5408455336538461 0.6818253076923076 0.5367315649038461 0.68691634375 0.5256238461538462 0.6864535216346154 0.5034084110576923 0.68205671875 0.49641466346153845 0.6734945192307692 0.4923006947115385
1 0.7759568293269231 0.45329539903846156 0.7650805216346155 0.4561751778846154 0.7565183245192307 0.47180826201923076 0.757675377403846 0.49278950721153847 0.7669318100961539 0.5051314134615384 0.7798908124999999 0.5030744302884615 0.7870645480769232 0.4825045817307692 0.7845190288461539 0.46440311778846155 0.7759568293269231 0.45329539903846156
1 0.7616574663461539 0.4854617764423077 0.7535580889423077 0.47435406009615383 0.7405990865384615 0.47805663221153843 0.7336567620192308 0.49327831971153846 0.7352766370192308 0.5138481658653846 0.7429131947115385 0.5241330889423077 0.7565664302884615 0.5249558846153847 0.7639715745192308 0.5027404495192308 0.7616574663461539 0.4854617764423077
1 0.7730447019230768 0.49846354086538464 0.7614741610576924 0.500931923076923 0.753143375 0.520267579326923 0.753143375 0.53343228125 0.7605485192307693 0.5494767620192308 0.7758216298076923 0.5478311754807692 0.7834581875000001 0.5317866947115385 0.7813754903846154 0.5091598629807692 0.7730447019230768 0.49846354086538464
1 0.7389356634615385 0.5158277355769231 0.7382414326923077 0.5018402379807692 0.7331503942307692 0.4890869326923077 0.7218112668269231 0.48620715625 0.7146375312500001 0.49155531490384613 0.7083894399038461 0.5055428125 0.7102407259615385 0.524055673076923 0.7155631754807692 0.531049423076923 0.7266708918269231 0.5368089783653847 0.7356959134615385 0.5289924375 0.7389356634615385 0.5158277355769231
1 0.6849688461538462 0.5150049423076923 0.6852002572115385 0.5339292019230769 0.6914483485576923 0.5450369182692307 0.7027874759615386 0.5462711081730769 0.7111182644230769 0.5392773605769231 0.7129695504807692 0.5215872932692307 0.7099612091346154 0.5026630336538461 0.698390670673077 0.49854906250000003 0.6916797596153846 0.5018402379807692 0.6849688461538462 0.5150049423076923
1 0.6580816490384614 0.5049765841346153 0.6559989519230769 0.4872865144230769 0.6513707355769232 0.4765901947115384 0.6448912331730768 0.47371041586538465 0.6340149278846153 0.4778243846153846 0.6286924783653846 0.49222327884615386 0.6277668365384615 0.5078563629807692 0.6330892836538461 0.5218438581730769 0.6432713581730769 0.5267806201923076 0.6539162548076922 0.5173184927884615 0.6580816490384614 0.5049765841346153
1 0.6503534399038462 0.5156647980769231 0.6422540625 0.5168989879807693 0.6336918653846154 0.5271839110576922 0.6320719879807692 0.5448739807692308 0.6376258485576923 0.5617412548076923 0.6450309927884615 0.5662666225961538 0.654287423076923 0.5650324302884615 0.6593784615384616 0.5535133173076923 0.660535514423077 0.5366460408653846 0.6570643533653846 0.5238927355769231 0.6503534399038462 0.5156647980769231
1 0.6378572572115384 0.5270209735576923 0.6353117403846155 0.5101536995192307 0.6279065937499999 0.49945737980769234 0.6181873413461538 0.49781179086538463 0.6086995 0.5076853173076923 0.6063853918269231 0.5253753870192308 0.6100879639423077 0.5393628822115384 0.6165674663461539 0.5471794254807693 0.6302207019230769 0.5455338365384615 0.6378572572115384 0.5270209735576923
1 0.6191610913461538 0.5595132259615384 0.612913 0.5759691057692308 0.6124501778846153 0.5957161586538462 0.6247149495192308 0.6088808605769231 0.6374425432692308 0.6014757163461538 0.6427649903846154 0.5817286610576923 0.6388310072115384 0.5619816081730769 0.6305002187500001 0.5574562427884615 0.6191610913461538 0.5595132259615384
1 0.6508186081730769 0.5560591129807693 0.6392480673076922 0.558938891826923 0.6327685673076923 0.5663440384615385 0.6385538365384615 0.5815657235576923 0.6355454951923077 0.5976102067307693 0.6401737115384616 0.6058381442307692 0.6542897692307693 0.6029583653846153 0.6607692716346154 0.5869138846153846 0.6582237524038461 0.5716921971153845 0.6508186081730769 0.5560591129807693
1 0.6675554903846154 0.5720798317307693 0.6582990576923078 0.577839389423077 0.6541336634615385 0.5979978389423077 0.6566791826923077 0.6140423197115384 0.6661670240384615 0.6251500384615384 0.6791260288461539 0.6202132740384615 0.68398565625 0.597175045673077 0.6793574399038461 0.5803077692307692 0.6675554903846154 0.5720798317307693
1 0.6743239495192307 0.5354973725961538 0.6659931610576924 0.5346745793269231 0.6567367307692307 0.5383771514423077 0.6530341586538462 0.5585356009615384 0.6553482668269232 0.5737572884615385 0.6636790528846154 0.582396625 0.6759438245192307 0.5828080216346154 0.6819605048076922 0.5659407475961539 0.6812662740384615 0.54783928125 0.6743239495192307 0.5354973725961538
1 0.6968189014423077 0.5417457427884615 0.6861740048076924 0.5425685360576923 0.6787688605769231 0.5512078725961538 0.6790002716346154 0.5750688942307692 0.6868682379807692 0.5878221995192308 0.700984295673077 0.5898791850961538 0.7076952091346154 0.5684865432692308 0.7044554567307693 0.5491508870192308 0.6968189014423077 0.5417457427884615
1 0.7235848774038461 0.5273363076923077 0.7127073894230769 0.5252457403846154 0.7030058485576922 0.5383117908653846 0.702417875 0.5639212475961538 0.7094735432692307 0.5785552235576923 0.7232908918269231 0.5780325817307692 0.7315225024038461 0.5592174711538461 0.73093453125 0.540925 0.7235848774038461 0.5273363076923077
1 0.7325440817307692 0.5530567644230769 0.7263703725961539 0.5744850865384615 0.72960421875 0.5917322740384615 0.7413636634615385 0.6006171875 0.753123110576923 0.5927775576923077 0.7575329014423077 0.5776209399038461 0.7542990528846154 0.5551473341346154 0.7443035264423077 0.546262420673077 0.7325440817307692 0.5530567644230769
1 0.7698031346153846 0.543786423076923 0.7553978149038462 0.5474449182692308 0.7509880240384615 0.5709638076923077 0.7556918004807692 0.5866430673076923 0.765099358173077 0.5970959086538461 0.7774467740384616 0.5923921298076923 0.7842084543269231 0.5720090913461539 0.7806806225961539 0.5516260528846154 0.7698031346153846 0.543786423076923
1 0.7671720072115384 0.5863686394230769 0.7560005336538461 0.5848007139423077 0.7436531153846153 0.59838940625 0.7413012283653846 0.616159233173077 0.750414798076923 0.634451701923077 0.7630561995192308 0.6375875552884616 0.7709938269230769 0.6250441466346154 0.7733457139423077 0.6020478990384615 0.7671720072115384 0.5863686394230769
1 0.7352671394230769 0.5838926442307693 0.7276235 0.5755303725961538 0.7138061514423076 0.5802341490384616 0.7076324423076923 0.5959134086538461 0.7091023725961538 0.6152511634615384 0.7240956658653845 0.6262266442307692 0.7335032211538461 0.6173417307692308 0.7370310552884616 0.6027077548076923 0.7352671394230769 0.5838926442307693
1 0.7264475552884615 0.6230645769230769 0.7229197211538462 0.6450155408653846 0.7273295144230769 0.6617400865384616 0.7379130144230769 0.6653985793269231 0.748496514423077 0.6570363076923077 0.7534942788461538 0.6413570480769231 0.7499664447115385 0.6251551466346155 0.738207 0.6147023052884616 0.7264475552884615 0.6230645769230769
1 0.690830608173077 0.5813319134615385 0.6811290673076923 0.5907394687499999 0.67789521875 0.6132130745192308 0.6817170384615385 0.6283696923076924 0.6975922884615385 0.6351640384615386 0.7075878173076924 0.6126904326923077 0.7043539711538462 0.5855130480769231 0.690830608173077 0.5813319134615385
1 0.7048339975961538 0.6648906658653846 0.7162994567307692 0.6643680240384615 0.7233551225961539 0.649734048076923 0.7236491081730769 0.6277830841346154 0.7151235120192307 0.6152396754807692 0.7033640673076923 0.6168076009615385 0.695132454326923 0.6288283677884615 0.6954264399038461 0.6544378245192307 0.7048339975961538 0.6648906658653846
1 0.7831915625 0.7303855120192307 0.7782971875 0.7622895865384615 0.7897173966346155 0.7956438461538462 0.8174521875 0.7898431057692308 0.8198993750000001 0.7463375480769231 0.8084791682692308 0.7231345841346154 0.7831915625 0.7303855120192307
1 0.6586605937500001 0.8295291874999999 0.6457297259615384 0.8529307860576923 0.6477977163461539 0.8924523629807692 0.6653756274038461 0.8988861081730769 0.6824365408653846 0.8887759375000001 0.687606514423077 0.864879170673077 0.68313246875 0.8338797427884616 0.6586605937500001 0.8295291874999999
1 0.39108945192307687 0.08380549759615384 0.3825229735576923 0.08606168990384615 0.3777638197115385 0.11031575240384615 0.38315752644230766 0.12836528605769232 0.39457949759615385 0.13287767067307693 0.4031459783653846 0.12216075961538463 0.40441508413461535 0.10129098317307692 0.3993386538461538 0.08606168990384615 0.39108945192307687 0.08380549759615384
1 0.3650727403846154 0.10496269711538461 0.35682353846153847 0.11285936778846153 0.35618898317307696 0.12978080769230768 0.3615826923076923 0.1467022451923077 0.37110100240384614 0.15234272596153847 0.3803020336538462 0.1467022451923077 0.38315752644230766 0.12357627884615385 0.3761774326923077 0.10327055288461538 0.3650727403846154 0.10496269711538461
1 0.3389004254807692 0.12828028125000002 0.33192033413461536 0.14181743028846155 0.3325548870192308 0.1609950625 0.3389004254807692 0.1717119735576923 0.3458805192307692 0.1587388701923077 0.35603338461538464 0.15986696634615385 0.35857159855769233 0.14858600721153847 0.3512742283653846 0.12715218509615384 0.3389004254807692 0.12828028125000002
1 0.3215040841346154 0.18007688461538462 0.3199176995192307 0.19812642067307693 0.3246768557692308 0.2206883389423077 0.3383197644230769 0.22181643509615384 0.34529985817307696 0.20771523557692306 0.3427616418269231 0.18402522115384615 0.33229150240384614 0.17500045192307695 0.3215040841346154 0.18007688461538462
1 0.3268439014423077 0.2133557139423077 0.3189119759615385 0.2206883389423077 0.31669103846153845 0.24043001682692308 0.3224020240384616 0.25678740865384614 0.3347758269230769 0.2607357451923077 0.3439768581730769 0.2466345456730769 0.3414386418269231 0.22125238701923078 0.3268439014423077 0.2133557139423077
1 0.35090306009615385 0.20771523557692306 0.34487479807692306 0.21504785817307692 0.34360568990384616 0.23535358653846156 0.3499512283653846 0.25114692788461535 0.3639114158653846 0.2522750240384615 0.3705742331730769 0.2291490576923077 0.3632768629807692 0.20771523557692306 0.35090306009615385 0.20771523557692306
1 0.3503223990384615 0.15111882211538463 0.33826587259615387 0.16239978124999999 0.3363622115384616 0.18157741105769232 0.3430250264423077 0.20301123557692308 0.3588888774038462 0.20301123557692308 0.36650352403846154 0.18326955528846153 0.36237892307692304 0.16014358894230768 0.3503223990384615 0.15111882211538463
1 0.37020306249999996 0.1842060360576923 0.3622711394230769 0.19605104326923076 0.36576118509615385 0.22143320192307694 0.3746449423076923 0.23158606490384617 0.3882878509615385 0.21974105769230767 0.3882878509615385 0.19774318509615385 0.3803559278846154 0.1842060360576923 0.37020306249999996 0.1842060360576923
1 0.39844071394230773 0.12808866346153847 0.38765329807692306 0.12414032692307692 0.38099048076923075 0.13260104807692308 0.3787695408653846 0.15008653365384614 0.3813077572115385 0.16531582932692307 0.38892240624999996 0.1732125 0.3974888846153846 0.17095631009615384 0.40573808413461543 0.15685511057692308 0.40446897836538465 0.13767747836538463 0.39844071394230773 0.12808866346153847
1 0.4161543341346154 0.06330815384615385 0.40600147115384616 0.06894863221153846 0.40251142307692306 0.08304983173076923 0.4053669158653846 0.10448365384615385 0.41456794951923076 0.11463651923076923 0.4259899206730769 0.10504770192307691 0.42916268990384615 0.08699816826923076 0.4253553653846154 0.06951268028846154 0.4161543341346154 0.06330815384615385
1 0.43450250721153844 0.042629995192307694 0.42688785817307695 0.055603098557692306 0.4284742427884615 0.07872906490384615 0.4357716129807692 0.09001002403846153 0.44941452403846155 0.08718978365384615 0.4529045721153846 0.061807625 0.44719358653846153 0.042629995192307694 0.43450250721153844 0.042629995192307694
1 0.4693490817307693 0.023548173076923078 0.45887894230769233 0.03539318028846154 0.46014805048076923 0.06190343509615385 0.4699836370192308 0.07431249038461539 0.4810883293269231 0.06923605769230769 0.4864820384615385 0.04780223557692308 0.4810883293269231 0.028060555288461537 0.4693490817307693 0.023548173076923078
1 0.47067208173076924 0.06509610576923076 0.4608364951923077 0.05776348076923077 0.45163546394230775 0.06509610576923076 0.44751086298076925 0.08483778365384616 0.45004907932692306 0.09950303125000001 0.45925011057692305 0.11134803846153847 0.4725757451923077 0.10401541586538461 0.4757485144230769 0.07806920913461537 0.47067208173076924 0.06509610576923076
1 0.4363522764423077 0.08954178605769231 0.42651668990384617 0.09179797596153846 0.41985387259615387 0.10928346394230769 0.42239208894230773 0.12733299759615385 0.42968945913461537 0.13692181490384614 0.44206326201923074 0.13466562259615383 0.44618786298076923 0.1149239423076923 0.4433323701923077 0.09856655288461538 0.4363522764423077 0.08954178605769231
1 0.42334392067307697 0.127056375 0.41287377884615384 0.12028780048076923 0.4024036394230769 0.12818447115384615 0.4008172548076923 0.14679805528846154 0.40335546875 0.16146330288461538 0.4141428870192308 0.1699240216346154 0.4246130264423077 0.15977115865384617 0.42715124278846156 0.14341376682692308 0.42334392067307697 0.127056375
1 0.4035710384615384 0.16305963701923076 0.3918317908653846 0.16475178125 0.3858035288461539 0.1760327403846154 0.3870726346153846 0.1974665625 0.3937354519230769 0.2110037139423077 0.40737836298076924 0.2087475216346154 0.41182024038461534 0.18674965144230768 0.40864747115384614 0.16926416586538462 0.4035710384615384 0.16305963701923076
1 0.4155197788461538 0.16117587740384615 0.4091742403846154 0.1707646923076923 0.4113951778846153 0.19501875480769232 0.4221825961538462 0.20686376201923076 0.4329700144230769 0.19445470673076923 0.43455639903846155 0.17696921875000002 0.4282108581730769 0.16004778125 0.4155197788461538 0.16117587740384615
1 0.44618786298076923 0.13635776682692308 0.436035 0.12958918990384616 0.4258821346153846 0.13635776682692308 0.42270936538461534 0.15271515625 0.4258821346153846 0.1707646923076923 0.4357177211538461 0.1797894591346154 0.44840880048076925 0.16963659615384616 0.44967790865384616 0.15045896634615386 0.44618786298076923 0.13635776682692308
1 0.45803489423076926 0.10354717548076924 0.44819930769230765 0.10805956009615383 0.44248832211538464 0.12216075961538463 0.44439198557692305 0.14133838942307692 0.45232390865384614 0.15205530048076923 0.4637458798076923 0.15149125240384614 0.4688223125 0.1368260048076923 0.4672359278846154 0.11031575240384615 0.45803489423076926 0.10354717548076924
1 0.4681877596153846 0.09913060096153846 0.4627940504807692 0.11435989663461539 0.4653322668269231 0.13522967067307692 0.47326418990384617 0.1465106298076923 0.48563799278846154 0.1419982451923077 0.48976259375000003 0.12564085576923076 0.4894453173076923 0.10646322355769232 0.47865789903846157 0.09856655288461538 0.4681877596153846 0.09913060096153846
1 0.4894453173076923 0.055411480769230775 0.4796097307692308 0.06556434615384615 0.47707151442307694 0.0864341201923077 0.4818306682692307 0.09940722355769231 0.49198353125000005 0.10561175 0.5008672884615385 0.09771507932692308 0.50372278125 0.07628125721153846 0.5008672884615385 0.061051961538461534 0.4894453173076923 0.055411480769230775
1 0.5366725649038462 0.044929396634615384 0.5274715336538461 0.04944177884615385 0.5227123774038461 0.06467107451923076 0.5249333173076923 0.08384870673076923 0.5354034567307692 0.09400156971153846 0.547459983173077 0.08723299278846154 0.5503154759615385 0.06692726682692308 0.5452390432692308 0.04831368509615385 0.5366725649038462 0.044929396634615384
1 0.3987579927884616 0.20649133173076925 0.38733601923076927 0.20818347355769232 0.3800386490384616 0.221720625 0.3806732043269231 0.2397701610576923 0.3879705745192308 0.2533073125 0.3990752692307692 0.25161516826923075 0.40510353125 0.23412968028846154 0.4047862548076923 0.21664419471153848 0.3987579927884616 0.20649133173076925
1 0.33731404086538463 0.2563191682692308 0.3290648413461538 0.25913940865384616 0.32335385336538464 0.26985631971153845 0.3249402403846154 0.2901620456730769 0.33382399519230765 0.3036991971153846 0.34524596634615384 0.2946744302884615 0.34873601201923077 0.2794451346153846 0.34461141346153845 0.2625236971153846 0.33731404086538463 0.2563191682692308
1 0.3633307548076923 0.24560225721153847 0.35095695192307697 0.2472944014423077 0.34524596634615384 0.26139560096153847 0.3481014591346154 0.28226537500000004 0.35539882932692307 0.29072609374999997 0.3649171394230769 0.28846990384615384 0.370628125 0.27549680048076924 0.36935901682692307 0.2563191682692308 0.3633307548076923 0.24560225721153847
1 0.3919395745192308 0.24982721634615385 0.38718042067307695 0.23572601682692307 0.3808348798076923 0.22331696153846153 0.3713165721153846 0.22500910576923075 0.3662401394230769 0.24193054326923077 0.36719197115384616 0.2599800793269231 0.3732202331730769 0.26956889423076924 0.3865458653846154 0.26731270192307693 0.3919395745192308 0.24982721634615385
1 0.33794859615384615 0.29420618990384617 0.33001667067307694 0.3043590552884615 0.33128577884615384 0.3269209735576923 0.3395349807692308 0.340458125 0.3512742283653846 0.33425359615384614 0.3557161057692308 0.3133838221153846 0.3493705673076923 0.29702643028846154 0.33794859615384615 0.29420618990384617
1 0.3589905841346154 0.28160551923076926 0.3497895528846154 0.2917583822115385 0.3485204447115385 0.30867982211538464 0.35359687500000003 0.3244731634615385 0.3643842932692308 0.32729340384615385 0.37168166346153847 0.32052482932692306 0.3739026033653846 0.3024752932692308 0.3697780024038462 0.2849898076923077 0.3589905841346154 0.28160551923076926
1 0.3763391105769231 0.26750431971153843 0.3712626778846154 0.27596503846153847 0.3712626778846154 0.29739886298076923 0.37665638701923077 0.3092438701923077 0.38712652884615384 0.31093601201923077 0.3934720673076923 0.2996550528846154 0.3950584519230769 0.28329766346153845 0.38934746634615386 0.26919646394230773 0.3763391105769231 0.26750431971153843
1 0.39696211538461534 0.24193054326923077 0.3902992980769231 0.24475078365384617 0.3842710360576923 0.26280031971153844 0.3899820216346154 0.2842341418269231 0.39981760817307693 0.2887465264423077 0.4096531923076923 0.28254199759615384 0.41155685576923073 0.2599800793269231 0.4074322548076923 0.2464429278846154 0.39696211538461534 0.24193054326923077
1 0.4108145168269231 0.23018134615384614 0.40510353125 0.23920611298076924 0.4054208076923077 0.2600758870192308 0.41367000961538464 0.2730489903846154 0.4247747043269231 0.26853660817307695 0.43143752163461535 0.25217921634615387 0.4263610889423077 0.23243753846153847 0.41620822596153845 0.22510491346153844 0.4108145168269231 0.23018134615384614
1 0.42694175 0.19379485096153845 0.4186925504807692 0.20789605048076923 0.42123076442307694 0.2298939206730769 0.4294799663461539 0.24061083173076922 0.43836372115384614 0.24061083173076922 0.4447092620192308 0.22199724999999998 0.44248832211538464 0.20338366586538464 0.4361427836538461 0.19153865865384614 0.42694175 0.19379485096153845
1 0.4449726466346154 0.1721802139423077 0.4360888918269231 0.18064093269230772 0.43418522836538465 0.19530618028846153 0.437358 0.2116635721153846 0.44402081490384615 0.2201242908653846 0.4532218485576923 0.21843214663461538 0.45925011057692305 0.2048949951923077 0.46051921875 0.1857173653846154 0.4525872932692308 0.1721802139423077 0.4449726466346154 0.1721802139423077
1 0.4583521730769231 0.1465106298076923 0.4520066322115385 0.16061182932692308 0.45359301682692305 0.18035350721153845 0.4602558341346154 0.18994232211538462 0.4691395889423077 0.19332661057692307 0.47802334375 0.17922541105769232 0.47675423798076927 0.15609944471153847 0.46850503605769234 0.14594658173076921 0.4583521730769231 0.1465106298076923
1 0.4812500072115385 0.14096595913461538 0.4764908533653846 0.14773453365384615 0.47553902163461537 0.16578406971153845 0.48029817548076925 0.18383360336538462 0.4917201466346154 0.18552574759615387 0.5006039038461538 0.16973240384615387 0.5018730096153846 0.1466064375 0.4904510384615385 0.13701762259615385 0.4812500072115385 0.14096595913461538
1 0.3523877355769231 0.35878428125000006 0.3447730889423077 0.36724500240384617 0.3425521490384615 0.38473048798076925 0.3463594735576923 0.3954473990384615 0.35460867548076924 0.4033440721153846 0.36634792307692304 0.39713954326923073 0.3692034158653846 0.38021810576923076 0.36444426201923075 0.36386071394230773 0.3523877355769231 0.35878428125000006
1 0.37226840144230766 0.33951084375 0.36433647836538463 0.355868233173077 0.3656055841346154 0.37391776923076925 0.3716338485576923 0.3829425360576923 0.3859113125 0.3829425360576923 0.3900359134615385 0.3586884735576923 0.3852767572115384 0.3423310817307692 0.37226840144230766 0.33951084375
1 0.36269619951923077 0.31751297115384614 0.3515915048076923 0.3208972596153846 0.34746690625 0.3361265552884615 0.34873601201923077 0.3507918028846154 0.35508155288461535 0.36038061778846153 0.36618624759615387 0.3592525216346154 0.37316634134615384 0.3434591778846154 0.370628125 0.32766583653846154 0.36269619951923077 0.31751297115384614
1 0.3821039879807693 0.3054871514423077 0.3748066177884616 0.30717929326923077 0.36846107692307695 0.31507596634615387 0.36750924759615383 0.32861311778846153 0.37226840144230766 0.3449705072115385 0.3805176033653846 0.35004693990384617 0.38971863701923076 0.34891884375 0.39289140625 0.3336895480769231 0.39098774278846155 0.31281977403846156 0.3821039879807693 0.3054871514423077
1 0.40452287019230765 0.2814139014423077 0.39310089903846157 0.28367009375 0.3883417427884615 0.30059153365384617 0.39119723557692304 0.31751297115384614 0.3972255 0.3254096442307692 0.40928202403846153 0.3254096442307692 0.4146757331730769 0.3062320120192308 0.41213751682692307 0.28931057451923076 0.40452287019230765 0.2814139014423077
1 0.40304426923076925 0.3171405408653846 0.3932086826923077 0.3171405408653846 0.3884495288461538 0.3289855480769231 0.3884495288461538 0.35041937019230773 0.3954296225961539 0.3633924735576923 0.4065343149038462 0.3633924735576923 0.41383168750000004 0.34647103605769225 0.41224530048076924 0.32842150000000003 0.40304426923076925 0.3171405408653846
1 0.4010328221153846 0.3553999951923077 0.39214906730769233 0.3537078509615385 0.3864380817307692 0.36724500240384617 0.3845344206730769 0.38134619951923077 0.3886590216346154 0.3937552548076923 0.40071554567307693 0.39883168750000003 0.40991657932692305 0.38642263221153844 0.41023385576923077 0.36668095432692305 0.4010328221153846 0.3553999951923077
1 0.4226615504807692 0.3329338846153846 0.41060502403846155 0.33575412259615384 0.4074322548076923 0.35380365865384616 0.4096531923076923 0.36903295432692307 0.41441234855769227 0.37692962500000005 0.4248824879807692 0.37749367307692305 0.4344007980769231 0.3633924735576923 0.4321798581730769 0.3413946033653846 0.4226615504807692 0.3329338846153846
1 0.4289531971153846 0.3655528581730769 0.42324221153846153 0.37909000961538464 0.4270495360576923 0.3982676394230769 0.43529873798076923 0.4067283581730769 0.44545160096153846 0.4010878798076923 0.4498934783653846 0.3841664399038462 0.44735526201923076 0.3695011923076923 0.43720239903846153 0.3604764254807692 0.4289531971153846 0.3655528581730769
1 0.4565562956730769 0.3750458653846154 0.45052803124999996 0.3840706322115385 0.44830709375000005 0.4009920721153846 0.45116258653846153 0.41340112740384616 0.4616327259615384 0.4212977980769231 0.4730546971153846 0.4105808870192308 0.47273742067307695 0.3863268245192308 0.4657573269230769 0.3767380096153846 0.4565562956730769 0.3750458653846154
1 0.4696663581730769 0.3423310817307692 0.46173443509615386 0.35304799278846155 0.46173443509615386 0.37278967307692307 0.4693490817307693 0.3840706322115385 0.4798192235576923 0.38463468028846154 0.48616476201923076 0.37278967307692307 0.4855302091346154 0.3547401370192308 0.4801365 0.3423310817307692 0.4696663581730769 0.3423310817307692
1 0.49589863942307694 0.40644093509615387 0.49875413221153847 0.3968521177884616 0.4927258701923077 0.3940318798076923 0.4882839927884615 0.3827509206730769 0.48479394711538465 0.3737261514423077 0.47527563701923076 0.3782385360576923 0.4714683125 0.39290378365384615 0.4736892524038462 0.41038926923076924 0.4797175144230769 0.41828594230769234 0.4908222091346154 0.4177218942307693 0.49589863942307694 0.40644093509615387
1 0.4474091538461539 0.3400748918269231 0.44296727644230766 0.34966370673076924 0.44265000000000004 0.37053348076923076 0.4474091538461539 0.38181443990384617 0.45375469471153845 0.3863268245192308 0.4648593894230769 0.3778661033653846 0.46708032692307694 0.36376490625 0.4645421105769231 0.34627941826923075 0.4572447403846154 0.33838274759615383 0.4474091538461539 0.3400748918269231
1 0.4685589278846154 0.30237948557692307 0.4587233413461539 0.3108402043269231 0.45618512499999997 0.32550545192307695 0.45808878846153844 0.3390426033653846 0.46570343509615386 0.35032356249999996 0.4764908533653846 0.34919546634615384 0.4831536682692308 0.3311459326923077 0.47998089903846153 0.3119683004807693 0.4685589278846154 0.30237948557692307
1 0.44418249278846156 0.2970156274038462 0.4346641826923077 0.3049123004807692 0.43117413701923074 0.3195775480769231 0.4346641826923077 0.33706303365384616 0.44323066105769227 0.34777994471153845 0.4556044639423077 0.33931922596153846 0.45814268028846156 0.31450111538461534 0.45338352403846155 0.3003999158653846 0.44418249278846156 0.2970156274038462
1 0.41404117788461536 0.30012329326923076 0.40991657932692305 0.31648068509615385 0.4124547932692308 0.3317099807692308 0.4229249350961538 0.3424268918269231 0.4321259663461538 0.3384785552884615 0.43720239903846153 0.31422449278846154 0.43085685817307695 0.30125138942307694 0.4222903798076923 0.2939187668269231 0.41404117788461536 0.30012329326923076
1 0.42662447355769234 0.2596076490384615 0.41710616346153845 0.26750431971153843 0.41583705769230767 0.2849898076923077 0.4180579951923077 0.3013471971153846 0.43138362740384617 0.30529553365384615 0.4402673846153846 0.2990910048076923 0.4421710456730769 0.27652908653846153 0.43646006009615385 0.2612997908653846 0.42662447355769234 0.2596076490384615
1 0.45073752403846157 0.25678740865384614 0.44248832211538464 0.2596076490384615 0.438681 0.2748369423076923 0.43899827644230766 0.29457862259615386 0.4488338629807692 0.3047314855769231 0.46152494230769225 0.2996550528846154 0.4640631586538462 0.27652908653846153 0.4599385576923077 0.2612997908653846 0.45073752403846157 0.25678740865384614
1 0.47490446634615385 0.2657163677884615 0.4647516033653846 0.26797256009615383 0.45967517307692307 0.28602209375 0.4612615576923077 0.3018154375 0.47141442067307693 0.31422449278846154 0.48093273076923077 0.30914806009615386 0.4856918846153846 0.2950468605769231 0.4841055 0.27586923076923076 0.47490446634615385 0.2657163677884615
1 0.47606579086538464 0.22547734615384615 0.4668647572115385 0.2277335360576923 0.46051921875 0.2412706875 0.46147105048076925 0.25988427163461536 0.4716239134615385 0.27567761298076926 0.4833631610576923 0.2683449903846154 0.48780503846153844 0.25142355048076925 0.4849495456730769 0.23393806490384617 0.47606579086538464 0.22547734615384615
1 0.44862437019230766 0.20902414663461538 0.4400578918269231 0.22030510576923076 0.43942333653846155 0.24061083173076922 0.44481704567307695 0.2524558389423077 0.45592174038461536 0.2586603677884615 0.4635363870192308 0.2507636947115385 0.4670264350961538 0.2298939206730769 0.4629018341346154 0.2152286730769231 0.44862437019230766 0.20902414663461538
1 0.46564954326923075 0.18391861057692308 0.45898672596153844 0.20253219230769232 0.4621594951923077 0.22340196875 0.4694568653846154 0.23411887980769233 0.4834170528846154 0.2239660144230769 0.4859552692307692 0.20422433653846153 0.4811961153846154 0.18448265865384617 0.46564954326923075 0.18391861057692308
1 0.4869071009615385 0.17762907692307695 0.4818306682692307 0.19342241826923076 0.4818306682692307 0.2114719543269231 0.48785893028846156 0.22218886538461538 0.498963625 0.22444505769230771 0.5078473822115385 0.20977981009615385 0.5062609951923077 0.1911662283653846 0.49959818028846154 0.17480883653846155 0.4869071009615385 0.17762907692307695
1 0.5551755432692308 0.010383451923076924 0.5459745120192308 0.019408221153846154 0.5428017403846154 0.03294537259615385 0.5472436201923077 0.054379194711538466 0.5586655913461539 0.061711817307692304 0.5681838990384616 0.05550729086538461 0.5713566706730769 0.03463751442307692 0.5675493461538461 0.017152028846153848 0.5551755432692308 0.010383451923076924
1 0.5464542596153846 0.06635241586538462 0.5455024278846154 0.09286267067307692 0.5521652451923077 0.10527172596153847 0.5651736009615385 0.10639982211538462 0.5734228028846153 0.08947838221153846 0.5702500336538462 0.06409622596153847 0.557558954326923 0.05507145673076923 0.5464542596153846 0.06635241586538462
1 0.5767503774038462 0.0378301875 0.5691357307692309 0.053623528846153845 0.5710393918269231 0.07449330528846154 0.5802404254807693 0.0863383125 0.5919796730769231 0.0790056875 0.5967388293269231 0.05869996153846154 0.5910278413461538 0.03839423317307693 0.5767503774038462 0.0378301875
1 0.5797318846153846 0.11992758413461539 0.5752900072115384 0.10469828846153846 0.5622816514423077 0.09962185576923077 0.5543497259615384 0.11033876923076923 0.5533978942307692 0.13572092548076922 0.5594261586538462 0.14812998076923078 0.5717999591346155 0.149822125 0.5800491610576923 0.13346473557692307 0.5797318846153846 0.11992758413461539
1 0.4998494110576923 0.05538846394230769 0.5042912884615385 0.07005371153846154 0.5125404903846154 0.07795038461538462 0.5236451850961539 0.07005371153846154 0.5284043413461539 0.05200417788461539 0.5258661250000001 0.03339059375 0.5122232139423077 0.024929874999999997 0.5023876274038461 0.037902978365384615 0.4998494110576923 0.05538846394230769
1 0.5922430576923077 0.07731354326923076 0.5776483173076923 0.08238997596153846 0.5735237163461538 0.09367093509615385 0.5738409927884616 0.11454070913461539 0.5830420264423076 0.12582166826923077 0.5938294423076923 0.12300143028846154 0.5985885985576923 0.10890023076923076 0.598905875 0.08972259855769231 0.5922430576923077 0.07731354326923076
1 0.59060278125 0.11782918990384615 0.5775944254807692 0.12064943028846153 0.5734698245192308 0.13813491586538462 0.575373485576923 0.15449230769230768 0.582353579326923 0.1680294591346154 0.5937755504807692 0.1657732668269231 0.6001210913461539 0.15054397115384616 0.5991692596153846 0.12854610096153846 0.59060278125 0.11782918990384615
1 0.49198353125000005 0.10796375 0.4894453173076923 0.12206494951923076 0.49103170192307694 0.13616614903846153 0.49579085576923076 0.1457549639423077 0.5043573341346154 0.1485752043269231 0.5126065360576922 0.1418066298076923 0.5164138605769231 0.12262899759615385 0.5113374278846154 0.10457946394230769 0.502453673076923 0.09781088701923077 0.49198353125000005 0.10796375
1 0.5262494471153846 0.11257194230769231 0.5148274735576923 0.11595623076923077 0.5097510432692307 0.12723718990384614 0.5097510432692307 0.14585077403846153 0.5148274735576923 0.15656768509615387 0.5230766754807692 0.1639003076923077 0.5313258774038462 0.15938792548076922 0.5370368629807692 0.1396462451923077 0.5332295408653847 0.12272480769230769 0.5262494471153846 0.11257194230769231
1 0.5299960072115385 0.08121867067307692 0.5268232379807692 0.07106580769230769 0.5176222043269231 0.06937366346153846 0.5093730024038462 0.07388604807692307 0.5049311249999999 0.08516700721153846 0.5052484014423076 0.09926820673076923 0.50969028125 0.11280535576923077 0.5163530961538462 0.11675369230769231 0.5268232379807692 0.11618964423076925 0.5325342235576923 0.09926820673076923 0.5299960072115385 0.08121867067307692
1 0.5354853485576924 0.08808305528846153 0.5297743629807692 0.09372353365384616 0.5266015913461538 0.1106449735576923 0.5294570841346153 0.12474617307692307 0.5364371778846154 0.1348990360576923 0.5462727644230769 0.13207879567307693 0.5542046899038462 0.12079783653846153 0.5538874134615385 0.10049211057692307 0.54500365625 0.08695495913461539 0.5354853485576924 0.08808305528846153
1 0.5816651346153846 0.1764901778846154 0.5822996875 0.16013278605769232 0.5743677620192308 0.1465956346153846 0.5632630697115385 0.1465956346153846 0.5562829759615384 0.15562040384615386 0.5550138677884615 0.17254184134615386 0.5591384687500001 0.18946328125 0.5689740552884616 0.19397566586538462 0.5778578100961538 0.18777113701923076 0.5816651346153846 0.1764901778846154
1 0.5235017379807693 0.15769578125 0.5174734759615385 0.14979910817307693 0.5108106586538461 0.15205530048076923 0.502878733173077 0.1571317331730769 0.5006577956730769 0.17348912259615384 0.5019269038461538 0.18928246634615384 0.5082724423076923 0.1971791394230769 0.5162043677884616 0.19943532932692307 0.5257226754807692 0.18589817788461538 0.5269917836538461 0.17236102884615387 0.5235017379807693 0.15769578125
1 0.543909173076923 0.1749896514423077 0.5537447596153846 0.17386155528846153 0.5607248533653846 0.1569401153846154 0.5610421298076923 0.14114677163461536 0.5550138677884615 0.12704557451923076 0.5470819423076922 0.1236612860576923 0.5375636322115385 0.1298658125 0.53343903125 0.1428389158653846 0.5359772475961538 0.1637086923076923 0.543909173076923 0.1749896514423077
1 0.5195327379807693 0.1883459879807692 0.5119180889423076 0.19455051442307691 0.5103317043269231 0.21034385817307694 0.5150908605769231 0.22952148798076924 0.526830108173077 0.23459792067307694 0.5366656947115385 0.22162481730769232 0.5369829711538462 0.20131909134615383 0.5290510456730769 0.18552574759615387 0.5195327379807693 0.1883459879807692
1 0.5549121586538461 0.20789605048076923 0.5587194831730768 0.19323080288461536 0.5549121586538461 0.17348912259615384 0.5485666201923076 0.16841269230769232 0.5406346947115385 0.16897674038461538 0.53428915625 0.17405317067307693 0.5317509399038461 0.1853341298076923 0.5330200480769232 0.20451176201923077 0.5384137548076923 0.2124084326923077 0.546980233173077 0.2152286730769231 0.5549121586538461 0.20789605048076923
1 0.5828864254807692 0.20027599999999998 0.5765408846153846 0.21494124759615385 0.5771754399038461 0.23693911778846152 0.5832037019230769 0.24934817307692309 0.5971638894230769 0.2504762692307692 0.6041439831730769 0.2380672139423077 0.6057303677884616 0.21606934374999998 0.6000193822115384 0.19971195192307695 0.5933565649038461 0.19519956971153848 0.5828864254807692 0.20027599999999998
1 0.5593540360576923 0.2075128173076923 0.55047028125 0.2238702067307692 0.5523739423076923 0.24981641346153843 0.5599885913461539 0.2560209423076923 0.5707760072115384 0.2560209423076923 0.5764869927884615 0.24699617307692306 0.5790252091346153 0.2221780625 0.5717278389423077 0.2092049591346154 0.5593540360576923 0.2075128173076923
1 0.5352948774038462 0.22688206490384613 0.5286320624999999 0.2398551658653846 0.5286320624999999 0.26016089423076927 0.5359294326923076 0.27539018990384617 0.5476686802884616 0.27539018990384617 0.5559178822115385 0.26016089423076927 0.5549660504807693 0.23872707211538463 0.5467168485576923 0.22518992067307692 0.5352948774038462 0.22688206490384613
1 0.5153603197115385 0.25611675 0.5106011658653846 0.26457746875 0.5099666129807692 0.2848831971153846 0.5178985360576923 0.29842034615384616 0.5248786298076923 0.30462487499999996 0.5347142163461538 0.2939079639423077 0.5382042644230769 0.27642247596153846 0.5343969399038462 0.25780889423076925 0.5255131850961539 0.24991222115384615 0.5153603197115385 0.25611675
1 0.5204906442307693 0.2971114375 0.5138278269230769 0.2858304783653846 0.5036749639423077 0.2863945264423077 0.49447393269230766 0.2988035817307692 0.49447393269230766 0.32080145192307696 0.5039922403846154 0.33659479567307693 0.5179524278846154 0.3303902668269231 0.5217597524038461 0.31516097115384617 0.5204906442307693 0.2971114375
1 0.5328583701923078 0.29005543509615384 0.5230227836538461 0.2968240120192308 0.5188981826923077 0.31092521153846153 0.5204845673076923 0.32953879326923075 0.5300028774038462 0.34307594471153846 0.5395211875 0.34081975240384615 0.5468185576923077 0.3301028413461538 0.5474531105769231 0.3114892596153846 0.5420594038461538 0.2940037716346154 0.5328583701923078 0.29005543509615384
1 0.530853 0.33292308173076923 0.5207001370192308 0.3216421225961538 0.5083263341346154 0.3272826009615385 0.5022980721153846 0.34871642548076925 0.5092781658653845 0.36676595913461535 0.5175273677884615 0.37240643990384614 0.5279975072115385 0.3684581033653846 0.5330739399038461 0.34984452163461544 0.530853 0.33292308173076923
1 0.5128221057692308 0.3634774807692308 0.5014001322115385 0.3510684254807692 0.49029543990384616 0.35670890384615384 0.4852190072115385 0.3747584399038461 0.48870905528846154 0.39506416586538456 0.49664097836538457 0.40070464663461536 0.5080629495192308 0.4001405985576923 0.5147257668269231 0.3820910625 0.5128221057692308 0.3634774807692308
1 0.56310746875 0.24991222115384615 0.5520027740384615 0.25329650961538464 0.5462917884615385 0.2713460456730769 0.5472436201923077 0.28883153125 0.5558100985576924 0.3029327307692308 0.5707221153846154 0.30067653846153847 0.5748467163461538 0.2820629567307692 0.5729430552884616 0.2595010384615385 0.56310746875 0.24991222115384615
1 0.6021864302884615 0.27595423798076923 0.6009173221153846 0.25508446153846154 0.5933026730769231 0.24718779086538462 0.5802943173076923 0.24775183894230768 0.5736315000000001 0.26016089423076927 0.5717278389423077 0.28159471634615385 0.5780733774038461 0.2973880600961538 0.5898126274038462 0.29908020432692306 0.5983791057692307 0.2917475793269231 0.6021864302884615 0.27595423798076923
1 0.5891780721153845 0.34232028125 0.5990136586538461 0.33950004086538466 0.6050419230769231 0.3214505048076923 0.6044073677884616 0.30170882692307693 0.5986963822115384 0.2904278677884615 0.5907644567307693 0.28986381971153846 0.581880701923077 0.2943762019230769 0.5764869927884615 0.30396501923076924 0.5764869927884615 0.3214505048076923 0.5815634254807692 0.3383719447115385 0.5891780721153845 0.34232028125
1 0.5650111298076923 0.2952276754807692 0.5551755432692308 0.3025603004807692 0.5516854975961538 0.3149693557692308 0.5520027740384615 0.3335829375 0.5577137596153846 0.3476841370192308 0.5672320697115384 0.34937628125 0.5783367644230769 0.34035151442307693 0.5811922572115384 0.31722554807692305 0.5751639927884615 0.2986119639423077 0.5650111298076923 0.2952276754807692
1 0.5433345865384616 0.3340511778846154 0.5328644471153846 0.33856356009615385 0.5281052908653846 0.3532288076923077 0.5281052908653846 0.37127834374999996 0.5350853846153846 0.3848154951923077 0.5458728028846154 0.3870716875 0.5557083894230769 0.3757907259615385 0.5566602211538462 0.35492095192307693 0.5509492355769231 0.34025570432692304 0.5433345865384616 0.3340511778846154
1 0.5698780697115384 0.33912760817307697 0.5581388197115384 0.3413838004807692 0.5511587283653846 0.3537928557692308 0.5533796658653846 0.3786109663461538 0.5632152524038462 0.39440431009615384 0.5774927163461538 0.3848154951923077 0.580982764423077 0.362817625 0.5771754399038461 0.3453321370192307 0.5698780697115384 0.33912760817307697
1 0.5929315048076923 0.33667980048076923 0.5834131947115385 0.3406281370192307 0.57706765625 0.35190909615384613 0.57706765625 0.37729125480769227 0.5856341346153846 0.3913924543269231 0.5957869975961538 0.39082840625000004 0.6046707524038462 0.37729125480769227 0.6043534759615384 0.35867767067307693 0.5995943221153847 0.34119218509615384 0.5929315048076923 0.33667980048076923
1 0.5875916875 0.3838790144230769 0.58061159375 0.3782385360576923 0.5723623918269231 0.37936663221153843 0.5634786370192308 0.3900835432692308 0.5609404206730769 0.4109533173076923 0.5682377932692307 0.4273107091346154 0.57839065625 0.4352073798076923 0.5885435192307692 0.41941403846153846 0.5920335649038462 0.39798021394230765 0.5875916875 0.3838790144230769
1 0.5851073653846154 0.4111341322115385 0.5803482091346154 0.42974771634615383 0.5860591947115384 0.45061749038461535 0.5955775048076923 0.45738606490384615 0.6069994759615385 0.45230963461538465 0.6114413533653846 0.43031176201923077 0.6076340288461538 0.41339032451923075 0.5965293365384615 0.40154531730769233 0.5851073653846154 0.4111341322115385
1 0.5613115913461538 0.4168704206730769 0.5625806995192307 0.39600064663461537 0.5552833269230769 0.37851515865384616 0.5451304639423077 0.3768230144230769 0.5359294326923076 0.38415563942307696 0.5340257692307693 0.4044613653846154 0.5359294326923076 0.4196906610576923 0.5476686802884616 0.42984352403846154 0.5613115913461538 0.4168704206730769
1 0.5323854927884615 0.4151782764423077 0.5396828629807693 0.39148826201923076 0.5355582620192307 0.3745668221153846 0.5254053990384615 0.3644139591346154 0.5139834278846154 0.37061848798076924 0.5085897187499999 0.38697587740384615 0.5130315961538462 0.40671755769230766 0.52032896875 0.41856256490384613 0.5323854927884615 0.4151782764423077
1 0.5207001370192308 0.41132575 0.5134027668269231 0.3921481177884615 0.5051535649038461 0.3927121658653846 0.4950007019230769 0.39722455048076927 0.4915106538461539 0.41640218028846154 0.4953179783653846 0.4378360024038462 0.5070572259615385 0.4468607716346154 0.518161920673077 0.43614386057692306 0.5207001370192308 0.41132575
1 0.5109723341346154 0.4374635721153846 0.5033576875 0.4470523870192308 0.5014540264423076 0.46623001923076923 0.5081168413461539 0.4842795528846154 0.5220770288461538 0.48540764903846156 0.5293743990384615 0.46961430528846154 0.5284225697115384 0.4515647716346154 0.5217597524038461 0.43915571634615386 0.5109723341346154 0.4374635721153846
1 0.5487282956730769 0.4360480504807692 0.5465073581730769 0.41799851682692307 0.5354026634615384 0.41122993990384615 0.5249325216346153 0.4168704206730769 0.5195388125 0.4309716201923077 0.5214424759615385 0.4478930576923077 0.5262016298076924 0.45860996875 0.5354026634615384 0.4642504495192308 0.5458728028846154 0.4557897307692308 0.5487282956730769 0.4360480504807692
1 0.5764869927884615 0.4332278125 0.5707760072115384 0.41743446875 0.5622095288461538 0.4123580360576923 0.5536430504807692 0.41630637259615383 0.5479320649038462 0.42871542788461536 0.5472975120192308 0.4467649615384615 0.5549121586538461 0.4619942572115385 0.5650650216346154 0.4642504495192308 0.5752178846153846 0.4507132980769231 0.5764869927884615 0.4332278125
1 0.5724162860576923 0.45089411298076926 0.5641670841346154 0.4548424495192308 0.5584560985576923 0.4689436466346154 0.5584560985576923 0.4881212788461538 0.5651189134615385 0.5016584302884616 0.5759063317307692 0.5033505745192308 0.5841555336538462 0.4948898533653846 0.5870110264423076 0.4728919831730769 0.5797136562499999 0.4531503052884615 0.5724162860576923 0.45089411298076926
1 0.6027131995192307 0.45061749038461535 0.5954158269230769 0.4483612980769231 0.5858975192307693 0.4534377307692308 0.5820901947115384 0.4652827379807692 0.5814556418269231 0.48164012740384615 0.5855802427884615 0.49574132692307693 0.5941467211538461 0.4996896634615385 0.6049341370192308 0.49574132692307693 0.6100105697115384 0.4754356009615384 0.6071550769230769 0.4568220168269231 0.6027131995192307 0.45061749038461535
1 0.5245613533653846 0.47111483413461536 0.5175812596153846 0.47788340865384615 0.5156775985576924 0.4936767524038462 0.5178985360576923 0.5128543822115385 0.5270995697115385 0.5224431995192308 0.5394733701923077 0.5162386706730769 0.5426461418269231 0.5021374711538461 0.5426461418269231 0.4840879375 0.5328105552884616 0.47224293028846154 0.5245613533653846 0.47111483413461536
1 0.5604136514423077 0.4936767524038462 0.5629518677884615 0.4688586418269231 0.5585099903846154 0.4530652980769231 0.5467707427884615 0.44742481971153847 0.5375697091346153 0.45419339423076927 0.5334451081730769 0.4699867379807693 0.537886985576923 0.49254865625 0.5477225721153846 0.4993172307692308 0.5604136514423077 0.4936767524038462
1 0.5680283004807692 0.49366594951923076 0.5572408822115384 0.48802547115384615 0.5470880192307692 0.4976142860576923 0.5435979711538461 0.5145357259615385 0.5483571274038461 0.5320212115384615 0.5588272668269231 0.5421740745192307 0.5686628533653846 0.5354055 0.5737392860576923 0.5105873894230769 0.5680283004807692 0.49366594951923076
1 0.5743199471153846 0.5175475817307692 0.5660707451923077 0.52431615625 0.5632152524038462 0.5401095 0.5670225769230769 0.5570309399038462 0.5774927163461538 0.5677478509615385 0.5885974110576924 0.5621073701923077 0.5927220120192308 0.5446218846153846 0.5914529038461539 0.5288285408653846 0.58193459375 0.5158554375000001 0.5743199471153846 0.5175475817307692
1 0.6114413533653846 0.5237521081730769 0.6111240769230769 0.5079587668269231 0.6066821995192307 0.49329351923076925 0.5987502740384616 0.48878113461538464 0.5895492427884615 0.4910373269230769 0.5841555336538462 0.4978059014423077 0.5822518725961539 0.5158554375000001 0.5863764711538462 0.5333409254807692 0.5939911201923077 0.5395454519230769 0.6054130913461538 0.5355971153846154 0.6114413533653846 0.5237521081730769
1 0.6129738461538461 0.5417058365384615 0.6063110288461538 0.5315529711538461 0.5971099975961539 0.5321170192307693 0.5891780721153845 0.5394496442307692 0.5860053028846154 0.5552429879807692 0.5885435192307692 0.57047228125 0.5986963822115384 0.5817532403846154 0.609801076923077 0.57780490625 0.6145602307692308 0.5591913221153846 0.6129738461538461 0.5417058365384615
1 0.7418912379807693 0.8896950456730769 0.7289663028846154 0.9135918125 0.7305172956730769 0.9420841129807692 0.7418912379807693 0.9577089206730769 0.7661901153846155 0.9521942836538462 0.773428079326923 0.9200255576923078 0.7620541370192307 0.8906141514423077 0.7418912379807693 0.8896950456730769
1 0.8023799326923077 0.9200255576923078 0.7992779471153846 0.9475987499999999 0.8054819158653845 0.9714955192307693 0.823059826923077 0.9843630096153846 0.8401207403846154 0.972414625 0.8494266923076924 0.9448414326923077 0.8390867451923077 0.9135918125 0.8209918365384615 0.8998052163461538 0.8023799326923077 0.9200255576923078
1 0.8742039591346155 0.28781478365384616 0.8673468004807692 0.29554534615384614 0.8599879014423077 0.2925720528846154 0.8614931298076923 0.30446522596153847 0.867681295673077 0.31725038701923075 0.8775489134615384 0.3163583990384616 0.8854095576923077 0.30951982451923077 0.8879182740384616 0.2937613701923077 0.883904326923077 0.2800842211538461 0.8765454278846154 0.2726509903846154 0.8742039591346155 0.28781478365384616
1 0.9203643365384615 0.26878570913461536 0.9135071778846153 0.27175900240384615 0.9088242427884615 0.27770558653846156 0.9131726826923077 0.2845441610576923 0.9133399302884615 0.29703199278846154 0.9103294711538462 0.3062492019230769 0.9146779134615385 0.3118984591346154 0.9228730528846154 0.3127904471153846 0.931235439903846 0.2991132980769231 0.9317371826923077 0.28246285576923075 0.9272214927884614 0.2726509903846154 0.9203643365384615 0.26878570913461536
1 0.9103294711538462 0.30714118990384615 0.9028033221153847 0.31457442307692307 0.8962806610576923 0.3116011298076923 0.8939391923076924 0.31903436298076926 0.8959461658653846 0.3312248653846154 0.8942736875 0.34222605048076926 0.8991238725961538 0.3478753076923077 0.9054792860576922 0.3493619543269231 0.9120019495192307 0.34490201442307694 0.9175211249999999 0.3324141826923077 0.9168521346153846 0.31516908173076924 0.9103294711538462 0.30714118990384615
1 0.8961134134615385 0.4204236634615385 0.9043085528846154 0.42726223798076923 0.9126709399038462 0.4269649086538462 0.9200298413461538 0.41715304086538463 0.9223713100961538 0.4091251490384616 0.9212005745192309 0.39842129326923076 0.9175211249999999 0.3892040841346154 0.9143434182692308 0.3957453293269231 0.9069845168269232 0.40139458653846155 0.8991238725961538 0.39871862259615387 0.89661515625 0.39247470673076923 0.8939391923076924 0.40525986778846157 0.8961134134615385 0.4204236634615385
1 1 0.36260788461538457 0.9952179783653846 0.36059115625 0.9876174302884616 0.36381792307692307 0.9835335552884616 0.37269153125000004 0.9817184975961539 0.3858002692307692 0.9846679639423077 0.3979006442307692 0.9904534567307692 0.4057658870192308 0.995444860576923 0.4069759254807692 1 0.40395083173076923 1 0.36260788461538457
1 0.8827102475961539 0 0.8807134879807692 0.012170723557692307 0.8838512524038461 0.02662345673076923 0.8887005240384614 0.03625861298076923 0.9003958293269231 0.033215932692307694 0.9052451009615384 0.02586278846153846 0.9086681177884616 0.007099588942307692 0.9053877283653846 0 0.8827102475961539 0