11 0.4668560600961538 0.9806397307692307 0.4668560600961538 0.9831649831730769 0.46827651442307694 0.9461279471153846 0.42424242307692306 0.9452861947115385 0.42424242307692306 0.9814814807692307 0.4668560600961538 0.9806397307692307
11 0.4659090913461539 0.9444444447115384 0.4659090913461539 0.9107744110576923 0.42424242307692306 0.9090909086538462 0.4247159086538461 0.9478114471153846 0.4659090913461539 0.9444444447115384
11 0.46638257692307694 0.8745791249999999 0.4247159086538461 0.8737373725961538 0.42424242307692306 0.9099326610576923 0.4668560600961538 0.9099326610576923 0.46638257692307694 0.8745791249999999
11 0.4668560600961538 0.8417508413461537 0.42282196875 0.8392255889423077 0.42282196875 0.8762626274038462 0.46827651442307694 0.8779461274038461 0.4668560600961538 0.8417508413461537
11 0.46638257692307694 0.8063973052884615 0.4232954543269231 0.8063973052884615 0.42234848557692306 0.8425925937500001 0.4673295456730769 0.84427609375 0.46638257692307694 0.8063973052884615
11 0.4640151514423077 0.7744107740384615 0.42140151442307694 0.7727272716346154 0.42140151442307694 0.8097643100961539 0.4654356057692308 0.8097643100961539 0.4640151514423077 0.7744107740384615
11 0.46496212019230765 0.7398989903846154 0.42140151442307694 0.7398989903846154 0.42140151442307694 0.7760942764423077 0.4654356057692308 0.777777778846154 0.46496212019230765 0.7398989903846154
11 0.46354166586538464 0.702861951923077 0.4199810600961538 0.7053872043269231 0.42140151442307694 0.7441077451923076 0.4654356057692308 0.7441077451923076 0.46354166586538464 0.702861951923077
11 0.45880681730769235 0.6708754206730769 0.4157196971153846 0.670033670673077 0.4142992427884616 0.7070707067307692 0.46022727163461535 0.7070707067307692 0.45880681730769235 0.6708754206730769
11 0.4249821033653846 0.9410774399038462 0.3828419519230769 0.9393939399038461 0.38236846634615385 0.9789562283653847 0.4249821033653846 0.9781144783653846 0.4249821033653846 0.9410774399038462
11 0.4249821033653846 0.90656565625 0.3814214951923077 0.90656565625 0.38047452644230767 0.9469696971153846 0.42450861778846155 0.9452861947115385 0.4249821033653846 0.90656565625
11 0.42450861778846155 0.8737373725961538 0.3828419519230769 0.8720538725961539 0.3818949807692308 0.9124579134615385 0.4249821033653846 0.9116161610576923 0.42450861778846155 0.8737373725961538
11 0.42450861778846155 0.8417508413461537 0.38236846634615385 0.8392255889423077 0.3828419519230769 0.8779461274038461 0.4254555865384615 0.8762626274038462 0.42450861778846155 0.8417508413461537
11 0.42450861778846155 0.8055555552884616 0.3814214951923077 0.8030303028846154 0.3814214951923077 0.84427609375 0.4254555865384615 0.84427609375 0.42450861778846155 0.8055555552884616
11 0.42308816346153844 0.7710437716346153 0.38047452644230767 0.7693602692307693 0.3795275576923077 0.8089225600961538 0.4240351322115385 0.8097643100961539 0.42308816346153844 0.7710437716346153
11 0.42308816346153844 0.7382154879807692 0.37905407211538467 0.7382154879807692 0.3785805865384615 0.7744107740384615 0.42356164663461543 0.7744107740384615 0.42308816346153844 0.7382154879807692
11 0.4169328605769231 0.702020201923077 0.3733722548076923 0.702020201923077 0.3743192235576923 0.7390572379807693 0.4169328605769231 0.7390572379807693 0.4169328605769231 0.702020201923077
11 0.41645937499999997 0.6691919182692309 0.4169328605769231 0.6691919182692309 0.3738457379807692 0.6683501682692307 0.3747927091346154 0.7087542091346154 0.4178798293269231 0.7070707067307692 0.41645937499999997 0.6691919182692309
11 0.3840519879807692 0.9427609423076924 0.34238532211538464 0.9419191923076924 0.3419118365384615 0.9764309759615385 0.38215804807692305 0.9797979807692307 0.3840519879807692 0.9427609423076924
11 0.3849989591346154 0.9074074062499999 0.3849989591346154 0.90656565625 0.3849989591346154 0.90572390625 0.3414383533653846 0.9090909086538462 0.3414383533653846 0.9452861947115385 0.3845254735576923 0.9436026947115385 0.3849989591346154 0.9074074062499999
11 0.3845254735576923 0.8754208750000001 0.3414383533653846 0.8762626274038462 0.3414383533653846 0.9124579134615385 0.3849989591346154 0.9132996634615385 0.3845254735576923 0.8754208750000001
11 0.3840519879807692 0.84343434375 0.3419118365384615 0.8417508413461537 0.34238532211538464 0.8787878798076924 0.3845254735576923 0.8762626274038462 0.3840519879807692 0.84343434375
11 0.38263153365384617 0.8055555552884616 0.33859744230769234 0.8030303028846154 0.33859744230769234 0.8451178461538462 0.3835785048076923 0.8451178461538462 0.38263153365384617 0.8055555552884616
11 0.38073759375000005 0.7710437716346153 0.3371769879807692 0.7693602692307693 0.3376504735576923 0.8063973052884615 0.38073759375000005 0.8063973052884615 0.38073759375000005 0.7710437716346153
11 0.38073759375000005 0.7373737379807692 0.3367035048076923 0.7390572379807693 0.3367035048076923 0.7760942764423077 0.379790625 0.7760942764423077 0.38073759375000005 0.7373737379807692
11 0.3769497163461538 0.702020201923077 0.33244213942307693 0.702020201923077 0.33386259375000005 0.7415824903846153 0.37647623076923076 0.7373737379807692 0.3769497163461538 0.702020201923077
11 0.3760027451923077 0.7070707067307692 0.3750557764423077 0.6658249158653846 0.33244213942307693 0.6666666658653846 0.332915625 0.7079124567307692 0.37552926201923076 0.7070707067307692 0.3760027451923077 0.7070707067307692
11 0.3333891105769231 0.6658249158653846 0.2898285048076923 0.6649831658653846 0.2903019879807692 0.7037037043269231 0.3333891105769231 0.7062289567307692 0.3333891105769231 0.6658249158653846
11 0.29124895913461535 0.6666666658653846 0.2495822908653846 0.6658249158653846 0.24816183653846155 0.702861951923077 0.29172244230769234 0.7062289567307692 0.29124895913461535 0.6666666658653846
11 0.29172244230769234 0.7045454543269231 0.24816183653846155 0.702020201923077 0.2491088076923077 0.7365319855769231 0.29172244230769234 0.7407407403846153 0.29172244230769234 0.7045454543269231
11 0.33365885336538464 0.7384259254807692 0.33430989663461536 0.701388889423077 0.291015625 0.699652778846154 0.2913411466346154 0.7390046298076923 0.33365885336538464 0.7384259254807692
11 0.2923177091346154 0.7737268509615384 0.2932942716346154 0.7372685192307693 0.2506510408653846 0.7349537043269231 0.2509765625 0.7719907403846153 0.2923177091346154 0.7737268509615384
11 0.33561197836538464 0.769097221153846 0.33561197836538464 0.737847221153846 0.2923177091346154 0.7366898149038461 0.2926432283653846 0.7714120360576923 0.33561197836538464 0.769097221153846
11 0.2897135408653846 0.7731481490384616 0.2906901033653846 0.7725694447115384 0.2906901033653846 0.7714120360576923 0.24641927163461538 0.769097221153846 0.24479166586538462 0.8049768509615384 0.2893880216346154 0.8067129639423077 0.2897135408653846 0.7731481490384616
11 0.24609375 0.7696759254807692 0.20279947836538462 0.7702546298076923 0.20279947836538462 0.8055555552884616 0.24641927163461538 0.8072916658653846 0.24609375 0.7696759254807692
11 0.2932942716346154 0.8391203701923077 0.2936197908653846 0.8049768509615384 0.2506510408653846 0.8043981490384616 0.2503255216346154 0.840277778846154 0.2932942716346154 0.8391203701923077
11 0.2955729158653846 0.8744212956730769 0.2955729158653846 0.840277778846154 0.2529296875 0.8385416658653846 0.2516276033653846 0.8738425937500001 0.2955729158653846 0.8744212956730769
11 0.33854166586538464 0.8055555552884616 0.33756510336538464 0.769097221153846 0.2955729158653846 0.7708333341346154 0.2955729158653846 0.8043981490384616 0.33854166586538464 0.8055555552884616
11 0.33919270913461536 0.8049768509615384 0.2965494783653846 0.8038194447115384 0.2965494783653846 0.8385416658653846 0.33854166586538464 0.840277778846154 0.33919270913461536 0.8049768509615384
11 0.33919270913461536 0.8379629639423077 0.2958984375 0.8379629639423077 0.2962239591346154 0.873263889423077 0.33919270913461536 0.8721064807692307 0.33919270913461536 0.8379629639423077
11 0.34114583413461536 0.9056712956730769 0.34114583413461536 0.871527778846154 0.2981770841346154 0.8721064807692307 0.2985026033653846 0.907986110576923 0.34114583413461536 0.9056712956730769
11 0.3388671875 0.9415509254807692 0.33919270913461536 0.9050925937500001 0.2975260408653846 0.902777778846154 0.296875 0.9427083341346154 0.3388671875 0.9415509254807692
11 0.34309895913461536 0.9774305552884616 0.34342447836538464 0.9403935192307693 0.3001302091346154 0.9403935192307693 0.3001302091346154 0.9756944447115384 0.34309895913461536 0.9774305552884616
11 0.30078125 0.9438657403846153 0.2581380216346154 0.9432870360576923 0.2568359375 0.9785879639423077 0.3001302091346154 0.9785879639423077 0.30078125 0.9438657403846153
11 0.2958984375 0.9444444447115384 0.296875 0.909722221153846 0.25390625 0.9068287043269231 0.2535807283653846 0.9432870360576923 0.2958984375 0.9444444447115384
11 0.2972005216346154 0.873263889423077 0.2552083341346154 0.8709490745192308 0.2545572908653846 0.907986110576923 0.2978515625 0.9114583341346154 0.2972005216346154 0.873263889423077
11 0.24967447836538462 0.6660879639423077 0.24967447836538462 0.6655092596153847 0.20572916586538462 0.6655092596153847 0.205078125 0.7008101850961539 0.24967447836538462 0.7025462956730769 0.24967447836538462 0.6660879639423077
11 0.24576822836538462 0.703125 0.2021484375 0.6979166658653846 0.20149739663461538 0.7355324062499999 0.24544270913461538 0.737847221153846 0.24576822836538462 0.703125
11 0.24576822836538462 0.7366898149038461 0.20247395913461538 0.7349537043269231 0.2021484375 0.7708333341346154 0.24641927163461538 0.7731481490384616 0.24576822836538462 0.7366898149038461
11 0.2470703125 0.8043981490384616 0.2470703125 0.8038194447115384 0.20540364663461538 0.8049768509615384 0.20442708413461538 0.840277778846154 0.248046875 0.8414351850961539 0.2470703125 0.8043981490384616
11 0.2506510408653846 0.8391203701923077 0.20768229086538462 0.8391203701923077 0.20768229086538462 0.8744212956730769 0.2503255216346154 0.8726851850961539 0.2506510408653846 0.8391203701923077
11 0.25390625 0.8721064807692307 0.20963541586538462 0.8726851850961539 0.20930989663461538 0.9074074062499999 0.2535807283653846 0.9068287043269231 0.25390625 0.8721064807692307
11 0.2545572908653846 0.9056712956730769 0.21126302163461538 0.9050925937500001 0.2099609375 0.9432870360576923 0.2529296875 0.9415509254807692 0.2545572908653846 0.9056712956730769
11 0.2600911466346154 0.940972221153846 0.21809895913461538 0.9403935192307693 0.21647135336538462 0.9756944447115384 0.259765625 0.9791666658653846 0.2600911466346154 0.940972221153846
11 0.4659745432692307 0.6180555552884616 0.4210526682692307 0.6174768509615384 0.42170371153846153 0.6556712956730769 0.4672766274038462 0.6539351850961539 0.4659745432692307 0.6180555552884616
11 0.46760214903846153 0.579861110576923 0.4223547524038462 0.5804398149038461 0.4233313149038462 0.6180555552884616 0.46857871153846153 0.6192129639423077 0.46760214903846153 0.579861110576923
11 0.4643469399038462 0.5462962956730769 0.4181229807692307 0.5439814807692308 0.4194250649038462 0.5815972211538462 0.4653235024038462 0.579861110576923 0.4643469399038462 0.5462962956730769
11 0.46564902403846153 0.5069444447115384 0.41975058653846153 0.5069444447115384 0.4204016274038462 0.545138889423077 0.4663000649038462 0.5445601850961539 0.46564902403846153 0.5069444447115384
11 0.46467246153846153 0.47106481490384616 0.4190995432692307 0.470486110576923 0.41975058653846153 0.5075231490384615 0.4663000649038462 0.5075231490384615 0.46467246153846153 0.47106481490384616
11 0.4633703774038462 0.4334490745192308 0.4171464182692307 0.43229166586538464 0.41877402403846153 0.47222222115384616 0.46564902403846153 0.470486110576923 0.4633703774038462 0.4334490745192308
11 0.4659745432692307 0.39583333413461536 0.4210526682692307 0.39583333413461536 0.4220292307692307 0.43402777884615384 0.4672766274038462 0.4369212956730769 0.4659745432692307 0.39583333413461536
11 0.4692297524038462 0.35821759375 0.4223547524038462 0.3564814807692308 0.42463339903846153 0.39583333413461536 0.46955527403846153 0.3946759254807692 0.4692297524038462 0.35821759375
11 0.46662558653846153 0.3182870360576923 0.4204016274038462 0.3182870360576923 0.4204016274038462 0.3553240745192308 0.4682531899038462 0.35706018509615384 0.46662558653846153 0.3182870360576923
11 0.42072714903846153 0.3153935192307692 0.37482871153846153 0.3153935192307692 0.3764563149038462 0.3553240745192308 0.42365683653846153 0.35590277884615384 0.42072714903846153 0.3153935192307692
11 0.37482871153846153 0.3182870360576923 0.3295813149038462 0.3171296298076923 0.3305578774038462 0.359375 0.3764563149038462 0.35821759375 0.37482871153846153 0.3182870360576923
11 0.3295813149038462 0.31886574038461535 0.2836828774038462 0.31886574038461535 0.28531048076923077 0.3587962956730769 0.32893027403846153 0.359375 0.3295813149038462 0.31886574038461535
11 0.28498496153846153 0.314236110576923 0.23908652403846153 0.31018518509615384 0.23973756490384618 0.34895833413461536 0.28531048076923077 0.3535879639423077 0.28498496153846153 0.314236110576923
11 0.2386079423076923 0.3119212956730769 0.1936860673076923 0.31134259375 0.19336054567307695 0.35011574038461535 0.23908652403846153 0.35416666586538464 0.2386079423076923 0.3119212956730769
11 0.23828242067307695 0.3524305552884615 0.19140742067307695 0.3478009254807692 0.19043085817307695 0.38946759375 0.2366548173076923 0.39293981490384616 0.23828242067307695 0.3524305552884615
11 0.2848319014423077 0.3512731490384615 0.2389334639423077 0.34722222115384616 0.2386079423076923 0.388888889423077 0.2854829423076923 0.3912037043269231 0.2848319014423077 0.3512731490384615
11 0.2356782548076923 0.3912037043269231 0.1897798173076923 0.3859953701923077 0.1878266923076923 0.4265046298076923 0.23730585817307695 0.4305555552884615 0.2356782548076923 0.3912037043269231
11 0.2822277331730769 0.38946759375 0.23632929567307695 0.3859953701923077 0.23632929567307695 0.4288194447115385 0.2825532548076923 0.42824074038461535 0.2822277331730769 0.38946759375
11 0.32942825480769233 0.3952546298076923 0.2828787764423077 0.3946759254807692 0.2832042956730769 0.4346064807692308 0.33040481730769233 0.435763889423077 0.32942825480769233 0.3952546298076923
11 0.3297537764423077 0.3564814807692308 0.2841808581730769 0.35590277884615384 0.2854829423076923 0.3964120360576923 0.33138137980769233 0.3987268509615385 0.3297537764423077 0.3564814807692308
11 0.3776053389423077 0.39409722115384616 0.3759777331730769 0.35706018509615384 0.3297537764423077 0.359375 0.33138137980769233 0.3975694447115385 0.3776053389423077 0.39409722115384616
11 0.4229868485576923 0.39583333413461536 0.4229868485576923 0.3564814807692308 0.3767628894230769 0.35590277884615384 0.3779308581730769 0.3935185192307692 0.4229868485576923 0.39583333413461536
11 0.4197316394230769 0.3946759254807692 0.3741587235576923 0.3952546298076923 0.3748097644230769 0.43518518509615384 0.4216847644230769 0.4346064807692308 0.4197316394230769 0.3946759254807692
11 0.3735076826923077 0.39583333413461536 0.3285858076923077 0.3964120360576923 0.3289113269230769 0.43402777884615384 0.3751352860576923 0.4369212956730769 0.3735076826923077 0.39583333413461536
11 0.4181040360576923 0.4346064807692308 0.3722055985576923 0.4369212956730769 0.3722055985576923 0.47395833413461536 0.4187550769230769 0.4733796298076923 0.4181040360576923 0.4346064807692308
11 0.4190805985576923 0.47106481490384616 0.3735076826923077 0.4728009254807692 0.3738332019230769 0.5104166658653846 0.4203826826923077 0.5104166658653846 0.4190805985576923 0.47106481490384616
11 0.4207082019230769 0.5092592596153847 0.3741587235576923 0.5081018509615385 0.3751352860576923 0.546875 0.4216847644230769 0.54803240625 0.4207082019230769 0.5092592596153847
11 0.4200571610576923 0.54571759375 0.3735076826923077 0.545138889423077 0.3751352860576923 0.5827546298076923 0.4207082019230769 0.5856481490384615 0.4200571610576923 0.54571759375
11 0.4213592451923077 0.5833333341346154 0.3761118485576923 0.5833333341346154 0.3764373701923077 0.6192129639423077 0.4216847644230769 0.6221064807692307 0.4213592451923077 0.5833333341346154
11 0.4213592451923077 0.6192129639423077 0.3757863269230769 0.6180555552884616 0.3757863269230769 0.6556712956730769 0.4213592451923077 0.65625 0.4213592451923077 0.6192129639423077
11 0.3770884110576923 0.6186342596153847 0.3315154951923077 0.6163194447115384 0.3318410144230769 0.654513889423077 0.3764373701923077 0.6574074062499999 0.3770884110576923 0.6186342596153847
11 0.3770884110576923 0.5815972211538462 0.3308644519230769 0.579861110576923 0.3331430985576923 0.6192129639423077 0.3777394519230769 0.6203703701923077 0.3770884110576923 0.5815972211538462
11 0.3764373701923077 0.54571759375 0.3285858076923077 0.5428240745192308 0.3282602860576923 0.5815972211538462 0.3761118485576923 0.5827546298076923 0.3764373701923077 0.54571759375
11 0.3748097644230769 0.5075231490384615 0.3282602860576923 0.5081018509615385 0.3298878894230769 0.54803240625 0.3761118485576923 0.5474537043269231 0.3748097644230769 0.5075231490384615
11 0.3735076826923077 0.470486110576923 0.3731821610576923 0.470486110576923 0.3272837235576923 0.47106481490384616 0.3289113269230769 0.5104166658653846 0.3748097644230769 0.5104166658653846 0.3735076826923077 0.470486110576923
11 0.3735076826923077 0.4334490745192308 0.3269582019230769 0.43518518509615384 0.3282602860576923 0.4733796298076923 0.3738332019230769 0.4728009254807692 0.3735076826923077 0.4334490745192308
11 0.3279347644230769 0.4346064807692308 0.28171080769230766 0.43229166586538464 0.2813852860576923 0.47106481490384616 0.3282602860576923 0.4733796298076923 0.3279347644230769 0.4346064807692308
11 0.3285858076923077 0.470486110576923 0.28171080769230766 0.46759259375 0.2830128894230769 0.5092592596153847 0.3302134110576923 0.5092592596153847 0.3285858076923077 0.470486110576923
11 0.3292368485576923 0.5069444447115384 0.2843149735576923 0.5069444447115384 0.2852915360576923 0.546875 0.3305389326923077 0.546875 0.3292368485576923 0.5069444447115384
11 0.3331430985576923 0.5821759254807692 0.2872446610576923 0.5804398149038461 0.2869191394230769 0.6209490745192308 0.3331430985576923 0.6209490745192308 0.3331430985576923 0.5821759254807692
11 0.3334686201923077 0.6174768509615384 0.2878957019230769 0.6157407403846153 0.2882212235576923 0.6568287043269231 0.3347707019230769 0.6550925937500001 0.3334686201923077 0.6174768509615384
11 0.3298878894230769 0.5434027788461538 0.2843149735576923 0.5422453701923077 0.28464049519230766 0.5804398149038461 0.3321665360576923 0.5821759254807692 0.3298878894230769 0.5434027788461538
11 0.28854674519230766 0.6134259254807692 0.24395038942307692 0.6122685192307692 0.24395038942307692 0.6493055552884616 0.2891977860576923 0.6533564807692307 0.28854674519230766 0.6134259254807692
11 0.24395397115384615 0.6122685192307692 0.19838105528846153 0.611111110576923 0.19903209615384615 0.6516203701923077 0.24460143269230766 0.6516203701923077 0.24395397115384615 0.6122685192307692
11 0.24102428365384615 0.5775462956730769 0.19512584615384615 0.5734953701923077 0.19545136778846153 0.6128472211538462 0.24200084615384615 0.6157407403846153 0.24102428365384615 0.5775462956730769
11 0.2885503245192308 0.6163194447115384 0.28789928365384615 0.5827546298076923 0.2852951177884615 0.5752314807692308 0.24134980528846153 0.5752314807692308 0.24134980528846153 0.6122685192307692 0.2885503245192308 0.6163194447115384
11 0.28594615865384615 0.5410879639423076 0.23939668028846153 0.5381944447115384 0.23939668028846153 0.5787037043269231 0.2865971995192308 0.57696759375 0.28594615865384615 0.5410879639423076
11 0.28496959615384615 0.5410879639423076 0.28399303365384615 0.5023148149038461 0.23907115865384615 0.5034722211538462 0.24037324278846153 0.5416666658653846 0.28496959615384615 0.5410879639423076
11 0.28203990865384615 0.4658564807692308 0.23711803365384615 0.46527777884615384 0.23809459615384615 0.5040509254807692 0.2836675120192308 0.5034722211538462 0.28203990865384615 0.4658564807692308
11 0.2833419927884615 0.4276620360576923 0.23614147115384615 0.4265046298076923 0.23776907451923077 0.467013889423077 0.2833419927884615 0.4693287043269231 0.2833419927884615 0.4276620360576923
11 0.23711803365384615 0.42824074038461535 0.19252168028846153 0.4265046298076923 0.19154511778846153 0.46527777884615384 0.23809459615384615 0.46759259375 0.23711803365384615 0.42824074038461535
11 0.23907115865384615 0.46643518509615384 0.19349824278846153 0.4641203701923077 0.19284719951923077 0.50115740625 0.23907115865384615 0.5040509254807692 0.23907115865384615 0.46643518509615384
11 0.23842011778846153 0.5028935192307692 0.19382376201923077 0.4994212956730769 0.19382376201923077 0.5393518509615385 0.23809459615384615 0.5416666658653846 0.23842011778846153 0.5028935192307692
11 0.24069876201923077 0.5752314807692308 0.23972219951923077 0.5393518509615385 0.19414928365384615 0.5376157403846153 0.19382376201923077 0.57696759375 0.24102428365384615 0.5775462956730769 0.24069876201923077 0.5752314807692308
11 0.26753730528846154 0.2673611105769231 0.22391751201923077 0.2638888894230769 0.22326647115384615 0.30034722115384616 0.26786282451923077 0.3038194447115385 0.26753730528846154 0.2673611105769231
11 0.3114826177884616 0.265625 0.26753730528846154 0.26678240625 0.2672117836538461 0.3055555552884615 0.31278469951923077 0.3055555552884615 0.3114826177884616 0.265625
11 0.26656074278846154 0.22974537019230767 0.22033678365384615 0.22627314903846155 0.22033678365384615 0.26331018509615384 0.26460761778846154 0.265625 0.26656074278846154 0.22974537019230767
11 0.26298001201923077 0.1944444447115385 0.22033678365384615 0.19097222115384616 0.21936022115384615 0.2280092596153846 0.2642820961538461 0.2280092596153846 0.26298001201923077 0.1944444447115385
11 0.2593992836538461 0.15567129567307691 0.21577949278846154 0.15335648076923075 0.21545397115384615 0.18807870432692309 0.26070136778846154 0.19328703605769232 0.2593992836538461 0.15567129567307691
11 0.26005032451923077 0.11747685096153847 0.21610501201923077 0.11747685096153847 0.21480293028846154 0.15509259375 0.26005032451923077 0.15856481490384616 0.26005032451923077 0.11747685096153847
11 0.26070136778846154 0.08101851923076923 0.21675605528846154 0.07986111057692308 0.21675605528846154 0.1192129639423077 0.26265449278846154 0.12094907451923077 0.26070136778846154 0.08101851923076923
11 0.2603758461538461 0.04398148076923077 0.21610501201923077 0.042824074519230766 0.21577949278846154 0.08217592548076923 0.26070136778846154 0.08043981490384616 0.2603758461538461 0.04398148076923077
11 0.26070136778846154 0.00810185096153846 0.21610501201923077 0.006365740384615385 0.21512844951923077 0.04571759375 0.2613524086538461 0.04398148076923077 0.26070136778846154 0.00810185096153846
11 0.21838365865384615 0 0.21870918028846154 0.00810185096153846 0.26298001201923077 0.0075231490384615385 0.26102688701923077 0 0.21838365865384615 0
11 0.3052977211538461 0.046875 0.30464668028846154 0.00810185096153846 0.2603758461538461 0.006944444711538461 0.2593992836538461 0.04629629567307692 0.3052977211538461 0.046875
11 0.30648587259615384 0.04442274278846154 0.34989407451923077 0.04166666586538462 0.34891751201923077 0.003472221153846154 0.30399563701923077 0.003472221153846154 0.30648587259615384 0.04442274278846154
11 0.3954669927884616 0.04050925961538462 0.3951414711538461 0.001736110576923077 0.3495685552884616 0.001736110576923077 0.35184719951923077 0.042824074519230766 0.3954669927884616 0.04050925961538462
11 0.4394123052884616 0.03935185096153847 0.43876126201923077 0.001736110576923077 0.3944904302884616 0.00115740625 0.3954669927884616 0.042824074519230766 0.4394123052884616 0.03935185096153847
11 0.3052977211538461 0.046875 0.2593992836538461 0.04456018509615385 0.2593992836538461 0.08333333413461538 0.3062742836538461 0.08333333413461538 0.3052977211538461 0.046875
11 0.3062742836538461 0.11863425961538462 0.3062742836538461 0.0827546298076923 0.2603758461538461 0.0839120360576923 0.26070136778846154 0.11979166586538462 0.30692532451923077 0.1192129639423077 0.3062742836538461 0.11863425961538462
11 0.3495685552884616 0.078125 0.3485919927884616 0.04224537019230769 0.30497219951923077 0.04166666586538462 0.30497219951923077 0.08043981490384616 0.3495685552884616 0.078125
11 0.3495685552884616 0.11458333413461538 0.34989407451923077 0.07754629567307693 0.3052977211538461 0.07986111057692308 0.3052977211538461 0.11747685096153847 0.3495685552884616 0.11458333413461538
11 0.30594876201923077 0.15740740625 0.30562324278846154 0.1192129639423077 0.26070136778846154 0.12094907451923077 0.2613524086538461 0.15856481490384616 0.30594876201923077 0.15740740625
11 0.3495685552884616 0.15277777884615384 0.34989407451923077 0.11689814903846153 0.30497219951923077 0.11805555528846154 0.30562324278846154 0.15625 0.3495685552884616 0.15277777884615384
11 0.3964435552884616 0.078125 0.39676907451923077 0.03993055528846154 0.35184719951923077 0.04456018509615385 0.3515216802884616 0.08043981490384616 0.3964435552884616 0.078125
11 0.44071438701923077 0.078125 0.4403888677884616 0.04166666586538462 0.3961180336538461 0.04224537019230769 0.3954669927884616 0.08043981490384616 0.44071438701923077 0.078125
11 0.39676907451923077 0.11458333413461538 0.39676907451923077 0.07696759375 0.35282376201923077 0.08101851923076923 0.35282376201923077 0.11689814903846153 0.39676907451923077 0.11458333413461538
11 0.4400633461538461 0.1140046298076923 0.4403888677884616 0.1140046298076923 0.4410399086538461 0.07696759375 0.39579251201923077 0.07986111057692308 0.3964435552884616 0.11689814903846153 0.4400633461538461 0.1140046298076923
11 0.39676907451923077 0.15104166586538462 0.3964435552884616 0.1140046298076923 0.35282376201923077 0.1151620360576923 0.35282376201923077 0.15335648076923075 0.39676907451923077 0.15104166586538462
11 0.4403888677884616 0.1521990745192308 0.44071438701923077 0.11458333413461538 0.39579251201923077 0.11458333413461538 0.39676907451923077 0.15277777884615384 0.4403888677884616 0.1521990745192308
11 0.3082274086538461 0.19212962980769233 0.30790188701923077 0.15625 0.26363105528846154 0.15682870432692309 0.26395657451923077 0.19502314903846155 0.3082274086538461 0.19212962980769233
11 0.35184719951923077 0.18981481490384616 0.3521727211538461 0.15277777884615384 0.3072508461538461 0.15451388942307692 0.3085529302884616 0.1938657403846154 0.35184719951923077 0.18981481490384616
11 0.30887844951923077 0.19328703605769232 0.2642820961538461 0.19328703605769232 0.26363105528846154 0.22974537019230767 0.3105060552884616 0.23090277884615384 0.30887844951923077 0.19328703605769232
11 0.3541258461538461 0.22627314903846155 0.3531492836538461 0.18865740625 0.30790188701923077 0.18865740625 0.3092039711538461 0.2280092596153846 0.3541258461538461 0.22627314903846155
11 0.39774563701923077 0.18807870432692309 0.39676907451923077 0.14930555528846154 0.3521727211538461 0.15104166586538462 0.3531492836538461 0.19039351923076925 0.39774563701923077 0.18807870432692309
11 0.35477688701923077 0.2256944447115385 0.3105060552884616 0.22453703605769232 0.30985501201923077 0.2650462956730769 0.35477688701923077 0.2638888894230769 0.35477688701923077 0.2256944447115385
11 0.35575344951923077 0.26215277884615384 0.3105060552884616 0.26157407451923076 0.3105060552884616 0.3032407403846154 0.35575344951923077 0.30092592548076924 0.35575344951923077 0.26215277884615384
11 0.3980711586538461 0.26215277884615384 0.3974201177884616 0.22337962980769233 0.3541258461538461 0.22627314903846155 0.3541258461538461 0.26331018509615384 0.3980711586538461 0.26215277884615384
11 0.3980711586538461 0.18692129567307691 0.3534748052884616 0.1875 0.3541258461538461 0.2280092596153846 0.3983966802884616 0.2251157403846154 0.3980711586538461 0.18692129567307691
11 0.39872219951923077 0.26157407451923076 0.3544513677884616 0.26157407451923076 0.3554279302884616 0.3020833341346154 0.3970945961538461 0.30034722115384616 0.39872219951923077 0.26157407451923076
11 0.4410399086538461 0.29976851923076925 0.4420164711538461 0.2598379639423077 0.39676907451923077 0.2592592596153846 0.3970945961538461 0.3015046298076923 0.4410399086538461 0.29976851923076925
11 0.4420164711538461 0.2251157403846154 0.3974201177884616 0.22395833413461538 0.3980711586538461 0.26331018509615384 0.4420164711538461 0.2604166658653846 0.4420164711538461 0.2251157403846154
11 0.44071438701923077 0.1875 0.39676907451923077 0.18807870432692309 0.39774563701923077 0.2280092596153846 0.4420164711538461 0.22627314903846155 0.44071438701923077 0.1875
11 0.4413654302884616 0.1516203701923077 0.39676907451923077 0.1516203701923077 0.3974201177884616 0.19039351923076925 0.4423419927884616 0.18865740625 0.4413654302884616 0.1516203701923077
11 0.48338841105769226 0.29918981490384616 0.48436497355769226 0.26446759375 0.4407451826923077 0.26157407451923076 0.44041966105769226 0.30034722115384616 0.48338841105769226 0.29918981490384616
11 0.4859925793269231 0.22685185096153845 0.4420472668269231 0.2274305552884615 0.4420472668269231 0.2638888894230769 0.48729466105769226 0.2673611105769231 0.4859925793269231 0.22685185096153845
11 0.4840394543269231 0.19039351923076925 0.4387920576923077 0.18865740625 0.4407451826923077 0.2280092596153846 0.48436497355769226 0.2280092596153846 0.4840394543269231 0.19039351923076925
11 0.4846904951923077 0.15335648076923075 0.4397686201923077 0.15335648076923075 0.4410707043269231 0.19097222115384616 0.4859925793269231 0.19270833413461538 0.4846904951923077 0.15335648076923075
11 0.4850160168269231 0.11631944471153846 0.4400941418269231 0.11458333413461538 0.43944309855769226 0.15567129567307691 0.48436497355769226 0.15451388942307692 0.4850160168269231 0.11631944471153846
11 0.48436497355769226 0.07986111057692308 0.4407451826923077 0.07928240625 0.4400941418269231 0.11747685096153847 0.4850160168269231 0.11747685096153847 0.48436497355769226 0.07986111057692308
11 0.4846904951923077 0.042824074519230766 0.44041966105769226 0.04166666586538462 0.4397686201923077 0.08043981490384616 0.4850160168269231 0.07870370432692307 0.4846904951923077 0.042824074519230766
11 0.48534153605769226 0.003472221153846154 0.44041966105769226 0.002893519230769231 0.44041966105769226 0.04224537019230769 0.4850160168269231 0.04513888942307693 0.48534153605769226 0.003472221153846154
11 0.5372551442307693 0.03877314903846153 0.5369296225961538 0.001736110576923077 0.49233326923076925 0.001736110576923077 0.49233326923076925 0.034722221153846156 0.5372551442307693 0.03877314903846153
11 0.5828280600961538 0.037037036057692305 0.5834791009615384 0.0005787043269230769 0.5379061850961538 0 0.5382317067307693 0.03298611057692308 0.5828280600961538 0.037037036057692305
11 0.5821770192307693 0 0.5825025384615384 0.034143519230769234 0.6270988942307691 0.03645833413461538 0.6277499350961538 0 0.5821770192307693 0
11 0.5362785817307693 0.03761574038461539 0.49168222596153843 0.034722221153846156 0.49070566346153843 0.0723379639423077 0.5359530600961538 0.07754629567307693 0.5362785817307693 0.03761574038461539
11 0.5359530600961538 0.07581018509615385 0.49168222596153843 0.07175925961538462 0.49005462259615384 0.10879629567307693 0.5359530600961538 0.11284722115384614 0.5359530600961538 0.07581018509615385
11 0.49070566346153843 0.14814814903846155 0.5359530600961538 0.15046296394230768 0.5362737211538462 0.11454878365384615 0.5359530600961538 0.11226851923076923 0.5359530600961538 0.11284722115384614 0.49038014423076925 0.10763888942307692 0.49070566346153843 0.14814814903846155
11 0.5359530600961538 0.1521990745192308 0.49135670673076925 0.14699074038461538 0.49103118509615384 0.18634259375 0.5356275384615384 0.19097222115384616 0.5359530600961538 0.1521990745192308
11 0.5339999350961538 0.18692129567307691 0.48940358173076925 0.18287037019230767 0.48907806009615384 0.22280092548076924 0.5346509759615384 0.2251157403846154 0.5339999350961538 0.18692129567307691
11 0.5343254567307693 0.2256944447115385 0.49005462259615384 0.22048611057692308 0.48875253846153843 0.2604166658653846 0.5333488942307693 0.2638888894230769 0.5343254567307693 0.2256944447115385
11 0.5349764975961538 0.2638888894230769 0.49103118509615384 0.2575231490384616 0.48972910096153843 0.2962962956730769 0.5336744134615384 0.30034722115384616 0.5349764975961538 0.2638888894230769
11 0.5772942067307693 0.2604166658653846 0.5333488942307693 0.2575231490384616 0.5336744134615384 0.296875 0.5776197259615384 0.2986111105769231 0.5772942067307693 0.2604166658653846
11 0.5785962884615384 0.22164351923076925 0.5346509759615384 0.22222222115384616 0.5343254567307693 0.26215277884615384 0.5772942067307693 0.26157407451923076 0.5785962884615384 0.22164351923076925
11 0.5792473317307693 0.18460648076923075 0.5349764975961538 0.18344907451923076 0.5353020192307693 0.22280092548076924 0.5792473317307693 0.22337962980769233 0.5792473317307693 0.18460648076923075
11 0.5798983725961538 0.14814814903846155 0.5349764975961538 0.14583333413461538 0.5353020192307693 0.18634259375 0.5808749350961538 0.1875 0.5798983725961538 0.14814814903846155
11 0.5805494134615384 0.11111111057692308 0.5353020192307693 0.10879629567307693 0.5362785817307693 0.14814814903846155 0.5792473317307693 0.15104166586538462 0.5805494134615384 0.11111111057692308
11 0.5812004567307693 0.07465277884615384 0.5366041009615384 0.07002314903846153 0.5375806634615384 0.11168981490384616 0.5818514975961538 0.1140046298076923 0.5812004567307693 0.07465277884615384
11 0.5812004567307693 0.03645833413461538 0.5372551442307693 0.034722221153846156 0.5362785817307693 0.07175925961538462 0.5815259759615384 0.07407407451923077 0.5812004567307693 0.03645833413461538
11 0.6202629567307691 0.2575231490384616 0.5776197259615384 0.2563657403846154 0.5779452475961538 0.29456018509615384 0.6212395192307691 0.296875 0.6202629567307691 0.2575231490384616
11 0.6212395192307691 0.22106481490384616 0.5779452475961538 0.21817129567307691 0.5769686850961538 0.2575231490384616 0.6215650384615384 0.2563657403846154 0.6212395192307691 0.22106481490384616
11 0.6228671225961538 0.18344907451923076 0.5782707692307693 0.18171296394230768 0.5785962884615384 0.22048611057692308 0.6209139975961538 0.22280092548076924 0.6228671225961538 0.18344907451923076
11 0.6235181634615384 0.14641203605769232 0.5795728509615384 0.14178240625 0.5792473317307693 0.18287037019230767 0.6238436850961538 0.18576388942307692 0.6235181634615384 0.14641203605769232
11 0.6244947259615384 0.109375 0.5808749350961538 0.10532407451923077 0.5798983725961538 0.14583333413461538 0.6241692067307691 0.14814814903846155 0.6244947259615384 0.109375
11 0.6261223317307691 0.0723379639423077 0.5808749350961538 0.06944444471153846 0.5808749350961538 0.109375 0.6254712884615384 0.11458333413461538 0.6261223317307691 0.0723379639423077
11 0.6251457692307691 0.035300925480769234 0.5825025384615384 0.03240740625 0.5808749350961538 0.07118055528846154 0.6257968100961538 0.07465277884615384 0.6251457692307691 0.035300925480769234
11 0.6619096346153845 0.29456018509615384 0.6638627596153845 0.2552083341346154 0.6199174471153845 0.2552083341346154 0.6209139975961538 0.2916666658653846 0.6619096346153845 0.29456018509615384
11 0.7055294278846154 0.296875 0.7078080721153845 0.2563657403846154 0.6635372403846154 0.25347222115384616 0.66321171875 0.29398148076923075 0.7055294278846154 0.296875
11 0.75012578125 0.29398148076923075 0.75012578125 0.2575231490384616 0.7065059903846154 0.2552083341346154 0.70715703125 0.2951388894230769 0.75012578125 0.29398148076923075
11 0.6215450528846154 0.2557870360576923 0.6648393221153845 0.2569444447115385 0.66516484375 0.21875 0.6215450528846154 0.21759259375 0.62024296875 0.25405092548076924 0.6215450528846154 0.2557870360576923
11 0.7074825528846154 0.2569444447115385 0.70813359375 0.21932870432692309 0.6638627596153845 0.21817129567307691 0.66418828125 0.2563657403846154 0.7074825528846154 0.2569444447115385
11 0.7514278653846154 0.2569444447115385 0.7527299471153845 0.21875 0.70911015625 0.21585648076923075 0.70813359375 0.2546296298076923 0.7514278653846154 0.2569444447115385
11 0.7107377596153845 0.18460648076923075 0.66614140625 0.18171296394230768 0.6658158846153845 0.21817129567307691 0.7087846346153845 0.21932870432692309 0.7107377596153845 0.18460648076923075
11 0.6658158846153845 0.18344907451923076 0.6225216153846154 0.1805555552884615 0.6215450528846154 0.21990740625 0.6658158846153845 0.21875 0.6658158846153845 0.18344907451923076
11 0.6674434903846154 0.14641203605769232 0.62219609375 0.14409722115384616 0.6225216153846154 0.1811342596153846 0.6667924471153845 0.18229166586538462 0.6674434903846154 0.14641203605769232
11 0.66907109375 0.11111111057692308 0.62317265625 0.10763888942307692 0.62317265625 0.14814814903846155 0.6684200528846154 0.14930555528846154 0.66907109375 0.11111111057692308
11 0.6687455721153845 0.07118055528846154 0.6238236971153845 0.07002314903846153 0.6244747403846154 0.10879629567307693 0.66907109375 0.10763888942307692 0.6687455721153845 0.07118055528846154
11 0.7123653653846154 0.14930555528846154 0.6674434903846154 0.14641203605769232 0.66711796875 0.18402777884615384 0.71008671875 0.18634259375 0.7123653653846154 0.14930555528846154
11 0.75598515625 0.18344907451923076 0.7123653653846154 0.17997685096153845 0.7117143221153845 0.21875 0.75500859375 0.22106481490384616 0.75598515625 0.18344907451923076
11 0.7582638028846154 0.14583333413461538 0.71496953125 0.14409722115384616 0.7136674471153845 0.18344907451923076 0.7585893221153845 0.18402777884615384 0.7582638028846154 0.14583333413461538
11 0.7117143221153845 0.11284722115384614 0.6693966153846154 0.11111111057692308 0.66907109375 0.14814814903846155 0.7136674471153845 0.14872685096153845 0.7117143221153845 0.11284722115384614
11 0.7582638028846154 0.11111111057692308 0.71594609375 0.10763888942307692 0.7152950528846154 0.14409722115384616 0.7595658846153845 0.14699074038461538 0.7582638028846154 0.11111111057692308
11 0.7136674471153845 0.07349537019230769 0.6684200528846154 0.07175925961538462 0.6687455721153845 0.11111111057692308 0.7133419278846154 0.11284722115384614 0.7136674471153845 0.07349537019230769
11 0.7576127596153845 0.0723379639423077 0.71399296875 0.0682870360576923 0.71301640625 0.10590277884615386 0.7585893221153845 0.10879629567307693 0.7576127596153845 0.0723379639423077
11 0.6703731778846154 0.034722221153846156 0.6254513028846154 0.03240740625 0.6238236971153845 0.07002314903846153 0.66907109375 0.07175925961538462 0.6703731778846154 0.034722221153846156
11 0.7136674471153845 0.034722221153846156 0.6697221346153845 0.03182870432692308 0.6693966153846154 0.0723379639423077 0.71399296875 0.07407407451923077 0.7136674471153845 0.034722221153846156
11 0.7582638028846154 0.035300925480769234 0.7146440096153845 0.028935185096153844 0.7143184903846154 0.07118055528846154 0.7592403653846154 0.07291666586538462 0.7582638028846154 0.035300925480769234
11 0.6267533846153845 0 0.6254513028846154 0.034722221153846156 0.6706986971153845 0.034143519230769234 0.6706986971153845 0 0.6267533846153845 0
11 0.7156205721153845 0.001736110576923077 0.6697221346153845 0 0.6706986971153845 0.035300925480769234 0.7162716153846154 0.034722221153846156 0.7156205721153845 0.001736110576923077
11 0.75989140625 0.0005787043269230769 0.7156205721153845 0 0.71496953125 0.03125 0.7595658846153845 0.03587962980769231 0.75989140625 0.0005787043269230769
11 0.7361283846153845 0.36284722115384616 0.7358028653846154 0.32581018509615384 0.6921830721153845 0.3240740745192308 0.6918575528846154 0.36168981490384616 0.7361283846153845 0.36284722115384616
11 0.6912065096153845 0.32581018509615384 0.6459591153846154 0.32291666586538464 0.6479122403846154 0.3634259254807692 0.69153203125 0.36168981490384616 0.6912065096153845 0.32581018509615384
11 0.64661015625 0.32291666586538464 0.6029903653846154 0.3240740745192308 0.6029903653846154 0.3640046298076923 0.6479122403846154 0.36284722115384616 0.64661015625 0.32291666586538464
11 0.7367794278846154 0.36053240625 0.69250859375 0.3622685192307692 0.69250859375 0.3981481490384615 0.7387325528846154 0.3987268509615385 0.7367794278846154 0.36053240625
11 0.73645390625 0.3987268509615385 0.6928341153846154 0.3981481490384615 0.69446171875 0.4317129639423077 0.73938359375 0.43402777884615384 0.73645390625 0.3987268509615385
11 0.73938359375 0.4346064807692308 0.69739140625 0.43518518509615384 0.69641484375 0.4693287043269231 0.74133671875 0.47222222115384616 0.73938359375 0.4346064807692308
11 0.7406856778846154 0.4716435192307692 0.69641484375 0.47106481490384616 0.6957638028846154 0.5052083341346154 0.7397091153846154 0.5086805552884616 0.7406856778846154 0.4716435192307692
11 0.6957638028846154 0.5445601850961539 0.7390580721153845 0.54571759375 0.74036015625 0.5075231490384615 0.6960893221153845 0.5063657403846153 0.6957638028846154 0.5445601850961539
11 0.73352421875 0.5439814807692308 0.6879513028846154 0.5428240745192308 0.68762578125 0.579861110576923 0.73254765625 0.5815972211538462 0.73352421875 0.5439814807692308
11 0.73254765625 0.57928240625 0.6882768221153845 0.579861110576923 0.68664921875 0.6157407403846153 0.73254765625 0.6145833341346154 0.73254765625 0.57928240625
11 0.7299434903846154 0.6174768509615384 0.6859981778846154 0.6168981490384616 0.6853471346153845 0.6533564807692307 0.73059453125 0.6521990745192308 0.7299434903846154 0.6174768509615384
11 0.6928341153846154 0.36284722115384616 0.6492143221153845 0.3622685192307692 0.6492143221153845 0.40104166586538464 0.6941361971153845 0.4016203701923077 0.6928341153846154 0.36284722115384616
11 0.6957638028846154 0.439236110576923 0.6944793149038462 0.3992742740384615 0.69446171875 0.3993055552884615 0.69446171875 0.3987268509615385 0.6488888028846154 0.3987268509615385 0.6488888028846154 0.4375 0.6957638028846154 0.439236110576923
11 0.69543828125 0.4380787043269231 0.6501908846153845 0.4380787043269231 0.6511674471153845 0.4745370360576923 0.69543828125 0.47511574038461535 0.69543828125 0.4380787043269231
11 0.6498653653846154 0.47222222115384616 0.6501908846153845 0.5104166658653846 0.69543828125 0.5098379639423076 0.6947872403846154 0.4733796298076923 0.6498653653846154 0.47222222115384616
11 0.6892533846153845 0.5109953701923077 0.6433549471153845 0.5092592596153847 0.6433549471153845 0.5474537043269231 0.6879513028846154 0.5497685192307692 0.6892533846153845 0.5109953701923077
11 0.6879513028846154 0.5833333341346154 0.6879513028846154 0.546875 0.6433549471153845 0.5445601850961539 0.6443315096153845 0.5839120360576924 0.6879513028846154 0.5833333341346154
11 0.6869747403846154 0.5815972211538462 0.6433549471153845 0.5815972211538462 0.6420528653846154 0.6192129639423077 0.6863236971153845 0.6163194447115384 0.6869747403846154 0.5815972211538462
11 0.68664921875 0.6550925937500001 0.68567265625 0.6168981490384616 0.6443315096153845 0.6151620360576924 0.6430294278846154 0.6157407403846153 0.6420528653846154 0.6539351850961539 0.68664921875 0.6550925937500001
11 0.6420528653846154 0.6174768509615384 0.5984330721153847 0.6157407403846153 0.5994096346153847 0.6521990745192308 0.64270390625 0.6568287043269231 0.6420528653846154 0.6174768509615384
11 0.6443315096153845 0.5810185192307692 0.5984330721153847 0.5821759254807692 0.5994096346153847 0.6174768509615384 0.6433549471153845 0.6186342596153847 0.6443315096153845 0.5810185192307692
11 0.6437109855769231 0.5462962956730769 0.64368046875 0.5462962956730769 0.64368046875 0.54628796875 0.59875859375 0.545138889423077 0.59875859375 0.5839120360576924 0.64465703125 0.5821759254807692 0.6437109855769231 0.5462962956730769
11 0.6443315096153845 0.5086805552884616 0.6000606778846154 0.5109953701923077 0.59973515625 0.545138889423077 0.6449825528846154 0.5474537043269231 0.6443315096153845 0.5086805552884616
11 0.6518184903846154 0.5063657403846153 0.6511674471153845 0.4728009254807692 0.6052690096153847 0.4716435192307692 0.60559453125 0.5081018509615385 0.6521440096153845 0.5081018509615385 0.6518184903846154 0.5063657403846153
11 0.6511674471153845 0.4369212956730769 0.60754765625 0.435763889423077 0.6068966153846154 0.47395833413461536 0.6518184903846154 0.4733796298076923 0.6511674471153845 0.4369212956730769
11 0.64953984375 0.43518518509615384 0.64953984375 0.3993055552884615 0.60364140625 0.4004629639423077 0.6052690096153847 0.43634259375 0.64953984375 0.43518518509615384
11 0.6508419278846154 0.3981481490384615 0.6498653653846154 0.36168981490384616 0.60364140625 0.36168981490384616 0.6039669278846154 0.4016203701923077 0.6498653653846154 0.3993055552884615 0.6508419278846154 0.3981481490384615
11 0.59973515625 0.654513889423077 0.6000606778846154 0.6168981490384616 0.5554643221153847 0.6180555552884616 0.5561153653846154 0.654513889423077 0.59973515625 0.654513889423077
11 0.5131882812499999 0.6168981490384616 0.5122117187499999 0.6550925937500001 0.5561153653846154 0.6568287043269231 0.5561570312499999 0.6174768509615384 0.5131882812499999 0.6168981490384616
11 0.5568080721153846 0.5815972211538462 0.5131882812499999 0.578125 0.5135138028846155 0.6174768509615384 0.5571335937499999 0.6168981490384616 0.5568080721153846 0.5815972211538462
11 0.5555059903846155 0.545138889423077 0.5118861971153846 0.5428240745192308 0.5112351562499999 0.5815972211538462 0.5571335937499999 0.5827546298076923 0.5555059903846155 0.545138889423077
11 0.5564825528846155 0.6186342596153847 0.6010789062499999 0.6174768509615384 0.5994513028846155 0.5815972211538462 0.5561570312499999 0.5827546298076923 0.5564825528846155 0.6186342596153847
11 0.6010789062499999 0.545138889423077 0.5561570312499999 0.5439814807692308 0.5561570312499999 0.5815972211538462 0.6010789062499999 0.5821759254807692 0.6010789062499999 0.545138889423077
11 0.6004278653846155 0.546875 0.6010789062499999 0.5086805552884616 0.5561570312499999 0.5081018509615385 0.5558315096153846 0.545138889423077 0.6004278653846155 0.546875
11 0.5115606778846155 0.5318287043269231 0.5522507812499999 0.5347222211538462 0.5529018221153846 0.5081018509615385 0.5177455721153846 0.5046296298076923 0.5167690096153846 0.49768518509615384 0.5115606778846155 0.49768518509615384 0.5115606778846155 0.5318287043269231
11 0.5623419278846155 0.4716435192307692 0.5180710937499999 0.46990740625 0.5183966153846155 0.4797453701923077 0.5157924471153846 0.48321759375 0.5164434903846155 0.5086805552884616 0.5613653653846155 0.5092592596153847 0.5623419278846155 0.4716435192307692
11 0.6062872403846155 0.4716435192307692 0.5616908846153846 0.4716435192307692 0.5610398437499999 0.5104166658653846 0.6075893221153846 0.5109953701923077 0.6062872403846155 0.4716435192307692
11 0.6075893221153846 0.435763889423077 0.5613653653846155 0.4346064807692308 0.5613653653846155 0.470486110576923 0.6079148437499999 0.4733796298076923 0.6075893221153846 0.435763889423077
11 0.5639695312499999 0.4693287043269231 0.5623419278846155 0.435763889423077 0.5180710937499999 0.43518518509615384 0.5183966153846155 0.4693287043269231 0.5633184903846155 0.4716435192307692 0.5639695312499999 0.4693287043269231
11 0.5603888028846155 0.3987268509615385 0.5141648437499999 0.39583333413461536 0.5151414062499999 0.4346064807692308 0.5610398437499999 0.4346064807692308 0.5603888028846155 0.3987268509615385
11 0.6049851562499999 0.4369212956730769 0.6046596346153846 0.39699074038461535 0.5597377596153846 0.3946759254807692 0.5597377596153846 0.43865740625 0.6049851562499999 0.4369212956730769
11 0.6046596346153846 0.39988425961538465 0.6046596346153846 0.36168981490384616 0.5584356778846155 0.36053240625 0.5584356778846155 0.3975694447115385 0.6046596346153846 0.39988425961538465
11 0.6023809903846155 0.3234953701923077 0.5571335937499999 0.3234953701923077 0.5574591153846155 0.3634259254807692 0.6030320312499999 0.3599537043269231 0.6023809903846155 0.3234953701923077
11 0.5574591153846155 0.3211805552884615 0.5135138028846155 0.3200231490384615 0.5131882812499999 0.36168981490384616 0.5594122403846155 0.3640046298076923 0.5574591153846155 0.3211805552884615
11 0.5148158846153846 0.3223379639423077 0.46826640625 0.31886574038461535 0.46794088461538463 0.361111110576923 0.5151414062499999 0.36053240625 0.5148158846153846 0.3223379639423077
11 0.5138393221153846 0.3587962956730769 0.46891744711538463 0.35590277884615384 0.4695684903846154 0.39583333413461536 0.5141648437499999 0.39988425961538465 0.5138393221153846 0.3587962956730769
11 0.5154669278846155 0.3964120360576923 0.46924296875 0.3935185192307692 0.46826640625 0.4317129639423077 0.5141648437499999 0.4369212956730769 0.5154669278846155 0.3964120360576923
11 0.5200242187499999 0.4444444447115385 0.47184713461538463 0.43981481490384616 0.47184713461538463 0.4785879639423077 0.5180710937499999 0.4837962956730769 0.5200242187499999 0.4444444447115385
11 0.4734747403846154 0.4762731490384615 0.47119609375 0.46759259375 0.46631328125 0.46759259375 0.46598775961538463 0.5052083341346154 0.5115606778846155 0.5081018509615385 0.5118861971153846 0.48206018509615384 0.4734747403846154 0.4762731490384615
11 0.5105841153846155 0.54571759375 0.5112351562499999 0.5081018509615385 0.46696432211538463 0.5052083341346154 0.4676153653846154 0.5434027788461538 0.5105841153846155 0.54571759375
11 0.5102585937499999 0.5810185192307692 0.5102585937499999 0.5445601850961539 0.46728984375 0.5393518509615385 0.46598775961538463 0.5787037043269231 0.5102585937499999 0.5810185192307692
11 0.5128627596153846 0.6533564807692307 0.5144903653846155 0.6180555552884616 0.46924296875 0.6134259254807692 0.46794088461538463 0.6498842596153847 0.5131882812499999 0.6556712956730769 0.5128627596153846 0.6533564807692307
11 0.5115606778846155 0.5810185192307692 0.4676153653846154 0.57696759375 0.46728984375 0.6140046298076923 0.5115606778846155 0.6174768509615384 0.5115606778846155 0.5810185192307692
11 0.4767301923076923 0.7007967163461538 0.5183966153846155 0.6990740745192308 0.5177455721153846 0.6655092596153847 0.4773809903846154 0.6649305552884616 0.4767301923076923 0.7007967163461538
11 0.4734747403846154 0.7349537043269231 0.5157924471153846 0.7349537043269231 0.5164434903846155 0.7008101850961539 0.47282369711538463 0.701388889423077 0.4734747403846154 0.7349537043269231
11 0.5151414062499999 0.7349537043269231 0.47314921875 0.734375 0.47217265625 0.7679398149038461 0.5157924471153846 0.769097221153846 0.5151414062499999 0.7349537043269231
11 0.5144903653846155 0.7667824062499999 0.47217265625 0.7679398149038461 0.47217265625 0.800347221153846 0.5138393221153846 0.800347221153846 0.5144903653846155 0.7667824062499999
11 0.5151414062499999 0.800347221153846 0.47314921875 0.8020833341346154 0.47217265625 0.8339120360576923 0.5154669278846155 0.8368055552884616 0.5151414062499999 0.800347221153846
11 0.5151414062499999 0.8356481490384616 0.47184713461538463 0.8344907403846153 0.47119609375 0.8686342596153847 0.5141648437499999 0.8721064807692307 0.5151414062499999 0.8356481490384616
11 0.5151414062499999 0.8686342596153847 0.47282369711538463 0.8674768509615384 0.47184713461538463 0.9016203701923077 0.5138393221153846 0.902777778846154 0.5151414062499999 0.8686342596153847
11 0.5148158846153846 0.9021990745192308 0.47380025961538463 0.9010416658653846 0.47314921875 0.9369212956730769 0.5148158846153846 0.9386574062499999 0.5148158846153846 0.9021990745192308
11 0.5138393221153846 0.9733796298076923 0.5135138028846155 0.9375 0.4724981778846154 0.9351851850961539 0.4734747403846154 0.9710648149038461 0.5135138028846155 0.972222221153846 0.5138393221153846 0.9733796298076923
11 0.5558315096153846 0.9386574062499999 0.5131882812499999 0.9369212956730769 0.5131882812499999 0.9739583341346154 0.5535528653846155 0.9728009254807692 0.5558315096153846 0.9386574062499999
11 0.5564825528846155 0.9039351850961539 0.5138393221153846 0.9039351850961539 0.5135138028846155 0.9386574062499999 0.5561570312499999 0.9380787043269231 0.5564825528846155 0.9039351850961539
11 0.5568080721153846 0.8703703701923077 0.5148158846153846 0.8697916658653846 0.5135138028846155 0.904513889423077 0.5571335937499999 0.9056712956730769 0.5568080721153846 0.8703703701923077
11 0.5558315096153846 0.8350694447115384 0.5128627596153846 0.8339120360576923 0.5131882812499999 0.8726851850961539 0.5545294278846155 0.8744212956730769 0.5558315096153846 0.8350694447115384
11 0.5564825528846155 0.8015046298076923 0.5148158846153846 0.8015046298076923 0.5138393221153846 0.8362268509615384 0.5555059903846155 0.8373842596153847 0.5564825528846155 0.8015046298076923
11 0.5558315096153846 0.7662037043269231 0.5148158846153846 0.7662037043269231 0.5148158846153846 0.8026620360576923 0.5555059903846155 0.8015046298076923 0.5558315096153846 0.7662037043269231
11 0.5561570312499999 0.7349537043269231 0.5144903653846155 0.734375 0.5151414062499999 0.7702546298076923 0.5577846346153846 0.7696759254807692 0.5561570312499999 0.7349537043269231
11 0.5574591153846155 0.6984953701923077 0.5154669278846155 0.6990740745192308 0.5157924471153846 0.7366898149038461 0.5568080721153846 0.7355324062499999 0.5574591153846155 0.6984953701923077
11 0.5597377596153846 0.6649305552884616 0.5187221346153846 0.6655092596153847 0.5183966153846155 0.7002314807692307 0.5600632812499999 0.701388889423077 0.5597377596153846 0.6649305552884616
11 0.6007533846153846 0.699652778846154 0.6020554687499999 0.6655092596153847 0.5594122403846155 0.6649305552884616 0.5587611971153846 0.6990740745192308 0.6007533846153846 0.699652778846154
11 0.5997768221153846 0.699652778846154 0.5568080721153846 0.6990740745192308 0.5568080721153846 0.7349537043269231 0.5988002596153846 0.736111110576923 0.5997768221153846 0.699652778846154
11 0.5978236971153846 0.7337962956730769 0.5558315096153846 0.7349537043269231 0.5551804687499999 0.769097221153846 0.5978236971153846 0.7685185192307693 0.5978236971153846 0.7337962956730769
11 0.5978236971153846 0.8026620360576923 0.5984747403846155 0.7679398149038461 0.5558315096153846 0.7667824062499999 0.5558315096153846 0.8032407403846153 0.5978236971153846 0.8032407403846153 0.5978236971153846 0.8026620360576923
11 0.5984747403846155 0.8373842596153847 0.5984747403846155 0.8020833341346154 0.5548549471153846 0.8015046298076923 0.5545294278846155 0.8379629639423077 0.5981492187499999 0.8385416658653846 0.5984747403846155 0.8373842596153847
11 0.5961960937499999 0.8350694447115384 0.5538783846153846 0.8362268509615384 0.5535528653846155 0.8703703701923077 0.5958705721153846 0.871527778846154 0.5961960937499999 0.8350694447115384
11 0.5974981778846155 0.8703703701923077 0.5555059903846155 0.8703703701923077 0.5561570312499999 0.9068287043269231 0.5978236971153846 0.90625 0.5974981778846155 0.8703703701923077
11 0.5978236971153846 0.9039351850961539 0.5555059903846155 0.904513889423077 0.5564825528846155 0.940972221153846 0.5978236971153846 0.940972221153846 0.5978236971153846 0.9039351850961539
11 0.5958705721153846 0.9386574062499999 0.5545294278846155 0.9380787043269231 0.5532273437499999 0.9739583341346154 0.5974981778846155 0.9728009254807692 0.5958705721153846 0.9386574062499999
11 0.63916484375 0.970486110576923 0.6388393221153846 0.9375 0.5978236971153846 0.939236110576923 0.5981492187499999 0.9733796298076923 0.63916484375 0.970486110576923
11 0.6414434903846153 0.9033564807692307 0.5974981778846155 0.90625 0.5974981778846155 0.9398148149038461 0.64014140625 0.9403935192307693 0.6414434903846153 0.9033564807692307
11 0.6407924471153846 0.871527778846154 0.5981492187499999 0.8703703701923077 0.5974981778846155 0.9056712956730769 0.6414434903846153 0.904513889423077 0.6407924471153846 0.871527778846154
11 0.6414434903846153 0.8379629639423077 0.6004278653846155 0.8362268509615384 0.6001023437499999 0.873263889423077 0.6407924471153846 0.871527778846154 0.6414434903846153 0.8379629639423077
11 0.6427455721153846 0.8020833341346154 0.5997768221153846 0.8009259254807692 0.5991257812499999 0.8356481490384616 0.64209453125 0.8368055552884616 0.6427455721153846 0.8020833341346154
11 0.64307109375 0.7667824062499999 0.6014044278846155 0.7667824062499999 0.6001023437499999 0.8020833341346154 0.6427455721153846 0.8032407403846153 0.64307109375 0.7667824062499999
11 0.64307109375 0.7332175937500001 0.6010789062499999 0.7332175937500001 0.6020554687499999 0.7696759254807692 0.6443731778846153 0.767361110576923 0.64307109375 0.7332175937500001
11 0.64307109375 0.698828704326923 0.6004278653846155 0.6999861105769232 0.6004278653846155 0.7349537043269231 0.64307109375 0.7332175937500001 0.64307109375 0.698828704326923
11 0.64307109375 0.6646851850961538 0.6017299471153846 0.6635277788461539 0.6007533846153846 0.698828704326923 0.64307109375 0.69940740625 0.64307109375 0.6646851850961538
11 0.6852368485576924 0.6999861105769232 0.6855623701923077 0.6652638894230769 0.6427455721153846 0.66584259375 0.64307109375 0.6999861105769232 0.6852368485576924 0.6999861105769232
11 0.7259269519230769 0.7023009254807693 0.7269035144230769 0.6687361105769232 0.6849113269230769 0.66584259375 0.6842602860576924 0.7023009254807693 0.7259269519230769 0.7023009254807693
11 0.6852368485576924 0.7011435192307692 0.6412915360576924 0.698828704326923 0.6419425769230769 0.7341296298076923 0.6852368485576924 0.7335509254807693 0.6852368485576924 0.7011435192307692
11 0.7256014326923077 0.7011435192307692 0.6849113269230769 0.7011435192307692 0.6849113269230769 0.7358657403846153 0.7272290360576924 0.7381805552884615 0.7256014326923077 0.7011435192307692
11 0.6849113269230769 0.7341296298076923 0.6425936201923077 0.7335509254807693 0.6438957019230769 0.7682731490384616 0.6855623701923077 0.7717453701923076 0.6849113269230769 0.7341296298076923
11 0.7272290360576924 0.7381805552884615 0.6849113269230769 0.7358657403846153 0.6842602860576924 0.7705879639423077 0.7262524735576924 0.7711666658653846 0.7272290360576924 0.7381805552884615
11 0.6849113269230769 0.7702546298076923 0.6425936201923077 0.767361110576923 0.6419425769230769 0.8038194447115384 0.6845858076923077 0.8055555552884616 0.6849113269230769 0.7702546298076923
11 0.7272290360576924 0.7708333341346154 0.6849113269230769 0.769097221153846 0.6845858076923077 0.8043981490384616 0.7272290360576924 0.8049768509615384 0.7272290360576924 0.7708333341346154
11 0.6842602860576924 0.8055555552884616 0.6412915360576924 0.8038194447115384 0.6406404951923077 0.8391203701923077 0.6839347644230769 0.8379629639423077 0.6842602860576924 0.8055555552884616
11 0.7259269519230769 0.8043981490384616 0.6836092451923077 0.8020833341346154 0.6829582019230769 0.8385416658653846 0.7265779951923077 0.8373842596153847 0.7259269519230769 0.8043981490384616
11 0.7249503894230769 0.8703703701923077 0.7249503894230769 0.8396990745192308 0.6832837235576924 0.8391203701923077 0.6832837235576924 0.8721064807692307 0.7226717451923077 0.8697916658653846 0.7249503894230769 0.8703703701923077
11 0.6836092451923077 0.8368055552884616 0.6412915360576924 0.8373842596153847 0.6406404951923077 0.8709490745192308 0.6826326826923077 0.8721064807692307 0.6836092451923077 0.8368055552884616
11 0.6826326826923077 0.8703703701923077 0.6393384110576924 0.8703703701923077 0.6399894519230769 0.904513889423077 0.6823071610576924 0.904513889423077 0.6826326826923077 0.8703703701923077
11 0.6806348317307692 0.9381891201923077 0.6816113942307692 0.9069391201923077 0.6393384110576924 0.9050925937500001 0.6402702475961538 0.9399252307692307 0.6806348317307692 0.9381891201923077
11 0.7229525384615385 0.9040456009615384 0.7236035817307692 0.8710594903846154 0.6832389975961538 0.8710594903846154 0.6816113942307692 0.9069391201923077 0.7229525384615385 0.9040456009615384
11 0.7236035817307692 0.9376104158653846 0.7239291009615385 0.9028881947115385 0.6819369134615385 0.9057817139423077 0.6809603509615385 0.9405039350961538 0.7236035817307692 0.9376104158653846
11 0.6386426442307692 0.9376104158653846 0.6386426442307692 0.97291134375 0.6806348317307692 0.9705965288461538 0.6822624350961538 0.9364530096153847 0.6386426442307692 0.9376104158653846
11 0.6796582692307692 0.9381891201923077 0.6803093100961538 0.97406875 0.7226270192307692 0.9705965288461538 0.7226270192307692 0.9364530096153847 0.6796582692307692 0.9381891201923077
11 0.5583333341346154 0.35925925961538463 0.5130208341346154 0.35740740625 0.5125 0.3981481490384615 0.5598958341346154 0.3981481490384615 0.5583333341346154 0.35925925961538463
11 0.3119212956730769 0.2273662548076923 0.26446759375 0.23045267548076923 0.26331018509615384 0.26748971153846157 0.3116319447115385 0.26851851923076925 0.3119212956730769 0.2273662548076923