11 0.2616604639423077 0.030284399038461536 0.26035941826923076 0.0025328028846153846 0.21677539903846155 0.0002201658653846154 0.21872689182692306 0.029128036057692305 0.2616604639423077 0.030284399038461536
11 0.3045939855769231 0.03259699278846154 0.3045939855769231 0 0.26203804326923075 0.0002891658653846154 0.2622079278846154 0.03099741346153846 0.3045939855769231 0.03259699278846154
11 0.3494790504807692 0.029128036057692305 0.3494790504807692 0 0.3059550384615385 0.0002891658653846154 0.30654548076923077 0.030284399038461536 0.3494790504807692 0.029128036057692305
11 0.3949796490384615 0.028394894230769234 0.3949796490384615 0.002369706730769231 0.35149858653846155 0 0.35300880048076927 0.02926242067307692 0.3949796490384615 0.028394894230769234
11 0.4381622379807692 0.030345177884615385 0.4393823197115384 0.00041619711538461537 0.3966573533653846 0 0.39667943269230765 0.031212670673076922 0.4381622379807692 0.030345177884615385
11 0.4425097211538462 0 0.44202167788461544 0.035116447115384614 0.48496857932692305 0.0342489375 0.48521261057692305 0 0.4425097211538462 0
11 0.4415336514423077 0.07068420432692307 0.48496857932692305 0.07285297115384616 0.48496857932692305 0.03685147355769231 0.4418083221153846 0.03536148076923077 0.4415336514423077 0.07068420432692307
11 0.3980987067307692 0.06808167548076924 0.43909348798076925 0.06851543990384615 0.4400695576923077 0.032080170673076926 0.39785469471153845 0.033815182692307696 0.3980987067307692 0.06808167548076924
11 0.2594626875 0.06591291105769231 0.25995071394230773 0.030778915865384615 0.2172737764423077 0.029937939903846154 0.21700381249999998 0.06417790865384615 0.2594626875 0.06591291105769231
11 0.26175432211538463 0.06883125 0.30471122115384613 0.0699220673076923 0.30379070673076924 0.035560829326923074 0.2608338076923077 0.03392458413461538 0.26175432211538463 0.06883125
11 0.30624539663461536 0.06664957451923077 0.3485886346153846 0.06610416826923077 0.3492022956730769 0.031197502403846153 0.3058146778846154 0.03218922596153846 0.30624539663461536 0.06664957451923077
11 0.3961480576923077 0.06664957451923077 0.3964548894230769 0.03010666346153846 0.3525774759615385 0.031197502403846153 0.3534979903846154 0.06774041346153846 0.3961480576923077 0.06664957451923077
11 0.2163419278846154 0.10142458173076922 0.25929882692307693 0.1046970721153846 0.25960568028846154 0.06760875240384615 0.21681692788461537 0.06560600480769231 0.2163419278846154 0.10142458173076922
11 0.2154120216346154 0.14001423557692308 0.25867575 0.14055964423076922 0.2592894110576923 0.105653 0.2160256826923077 0.10456216105769231 0.2154120216346154 0.14001423557692308
11 0.2154120216346154 0.17601171875000002 0.25867575 0.17819339182692306 0.25898258173076927 0.14219588942307693 0.21566609375 0.14198721634615386 0.2154120216346154 0.17601171875000002
11 0.21878720192307693 0.21310003846153844 0.2623577620192308 0.21473630528846155 0.2626646153846154 0.17982968028846152 0.21911859375 0.17881387259615386 0.21878720192307693 0.21310003846153844
11 0.22032137740384616 0.25018835817307694 0.26327827403846155 0.25291543990384613 0.2635851057692308 0.21582712019230768 0.21970771634615385 0.21637255048076923 0.22032137740384616 0.25018835817307694
11 0.22246921153846153 0.28618588221153846 0.26603979567307695 0.29054918990384615 0.26603979567307695 0.2550971153846154 0.22372192548076922 0.25246718269230767 0.22246921153846153 0.28618588221153846
11 0.26082358653846155 0.10619840625 0.30531465865384616 0.10674381490384616 0.30439416826923077 0.07183717067307692 0.2605485793269231 0.07174378125 0.26082358653846155 0.10619840625
11 0.2605167548076923 0.14274131971153847 0.30500782932692305 0.14328672596153846 0.30500782932692305 0.10674381490384616 0.26082358653846155 0.105653 0.2605167548076923 0.14274131971153847
11 0.2626646153846154 0.17982968028846152 0.3074625192307692 0.1803750456730769 0.3062351730769231 0.14437756490384615 0.2624666346153846 0.14607906730769232 0.2626646153846154 0.17982968028846152
11 0.2642626586538462 0.2165919326923077 0.3075064591346154 0.21606182451923078 0.3072082091346154 0.18266385576923078 0.26368429807692306 0.18109238942307693 0.2642626586538462 0.2165919326923077
11 0.2660520528846154 0.2542308846153846 0.3098923125 0.25317064903846154 0.3092958533653846 0.21765217788461538 0.26635028125 0.2192425625 0.2660520528846154 0.2542308846153846
11 0.26694673798076923 0.29027948317307695 0.3098923125 0.29080960096153846 0.3092958533653846 0.2552911418269231 0.2666671514423077 0.2559951706730769 0.26694673798076923 0.29027948317307695
11 0.31108524759615386 0.28762885336538463 0.35253965625 0.28762885336538463 0.3528378846153846 0.25370076682692305 0.31029139423076924 0.25533231490384617 0.31108524759615386 0.28762885336538463
11 0.3113834759615385 0.2515802548076923 0.35373259375 0.2510501346153846 0.3528378846153846 0.2150015576923077 0.31066425 0.21556092548076922 0.3113834759615385 0.2515802548076923
11 0.3092958533653846 0.21340165384615384 0.35194317548076925 0.21393176201923078 0.35194317548076925 0.17841330288461538 0.30842711057692307 0.1784409639423077 0.3092958533653846 0.21340165384615384
11 0.3051205865384615 0.1035105216346154 0.34896084615384615 0.10245027403846155 0.3486626177884615 0.06799207211538462 0.30544425721153845 0.06906964423076924 0.3051205865384615 0.1035105216346154
11 0.30571704326923077 0.14273985817307694 0.34925909615384615 0.1411495048076923 0.34925909615384615 0.1035105216346154 0.30631352403846157 0.10563103365384616 0.30571704326923077 0.14273985817307694
11 0.39661452163461536 0.10480443990384615 0.3957198125 0.06769560576923077 0.3530724663461538 0.06716548798076924 0.35337071875 0.10427432211538462 0.39661452163461536 0.10480443990384615
11 0.3948251033653846 0.1419132764423077 0.3960180408653846 0.10427432211538462 0.3536689471153846 0.10586469711538461 0.3530724663461538 0.14244341346153847 0.3948251033653846 0.1419132764423077
11 0.35277423798076923 0.17849199278846153 0.39661452163461536 0.17690161778846153 0.39661452163461536 0.14244341346153847 0.35279706490384616 0.14198385817307693 0.35277423798076923 0.17849199278846153
11 0.39661452163461536 0.21454059134615383 0.39691275 0.17743177644230768 0.35337071875 0.17743177644230768 0.35456363221153847 0.21507070913461537 0.39661452163461536 0.21454059134615383
11 0.3547872572115385 0.25207541826923074 0.3968381201923077 0.2510152043269231 0.3965398918269231 0.21443644711538462 0.3544890264423077 0.21655695913461537 0.3547872572115385 0.25207541826923074
11 0.35419077644230773 0.28971437259615385 0.3965398918269231 0.28971437259615385 0.3971363485576923 0.25154528125 0.3542884927884616 0.2533437451923077 0.35419077644230773 0.28971437259615385
11 0.39654486057692306 0.10506433413461538 0.44008689182692307 0.10453421394230769 0.4403851201923077 0.07007601201923076 0.39773779807692305 0.0690157548076923 0.39654486057692306 0.10506433413461538
11 0.3974395456730769 0.1437635625 0.4394904350961539 0.14164309134615385 0.4385957259615385 0.10559447115384615 0.39654486057692306 0.10506433413461538 0.3974395456730769 0.1437635625
11 0.39766316826923076 0.17917074519230772 0.4409069711538462 0.17917074519230772 0.4400122620192307 0.14312216586538462 0.3986584471153846 0.14529813942307693 0.39766316826923076 0.17917074519230772
11 0.3979613990384615 0.21680969711538461 0.44060874278846157 0.21521936298076924 0.44060874278846157 0.18182137740384616 0.3979613990384615 0.18076112019230767 0.3979613990384615 0.21680969711538461
11 0.35113894951923075 0.17743971874999998 0.35113894951923075 0.1420340985576923 0.3082042355769231 0.14124731971153845 0.3082042355769231 0.17822649759615386 0.35113894951923075 0.17743971874999998
11 0.4846236418269231 0.10925421153846153 0.4848406826923077 0.07299076923076922 0.4423029254807692 0.07260498076923078 0.4412177788461538 0.11041156730769232 0.4846236418269231 0.10925421153846153
11 0.48353849519230774 0.14436032692307693 0.4841895889423077 0.11041156730769232 0.4409718221153846 0.1115242548076923 0.4405666995192308 0.14590344471153846 0.48353849519230774 0.14436032692307693
11 0.4405680240384615 0.1824844375 0.48332279086538465 0.1832560048076923 0.4839738870192308 0.14737832211538462 0.44124315384615387 0.1457726201923077 0.4405680240384615 0.1824844375
11 0.4407850480769231 0.2206767884615385 0.48332279086538465 0.2195194471153846 0.48375684375000005 0.18402755528846154 0.4407850480769231 0.1824844375 0.4407850480769231 0.2206767884615385
11 0.44121910096153844 0.2553971274038461 0.4844079375 0.2573260360576923 0.4846249639423077 0.21990523798076925 0.4418701947115385 0.22029104086538462 0.44121910096153844 0.2553971274038461
11 0.39672809134615383 0.2519250889423077 0.43991692788461534 0.2523108653846154 0.4405680240384615 0.21836213461538462 0.39782973317307696 0.21812832451923075 0.39672809134615383 0.2519250889423077
11 0.39694511778846153 0.2897316778846154 0.4390488076923077 0.2901174543269231 0.44013395432692304 0.25385399759615385 0.3975583990384616 0.2543061754807692 0.39694511778846153 0.2897316778846154
11 0.43991692788461534 0.29243213701923076 0.4824546706730769 0.2935894927884615 0.48310576442307696 0.2569402596153846 0.44124315384615387 0.25671803125000003 0.43991692788461534 0.29243213701923076
11 0.537836701923077 0.03171313701923077 0.5383837620192308 0 0.49354313461538457 0.00012159375000000001 0.4932504807692308 0.026850903846153847 0.537836701923077 0.03171313701923077
11 0.5370160889423077 0.06915234134615385 0.5370160889423077 0.0331718125 0.49320115625 0.029303745192307693 0.4921563365384615 0.06429010817307693 0.5370160889423077 0.06915234134615385
11 0.5361954735576924 0.10756399759615384 0.5359219447115385 0.0696385673076923 0.4914912644230769 0.06578143509615385 0.4918828052884615 0.1017293125 0.5361954735576924 0.10756399759615384
11 0.5342807379807692 0.1450031826923077 0.5356484134615385 0.10707776201923076 0.49217522115384615 0.10286708653846154 0.4907886610576923 0.13965473317307692 0.5342807379807692 0.1450031826923077
11 0.49160927403846155 0.17758015384615386 0.5345542692307692 0.18341487740384615 0.5351013509615384 0.14646186778846154 0.4908073076923077 0.1417766201923077 0.49160927403846155 0.17758015384615386
11 0.48777978125000004 0.2150193966346154 0.5320924495192307 0.21939537740384615 0.53318659375 0.1839010552884615 0.4894393942307692 0.17947023317307692 0.48777978125000004 0.2150193966346154
11 0.48887392548076924 0.2519723485576923 0.53263953125 0.2573207980769231 0.533460125 0.2213402596153846 0.48909741586538463 0.2165558846153846 0.48887392548076924 0.2519723485576923
11 0.48887392548076924 0.28892531971153845 0.53318659375 0.2952462379807692 0.5329130625 0.25780701442307696 0.4901233509615385 0.25303357451923075 0.48887392548076924 0.28892531971153845
11 0.5403941682692308 0 0.5397592980769231 0.029510182692307693 0.5835249038461539 0.03339998557692308 0.5837984350961538 0 0.5403941682692308 0
11 0.5375710096153846 0.06792183894230769 0.5821572283653846 0.07035295432692308 0.5821572283653846 0.03291375 0.5390262548076923 0.03051966826923077 0.5375710096153846 0.06792183894230769
11 0.5807895528846154 0.10681970913461539 0.5810630841346154 0.07132540625 0.5375710096153846 0.06694938701923077 0.5375710096153846 0.10390237740384614 0.5807895528846154 0.10681970913461539
11 0.5359298028846153 0.14085538461538463 0.5799689399038461 0.1442589158653846 0.5796954086538462 0.1077921610576923 0.5369743846153846 0.10469096875 0.5359298028846153 0.14085538461538463
11 0.5364785528846154 0.17931658413461538 0.579423545673077 0.18028901682692308 0.5799706081730769 0.1452809471153846 0.5369743846153846 0.14299254326923078 0.5364785528846154 0.17931658413461538
11 0.5351108774038461 0.21529709615384615 0.5791500144230769 0.21675576201923075 0.5783294014423077 0.18223390865384617 0.5356064711538462 0.18068615625 0.5351108774038461 0.21529709615384615
11 0.5345637932692308 0.2527363004807692 0.5766881947115384 0.2556536346153846 0.5758675817307692 0.2191868798076923 0.5345805360576923 0.21716384615384615 0.5345637932692308 0.2527363004807692
11 0.534016733173077 0.29066172115384614 0.5753205192307692 0.29260662259615383 0.5750469879807693 0.2566260841346154 0.5326490576923077 0.2546812019230769 0.534016733173077 0.29066172115384614
11 0.6277703365384616 0.032782545673076924 0.6280438677884616 0 0.5840047307692308 0.00020557451923076923 0.5834576466346154 0.02889274519230769 0.6277703365384616 0.032782545673076924
11 0.5826370552884615 0.06584573317307693 0.6258555793269232 0.06876306730769231 0.6264026610576923 0.033754978365384616 0.5834834399038461 0.02747986057692308 0.5826370552884615 0.06584573317307693
11 0.6247899543269231 0.10728410576923077 0.6247899543269231 0.06989763701923077 0.5824676081730769 0.06723625480769231 0.5813823846153846 0.10251136057692307 0.6247899543269231 0.10728410576923077
11 0.6232236923076923 0.14427284134615384 0.6247899543269231 0.10887502403846153 0.5804873798076924 0.10370454326923076 0.579816139423077 0.13989783653846152 0.6232236923076923 0.14427284134615384
11 0.5793686274038461 0.1788752451923077 0.622552451923077 0.18006839663461538 0.6234474567307693 0.1450683028846154 0.5802297139423077 0.1413353798076923 0.5793686274038461 0.1788752451923077
11 0.5789211346153846 0.2154662283653846 0.6216574471153845 0.2174548701923077 0.6209861875 0.18285252884615386 0.5793905048076924 0.18012552403846155 0.5789211346153846 0.2154662283653846
11 0.5762361201923076 0.2528527043269231 0.6200911995192308 0.2552390673076923 0.6198674375 0.22023895673076924 0.5782715576923076 0.21792105288461538 0.5762361201923076 0.2528527043269231
11 0.5764598846153846 0.2902391778846154 0.6194199423076923 0.29103462259615387 0.6187486850961539 0.2568299879807692 0.5766836298076923 0.2524549807692308 0.5764598846153846 0.2902391778846154
11 0.6712241538461539 0.033417959134615385 0.6719215408653846 0.0011866875 0.6295991298076923 0.00015500480769230768 0.6276367331730769 0.029698975961538462 0.6712241538461539 0.033417959134615385
11 0.7155089879807692 0.03589729807692307 0.715160266826923 0 0.6727581899038462 0.0009300264423076922 0.6715728461538462 0.032178290865384616 0.7155089879807692 0.03589729807692307
11 0.7590964086538462 0.03589729807692307 0.7590964086538462 0 0.7163531995192307 0.00015500480769230768 0.716206375 0.032178290865384616 0.7590964086538462 0.03589729807692307
11 0.6698293509615384 0.072467375 0.6698293509615384 0.03527744951923077 0.6287272307692308 0.03270594711538462 0.6265906225961538 0.06688889903846154 0.6698293509615384 0.072467375
11 0.7137654903846153 0.07370704326923078 0.7148115456730769 0.03589729807692307 0.6714503389423078 0.03425599038461538 0.6705267379807692 0.06936821394230769 0.7137654903846153 0.07370704326923078
11 0.6255445144230769 0.10593831490384614 0.6677371586538462 0.10965729807692307 0.6687832403846153 0.07432688942307693 0.6255445144230769 0.06998806009615385 0.6255445144230769 0.10593831490384614
11 0.6678670817307691 0.14646811778846153 0.668101204326923 0.10984500721153846 0.6255766225961538 0.10782080528846152 0.624319625 0.1423064014423077 0.6678670817307691 0.14646811778846153
11 0.6662285961538461 0.18283167548076923 0.6659936947115385 0.14536373798076924 0.6241130817307692 0.14372638461538462 0.6226803413461539 0.18032216346153845 0.6662285961538461 0.18283167548076923
11 0.6217446490384616 0.1811669903846154 0.6217446490384616 0.21654158894230768 0.6648238437499999 0.21862244711538462 0.6650579663461538 0.18366403846153848 0.6217714134615384 0.1811930721153846 0.6217446490384616 0.1811669903846154
11 0.6196375120192308 0.2523323701923077 0.6629508293269232 0.2564940865384615 0.6629508293269232 0.21987096153846153 0.6208081418269231 0.2169577716346154 0.6196375120192308 0.2523323701923077
11 0.6201057740384616 0.29062015865384616 0.661546076923077 0.2914525048076923 0.6620143389423077 0.25524556009615385 0.6198716514423077 0.25358088221153846 0.6201057740384616 0.29062015865384616
11 0.6689907451923076 0.10695864182692308 0.7120699399038461 0.11112035817307693 0.7127723076923077 0.07532958653846154 0.6694829014423077 0.07139485817307692 0.6689907451923076 0.10695864182692308
11 0.710431048076923 0.14899199038461539 0.7118358004807692 0.1123688798076923 0.6697756081730769 0.10990228846153846 0.6689907451923076 0.1452464375 0.710431048076923 0.14899199038461539
11 0.7092604158653846 0.1847827548076923 0.7097286802884616 0.14899199038461539 0.6671412331730769 0.14684860817307693 0.6673518509615385 0.18103721874999998 0.7092604158653846 0.1847827548076923
11 0.7083239086538462 0.22057353365384616 0.7085580504807693 0.18311807692307694 0.6668485240384616 0.18275418509615385 0.6664153629807692 0.21599563461538462 0.7083239086538462 0.22057353365384616
11 0.7064509110576923 0.25802897596153845 0.7066850336538462 0.22098973076923079 0.6647995649038462 0.21813939182692307 0.6640741009615384 0.25428345673076924 0.7064509110576923 0.25802897596153845
11 0.7043437740384615 0.2942359375 0.70528028125 0.2571966442307692 0.6636287307692308 0.25560608173076926 0.6624352091346153 0.2925712451923077 0.7043437740384615 0.2942359375
11 0.757142548076923 0.07302036538461538 0.7587814591346155 0.03681342067307692 0.7163162620192308 0.03132631490384615 0.7149998798076923 0.06761013701923077 0.757142548076923 0.07302036538461538
11 0.7566743028846153 0.11089198798076924 0.757142548076923 0.07302036538461538 0.7154381370192309 0.0687930048076923 0.7138292475961538 0.10673027163461539 0.7566743028846153 0.11089198798076924
11 0.7585473197115384 0.14668276923076923 0.7583131778846154 0.11255668269230769 0.7164046322115385 0.10589792548076923 0.715468125 0.1437695625 0.7585473197115384 0.14668276923076923
11 0.7559719182692307 0.1824735480769231 0.7566743028846153 0.1483474471153846 0.7145316153846154 0.14501810817307692 0.7138292475961538 0.17956032692307694 0.7559719182692307 0.1824735480769231
11 0.7540989567307693 0.22091919711538463 0.7538647980769231 0.18512842548076922 0.7122183437499999 0.1811930721153846 0.710317358173077 0.21675748076923076 0.7540989567307693 0.22091919711538463
11 0.7496505216346154 0.2575423173076923 0.7503529086538462 0.22091919711538463 0.7092912572115384 0.2170986514423077 0.7079760985576923 0.2533805985576923 0.7496505216346154 0.2575423173076923
11 0.7484798918269231 0.2933330817307692 0.748714014423077 0.25670996875 0.7066568822115384 0.25560608173076926 0.7054006971153846 0.29250073317307695 0.7484798918269231 0.2933330817307692
11 0.1926338798076923 0.3340376225961539 0.23697555528846154 0.33983318990384614 0.23632348317307691 0.3027415360576923 0.19269674278846155 0.2981137692307692 0.1926338798076923 0.3340376225961539
11 0.23697555528846154 0.3357762668269231 0.2826213918269231 0.33809450240384614 0.2826213918269231 0.30158241826923077 0.2377257644230769 0.2987061826923077 0.23697555528846154 0.3357762668269231
11 0.18977343509615385 0.37344746875 0.23541926923076922 0.3775043701923077 0.23541926923076922 0.33983318990384614 0.1904414903846154 0.33638867067307693 0.18977343509615385 0.37344746875
11 0.1887842283653846 0.4105477788461539 0.23345195432692306 0.4128660168269231 0.23279985576923076 0.3786721682692308 0.18758812740384614 0.37479582211538465 0.1887842283653846 0.4105477788461539
11 0.1904144375 0.44763942307692306 0.2350821610576923 0.45401453846153844 0.23475610096153846 0.4169229182692308 0.18976236298076923 0.41344556490384615 0.1904144375 0.44763942307692306
11 0.18981726682692307 0.48582479086538466 0.23463710336538462 0.4907101947115384 0.23484851442307694 0.4550091610576923 0.19062314903846153 0.4497799543269231 0.18981726682692307 0.48582479086538466
11 0.18981726682692307 0.5219016490384616 0.23463710336538462 0.5282902283653846 0.23527133653846155 0.49146179807692303 0.18956589423076925 0.4869013653846154 0.18981726682692307 0.5219016490384616
11 0.19024010576923076 0.5591357235576923 0.2359055841346154 0.5632695216346154 0.2361169951923077 0.5286958870192308 0.18983020673076922 0.5240227788461538 0.19024010576923076 0.5591357235576923
11 0.19256565865384617 0.5967157572115385 0.23738547836538462 0.6008495552884615 0.2371740673076923 0.5647727283653846 0.19115177644230769 0.5611441923076923 0.19256565865384617 0.5967157572115385
11 0.19489121394230768 0.6321497283653846 0.23960010336538462 0.6389654447115384 0.23913012259615385 0.6022076201923077 0.19552546153846156 0.5983276971153846 0.19489121394230768 0.6321497283653846
11 0.23686732451923076 0.3737250504807692 0.2822204038461539 0.37763852403846154 0.28200024759615383 0.3396778221153846 0.23731938942307693 0.3387148846153846 0.23686732451923076 0.3737250504807692
11 0.23488587740384614 0.4140338293269231 0.27957848317307693 0.4159905673076923 0.2800187980769231 0.3764644759615384 0.23539264903846155 0.374925375 0.23488587740384614 0.4140338293269231
11 0.2355463653846154 0.4527772283653846 0.27935831009615386 0.4543426105769231 0.2791381514423077 0.41638192307692307 0.2351174014423077 0.41553984375 0.2355463653846154 0.4527772283653846
11 0.23554118990384615 0.4907578798076923 0.28001362259615387 0.4903665240384615 0.27913297596153847 0.4547539158653846 0.23539264903846155 0.45468631971153844 0.23554118990384615 0.4907578798076923
11 0.2359815048076923 0.5263704879807692 0.2804539375 0.5287185673076923 0.28089426923076927 0.49271461778846154 0.2362016610576923 0.4915405625 0.2359815048076923 0.5263704879807692
11 0.23708230769230768 0.5635485216346153 0.28155474038461537 0.5651138870192308 0.2806741105769231 0.5287185673076923 0.23621839423076924 0.5275966322115384 0.23708230769230768 0.5635485216346153
11 0.2388435985576923 0.5999437980769231 0.28331603125 0.6015091947115384 0.28243538701923077 0.5666792692307692 0.23774279567307693 0.5651138870192308 0.2388435985576923 0.5999437980769231
11 0.2400700817307692 0.6372946370192308 0.2834643798076923 0.6392439182692308 0.28409101442307694 0.6022076201923077 0.23976784615384616 0.6017416177884616 0.2400700817307692 0.6372946370192308
11 0.28279610336538463 0.3446816129807692 0.32826433173076924 0.34669211538461536 0.3269070576923077 0.3096988581730769 0.28392715384615386 0.30688415384615386 0.28279610336538463 0.3446816129807692
11 0.2834747403846154 0.38167486298076925 0.32803810817307694 0.38489166586538465 0.32826433173076924 0.3474963125 0.2831511370192308 0.3455079951923077 0.2834747403846154 0.38167486298076925
11 0.2823436899038462 0.42108072115384615 0.3273594879807692 0.4226891298076923 0.3269070576923077 0.38650007451923074 0.28088864423076926 0.3847245600961538 0.2823436899038462 0.42108072115384615
11 0.2803077956730769 0.45890229807692307 0.3248711802884615 0.4605107067307692 0.3239663365384615 0.4243216610576923 0.2794029519230769 0.42070274038461536 0.2803077956730769 0.45890229807692307
11 0.2807602259615385 0.49509135336538457 0.32577600721153843 0.4991123581730769 0.3248711802884615 0.4601085985576923 0.2803230192307692 0.4601410336538461 0.2807602259615385 0.49509135336538457
11 0.2815524495192308 0.5331160817307692 0.3261158173076923 0.5347244903846154 0.3254371995192308 0.49773124759615384 0.2814542668269231 0.49734649278846155 0.2815524495192308 0.5331160817307692
11 0.2829097067307692 0.5705114423076924 0.32656825 0.5729240408653846 0.3270206610576923 0.5355286875 0.2813262427884615 0.5339203004807692 0.2829097067307692 0.5705114423076924
11 0.28449317067307694 0.6062984014423077 0.32883034855769233 0.60830890625 0.328604125 0.5725219447115385 0.2839995721153846 0.5717574110576923 0.28449317067307694 0.6062984014423077
11 0.2840407572115385 0.6420853461538462 0.32905655528846156 0.6449000841346154 0.32837791826923074 0.608711 0.28449317067307694 0.6067004975961539 0.2840407572115385 0.6420853461538462
11 0.3286896274038461 0.34502724038461535 0.37375215384615385 0.34763808653846157 0.3727201899038462 0.30925690624999996 0.32839441346153847 0.3081911153846154 0.3286896274038461 0.34502724038461535
11 0.3298015360576923 0.3834084278846154 0.37434806730769227 0.3846313317307692 0.37383209134615386 0.3482495432692308 0.32894156490384613 0.34763808653846157 0.3298015360576923 0.3834084278846154
11 0.32704961538461536 0.42254177403846155 0.37219940865384615 0.42370509855769234 0.3717681514423077 0.3855485240384615 0.32731925961538466 0.3857931971153846 0.32704961538461536 0.42254177403846155
11 0.32627692067307695 0.4619212644230769 0.37047946634615386 0.46130980769230767 0.3694475024038461 0.4246222908653846 0.3247388966346154 0.42516765144230767 0.32627692067307695 0.4619212644230769
11 0.32593293509615384 0.4983030528846154 0.3715114423076923 0.5001374350961538 0.37030747355769233 0.4619212644230769 0.3255990168269231 0.4622484471153846 0.32593293509615384 0.4983030528846154
11 0.32662090384615383 0.5359261033653846 0.3715114423076923 0.5365375528846154 0.3709954543269231 0.5007672379807693 0.3262441081730769 0.4997115192307692 0.32662090384615383 0.5359261033653846
11 0.32713689182692307 0.5710849759615384 0.3708234639423077 0.5716964254807693 0.37030747355769233 0.5365375528846154 0.32710423076923073 0.53717459375 0.32713689182692307 0.5710849759615384
11 0.32954481490384613 0.6080782427884615 0.3737473605769231 0.6102183269230769 0.37271539903846157 0.5744479951923077 0.32925453365384616 0.5738731129807693 0.32954481490384613 0.6080782427884615
11 0.3290288269230769 0.6438485528846154 0.37271539903846157 0.6456829254807693 0.37254340625000004 0.6114412379807692 0.32946956490384616 0.6098070817307693 0.3290288269230769 0.6438485528846154
11 0.3744846826923077 0.34420195432692313 0.4189693918269231 0.3463507043269231 0.41969469230769235 0.3085327091346154 0.37425645673076924 0.3074707716346154 0.3744846826923077 0.34420195432692313
11 0.37545174519230773 0.38373893750000004 0.4211452764423077 0.3858876875 0.42066175480769236 0.3467804471153846 0.37605184375 0.3463507043269231 0.37545174519230773 0.38373893750000004
11 0.37218361057692306 0.4249949350961538 0.4176353822115385 0.4245651754807692 0.41715184134615385 0.3863174471153846 0.37304742307692307 0.3869983389423077 0.37218361057692306 0.4249949350961538
11 0.37121654807692306 0.46195341826923075 0.4157012572115385 0.4636724230769231 0.4159430168269231 0.42585442067307694 0.3707330264423077 0.42585442067307694 0.37121654807692306 0.46195341826923075
11 0.3724253725961538 0.4998023317307692 0.41715184134615385 0.5010915769230769 0.4169100793269231 0.46499258894230766 0.37153612980769235 0.4638391634615384 0.3724253725961538 0.4998023317307692
11 0.3717000889423077 0.5359013269230769 0.4173936009615385 0.5384798197115385 0.4173936009615385 0.5023808413461539 0.37153612980769235 0.5009162043269231 0.3717000889423077 0.5359013269230769
11 0.3717000889423077 0.5737193461538461 0.41642655769230774 0.5741490552884615 0.4157012572115385 0.5393393221153846 0.3709316129807692 0.5379932451923077 0.3717000889423077 0.5737193461538461
11 0.3735243990384615 0.6092930288461539 0.39660559615384616 0.61127275 0.4176353822115385 0.6106777956730769 0.41811890384615386 0.5745788149038462 0.37303695913461543 0.5733655649038462 0.3735243990384615 0.6092930288461539
11 0.3736341971153846 0.645487545673077 0.4176353822115385 0.6463470312499999 0.41642655769230774 0.6119670576923076 0.3726671346153846 0.6089588052884616 0.3736341971153846 0.645487545673077
11 0.4201246634615385 0.3481547548076923 0.46509291105769235 0.34944400000000003 0.4643676105769231 0.31205575721153844 0.4198829014423077 0.31033675240384617 0.4201246634615385 0.3481547548076923
11 0.4220587884615385 0.38640248317307696 0.4660599543269231 0.3872619855769231 0.46581819471153846 0.35116299038461535 0.4220132980769231 0.3493839471153847 0.4220587884615385 0.38640248317307696
11 0.4189158389423077 0.42370889423076924 0.46485113221153845 0.4254278990384615 0.4646093701923077 0.38803965865384615 0.4189907139423077 0.38807303365384616 0.4189158389423077 0.42370889423076924
11 0.41618573076923077 0.4608134350961538 0.46155386538461535 0.4623743004807693 0.46155386538461535 0.4275151370192308 0.41560034615384617 0.42595428365384613 0.41618573076923077 0.4608134350961538
11 0.4173565264423077 0.49931459375 0.46184655769230765 0.4982740360576923 0.46155386538461535 0.4634148653846154 0.4172399326923077 0.46332344951923077 0.4173565264423077 0.49931459375
11 0.4182346057692307 0.5372954831730768 0.4622407932692308 0.5384377043269231 0.46151054326923074 0.5000336105769231 0.4172947596153846 0.49904410817307693 0.4182346057692307 0.5372954831730768
11 0.41618573076923077 0.572674923076923 0.4609684783653846 0.5731951995192308 0.4601551418269231 0.5362113389423077 0.4366568125 0.5359639519230769 0.4149660480769231 0.5367060817307693 0.41618573076923077 0.572674923076923
11 0.4191127091346154 0.6090949375 0.46301735336538463 0.6096152163461539 0.46255583173076925 0.5734164158653846 0.41875717307692306 0.5709426634615384 0.4191127091346154 0.6090949375
11 0.41736673798076923 0.64515521875 0.4617215745192308 0.64564996875 0.4613044495192308 0.6092858173076923 0.44003081009615386 0.6085436923076923 0.4168105745192308 0.6080489399038462 0.41736673798076923 0.64515521875
11 0.46857475000000004 0.350857625 0.5109035793269231 0.3539926995192308 0.51055084375 0.3157447980769231 0.4675503918269231 0.31375827644230764 0.46857475000000004 0.350857625
11 0.46857475000000004 0.38801979326923075 0.5116090480769231 0.39052783894230764 0.5116090480769231 0.35541501201923076 0.46710938942307695 0.35217445913461537 0.46857475000000004 0.38801979326923075
11 0.4668110480769231 0.42626769471153847 0.5109035793269231 0.42877576442307697 0.5119617836538461 0.39303590865384613 0.4675503918269231 0.3898066346153846 0.4668110480769231 0.42626769471153847
11 0.4699857163461539 0.47203978125 0.5158419471153846 0.4783099302884616 0.5172528870192308 0.43629992548076924 0.4697554038461539 0.43449484615384615 0.4699857163461539 0.47203978125
11 0.5074644423076923 0.5009163245192307 0.5074644423076923 0.4777167692307692 0.4728958894230769 0.47332765865384613 0.4651356153846154 0.46329543028846154 0.46443011778846155 0.4952731826923077 0.5074644423076923 0.5009163245192307
11 0.46372464903846156 0.5316400432692308 0.5074644423076923 0.5379101923076923 0.5074644423076923 0.5034243701923077 0.4644633774038462 0.49799914423076924 0.46372464903846156 0.5316400432692308
11 0.4623139879807692 0.5711551394230769 0.5067346682692307 0.5745544855769231 0.5075689375 0.5384377043269231 0.4632141033653846 0.532995451923077 0.4623139879807692 0.5711551394230769
11 0.4638077043269231 0.6067778004807692 0.50746475 0.6112841057692308 0.5081625504807692 0.5733821514423076 0.46394674759615384 0.5696715240384616 0.4638077043269231 0.6067778004807692
11 0.5078880552884615 0.6485589711538461 0.5083051899038462 0.6109579399038462 0.46492366346153846 0.6045261899038462 0.46520174519230767 0.6421272091346153 0.5078880552884615 0.6485589711538461
11 0.5130268124999999 0.3532718149038461 0.5565503004807693 0.3540229663461538 0.5557051658653847 0.31796919230769227 0.5125464591346154 0.31575276201923075 0.5130268124999999 0.3532718149038461
11 0.5121817091346154 0.3923300528846154 0.5565503004807693 0.3923300528846154 0.5565503004807693 0.3562762908653846 0.5125464591346154 0.3551983798076923 0.5121817091346154 0.3923300528846154
11 0.5569728533653846 0.42838379807692306 0.5573954038461538 0.3900766971153846 0.5134493629807693 0.3900766971153846 0.5126042620192307 0.42838379807692306 0.5569728533653846 0.42838379807692306
11 0.5180975288461538 0.46593978846153844 0.5599307451923077 0.4674420336538461 0.5595081947115385 0.4313882884615384 0.5162444855769232 0.43033288461538466 0.5180975288461538 0.46593978846153844
11 0.5151396033653847 0.5027446706730769 0.559085641826923 0.5027446706730769 0.559085641826923 0.46969538701923075 0.5164072884615385 0.46593978846153844 0.5151396033653847 0.5027446706730769
11 0.5079561298076923 0.5744974447115385 0.5519021682692308 0.5767507980769231 0.5514795865384615 0.5391948052884615 0.5088484326923077 0.5383387379807693 0.5079561298076923 0.5744974447115385
11 0.5104914711538462 0.6090489447115385 0.5527472716346155 0.6120534927884616 0.5519021682692308 0.5790041514423077 0.5100689182692307 0.5767507980769231 0.5104914711538462 0.6090489447115385
11 0.5096463677884615 0.6473560721153846 0.5523247211538462 0.649609483173077 0.5523247211538462 0.6143067884615385 0.5099050120192308 0.6134732427884615 0.5096463677884615 0.6473560721153846
11 0.5576131346153846 0.35740129326923076 0.6007140384615385 0.35890352403846154 0.6007140384615385 0.3198453028846154 0.5585076466346154 0.317631125 0.5576131346153846 0.35740129326923076
11 0.6028268293269231 0.3581524014423077 0.6471954206730769 0.35890352403846154 0.6467729014423077 0.3205964254807692 0.6028268293269231 0.31909418028846154 0.6028268293269231 0.3581524014423077
11 0.5580356850961539 0.39570840865384616 0.6015591754807692 0.39420616105769235 0.6007140384615385 0.35965467548076924 0.5574510673076923 0.3589551033653846 0.5580356850961539 0.39570840865384616
11 0.5596227620192308 0.4319693846153846 0.6027236658653846 0.4334716033653846 0.6010334615384616 0.3959156105769231 0.5585076466346154 0.39652235817307696 0.5596227620192308 0.4319693846153846
11 0.561313 0.4665208725961539 0.6035688028846153 0.46877422596153845 0.60314625 0.4319693846153846 0.5600453125 0.4319693846153846 0.561313 0.4665208725961539
11 0.5600453125 0.5025746177884616 0.6018785625 0.5048279711538461 0.6014560120192308 0.46877422596153845 0.560092514423077 0.46883931971153847 0.5600453125 0.5025746177884616
11 0.553284391826923 0.53751915625 0.5959627451923077 0.5405236201923077 0.5972304326923077 0.5078324615384615 0.5537530408653846 0.5073457548076923 0.553284391826923 0.53751915625
11 0.5528618389423077 0.5750751490384615 0.596385295673077 0.5773285024038461 0.5959627451923077 0.54427921875 0.5532247499999999 0.5420954615384616 0.5528618389423077 0.5750751490384615
11 0.553284391826923 0.6118800024038461 0.596385295673077 0.6133822475961538 0.596385295673077 0.5773285024038461 0.5526964615384615 0.576845170673077 0.553284391826923 0.6118800024038461
11 0.553284391826923 0.6486848846153846 0.5955401923076923 0.6486848846153846 0.5946950913461538 0.6148844927884615 0.5515941538461538 0.6126311394230769 0.553284391826923 0.6486848846153846
11 0.6038977572115385 0.39515885817307694 0.6474212451923077 0.3959099807692308 0.6474212451923077 0.3613584663461538 0.6039405432692307 0.3598942860576923 0.6038977572115385 0.39515885817307694
11 0.6038977572115385 0.4327148485576923 0.6461535576923076 0.4327148485576923 0.6457310072115384 0.39891445673076925 0.6026301009615385 0.39515885817307694 0.6038977572115385 0.4327148485576923
11 0.6047428918269231 0.4695197307692308 0.6474212451923077 0.46876859375 0.6469986947115385 0.43496820192307695 0.6049971225961538 0.43502879086538465 0.6047428918269231 0.4695197307692308
11 0.6026301009615385 0.5048223413461538 0.6461535576923076 0.5040712331730769 0.645308454326923 0.4702708413461538 0.6026301009615385 0.47102194951923076 0.6026301009615385 0.5048223413461538
11 0.5988270721153847 0.5416272235576923 0.6402377403846155 0.5416272235576923 0.6406603221153847 0.5070757235576923 0.5991859374999999 0.5064065721153846 0.5988270721153847 0.5416272235576923
11 0.5971368341346154 0.5791832716346154 0.6389700841346154 0.5784321057692308 0.6389700841346154 0.5453828221153846 0.5979819375 0.5416272235576923 0.5971368341346154 0.5791832716346154
11 0.5979819375 0.6137347163461538 0.6389700841346154 0.6137347163461538 0.6393926370192309 0.5814365673076923 0.5976010697115385 0.5806018966346154 0.5979819375 0.6137347163461538
11 0.5958691466346153 0.6505396562500001 0.6381249495192307 0.6520418437500001 0.6377023990384616 0.6159880985576923 0.5937563581730769 0.6144858533653846 0.5958691466346153 0.6505396562500001
11 0.6465723870192307 0.3615320384615384 0.6892996201923077 0.35944165144230766 0.6892996201923077 0.32251184134615385 0.6457884134615385 0.3211182716346154 0.6465723870192307 0.3615320384615384
11 0.6469643725961538 0.39846180769230766 0.6912595841346154 0.39776502884615383 0.69008359375 0.3622288028846154 0.6465723870192307 0.36083521875 0.6469643725961538 0.39846180769230766
11 0.6473563605769231 0.4360883942307692 0.6908675985576923 0.4360883942307692 0.6912595841346154 0.39985541586538464 0.6481403653846154 0.39706823798076923 0.6473563605769231 0.4360883942307692
11 0.6489243389423076 0.47023105048076924 0.6932195504807692 0.4737149951923077 0.6932195504807692 0.4360883942307692 0.6501003293269231 0.4360883942307692 0.6489243389423076 0.47023105048076924
11 0.69008359375 0.5085544302884615 0.6908675985576923 0.4730182163461538 0.6473563605769231 0.4709278293269231 0.6477483774038462 0.505767264423077 0.69008359375 0.5085544302884615
11 0.6410844807692307 0.5422113173076923 0.6838117139423077 0.5443016778846154 0.6842037019230769 0.5094622427884615 0.6414764663461539 0.5066750889423077 0.6410844807692307 0.5422113173076923
11 0.6403005048076923 0.5798378894230769 0.6838117139423077 0.5805346947115384 0.6845956875 0.5443016778846154 0.640627951923077 0.5429611658653847 0.6403005048076923 0.5798378894230769
11 0.6399085192307693 0.61662040625 0.6822437355769231 0.6160709086538462 0.6826357235576922 0.5819282764423077 0.640627951923077 0.5812960360576923 0.6399085192307693 0.61662040625
11 0.6383405408653846 0.6507630625 0.6806757596153846 0.653550201923077 0.6810677764423076 0.6180139759615385 0.6387325288461538 0.61662040625 0.6383405408653846 0.6507630625
11 0.6909718004807692 0.3596077475961538 0.733307048076923 0.3630916923076923 0.733307048076923 0.32476831250000004 0.6920859807692307 0.3225356610576923 0.6909718004807692 0.3596077475961538
11 0.6917558052884616 0.3958407668269231 0.7340910216346154 0.3979311274038461 0.7352670120192308 0.3616981081730769 0.6915959038461538 0.3617417788461538 0.6917558052884616 0.3958407668269231
11 0.6921477908653846 0.43486092307692303 0.7344830384615384 0.43695128365384617 0.7340910216346154 0.4007182932692308 0.6920859807692307 0.3992054014423077 0.6921477908653846 0.43486092307692303
11 0.7376189639423077 0.47248752403846156 0.7368349903846153 0.4341641442307692 0.6955165168269232 0.43579777884615384 0.6937157692307692 0.4710939399038461 0.7376189639423077 0.47248752403846156
11 0.7364430024038462 0.5094173197115385 0.7356590000000001 0.47388110576923076 0.6936583581730769 0.47165393269230765 0.6939803221153846 0.5065652980769231 0.7364430024038462 0.5094173197115385
11 0.6922094927884616 0.5423351370192308 0.7347094086538462 0.5434797764423077 0.7351923677884616 0.5091407355769231 0.6927967355769231 0.5074399903846154 0.6922094927884616 0.5423351370192308
11 0.6848850528846153 0.5779029639423077 0.7282978581730769 0.5808334110576923 0.7282978581730769 0.5451795504807693 0.6860694278846153 0.54364021875 0.6848850528846153 0.5779029639423077
11 0.6846102716346153 0.6135568629807693 0.727198795673077 0.6140452283653846 0.7282978581730769 0.5822986346153847 0.6850388822115385 0.5790604975961539 0.6846102716346153 0.6135568629807693
11 0.681862625 0.6501875480769231 0.7239016274038461 0.6501875480769231 0.7244511490384615 0.6155104687499999 0.6829777884615384 0.6150914711538461 0.681862625 0.6501875480769231
11 0.20260050961538462 0.6867677836538462 0.24363856490384617 0.68864109375 0.24461169951923076 0.6546216153846154 0.2027626971153846 0.6536131995192308 0.20260050961538462 0.6867677836538462
11 0.19822139663461538 0.7216521778846154 0.23941754326923076 0.7225170769230769 0.24006629326923076 0.6893624927884615 0.1977434783653846 0.68751503125 0.19822139663461538 0.7216521778846154
11 0.19789079807692306 0.7554097259615384 0.23827599519230772 0.7559863245192309 0.23892475721153844 0.7231200432692308 0.19754070673076923 0.7232029447115385 0.19789079807692306 0.7554097259615384
11 0.19772861057692306 0.79087071875 0.23989789182692306 0.7905824110576922 0.23892475721153844 0.7577161418269232 0.19733793509615383 0.757448923076923 0.19772861057692306 0.79087071875
11 0.1995126923076923 0.8237369951923077 0.24119541346153847 0.8240253028846154 0.24103322596153848 0.7917356201923076 0.19956843028846152 0.7924158677884615 0.1995126923076923 0.8237369951923077
11 0.2010539951923077 0.8579924831730769 0.2437098389423077 0.8594339855769231 0.2441964110576923 0.8257027980769232 0.20179892307692307 0.8248594254807693 0.2010539951923077 0.8579924831730769
11 0.20409529567307694 0.8925254711538462 0.24594019230769232 0.8931020625 0.24626457692307693 0.8596591826923077 0.20402941826923077 0.8594658870192308 0.20409529567307694 0.8925254711538462
11 0.2057171923076923 0.9259683725961538 0.24626457692307693 0.92683325 0.24707552644230768 0.8954084783653846 0.20524605288461537 0.8947933173076923 0.2057171923076923 0.9259683725961538
11 0.21050213221153846 0.960224701923077 0.25169827884615387 0.9631077091346154 0.25186046634615383 0.9302414206730769 0.21092367548076923 0.9286788100961538 0.21050213221153846 0.960224701923077
11 0.24477204567307692 0.6889800432692308 0.28603086057692306 0.6895746899038462 0.2864768966346154 0.6570673221153847 0.24525387740384616 0.6551008557692307 0.24477204567307692 0.6889800432692308
11 0.24276485576923076 0.7226865096153846 0.2853617932692308 0.7246686658653847 0.2864768966346154 0.6915666538461539 0.24358093028846153 0.6897989951923077 0.24276485576923076 0.7226865096153846
11 0.2449950625 0.7573938605769232 0.2868114302884615 0.7597724423076924 0.2877035168269231 0.7260757884615384 0.2451065721153846 0.7240936322115386 0.2449950625 0.7573938605769232
11 0.24150616586538462 0.7920869471153846 0.28298800721153844 0.7922851610576923 0.2830995072115385 0.7599760096153846 0.24190798557692308 0.7586995841346155 0.24150616586538462 0.7920869471153846
11 0.24504669471153845 0.8262938557692308 0.2867515552884615 0.8270867139423077 0.2871975889423077 0.7943811346153846 0.24568794951923076 0.7925362740384615 0.24504669471153845 0.8262938557692308
11 0.2470001153846154 0.8599489086538461 0.2887317043269231 0.8608882740384616 0.28940077403846154 0.8277862740384615 0.24748447115384617 0.8266087980769231 0.2470001153846154 0.8599489086538461
11 0.2491194855769231 0.8950972644230769 0.2912703942307692 0.8966829951923077 0.2913818942307692 0.8627881153846153 0.24971506490384615 0.8613069375000001 0.2491194855769231 0.8950972644230769
11 0.24711230288461536 0.9290483052884616 0.2882596033653846 0.9318233269230769 0.28915168990384615 0.8987213125 0.24778136298076922 0.8959463028846154 0.24711230288461536 0.9290483052884616
11 0.2524943485576923 0.9637360408653847 0.29263806009615384 0.9663128509615385 0.29341863942307694 0.9328144038461539 0.2530609567307692 0.9314467451923077 0.2524943485576923 0.9637360408653847
11 0.286968875 0.6911999879807692 0.3278409206730769 0.6915669278846154 0.3290794639423077 0.6585431682692308 0.28789590625 0.6573532548076924 0.286968875 0.6911999879807692
11 0.2862445048076923 0.7252354254807692 0.3285615144230769 0.7234007716346155 0.32897437259615386 0.6936793942307692 0.28677347115384616 0.6928810528846154 0.2862445048076923 0.7252354254807692
11 0.2885151706730769 0.7575429254807692 0.3295936370192308 0.7564421346153847 0.3295936370192308 0.7252530288461538 0.28832192307692306 0.726373514423077 0.2885151706730769 0.7575429254807692
11 0.2914051153846154 0.7927682764423077 0.33165788221153847 0.7920344110576922 0.33165788221153847 0.7590106538461538 0.29012845192307696 0.7594071754807692 0.2914051153846154 0.7927682764423077
11 0.2905794158653846 0.8267250408653847 0.3314514615384615 0.8259911754807692 0.33186430288461544 0.7940682067307693 0.2909026778846154 0.7947348413461538 0.2905794158653846 0.8267250408653847
11 0.2903729927884615 0.8604105865384616 0.33248358173076925 0.8604105865384616 0.33269000480769234 0.827386826923077 0.2909026778846154 0.8282273052884614 0.2903729927884615 0.8604105865384616
11 0.2926436586538462 0.8938012764423077 0.33434140625000003 0.8934343509615386 0.33372212740384616 0.8611444639423076 0.29245112980769233 0.8621785673076924 0.2926436586538462 0.8938012764423077
11 0.2909922740384615 0.9290266274038461 0.33248358173076925 0.9286596899038462 0.33289642548076925 0.8956359302884616 0.2907858509615385 0.8956359302884616 0.2909922740384615 0.9290266274038461
11 0.29434653605769234 0.9622495288461538 0.3352185649038461 0.9648180456730769 0.3352185649038461 0.9314273485576923 0.29451573557692307 0.9291634927884616 0.29434653605769234 0.9622495288461538
11 0.32867201201923074 0.6923948533653845 0.3703697427884615 0.6949633701923077 0.36975047836538466 0.6601049591346153 0.32970413461538467 0.65937109375 0.32867201201923074 0.6923948533653845
11 0.32949771394230765 0.727253266826923 0.3699569014423077 0.7283540552884615 0.3699569014423077 0.6960641610576922 0.329614 0.6937986538461539 0.32949771394230765 0.727253266826923
11 0.3325940793269231 0.7628455408653847 0.3732596875 0.7639463317307692 0.37367253125000005 0.7294548581730769 0.3321947548076923 0.7282087187499999 0.3325940793269231 0.7628455408653847
11 0.3325940793269231 0.795869329326923 0.3740853894230769 0.7977039831730769 0.3742918100961538 0.7650471201923076 0.33296898076923076 0.7630775841346153 0.3325940793269231 0.795869329326923
11 0.33362602163461536 0.830493360576923 0.3744980528846154 0.8312272259615384 0.3755301754807692 0.7989373293269231 0.33425935817307695 0.7984052500000001 0.33362602163461536 0.830493360576923
11 0.3356902668269231 0.8660856370192308 0.3773879975961538 0.8668195024038461 0.3773879975961538 0.8326949543269231 0.33651595192307693 0.8334288028846154 0.3356902668269231 0.8660856370192308
11 0.3361031105769231 0.8998432596153846 0.3771815769230769 0.8998432596153846 0.37759441826923074 0.8679202908653847 0.3363239615384615 0.8676841778846154 0.3361031105769231 0.8998432596153846
11 0.3356902668269231 0.9339678365384615 0.3759430336538462 0.9328670192307692 0.376355875 0.9013109735576923 0.33554973557692314 0.9007178389423077 0.3356902668269231 0.9339678365384615
11 0.33692881009615383 0.9644230504807693 0.3771815769230769 0.9655238533653846 0.37759441826923074 0.9350685961538462 0.3363239615384615 0.9351279038461539 0.33692881009615383 0.9644230504807693
11 0.3714475769230769 0.6929685216346153 0.4109072283653846 0.69601909375 0.4134798533653846 0.6596865168269231 0.3718296826923077 0.6596865168269231 0.3714475769230769 0.6929685216346153
11 0.3718296826923077 0.7269297139423077 0.41156929567307693 0.7262504759615385 0.4119514014423077 0.6977230697115384 0.3717637740384615 0.6957340697115384 0.3718296826923077 0.7269297139423077
11 0.3748865889423077 0.7615701346153846 0.41577251682692307 0.760890920673077 0.4161546225961539 0.7303258365384615 0.37606327884615387 0.7288561730769231 0.3748865889423077 0.7615701346153846
11 0.37603290624999997 0.7962105552884615 0.4161546225961539 0.7962105552884615 0.41653672836538463 0.7636078028846154 0.37558555528846155 0.7628275649038462 0.37603290624999997 0.7962105552884615
11 0.37603290624999997 0.8322094543269232 0.41653672836538463 0.8301717596153846 0.4169188629807692 0.7975690072115384 0.37565080048076926 0.7962105552884615 0.37603290624999997 0.8322094543269232
11 0.3787077043269231 0.8668499254807693 0.41921152884615387 0.8668499254807693 0.4195936346153846 0.8315302139423076 0.3784518918269231 0.8333181971153846 0.3787077043269231 0.8668499254807693
11 0.37861175480769227 0.8991624110576922 0.4187334735576923 0.8991624110576922 0.41911557932692306 0.8679181129807693 0.37940733653846154 0.8672895889423077 0.37861175480769227 0.8991624110576922
11 0.3770833028846154 0.9324444038461538 0.41758712499999995 0.9338028317307692 0.4183513677884615 0.901200079326923 0.3784518918269231 0.9021102620192308 0.3770833028846154 0.9324444038461538
11 0.3789938605769231 0.9643679158653846 0.41720501923076925 0.9657263701923077 0.41796923076923076 0.9344820721153847 0.37940733653846154 0.9352323677884615 0.3789938605769231 0.9643679158653846
11 0.41183955528846156 0.6980906610576922 0.45332790144230767 0.6976763461538462 0.45402713221153845 0.666188545673077 0.4130049567307692 0.6632883413461539 0.41183955528846156 0.6980906610576922
11 0.41603501201923077 0.7328929783653847 0.4577564350961539 0.732478673076923 0.4582225889423077 0.7001622259615385 0.41647090625000005 0.7005031153846153 0.41603501201923077 0.7328929783653847
11 0.41720041586538464 0.7656237403846154 0.45845568269230774 0.7652094158653846 0.4586887427884615 0.7341359158653845 0.4173451105769231 0.7341761706730769 0.41720041586538464 0.7656237403846154
11 0.41801731009615384 0.8002515096153846 0.4567086778846154 0.8006658245192307 0.4578740793269231 0.7683493798076924 0.41705370913461537 0.7673311754807692 0.41801731009615384 0.8002515096153846
11 0.4187165408653846 0.8342252067307693 0.4585733293269231 0.8329822692307692 0.45880640624999997 0.8023230769230769 0.4182193149038461 0.8025583701923077 0.4187165408653846 0.8342252067307693
11 0.42034811538461536 0.869027516826923 0.46043796153846156 0.8669559495192308 0.4602048846153846 0.8358824495192307 0.4199677235576923 0.835713375 0.42034811538461536 0.869027516826923
11 0.41918271153846154 0.90258690625 0.4599718076923077 0.90258690625 0.4602048846153846 0.8686132091346154 0.4199677235576923 0.8699044759615385 0.41918271153846154 0.90258690625
11 0.41848346394230773 0.9369749423076923 0.45880640624999997 0.9357319735576923 0.4599718076923077 0.9034155360576922 0.41851071634615383 0.9030594831730769 0.41848346394230773 0.9369749423076923
11 0.41918271153846154 0.93614628125 0.4597387307692308 0.93614628125 0.4595056370192308 0.9042441514423077 0.4193849206730769 0.9030594831730769 0.41918271153846154 0.93614628125
11 0.41894963461538465 0.9709486081730769 0.45880640624999997 0.96970565625 0.4585733293269231 0.9382178485576923 0.4194157884615385 0.93738921875 0.41894963461538465 0.9709486081730769
11 0.47328784615384617 0.6911547067307692 0.5131938653846154 0.6936876466346154 0.5134788509615384 0.6592396634615384 0.47359598317307694 0.6582551947115385 0.47328784615384617 0.6911547067307692
11 0.46929795913461536 0.7245895288461538 0.5097667788461538 0.7266158677884615 0.5103367524038462 0.6947008269230769 0.46932036538461536 0.6937269903846153 0.46929795913461536 0.7245895288461538
11 0.4684429975961538 0.7595440913461539 0.50919678125 0.7605572716346154 0.5100517668269231 0.7281356298076923 0.46896406249999995 0.7266650865384615 0.4684429975961538 0.7595440913461539
11 0.46851528124999997 0.7937619495192307 0.5089841009615385 0.7937619495192307 0.5089841009615385 0.7623534975961538 0.46753885576923077 0.7608700336538461 0.46851528124999997 0.7937619495192307
11 0.4679453076923077 0.8256769927884615 0.5078441322115385 0.8287165336538462 0.5089841009615385 0.7947751298076924 0.4678951586538461 0.7950749807692308 0.4679453076923077 0.8256769927884615
11 0.46694821394230773 0.8597642283653847 0.5071320240384616 0.8612839879807692 0.508556983173077 0.8293689375 0.46682625480769235 0.8280130769230769 0.46694821394230773 0.8597642283653847
11 0.46723320192307694 0.8937056322115384 0.5082719951923077 0.8947187908653846 0.5082719951923077 0.8648301081730769 0.46682625480769235 0.8615845985576923 0.46723320192307694 0.8937056322115384
11 0.46751818749999996 0.9271404350961538 0.5077019975961539 0.9286601947115384 0.508556983173077 0.8972517331730769 0.46718255528846153 0.895789545673077 0.46751818749999996 0.9271404350961538
11 0.46637821634615384 0.9605752379807692 0.5068470360576923 0.9631081778846154 0.5082719951923077 0.930179954326923 0.46646995192307694 0.9274607932692308 0.46637821634615384 0.9605752379807692
11 0.5144009447115384 0.6923184711538461 0.5542496033653846 0.6949099110576923 0.55497853125 0.6612209711538461 0.5149634158653846 0.6605875504807692 0.5144009447115384 0.6923184711538461
11 0.5119711490384615 0.7264392980769231 0.5518198076923077 0.7281669423076923 0.5518198076923077 0.6966375649038461 0.5122294206730769 0.6956907139423076 0.5119711490384615 0.7264392980769231
11 0.5095413533653846 0.7627196971153847 0.5493900120192308 0.7618558750000001 0.5503619326923077 0.7303264879807692 0.5101029783653847 0.7280936346153847 0.5095413533653846 0.7627196971153847
11 0.5100273052884615 0.7943637019230769 0.5498759639423076 0.7955448052884615 0.5503619326923077 0.7640154206730769 0.5097992019230769 0.7637368485576924 0.5100273052884615 0.7943637019230769
11 0.5087518365384616 0.8286101682692307 0.5483574999999999 0.8299058942307693 0.5500583677884616 0.7957850504807692 0.5101029783653847 0.7966798173076923 0.5087518365384616 0.8286101682692307
11 0.5077799134615385 0.8640267451923077 0.5478715480769231 0.8640267451923077 0.5476285721153846 0.8320654399038462 0.5085840913461538 0.8301628365384615 0.5077799134615385 0.8640267451923077
11 0.5085088413461538 0.8962217932692307 0.5490864447115384 0.8983813389423077 0.5505443197115384 0.8655562307692308 0.5094807644230769 0.8655562307692308 0.5085088413461538 0.8962217932692307
11 0.5094807644230769 0.9303426442307692 0.5493294206730769 0.9316383701923077 0.5500583677884616 0.8992451610576923 0.5094954230769231 0.8982089711538461 0.5094807644230769 0.9303426442307692
11 0.5082658653846154 0.9657592211538462 0.5473855769230769 0.9670549783653846 0.5478715480769231 0.9333660144230769 0.5085840913461538 0.9333121346153846 0.5082658653846154 0.9657592211538462
11 0.5552875961538462 0.6925276057692307 0.5951362548076923 0.6955509903846154 0.5953792307692308 0.6631577836538463 0.5560165432692308 0.6614301322115386 0.5552875961538462 0.6925276057692307
11 0.5528578004807693 0.7279441899038462 0.5912485841346153 0.72837609375 0.5927064591346154 0.6964147980769231 0.553846920673077 0.6956907139423076 0.5528578004807693 0.7279441899038462
11 0.551522375 0.7619750288461538 0.5911280384615385 0.7628388341346154 0.5920999615384616 0.7300137235576922 0.5517204807692307 0.729173733173077 0.551522375 0.7619750288461538
11 0.5916140096153846 0.76370265625 0.552008326923077 0.7611112067307692 0.5505504543269231 0.7956639615384616 0.5911280384615385 0.7969596850961539 0.5916140096153846 0.76370265625
11 0.54957853125 0.8289209903846154 0.5901561370192308 0.8323762620192308 0.5913710336538461 0.799119233173077 0.5505053701923077 0.7966798173076923 0.54957853125 0.8289209903846154
11 0.5486066105769231 0.8634737451923077 0.5889412379807692 0.8639056802884616 0.5889412379807692 0.8328081658653846 0.5483789278846154 0.831782983173077 0.5486066105769231 0.8634737451923077
11 0.5493355552884616 0.8989226850961539 0.5903991129807692 0.8984907812499999 0.5901561370192308 0.865233752403846 0.5505053701923077 0.8641859038461538 0.5493355552884616 0.8989226850961539
11 0.5505504543269231 0.9321797139423077 0.589913141826923 0.9317478100961538 0.5901561370192308 0.8997865072115385 0.5505504543269231 0.9006503293269231 0.5505504543269231 0.9321797139423077
11 0.5481206586538462 0.9658686466346154 0.5879693149038462 0.9680281923076923 0.5882122908653846 0.9334754375000001 0.5492902620192308 0.9327720865384616 0.5481206586538462 0.9658686466346154
11 0.5963737427884616 0.6945515937500001 0.6375058966346153 0.6945515937500001 0.6367534927884615 0.6628982884615385 0.5970844375 0.6623540817307692 0.5963737427884616 0.6945515937500001
11 0.5956213365384616 0.7297714278846155 0.6114212403846154 0.7311983028846154 0.6370042932692308 0.7297714278846155 0.636928295673077 0.6970591057692308 0.5962106105769232 0.6958100961538461 0.5956213365384616 0.7297714278846155
11 0.5956254855769231 0.7632582860576923 0.6150483125 0.7636746129807693 0.636928295673077 0.76575384375 0.6378643557692307 0.7305744230769231 0.6176223966346155 0.7299517379807692 0.5962106105769232 0.7305744230769231 0.5956254855769231 0.7632582860576923
11 0.5951197139423077 0.7970903966346155 0.6362518677884614 0.7979820240384616 0.6365026706730769 0.763653826923077 0.5963737427884616 0.7632079951923078 0.5951197139423077 0.7970903966346155
11 0.594618110576923 0.8318644254807693 0.6347470384615386 0.8318644254807693 0.6362518677884614 0.7988736682692308 0.5955166274038461 0.7994851225961538 0.594618110576923 0.8318644254807693
11 0.594618110576923 0.8675300985576923 0.6352486418269231 0.8670842668269232 0.6347470384615386 0.8332019182692308 0.5948895048076923 0.8334891610576923 0.594618110576923 0.8675300985576923
11 0.5924902283653846 0.8997651514423077 0.6333476201923076 0.9000024879807692 0.6336146682692309 0.8689108725961538 0.5931363149038462 0.8683930552884616 0.5924902283653846 0.8997651514423077
11 0.591822625 0.933704860576923 0.6328135336538462 0.933704860576923 0.6332141009615384 0.9007145096153846 0.5920896610576923 0.9019012115384615 0.591822625 0.933704860576923
11 0.5912885384615385 0.9676445817307692 0.6322794591346154 0.9685939278846154 0.6325464975961539 0.9353662475961539 0.5913000817307692 0.9345715985576923 0.5912885384615385 0.9676445817307692
11 0.6380044447115385 0.6939423798076922 0.6787695865384615 0.6964849230769231 0.6794847524038462 0.660889420673077 0.6393908725961539 0.6606214543269231 0.6380044447115385 0.6939423798076922
11 0.6376468605769231 0.7295378798076922 0.6787695865384615 0.7301735048076924 0.6798423629807692 0.6977561947115384 0.6389438100961539 0.6971813509615384 0.6376468605769231 0.7295378798076922
11 0.638719639423077 0.7638620865384615 0.6784120024038462 0.7651333581730769 0.6791271682692308 0.7314447764423077 0.6380496826923078 0.7321516875 0.638719639423077 0.7638620865384615
11 0.6383620288461539 0.7975506658653846 0.6776968076923077 0.8007288341346155 0.6784120024038462 0.7676759014423078 0.6380496826923078 0.7647376826923077 0.6383620288461539 0.7975506658653846
11 0.6365775096153846 0.83523128125 0.6762698990384616 0.8345956346153846 0.6773426490384615 0.8009070528846153 0.6367084903846153 0.8012975817307691 0.6365775096153846 0.83523128125
11 0.6365775096153846 0.8670129663461539 0.6755547043269231 0.8676486394230769 0.676627483173077 0.8371381778846154 0.6362614254807692 0.8370626971153846 0.6365775096153846 0.8670129663461539
11 0.6340743966346154 0.9000658990384616 0.6748395384615384 0.900701548076923 0.6751971201923077 0.8701911346153846 0.634920233173077 0.8696486923076924 0.6340743966346154 0.9000658990384616
11 0.6337199278846154 0.9337582932692308 0.6741274567307692 0.9343939663461539 0.6744850673076923 0.9026123052884615 0.6344731706730768 0.90302946875 0.6337199278846154 0.9337582932692308
11 0.6333623437499999 0.9680825216346154 0.6726971225961538 0.9680825216346154 0.6723395120192308 0.9350295889423077 0.6344731706730768 0.9356154639423077 0.6333623437499999 0.9680825216346154
11 0.6805640673076923 0.7004807331730769 0.7195412644230769 0.6998451081730769 0.7202564302884615 0.6674277884615385 0.6809678221153846 0.6653901346153847 0.6805640673076923 0.7004807331730769
11 0.6794912908653846 0.7335337019230769 0.7191836802884615 0.7341693269230769 0.7206140144230768 0.7023876418269231 0.6805640673076923 0.6992094735576924 0.6794912908653846 0.7335337019230769
11 0.6791337067307693 0.76785790625 0.7202564302884615 0.7691291802884616 0.7213292091346154 0.7348049495192307 0.6805207572115385 0.7361255889423077 0.6791337067307693 0.76785790625
11 0.6798489014423077 0.8009108653846154 0.7198988485576923 0.8015464879807692 0.7213292091346154 0.771036076923077 0.6805640673076923 0.7684935552884615 0.6798489014423077 0.8009108653846154
11 0.6780609567307692 0.83587071875 0.7188260697115385 0.8339638221153846 0.718468485576923 0.8047246562500001 0.6787325024038461 0.803681920673077 0.6780609567307692 0.83587071875
11 0.6777033461538462 0.8676524519230769 0.7177533197115384 0.8657455072115384 0.7177533197115384 0.8365063413461539 0.6784185408653846 0.83523509375 0.6777033461538462 0.8676524519230769
11 0.6766305961538461 0.9019766322115385 0.7159653749999999 0.9000697115384615 0.7166805432692308 0.8682880264423076 0.6769442475961539 0.8696486923076924 0.6766305961538461 0.9019766322115385
11 0.6752002355769231 0.9337582932692308 0.7156077908653846 0.9331226682692308 0.7152501802884615 0.901340983173077 0.6751559903846154 0.90461903125 0.6752002355769231 0.9337582932692308
11 0.6741274567307692 0.9661756490384616 0.7127470697115386 0.9674468990384616 0.7127470697115386 0.9356652139423077 0.6738147980769231 0.9364102451923078 0.6741274567307692 0.9661756490384616