11 0.23557692307692307 0.019230769230769232 0.04447115384615385 0.03485576923076923
11 0.234375 0.054086538461538464 0.042067307692307696 0.038461538461538464
11 0.234375 0.09134615384615384 0.04567307692307692 0.036057692307692304
11 0.23317307692307693 0.12740384615384615 0.04447115384615385 0.038461538461538464
11 0.23197115384615385 0.16346153846153846 0.04567307692307692 0.038461538461538464
11 0.23677884615384615 0.203125 0.04567307692307692 0.037259615384615384
11 0.23677884615384615 0.23918269230769232 0.04447115384615385 0.036057692307692304
11 0.2403846153846154 0.27403846153846156 0.046875 0.04447115384615385
11 0.28365384615384615 0.2764423076923077 0.046875 0.040865384615384616
11 0.28365384615384615 0.24158653846153846 0.04447115384615385 0.038461538461538464
11 0.2824519230769231 0.20432692307692307 0.04807692307692308 0.040865384615384616
11 0.28125 0.16706730769230768 0.04567307692307692 0.040865384615384616
11 0.27884615384615385 0.12860576923076922 0.046875 0.037259615384615384
11 0.27884615384615385 0.09254807692307693 0.046875 0.04447115384615385
11 0.27884615384615385 0.055288461538461536 0.04567307692307692 0.04567307692307692
11 0.2800480769230769 0.020432692307692308 0.04447115384615385 0.040865384615384616
11 0.3233173076923077 0.018028846153846152 0.04567307692307692 0.036057692307692304
11 0.3233173076923077 0.055288461538461536 0.046875 0.039663461538461536
11 0.3233173076923077 0.09134615384615384 0.046875 0.037259615384615384
11 0.32211538461538464 0.12740384615384615 0.046875 0.039663461538461536
11 0.3245192307692308 0.16466346153846154 0.04807692307692308 0.042067307692307696
11 0.32572115384615385 0.20072115384615385 0.04567307692307692 0.04567307692307692
11 0.3269230769230769 0.23918269230769232 0.04567307692307692 0.039663461538461536
11 0.328125 0.27403846153846156 0.04326923076923077 0.039663461538461536
11 0.3701923076923077 0.27283653846153844 0.04447115384615385 0.036057692307692304
11 0.3713942307692308 0.23798076923076922 0.04447115384615385 0.038461538461538464
11 0.3701923076923077 0.20072115384615385 0.04567307692307692 0.03245192307692308
11 0.3701923076923077 0.16466346153846154 0.046875 0.036057692307692304
11 0.3701923076923077 0.12860576923076922 0.04447115384615385 0.038461538461538464
11 0.36899038461538464 0.0889423076923077 0.04807692307692308 0.036057692307692304
11 0.3701923076923077 0.054086538461538464 0.04567307692307692 0.039663461538461536
11 0.3701923076923077 0.018028846153846152 0.04447115384615385 0.03365384615384615
11 0.41346153846153844 0.019230769230769232 0.04326923076923077 0.036057692307692304
11 0.41346153846153844 0.054086538461538464 0.042067307692307696 0.036057692307692304
11 0.41346153846153844 0.09254807692307693 0.04326923076923077 0.039663461538461536
11 0.41346153846153844 0.12860576923076922 0.04447115384615385 0.037259615384615384
11 0.41466346153846156 0.16466346153846154 0.04447115384615385 0.03485576923076923
11 0.41346153846153844 0.20192307692307693 0.04326923076923077 0.036057692307692304
11 0.41346153846153844 0.2403846153846154 0.04326923076923077 0.038461538461538464
11 0.41346153846153844 0.27403846153846156 0.04326923076923077 0.037259615384615384
11 0.4567307692307692 0.2776442307692308 0.04567307692307692 0.037259615384615384
11 0.4579326923076923 0.24158653846153846 0.046875 0.03365384615384615
11 0.4579326923076923 0.20552884615384615 0.04567307692307692 0.036057692307692304
11 0.4579326923076923 0.16826923076923078 0.04567307692307692 0.040865384615384616
11 0.4579326923076923 0.12980769230769232 0.04567307692307692 0.038461538461538464
11 0.4579326923076923 0.09615384615384616 0.046875 0.04567307692307692
11 0.4579326923076923 0.057692307692307696 0.04567307692307692 0.038461538461538464
11 0.45913461538461536 0.020432692307692308 0.046875 0.038461538461538464
11 0.5108173076923077 0.018028846153846152 0.04567307692307692 0.036057692307692304
11 0.5084134615384616 0.05048076923076923 0.046875 0.04567307692307692
11 0.5096153846153846 0.09014423076923077 0.046875 0.04447115384615385
11 0.5072115384615384 0.12860576923076922 0.046875 0.04927884615384615
11 0.5072115384615384 0.16346153846153846 0.046875 0.04807692307692308
11 0.5072115384615384 0.20072115384615385 0.046875 0.05048076923076923
11 0.5060096153846154 0.23918269230769232 0.046875 0.04807692307692308
11 0.5072115384615384 0.2764423076923077 0.046875 0.037259615384615384
11 0.5504807692307693 0.27524038461538464 0.04567307692307692 0.040865384615384616
11 0.5504807692307693 0.23798076923076922 0.046875 0.040865384615384616
11 0.5516826923076923 0.20192307692307693 0.04807692307692308 0.038461538461538464
11 0.5516826923076923 0.1622596153846154 0.04567307692307692 0.038461538461538464
11 0.5528846153846154 0.12620192307692307 0.046875 0.042067307692307696
11 0.5540865384615384 0.0889423076923077 0.04927884615384615 0.04326923076923077
11 0.5540865384615384 0.052884615384615384 0.046875 0.040865384615384616
11 0.5552884615384616 0.016826923076923076 0.04807692307692308 0.03365384615384615
11 0.18854867788461538 0.30273573557692307 0.18875798798076923 0.338304625 0.23341207692307692 0.3449157259615384 0.23423900721153845 0.30745281009615383 0.18854867788461538 0.30273573557692307
11 0.18503681249999998 0.3397737620192308 0.1846233485576923 0.37723666826923075 0.23051783173076926 0.3845823413461539 0.23093129807692309 0.34711941346153846 0.18503681249999998 0.3397737620192308
11 0.1833829639423077 0.4161687139423077 0.2292774375 0.4235143846153846 0.23095938942307692 0.38237863221153845 0.18420988221153844 0.37723666826923075 0.1833829639423077 0.4161687139423077
11 0.23219977403846154 0.41984156009615387 0.1854783701923077 0.4176378509615385 0.1838245096153846 0.45436618990384614 0.23013246153846156 0.4609772908653846 0.22971898317307693 0.41984156009615387 0.23219977403846154 0.41984156009615387
11 0.23231213221153846 0.49942956490384616 0.23180137740384615 0.4555716057692308 0.1860041875 0.45133703846153844 0.18560250961538463 0.48881645673076923 0.23231213221153846 0.49942956490384616
11 0.1861744326923077 0.5276028774038461 0.23231213221153846 0.5321399038461538 0.23248237740384617 0.4943313149038462 0.18514295192307692 0.49017811057692307 0.1861744326923077 0.5276028774038461
11 0.18651493269230768 0.5254855985576923 0.18566368509615383 0.5645040673076923 0.2328228798076923 0.5693435649038462 0.23299313461538462 0.5321399038461538 0.18651493269230768 0.5254855985576923
11 0.2336741346153846 0.5669238076923077 0.18736618990384615 0.5651090072115384 0.1885579375 0.60473240625 0.23554688461538462 0.6056398076923076 0.2336741346153846 0.5669238076923077
11 0.23571601442307694 0.605303391826923 0.19043067548076922 0.602323579326923 0.18991993028846155 0.6392247764423077 0.235546875 0.644366735576923 0.23571601442307694 0.605303391826923
11 0.2338397548076923 0.3408812980769231 0.2787857091346154 0.3469306754807692 0.2787857091346154 0.3045850552884615 0.23298850961538461 0.3036776466346154 0.2338397548076923 0.3408812980769231
11 0.23213725240384614 0.37718848798076926 0.2786154447115385 0.3820279855769231 0.2791261995192308 0.34391692548076924 0.2341625576923077 0.3393066514423077 0.23213725240384614 0.37718848798076926
11 0.2779344615384615 0.38204984375 0.2780338125 0.38199100721153845 0.23077525961538464 0.37721033653846153 0.22975375721153846 0.41864856490384617 0.2762319495192308 0.42288312259615385 0.2779344615384615 0.38204984375
11 0.2309455048076923 0.45859628365384614 0.27589145673076926 0.4607135649038462 0.2762319495192308 0.4204852235576923 0.22975375721153846 0.4183679447115385 0.2309455048076923 0.45859628365384614
11 0.23128600480769232 0.4943094543269231 0.2767427043269231 0.4976366129807692 0.2762319495192308 0.4586181442307692 0.23002652884615385 0.4558643870192308 0.23128600480769232 0.4943094543269231
11 0.23179675240384615 0.4927971153846154 0.23196700721153848 0.5312106442307692 0.2779344615384615 0.5351427427884615 0.27691294951923073 0.4964267427884615 0.23179675240384615 0.4927971153846154
11 0.23213725240384614 0.5306384951923077 0.2331587548076923 0.5684470841346154 0.2786154447115385 0.5714717740384615 0.2777641971153846 0.5327557740384615 0.23213725240384614 0.5306384951923077
11 0.23503150240384615 0.6053482740384616 0.2803179567307692 0.6095828341346153 0.2798072019230769 0.5693544951923077 0.2338397548076923 0.5678421466346154 0.23503150240384615 0.6053482740384616
11 0.2803179567307692 0.6065581538461539 0.23571250480769232 0.6038359350961539 0.23622325 0.6398297163461538 0.27946670913461535 0.6446692139423077 0.2803179567307692 0.6065581538461539
11 0.3016826923076923 0.33052884615384615 0.046875 0.042067307692307696
11 0.3016826923076923 0.36899038461538464 0.04567307692307692 0.040865384615384616
11 0.3004807692307692 0.40625 0.04567307692307692 0.040865384615384616
11 0.29927884615384615 0.44350961538461536 0.04567307692307692 0.040865384615384616
11 0.29927884615384615 0.48197115384615385 0.04567307692307692 0.040865384615384616
11 0.29927884615384615 0.5192307692307693 0.04567307692307692 0.040865384615384616
11 0.3004807692307692 0.5552884615384616 0.04567307692307692 0.039663461538461536
11 0.30288461538461536 0.5925480769230769 0.04567307692307692 0.038461538461538464
11 0.30288461538461536 0.6286057692307693 0.04447115384615385 0.039663461538461536
11 0.3473557692307692 0.6298076923076923 0.04447115384615385 0.037259615384615384
11 0.3473557692307692 0.5949519230769231 0.04447115384615385 0.036057692307692304
11 0.3449519230769231 0.5564903846153846 0.04567307692307692 0.037259615384615384
11 0.3449519230769231 0.5204326923076923 0.04567307692307692 0.039663461538461536
11 0.34375 0.484375 0.046875 0.039663461538461536
11 0.34375 0.44711538461538464 0.046875 0.038461538461538464
11 0.3449519230769231 0.40865384615384615 0.04567307692307692 0.039663461538461536
11 0.3485576923076923 0.3701923076923077 0.046875 0.039663461538461536
11 0.34615384615384615 0.3317307692307692 0.04567307692307692 0.039663461538461536
11 0.39302884615384615 0.3293269230769231 0.04567307692307692 0.042067307692307696
11 0.3942307692307692 0.3701923076923077 0.046875 0.038461538461538464
11 0.390625 0.4110576923076923 0.04567307692307692 0.039663461538461536
11 0.38822115384615385 0.4483173076923077 0.04567307692307692 0.039663461538461536
11 0.3894230769230769 0.4855769230769231 0.046875 0.039663461538461536
11 0.390625 0.5216346153846154 0.046875 0.038461538461538464
11 0.3894230769230769 0.5588942307692307 0.04447115384615385 0.038461538461538464
11 0.3918269230769231 0.5961538461538461 0.04567307692307692 0.037259615384615384
11 0.390625 0.6310096153846154 0.04326923076923077 0.039663461538461536
11 0.4362980769230769 0.6310096153846154 0.04447115384615385 0.038461538461538464
11 0.4375 0.5949519230769231 0.04567307692307692 0.037259615384615384
11 0.4338942307692308 0.5576923076923077 0.04567307692307692 0.03485576923076923
11 0.4362980769230769 0.5216346153846154 0.046875 0.038461538461538464
11 0.43509615384615385 0.484375 0.04567307692307692 0.037259615384615384
11 0.4338942307692308 0.44711538461538464 0.04447115384615385 0.038461538461538464
11 0.4375 0.4098557692307692 0.04567307692307692 0.038461538461538464
11 0.43990384615384615 0.37259615384615385 0.04567307692307692 0.039663461538461536
11 0.4387019230769231 0.3329326923076923 0.04447115384615385 0.037259615384615384
11 0.4855769230769231 0.33653846153846156 0.04447115384615385 0.039663461538461536
11 0.4855769230769231 0.3737980769230769 0.04447115384615385 0.040865384615384616
11 0.484375 0.41225961538461536 0.04567307692307692 0.040865384615384616
11 0.4891826923076923 0.4579326923076923 0.04807692307692308 0.04326923076923077
11 0.48197115384615385 0.5216346153846154 0.04447115384615385 0.039663461538461536
11 0.4807692307692308 0.5552884615384616 0.04447115384615385 0.037259615384615384
11 0.48197115384615385 0.5913461538461539 0.04326923076923077 0.037259615384615384
11 0.4831730769230769 0.6298076923076923 0.04447115384615385 0.040865384615384616
11 0.5300480769230769 0.3389423076923077 0.04447115384615385 0.042067307692307696
11 0.5300480769230769 0.37740384615384615 0.04567307692307692 0.040865384615384616
11 0.53125 0.41466346153846156 0.04567307692307692 0.038461538461538464
11 0.5336538461538461 0.4519230769230769 0.04326923076923077 0.038461538461538464
11 0.5264423076923077 0.5600961538461539 0.04447115384615385 0.038461538461538464
11 0.5276442307692307 0.5961538461538461 0.04447115384615385 0.037259615384615384
11 0.5264423076923077 0.6322115384615384 0.04326923076923077 0.038461538461538464
11 0.6009615384615384 0.018028846153846152 0.04326923076923077 0.036057692307692304
11 0.6009615384615384 0.051682692307692304 0.04326923076923077 0.040865384615384616
11 0.5985576923076923 0.09014423076923077 0.04326923076923077 0.040865384615384616
11 0.5985576923076923 0.12740384615384615 0.04326923076923077 0.040865384615384616
11 0.5973557692307693 0.16466346153846154 0.04326923076923077 0.039663461538461536
11 0.5949519230769231 0.20072115384615385 0.04326923076923077 0.042067307692307696
11 0.59375 0.23798076923076922 0.042067307692307696 0.042067307692307696
11 0.59375 0.27524038461538464 0.04326923076923077 0.039663461538461536
11 0.6358173076923077 0.27524038461538464 0.04326923076923077 0.038461538461538464
11 0.6370192307692307 0.23918269230769232 0.04326923076923077 0.038461538461538464
11 0.6394230769230769 0.20192307692307693 0.04326923076923077 0.038461538461538464
11 0.640625 0.1658653846153846 0.04326923076923077 0.039663461538461536
11 0.640625 0.12860576923076922 0.04447115384615385 0.042067307692307696
11 0.6418269230769231 0.09134615384615384 0.04326923076923077 0.040865384615384616
11 0.6430288461538461 0.054086538461538464 0.04326923076923077 0.042067307692307696
11 0.6442307692307693 0.019230769230769232 0.04326923076923077 0.038461538461538464
11 0.6887019230769231 0.020432692307692308 0.04326923076923077 0.039663461538461536
11 0.6875 0.056490384615384616 0.04447115384615385 0.040865384615384616
11 0.6850961538461539 0.09495192307692307 0.04326923076923077 0.040865384615384616
11 0.6850961538461539 0.13221153846153846 0.04447115384615385 0.039663461538461536
11 0.6838942307692307 0.16706730769230768 0.04326923076923077 0.040865384615384616
11 0.6826923076923077 0.203125 0.04326923076923077 0.04326923076923077
11 0.6802884615384616 0.2403846153846154 0.04326923076923077 0.042067307692307696
11 0.6790865384615384 0.2776442307692308 0.04326923076923077 0.040865384615384616
11 0.7211538461538461 0.2776442307692308 0.04326923076923077 0.040865384615384616
11 0.7247596153846154 0.2403846153846154 0.04326923076923077 0.039663461538461536
11 0.7271634615384616 0.203125 0.04447115384615385 0.040865384615384616
11 0.7307692307692307 0.16706730769230768 0.04326923076923077 0.04326923076923077
11 0.7307692307692307 0.1310096153846154 0.04447115384615385 0.040865384615384616
11 0.7295673076923077 0.09254807692307693 0.04326923076923077 0.039663461538461536
11 0.7319711538461539 0.054086538461538464 0.04326923076923077 0.037259615384615384
11 0.7331730769230769 0.019230769230769232 0.04326923076923077 0.038461538461538464
11 0.7079326923076923 0.3449519230769231 0.04447115384615385 0.040865384615384616
11 0.7079326923076923 0.38221153846153844 0.04567307692307692 0.038461538461538464
11 0.7091346153846154 0.4182692307692308 0.04567307692307692 0.037259615384615384
11 0.7103365384615384 0.45552884615384615 0.04447115384615385 0.039663461538461536
11 0.7103365384615384 0.49158653846153844 0.04326923076923077 0.038461538461538464
11 0.7091346153846154 0.5276442307692307 0.04326923076923077 0.038461538461538464
11 0.7019230769230769 0.5637019230769231 0.04447115384615385 0.038461538461538464
11 0.7019230769230769 0.5997596153846154 0.04326923076923077 0.038461538461538464
11 0.6971153846153846 0.6358173076923077 0.04326923076923077 0.037259615384615384
11 0.6550480769230769 0.6346153846153846 0.04326923076923077 0.03485576923076923
11 0.6574519230769231 0.5997596153846154 0.04447115384615385 0.037259615384615384
11 0.6574519230769231 0.5637019230769231 0.04326923076923077 0.039663461538461536
11 0.6586538461538461 0.5288461538461539 0.04447115384615385 0.03485576923076923
11 0.6646634615384616 0.49278846153846156 0.04447115384615385 0.038461538461538464
11 0.6658653846153846 0.4567307692307692 0.04447115384615385 0.036057692307692304
11 0.6646634615384616 0.41947115384615385 0.04447115384615385 0.037259615384615384
11 0.6646634615384616 0.38221153846153844 0.04447115384615385 0.038461538461538464
11 0.6634615384615384 0.34615384615384615 0.04447115384615385 0.039663461538461536
11 0.6189903846153846 0.3449519230769231 0.04567307692307692 0.037259615384615384
11 0.5745192307692307 0.34134615384615385 0.04567307692307692 0.042067307692307696
11 0.5745192307692307 0.3786057692307692 0.04567307692307692 0.040865384615384616
11 0.5745192307692307 0.41586538461538464 0.04567307692307692 0.038461538461538464
11 0.5769230769230769 0.453125 0.04567307692307692 0.038461538461538464
11 0.5769230769230769 0.4879807692307692 0.04447115384615385 0.038461538461538464
11 0.5324519230769231 0.4879807692307692 0.04326923076923077 0.039663461538461536
11 0.6201923076923077 0.49278846153846156 0.04567307692307692 0.039663461538461536
11 0.6213942307692307 0.4543269230769231 0.04447115384615385 0.038461538461538464
11 0.6201923076923077 0.4182692307692308 0.04447115384615385 0.036057692307692304
11 0.6201923076923077 0.38100961538461536 0.04447115384615385 0.038461538461538464
11 0.5709134615384616 0.5264423076923077 0.04447115384615385 0.039663461538461536
11 0.6153846153846154 0.5276442307692307 0.04447115384615385 0.037259615384615384
11 0.5709134615384616 0.5612980769230769 0.04567307692307692 0.040865384615384616
11 0.6141826923076923 0.5625 0.04567307692307692 0.039663461538461536
11 0.5697115384615384 0.5973557692307693 0.04447115384615385 0.039663461538461536
11 0.6141826923076923 0.5985576923076923 0.04447115384615385 0.038461538461538464
11 0.5697115384615384 0.6346153846153846 0.04326923076923077 0.037259615384615384
11 0.6117788461538461 0.6346153846153846 0.04326923076923077 0.040865384615384616
11 0.49038461538461536 0.6778846153846154 0.040865384615384616 0.03485576923076923
11 0.48677884615384615 0.7139423076923077 0.042067307692307696 0.03365384615384615
11 0.5288461538461539 0.7139423076923077 0.042067307692307696 0.03485576923076923
11 0.53125 0.6790865384615384 0.040865384615384616 0.036057692307692304
11 0.4855769230769231 0.7463942307692307 0.040865384615384616 0.03485576923076923
11 0.4855769230769231 0.7788461538461539 0.040865384615384616 0.03365384615384615
11 0.484375 0.8137019230769231 0.042067307692307696 0.036057692307692304
11 0.4831730769230769 0.8473557692307693 0.040865384615384616 0.03485576923076923
11 0.4831730769230769 0.8798076923076923 0.042067307692307696 0.03365384615384615
11 0.484375 0.9146634615384616 0.040865384615384616 0.03485576923076923
11 0.4831730769230769 0.9483173076923077 0.042067307692307696 0.036057692307692304
11 0.5240384615384616 0.9507211538461539 0.040865384615384616 0.039663461538461536
11 0.5264423076923077 0.9170673076923077 0.040865384615384616 0.03485576923076923
11 0.5252403846153846 0.8834134615384616 0.042067307692307696 0.03365384615384615
11 0.5240384615384616 0.8497596153846154 0.040865384615384616 0.036057692307692304
11 0.5252403846153846 0.8149038461538461 0.040865384615384616 0.038461538461538464
11 0.5264423076923077 0.78125 0.042067307692307696 0.039663461538461536
11 0.5264423076923077 0.7463942307692307 0.040865384615384616 0.037259615384615384
11 0.5721153846153846 0.6802884615384616 0.042067307692307696 0.038461538461538464
11 0.6129807692307693 0.6814903846153846 0.04326923076923077 0.03365384615384615
11 0.5685096153846154 0.7139423076923077 0.042067307692307696 0.036057692307692304
11 0.5673076923076923 0.7475961538461539 0.039663461538461536 0.03485576923076923
11 0.5673076923076923 0.78125 0.042067307692307696 0.036057692307692304
11 0.5661057692307693 0.8161057692307693 0.042067307692307696 0.038461538461538464
11 0.5649038461538461 0.8485576923076923 0.04326923076923077 0.036057692307692304
11 0.5661057692307693 0.8834134615384616 0.042067307692307696 0.036057692307692304
11 0.5661057692307693 0.9158653846153846 0.042067307692307696 0.037259615384615384
11 0.5649038461538461 0.9507211538461539 0.040865384615384616 0.039663461538461536
11 0.6129807692307693 0.7151442307692307 0.042067307692307696 0.036057692307692304
11 0.6117788461538461 0.75 0.04326923076923077 0.036057692307692304
11 0.6129807692307693 0.7824519230769231 0.042067307692307696 0.036057692307692304
11 0.6117788461538461 0.8173076923076923 0.042067307692307696 0.037259615384615384
11 0.6105769230769231 0.8509615384615384 0.042067307692307696 0.039663461538461536
11 0.609375 0.8858173076923077 0.040865384615384616 0.03365384615384615
11 0.6081730769230769 0.9194711538461539 0.042067307692307696 0.03485576923076923
11 0.6081730769230769 0.953125 0.040865384615384616 0.037259615384615384
11 0.6538461538461539 0.6814903846153846 0.042067307692307696 0.037259615384615384
11 0.6959134615384616 0.6850961538461539 0.040865384615384616 0.036057692307692304
11 0.6959134615384616 0.71875 0.04326923076923077 0.040865384615384616
11 0.6959134615384616 0.7524038461538461 0.040865384615384616 0.037259615384615384
11 0.6947115384615384 0.7860576923076923 0.042067307692307696 0.037259615384615384
11 0.6935096153846154 0.8197115384615384 0.042067307692307696 0.03365384615384615
11 0.6538461538461539 0.7163461538461539 0.042067307692307696 0.036057692307692304
11 0.6538461538461539 0.7487980769230769 0.042067307692307696 0.038461538461538464
11 0.6550480769230769 0.7848557692307693 0.040865384615384616 0.042067307692307696
11 0.6538461538461539 0.8185096153846154 0.040865384615384616 0.037259615384615384
11 0.6514423076923077 0.8533653846153846 0.042067307692307696 0.040865384615384616
11 0.6502403846153846 0.8870192307692307 0.040865384615384616 0.037259615384615384
11 0.6502403846153846 0.9182692307692307 0.040865384615384616 0.03485576923076923
11 0.6490384615384616 0.9519230769230769 0.040865384615384616 0.03365384615384615
11 0.6899038461538461 0.9543269230769231 0.040865384615384616 0.03365384615384615
11 0.6911057692307693 0.9194711538461539 0.042067307692307696 0.037259615384615384
11 0.6923076923076923 0.8858173076923077 0.042067307692307696 0.036057692307692304
11 0.6935096153846154 0.8521634615384616 0.042067307692307696 0.03485576923076923
11 0.21995192307692307 0.6754807692307693 0.042067307692307696 0.03245192307692308
11 0.2620192307692308 0.6766826923076923 0.04326923076923077 0.03365384615384615
11 0.30408653846153844 0.6778846153846154 0.042067307692307696 0.03485576923076923
11 0.34615384615384615 0.6814903846153846 0.042067307692307696 0.037259615384615384
11 0.3870192307692308 0.6802884615384616 0.042067307692307696 0.03365384615384615
11 0.42908653846153844 0.6850961538461539 0.042067307692307696 0.03485576923076923
11 0.21634615384615385 0.7091346153846154 0.042067307692307696 0.036057692307692304
11 0.2620192307692308 0.7103365384615384 0.042067307692307696 0.037259615384615384
11 0.30408653846153844 0.7127403846153846 0.04326923076923077 0.037259615384615384
11 0.34615384615384615 0.7151442307692307 0.042067307692307696 0.03365384615384615
11 0.3870192307692308 0.7139423076923077 0.04326923076923077 0.03245192307692308
11 0.21514423076923078 0.7427884615384616 0.042067307692307696 0.03485576923076923
11 0.26322115384615385 0.7451923076923077 0.042067307692307696 0.036057692307692304
11 0.30528846153846156 0.7463942307692307 0.042067307692307696 0.036057692307692304
11 0.34975961538461536 0.7487980769230769 0.040865384615384616 0.03485576923076923
11 0.3918269230769231 0.7487980769230769 0.042067307692307696 0.03485576923076923
11 0.4338942307692308 0.7524038461538461 0.042067307692307696 0.03485576923076923
11 0.4338942307692308 0.7872596153846154 0.040865384615384616 0.03485576923076923
11 0.43509615384615385 0.8197115384615384 0.042067307692307696 0.03485576923076923
11 0.4362980769230769 0.8545673076923077 0.040865384615384616 0.036057692307692304
11 0.4362980769230769 0.8882211538461539 0.042067307692307696 0.036057692307692304
11 0.43509615384615385 0.921875 0.042067307692307696 0.036057692307692304
11 0.43509615384615385 0.9567307692307693 0.042067307692307696 0.03485576923076923
11 0.39302884615384615 0.7836538461538461 0.042067307692307696 0.03245192307692308
11 0.39302884615384615 0.8173076923076923 0.04326923076923077 0.036057692307692304
11 0.3942307692307692 0.8521634615384616 0.040865384615384616 0.036057692307692304
11 0.3942307692307692 0.8858173076923077 0.042067307692307696 0.03365384615384615
11 0.3942307692307692 0.9194711538461539 0.040865384615384616 0.03485576923076923
11 0.3942307692307692 0.953125 0.040865384615384616 0.03485576923076923
11 0.21514423076923078 0.7776442307692307 0.042067307692307696 0.03485576923076923
11 0.21754807692307693 0.8125 0.042067307692307696 0.03125
11 0.21875 0.8461538461538461 0.042067307692307696 0.03485576923076923
11 0.22235576923076922 0.8798076923076923 0.042067307692307696 0.03365384615384615
11 0.22235576923076922 0.9146634615384616 0.042067307692307696 0.03485576923076923
11 0.25841346153846156 0.7800480769230769 0.042067307692307696 0.03485576923076923
11 0.2620192307692308 0.8137019230769231 0.04326923076923077 0.03365384615384615
11 0.2644230769230769 0.8473557692307693 0.04326923076923077 0.03365384615384615
11 0.2668269230769231 0.8822115384615384 0.04326923076923077 0.037259615384615384
11 0.265625 0.9170673076923077 0.042067307692307696 0.036057692307692304
11 0.2283653846153846 0.9495192307692307 0.040865384615384616 0.036057692307692304
11 0.2692307692307692 0.953125 0.040865384615384616 0.03365384615384615
11 0.3112980769230769 0.9507211538461539 0.042067307692307696 0.03245192307692308
11 0.3076923076923077 0.7800480769230769 0.042067307692307696 0.036057692307692304
11 0.3076923076923077 0.8137019230769231 0.042067307692307696 0.03485576923076923
11 0.3076923076923077 0.8473557692307693 0.042067307692307696 0.03485576923076923
11 0.31009615384615385 0.8822115384615384 0.04326923076923077 0.03245192307692308
11 0.3088942307692308 0.9146634615384616 0.042067307692307696 0.036057692307692304
11 0.34975961538461536 0.7836538461538461 0.040865384615384616 0.037259615384615384
11 0.35096153846153844 0.8173076923076923 0.042067307692307696 0.03485576923076923
11 0.35336538461538464 0.8533653846153846 0.042067307692307696 0.03365384615384615
11 0.35336538461538464 0.8870192307692307 0.042067307692307696 0.03485576923076923
11 0.35336538461538464 0.9194711538461539 0.042067307692307696 0.03485576923076923
11 0.35336538461538464 0.9519230769230769 0.042067307692307696 0.03245192307692308
11 0.46098394951923083 0.4993586802884616 0.5015034038461539 0.5049291514423077 0.5041564663461539 0.5049291514423077 0.5051212163461538 0.4809332956730769 0.4648429423076923 0.4745058269230769 0.4635250841346154 0.4640949158653846 0.46146632451923075 0.4655073894230769 0.46098394951923083 0.4993586802884616
11 0.5446759206730769 0.5057861370192308 0.5101861442307692 0.5036436538461538 0.5109097139423077 0.49164572596153844 0.5046388413461538 0.49378822115384613 0.5051212163461538 0.5289249951923077 0.5123568293269231 0.5276395096153846 0.5116332716346154 0.5272110120192308 0.5106685192307693 0.5276395096153846 0.5109097139423077 0.5263540144230769 0.5439523653846154 0.5276395096153846 0.5446759206730769 0.5057861370192308