11 0.4632628485576923 0.9424781322115384 0.4215036730769231 0.9434418197115384 0.42094821875000005 0.9804560793269231 0.4631634230769231 0.9789755120192307 0.4632628485576923 0.9424781322115384
11 0.42205914903846153 0.8738550240384615 0.42122594471153846 0.9093887139423077 0.46371889903846153 0.91086928125 0.4639583269230769 0.8748148149038462 0.42205914903846153 0.8738550240384615
11 0.4633406418269231 0.8762822884615384 0.462890625 0.8663194447115384 0.462890625 0.8489583341346154 0.46319185817307695 0.8427050625000001 0.42227603365384614 0.8429694447115386 0.42197846875 0.8744315625 0.4633406418269231 0.8762822884615384
11 0.550640125 0.9705364447115384 0.5918535168269231 0.9715939807692308 0.5920023100961539 0.9419825817307692 0.5918535168269231 0.9374880120192307 0.5513840504807692 0.9366948317307693 0.5503425600961539 0.9586390168269231 0.550640125 0.9705364447115384
11 0.5091162259615385 0.3214302860576923 0.46484066586538464 0.32022268990384617 0.4644329254807692 0.36051790625 0.50942546875 0.36051790625 0.5091162259615385 0.3214302860576923
11 0.6758094134615384 0.9339600048076923 0.6756011177884615 0.9687534254807691 0.7170525721153846 0.9683832596153846 0.7174999951923078 0.9334259254807692 0.6758094134615384 0.9339600048076923
11 0.6347745649038461 0.9358107163461539 0.6349828605769231 0.9702339735576923 0.6753928221153847 0.9702339735576923 0.6760937451923077 0.9352777788461538 0.6347745649038461 0.9358107163461539
11 0.6358160600961539 0.9694936995192307 0.6358160600961539 0.9343301538461539 0.5932812451923077 0.9366666658653846 0.5937397019230769 0.9702339735576923 0.6358160600961539 0.9694936995192307
11 0.67685090625 0.9010173221153847 0.6764343149038462 0.9350704423076923 0.7180940649038461 0.9365510048076923 0.7185106562500001 0.8999068990384615 0.67685090625 0.9010173221153847
11 0.6774758100961538 0.8677044903846153 0.676642610576923 0.9024978846153846 0.7187189687500001 0.8999068990384615 0.7193229110576923 0.8672222235576924 0.6774758100961538 0.8677044903846153
11 0.6787255985576923 0.8347617956730768 0.6774758100961538 0.8684447788461539 0.7189272475961539 0.8684447788461539 0.7206249951923076 0.8338888894230769 0.6787255985576923 0.8347617956730768
11 0.6793505024038461 0.8010788269230769 0.6787255985576923 0.8340215144230769 0.7195521490384615 0.8343916514423076 0.7208854110576923 0.8014814807692308 0.6793505024038461 0.8010788269230769
11 0.6799753870192308 0.7681361322115384 0.6793505024038461 0.8025593966346154 0.721010235576923 0.8029295408653846 0.7224479110576923 0.7672222235576923 0.6799753870192308 0.7681361322115384
11 0.5939480144230769 0.9039784615384616 0.59353140625 0.9372913197115385 0.6347745649038461 0.9365510048076923 0.6354687451923078 0.9033333341346155 0.5939480144230769 0.9039784615384616
11 0.6358160600961539 0.9028680360576923 0.6364409471153846 0.8691850528846154 0.5945729014423077 0.8699253413461538 0.594583329326923 0.87 0.5939480144230769 0.9043485985576923 0.6358160600961539 0.9028680360576923
11 0.5960310024038461 0.8343916514423076 0.5954060985576923 0.8699253413461538 0.6370658485576922 0.8706656298076924 0.6380729110576924 0.8343518533653846 0.5960310024038461 0.8343916514423076
11 0.6366492572115384 0.7995982524038462 0.5962392980769231 0.7999684086538461 0.5958226899038461 0.8351319543269231 0.6368575528846154 0.8351319543269231 0.6383333293269231 0.8000925937500001 0.6366492572115384 0.7995982524038462
11 0.5968641850961538 0.7666555625 0.5960310024038461 0.8007086826923077 0.6374824399038462 0.8007086826923077 0.6385937451923076 0.766296295673077 0.5968641850961538 0.7666555625
11 0.6353994519230769 0.901757610576923 0.6347745649038461 0.93692115625 0.6762260192307692 0.9358107163461539 0.6768749951923076 0.9019444447115385 0.6353994519230769 0.901757610576923
11 0.6362326514423077 0.8677044903846153 0.6345662692307692 0.9021277475961539 0.676642610576923 0.9021277475961539 0.6778924014423077 0.8680746274038462 0.6362326514423077 0.8677044903846153
11 0.637899048076923 0.8351319543269231 0.6370658485576922 0.8688149158653846 0.6776841057692308 0.8691850528846154 0.6786979110576923 0.8348148149038461 0.637899048076923 0.8351319543269231
11 0.637899048076923 0.8007086826923077 0.6370658485576922 0.8355020841346155 0.6787255985576923 0.8358722283653847 0.6797395793269231 0.8014814807692308 0.637899048076923 0.8007086826923077
11 0.63810734375 0.765545141826923 0.6372741442307692 0.8021892524038462 0.6797670913461539 0.8032996778846153 0.6802604110576923 0.7672222235576923 0.63810734375 0.765545141826923
11 0.68034021875 0.73455565625 0.6799236129807693 0.7686087764423076 0.721583377403846 0.7686087764423076 0.7224165600961538 0.73455565625 0.68034021875 0.73455565625
11 0.6801319230769232 0.6997622548076923 0.6795070216346153 0.7352959447115384 0.7209584759615384 0.7352959447115384 0.7208854110576923 0.7014814807692308 0.6801319230769232 0.6997622548076923
11 0.6799236129807693 0.6657091490384615 0.6792987259615385 0.7005025360576924 0.7199169807692307 0.7005025360576924 0.7208854110576923 0.6662962956730769 0.6799236129807693 0.6657091490384615
11 0.5972279783653847 0.6646926682692308 0.5968124254807692 0.6997622548076923 0.6382638629807692 0.6993921129807692 0.6388541610576923 0.6644444447115384 0.5972279783653847 0.6646926682692308
11 0.6382628245192308 0.6643225384615385 0.6382628245192308 0.6994860841346154 0.6797142788461539 0.69874578125 0.6807812451923076 0.6644444447115384 0.6382628245192308 0.6643225384615385
11 0.6386794326923078 0.7309481971153846 0.6380545288461538 0.7672221658653846 0.6795059831730769 0.7683325913461538 0.6799999951923077 0.7306481490384615 0.6386794326923078 0.7309481971153846
11 0.5970196826923077 0.7327989086538461 0.5966030769230769 0.7668520144230769 0.6382628245192308 0.767962454326923 0.6388541610576923 0.7320370384615384 0.5970196826923077 0.7327989086538461
11 0.5970196826923077 0.6980055000000001 0.5959781899038462 0.733169045673077 0.637846233173077 0.7327989086538461 0.6385937451923076 0.698703704326923 0.5970196826923077 0.6980055000000001
11 0.6801308870192307 0.6972652139423077 0.6386794326923078 0.6972652139423077 0.637846233173077 0.7324287572115384 0.6795059831730769 0.7324287572115384 0.6797395793269231 0.6973148149038462 0.6801308870192307 0.6972652139423077
11 0.5527736850961539 0.9016976009615385 0.5525133173076923 0.9354731249999999 0.5926108293269231 0.937323810096154 0.5934895769230769 0.9017361105769232 0.5527736850961539 0.9016976009615385
11 0.5121554326923077 0.9021602716346154 0.5111139350961539 0.937323810096154 0.5527736850961539 0.9377865144230769 0.5527994735576923 0.9023148149038461 0.5121554326923077 0.9021602716346154
11 0.5100724375 0.9354731249999999 0.5087705721153847 0.9715620408653846 0.5504303197115384 0.9710993341346155 0.5514324543269231 0.9349542884615385 0.5100724375 0.9354731249999999
11 0.4697145552884615 0.9317716850961539 0.4684126875 0.9678606009615385 0.5090309615384615 0.9710993341346155 0.5108072860576923 0.9347222235576923 0.4697145552884615 0.9317716850961539
11 0.4704956850961538 0.9007722764423077 0.4694541875 0.9340850745192307 0.5105931971153846 0.9363984663461539 0.5118950649038462 0.9016976009615385 0.4704956850961538 0.9007722764423077
11 0.5525133173076923 0.869772795673077 0.5517321875 0.9016976009615385 0.5926108293269231 0.9026229591346154 0.5931640576923077 0.8681712956730769 0.5525133173076923 0.869772795673077
11 0.5522529471153846 0.8683848004807693 0.5113743052884615 0.869310125 0.5108535673076923 0.9026229591346154 0.5525133173076923 0.9044736634615386 0.5521484326923077 0.8687499999999999 0.5522529471153846 0.8683848004807693
11 0.4694541875 0.8660714086538461 0.4689334471153846 0.9012349110576923 0.5103328269230769 0.9016976009615385 0.5108072860576923 0.8670138894230769 0.4694541875 0.8660714086538461
11 0.5504303413461538 0.8341465865384615 0.5496492115384616 0.8679221298076923 0.59104859375 0.8683847644230769 0.591927125 0.834722514423077 0.5504303413461538 0.8341465865384615
11 0.5098120697115385 0.8341465697115384 0.5090309615384615 0.869772795673077 0.5509510793269231 0.8706981923076923 0.5514973894230769 0.8351851850961538 0.5098120697115385 0.8341465697115384
11 0.4689334471153846 0.8332212259615385 0.4676315793269231 0.8660714086538461 0.5103328269230769 0.8683848004807693 0.5104817644230769 0.8334490745192308 0.4689334471153846 0.8332212259615385
11 0.5522529471153846 0.8008337524038461 0.5512114495192308 0.8359972884615385 0.5920900697115384 0.8346092572115384 0.5925130144230769 0.8010416682692308 0.5522529471153846 0.8008337524038461
11 0.5105931971153846 0.7999083918269231 0.5100724375 0.8355346177884615 0.5512114495192308 0.8369226490384616 0.5524739519230769 0.8004629639423076 0.5105931971153846 0.7999083918269231
11 0.46919381730769233 0.8003710625 0.46919381730769233 0.8341465697115384 0.5108535673076923 0.8341465697115384 0.5108535673076923 0.799445701923077 0.46919381730769233 0.8003710625
11 0.5936523269230769 0.7661328942307691 0.5519925769230769 0.765207516826923 0.5517321875 0.8012964230769231 0.5931315673076922 0.8012964230769231 0.5941406201923077 0.7668981490384615 0.5936523269230769 0.7661328942307691
11 0.5108535673076923 0.7665955552884616 0.5103328269230769 0.8012964230769231 0.5522529471153846 0.8012964230769231 0.5527994735576923 0.7663194447115385 0.5108535673076923 0.7665955552884616
11 0.4694541875 0.7670582283653846 0.4686730769230769 0.8022217836538462 0.5098120697115385 0.8031471418269231 0.5108072860576923 0.7657407403846155 0.4694541875 0.7670582283653846
11 0.5522529471153846 0.7323573701923076 0.5517321875 0.7684462764423077 0.5928711995192308 0.7670582283653846 0.5931640576923077 0.7333333341346153 0.5522529471153846 0.7323573701923076
11 0.5108535673076923 0.7318946899038461 0.5100724375 0.7684462764423077 0.5519925769230769 0.7684462764423077 0.5524739519230769 0.7333333341346153 0.5108535673076923 0.7318946899038461
11 0.5111139350961539 0.7328200504807693 0.4694541875 0.7328200504807693 0.4684126875 0.7679835865384615 0.5108535673076923 0.7670582283653846 0.5111328076923077 0.7321759254807693 0.5111139350961539 0.7328200504807693
11 0.5535548149038462 0.6990445336538461 0.5525133173076923 0.7346707596153846 0.5936523269230769 0.7328200504807693 0.5944661394230769 0.6986111105769232 0.5535548149038462 0.6990445336538461
11 0.5118950649038462 0.6990445336538461 0.5116346947115384 0.7323573701923076 0.5532944447115384 0.7337454182692308 0.5537760360576923 0.6986111105769232 0.5118950649038462 0.6990445336538461
11 0.4697145552884615 0.6999698677884615 0.4694541875 0.7332827211538462 0.5111139350961539 0.7318946730769231 0.5119141322115385 0.6987271177884615 0.4697145552884615 0.6999698677884615
11 0.5555685504807693 0.664995701923077 0.5550478125 0.6983085096153846 0.5964471730769231 0.7001592307692307 0.5965495673076924 0.6645836177884615 0.5555685504807693 0.664995701923077
11 0.5144295408653846 0.6640703317307692 0.5141691706730769 0.6996965504807692 0.5555685504807693 0.7006219110576922 0.5563802019230769 0.66446759375 0.5144295408653846 0.6640703317307692
11 0.47329052884615386 0.6649956826923076 0.4727697908653846 0.7001592379807692 0.5154710384615384 0.6992338798076924 0.5147135360576923 0.6638888894230769 0.47329052884615386 0.6649956826923076
11 0.4201527548076923 0.9096304495192308 0.42079366346153846 0.9449363413461539 0.4624534375 0.9449363413461539 0.46309434855769227 0.9090609879807693 0.4201527548076923 0.9096304495192308
11 0.4201527548076923 0.8065599663461539 0.4198322764423077 0.8412964350961538 0.4624534375 0.8435742235576923 0.4628205048076923 0.8071225072115384 0.4201527548076923 0.8065599663461539
11 0.4179095240384615 0.7735318629807693 0.4185504567307692 0.8094072163461538 0.4608511394230769 0.8071294302884616 0.46161858173076925 0.7743589759615385 0.4179095240384615 0.7735318629807693
11 0.4172686129807692 0.7410732019230769 0.4175890673076923 0.7735318629807693 0.46053066105769236 0.7752402091346154 0.46121794230769225 0.7401709399038462 0.4172686129807692 0.7410732019230769
11 0.4179095240384615 0.7046283966346153 0.41694815865384616 0.74050375 0.4589283629807692 0.7416426538461539 0.45988972836538466 0.7029200504807692 0.4179095240384615 0.7046283966346153
11 0.41342308413461537 0.6721697475961539 0.4115003317307692 0.7086145745192307 0.45508283413461537 0.7091840048076924 0.4560096081730769 0.6725071225961539 0.41342308413461537 0.6721697475961539
11 0.21313583894230767 0.9398113245192307 0.21313583894230767 0.9762560961538462 0.25607741826923075 0.9796728317307692 0.25649037740384617 0.9424501418269231 0.21313583894230767 0.9398113245192307
11 0.25607741826923075 0.9437974567307692 0.2554365096153846 0.9796728317307692 0.2970962596153846 0.9779644639423076 0.29815704326923076 0.9438746442307693 0.25607741826923075 0.9437974567307692
11 0.3413196706730769 0.9420890889423077 0.29773716826923075 0.9403807644230769 0.29677580528846154 0.9739783317307692 0.3393969182692308 0.9773950240384616 0.34022435096153847 0.9438746442307693 0.3413196706730769 0.9420890889423077
11 0.3390764639423077 0.9432280168269231 0.33843555288461535 0.9751172139423077 0.3810566682692308 0.9745477716346154 0.3818910192307692 0.9417378918269231 0.3390764639423077 0.9432280168269231
11 0.42207550721153847 0.9762560961538462 0.42207550721153847 0.9398113245192307 0.3804157572115384 0.9415196490384615 0.3807362139423077 0.9768255817307693 0.42207550721153847 0.9762560961538462
11 0.20832894471153846 0.9062137355769231 0.20832894471153846 0.9403807644230769 0.25062960336538465 0.9415196490384615 0.25128204326923076 0.9061253557692308 0.20832894471153846 0.9062137355769231
11 0.20704710096153847 0.8720467283653845 0.20704710096153847 0.9067831995192308 0.24966822596153845 0.9073526418269231 0.24966822596153845 0.8709078461538462 0.20704710096153847 0.8720467283653845
11 0.2035220504807692 0.838449185096154 0.20159928365384616 0.8720467283653845 0.2464636298076923 0.8720467283653845 0.24647435096153847 0.8391737908653846 0.2035220504807692 0.838449185096154
11 0.3788134591346154 0.9079221033653847 0.3788134591346154 0.9449363413461539 0.4217550288461539 0.9437974567307692 0.4218608341346154 0.9096848581730769 0.3788134591346154 0.9079221033653847
11 0.37945437019230766 0.872616170673077 0.3800952788461539 0.9101998701923077 0.42207548317307697 0.9090609879807693 0.4229023846153846 0.8742361370192308 0.37945437019230766 0.872616170673077
11 0.3794543942307692 0.8407270168269231 0.3797748485576923 0.8766023269230769 0.4214345985576923 0.8771717884615384 0.42271644230769234 0.8395880673076923 0.3794543942307692 0.8407270168269231
11 0.37753161778846156 0.8048516201923076 0.37785207211538463 0.8401575096153846 0.42047318509615383 0.8407269735576922 0.42017861538461543 0.8044565937500001 0.37753161778846156 0.8048516201923076
11 0.3768907067307692 0.7712540769230769 0.37624979807692305 0.807129451923077 0.41919136538461543 0.8054210841346153 0.41983230048076925 0.7706846778846154 0.3768907067307692 0.7712540769230769
11 0.37176335817307693 0.7012116610576923 0.3711224495192308 0.7359481538461539 0.4143844975961538 0.7382259182692308 0.41502538221153845 0.701211704326923 0.37176335817307693 0.7012116610576923
11 0.3759293197115384 0.7376564663461539 0.37560886298076923 0.7706845913461537 0.4182300024038461 0.7735318413461538 0.41849615625000003 0.7389715625 0.3759293197115384 0.7376564663461539
11 0.3704815144230769 0.6693224951923077 0.36952012740384615 0.7040589567307692 0.41406401682692306 0.7063367548076923 0.41384934375 0.6700891754807692 0.3704815144230769 0.6693224951923077
11 0.32946267548076924 0.6687530552884616 0.3288217644230769 0.7051978485576923 0.37112242548076924 0.7051978485576923 0.3714428798076923 0.6704614014423077 0.32946267548076924 0.6687530552884616
11 0.3301035841346154 0.7034894807692308 0.3301035841346154 0.7387953942307692 0.3717633341346154 0.7387953942307692 0.37226978125 0.7041133533653846 0.3301035841346154 0.7034894807692308
11 0.33362865865384617 0.7370870480769232 0.3333082043269231 0.7712540769230769 0.37528840865384616 0.7746707692307692 0.37603512499999997 0.7384231682692307 0.33362865865384617 0.7370870480769232
11 0.3349105024038461 0.7723929591346154 0.33426956971153843 0.8071294302884616 0.3765702524038461 0.8071294302884616 0.37635557932692304 0.7723045793269231 0.3349105024038461 0.7723929591346154
11 0.3352309567307692 0.8059905240384615 0.3355514134615385 0.8418658774038461 0.3781725264423077 0.8430048245192308 0.3781725264423077 0.8076988701923077 0.3352309567307692 0.8059905240384615
11 0.33811507451923073 0.8418658990384615 0.3374741658653846 0.8766023485576924 0.3797748245192307 0.8777412740384616 0.38092218028846153 0.8419203076923077 0.33811507451923073 0.8418658990384615
11 0.33843555288461535 0.8743245600961539 0.3374741658653846 0.9113388173076923 0.38137712259615386 0.9107693557692307 0.3816976009615385 0.8748939807692308 0.33843555288461535 0.8743245600961539
11 0.3384355288461538 0.9079220817307692 0.33715368509615384 0.94265853125 0.380415733173077 0.9437974567307692 0.3808419951923077 0.9095420480769231 0.3384355288461538 0.9079220817307692
11 0.28780292548076924 0.6687530649038462 0.2868415360576923 0.7046284302884616 0.3291421947115385 0.7046284302884616 0.3304240625 0.6704614014423077 0.28780292548076924 0.6687530649038462
11 0.2874824591346154 0.7029200624999999 0.28716200240384615 0.7359481634615384 0.33042403846153845 0.7365176057692308 0.3305215985576923 0.7053127091346153 0.2874824591346154 0.7029200624999999
11 0.28947583173076924 0.7358053774038461 0.2885144447115385 0.772250170673077 0.3320969711538462 0.7728196346153846 0.33268464423076927 0.7372001778846153 0.28947583173076924 0.7358053774038461
11 0.2917190408653846 0.7682640384615385 0.2913985841346154 0.8047088317307692 0.3349810865384616 0.8052782956730768 0.3350085697115385 0.7696798653846154 0.2917190408653846 0.7682640384615385
11 0.29396227163461536 0.9066403894230769 0.29364179326923073 0.9425157644230769 0.3372242956730769 0.9425158076923077 0.3375447740384615 0.9066403894230769 0.29396227163461536 0.9066403894230769
11 0.2952440913461538 0.8696261322115385 0.29460315625 0.9055015288461538 0.3381856586538462 0.9060709278846153 0.33914707211538464 0.8696261322115385 0.2952440913461538 0.8696261322115385
11 0.2926804519230769 0.8360285889423077 0.29300090865384615 0.8736122884615385 0.33594250000000003 0.8724733822115385 0.3361223485576923 0.8384194855769231 0.2926804519230769 0.8360285889423077
11 0.29300088221153847 0.8024310240384616 0.2923599735576923 0.8400147211538461 0.3353015432692308 0.8400147451923077 0.33572168269230773 0.80311359375 0.29300088221153847 0.8024310240384616
11 0.24621378365384614 0.6669019206730769 0.24525239663461537 0.7022078341346153 0.28787353365384616 0.7039161778846155 0.2884612067307692 0.66843953125 0.24621378365384614 0.6669019206730769
11 0.20295173557692306 0.6646240913461539 0.20295173557692306 0.7022078221153846 0.24621378365384614 0.7039161466346153 0.24647435096153847 0.6646723653846155 0.20295173557692306 0.6646240913461539
11 0.19878577644230772 0.7004994543269232 0.19878577644230772 0.7358053557692308 0.24204782451923076 0.737513701923077 0.2427085 0.7017094014423078 0.19878577644230772 0.7004994543269232
11 0.24525239663461537 0.7022078221153846 0.24557285096153844 0.737513701923077 0.28787353365384616 0.7386526057692309 0.2885416586538462 0.7024216538461538 0.24525239663461537 0.7022078221153846
11 0.20006759615384617 0.7346664495192308 0.19878575240384616 0.7716807091346154 0.24172734615384617 0.7728196129807692 0.2426887331730769 0.7369442596153846 0.20006759615384617 0.7346664495192308
11 0.24685469471153845 0.7363748173076924 0.24621378365384614 0.7711112668269231 0.2891553774038461 0.7739585168269231 0.28894230048076924 0.7373219375000001 0.24685469471153845 0.7363748173076924
11 0.19974713942307692 0.7705418245192307 0.19942668509615386 0.8058477163461538 0.2423682548076923 0.8052782740384615 0.2426887331730769 0.7716807091346154 0.19974713942307692 0.7705418245192307
11 0.24365012259615385 0.772250170673077 0.24300918749999997 0.8058477163461538 0.28530987259615387 0.8058477163461538 0.2859777307692308 0.7707977211538461 0.24365012259615385 0.772250170673077
11 0.2010289831730769 0.8047088317307692 0.20134943749999998 0.8405841850961538 0.24429103124999998 0.8394453245192307 0.24493193990384615 0.8052782740384615 0.2010289831730769 0.8047088317307692
11 0.24749562740384615 0.8047088317307692 0.24685469471153845 0.8388758389423077 0.2897962860576923 0.8405841850961538 0.28974358173076925 0.8042735048076923 0.24749562740384615 0.8047088317307692
11 0.2494183798076923 0.8394453245192307 0.2497388341346154 0.8741817283653847 0.29203949519230765 0.8741817283653847 0.2926804278846154 0.8394453245192307 0.2494183798076923 0.8394453245192307
11 0.25230252163461536 0.8730428461538462 0.25166158894230767 0.908348735576923 0.2942827259615385 0.9094876418269231 0.2949519158653846 0.8726495721153846 0.25230252163461536 0.8730428461538462
11 0.2513411322115385 0.9077793389423078 0.2500592908653846 0.945363016826923 0.29300088221153847 0.945363016826923 0.29334935096153847 0.907549858173077 0.2513411322115385 0.9077793389423078
11 0.6802302572115385 0.61567203125 0.6810113846153846 0.6522236081730769 0.7244937403846153 0.6536116754807693 0.7239730024038462 0.6152093677884616 0.6802302572115385 0.61567203125
11 0.6823132524038461 0.5786577908653846 0.6825736225961538 0.6161347283653846 0.7273578653846153 0.6170600889423077 0.7271923052884616 0.5799590552884616 0.6823132524038461 0.5786577908653846
11 0.6828340312500001 0.5439569591346154 0.6833547692307692 0.58097121875 0.7281389927884615 0.58097121875 0.7279083028846153 0.5437541610576923 0.6828340312500001 0.5439569591346154
11 0.6898640865384615 0.5074053125 0.6901244759615385 0.54673296875 0.7356898269230769 0.54673296875 0.7355242668269231 0.5090532331730769 0.6898640865384615 0.5074053125
11 0.6903848245192308 0.47085375240384614 0.6906451947115385 0.5097187283653846 0.7354294182692308 0.5083306899038461 0.7354590961538462 0.4730803774038461 0.6903848245192308 0.47085375240384614
11 0.6909055841346153 0.43569021394230767 0.6906452139423076 0.47270449038461543 0.7364709350961539 0.47501787980769233 0.7360450048076923 0.4358340721153846 0.6909055841346153 0.43569021394230767
11 0.6880414807692308 0.3991386538461539 0.6883018485576924 0.4370782716346154 0.7336068317307693 0.4366155913461538 0.7334412716346154 0.39986121394230767 0.6880414807692308 0.3991386538461539
11 0.6880415 0.3621243701923077 0.687781110576923 0.40006400480769233 0.7325653533653846 0.4009893485576923 0.7331157716346154 0.3631935865384615 0.6880415 0.3621243701923077
11 0.6864792235576923 0.3241847572115385 0.6864792235576923 0.3625870552884616 0.7325653341346154 0.36397508653846156 0.7321394038461538 0.3266434278846154 0.6864792235576923 0.3241847572115385
11 0.642263201923077 0.3244678966346154 0.6435450432692308 0.36432940625000004 0.6874480024038461 0.3648988365384615 0.68780578125 0.3268027091346154 0.642263201923077 0.3244678966346154
11 0.6438654495192307 0.36148214423076924 0.6438654495192307 0.39849639182692304 0.6880888870192308 0.40077419951923077 0.6888473076923076 0.3613963701923077 0.6438654495192307 0.36148214423076924
11 0.6470700697115385 0.43551063701923076 0.6464291610576923 0.4742332620192308 0.691613985576923 0.4753721466346154 0.69078525 0.4360398870192308 0.6470700697115385 0.43551063701923076
11 0.6461087067307693 0.4719554543269231 0.6457882283653846 0.5118169615384616 0.6900116875000001 0.5118169615384616 0.6909730288461537 0.4725248966346154 0.6461087067307693 0.4719554543269231
11 0.6396994663461538 0.5106780793269231 0.6387380769230769 0.5465534326923077 0.6829615384615385 0.5454145721153846 0.6833333942307692 0.5095445192307693 0.6396994663461538 0.5106780793269231
11 0.6384176706730769 0.5442756225961538 0.6384176706730769 0.5818593221153846 0.683282016826923 0.5818593221153846 0.683282016826923 0.5454145288461538 0.6384176706730769 0.5442756225961538
11 0.639058579326923 0.5812898798076923 0.639058579326923 0.6171652548076924 0.6829615384615385 0.6183041394230769 0.6827724278846153 0.58062678125 0.639058579326923 0.5812898798076923
11 0.68167971875 0.654748954326923 0.6813592403846154 0.6165957716346154 0.6374999927884615 0.6162393173076922 0.6374562836538461 0.6530405865384614 0.68167971875 0.654748954326923
11 0.5952724711538462 0.6170585216346154 0.5952724711538462 0.6534558846153846 0.6383208846153846 0.6546897211538462 0.6381076298076922 0.6182098774038463 0.5952724711538462 0.6170585216346154
11 0.5987441153846154 0.3246458990384615 0.5983969567307692 0.36227706490384615 0.6435283533653846 0.3641277956730769 0.6428340072115385 0.3252628052884615 0.5987441153846154 0.3246458990384615
11 0.5990912764423076 0.36289397115384614 0.59978559375 0.4005251225961538 0.6445698293269231 0.4005251225961538 0.6446180480769231 0.3635802475961538 0.5990912764423076 0.36289397115384614
11 0.6001327788461539 0.3992913221153846 0.59978559375 0.4375393798076923 0.6449169903846154 0.43692248557692304 0.6446180480769231 0.3998456802884615 0.6001327788461539 0.3992913221153846
11 0.6018686033653846 0.43692248557692304 0.6018686033653846 0.4720860360576923 0.6473471586538462 0.4739367427884615 0.6472222139423077 0.43765432211538463 0.6018686033653846 0.43692248557692304
11 0.6015214158653847 0.4720860360576923 0.6008270985576923 0.5091002932692308 0.6459584927884615 0.5097171875 0.6459201298076922 0.4731481490384616 0.6015214158653847 0.4720860360576923
11 0.5957435288461539 0.5102454206730769 0.5957435288461539 0.5459377403846154 0.6399326274038462 0.5469952956730769 0.6401041634615384 0.5103174615384616 0.5957435288461539 0.5102454206730769
11 0.5955947355769231 0.5459377403846154 0.5955947355769231 0.5818944447115384 0.639188704326923 0.5824232307692307 0.6388020793269231 0.5460317451923077 0.5955947355769231 0.5459377403846154
11 0.5956328293269231 0.5816764326923077 0.5960791875 0.6173687524038461 0.6392267860576923 0.6168399759615385 0.6388020793269231 0.58174603125 0.5956328293269231 0.5816764326923077
11 0.5577739423076923 0.43471098076923076 0.5580053822115384 0.4746041033653846 0.6026738990384616 0.47583792548076925 0.6026383317307692 0.43590434375 0.5577739423076923 0.43471098076923076
11 0.5522399783653846 0.3245186129807692 0.5527607163461539 0.3629209014423077 0.5980656971153846 0.3629209014423077 0.5983260673076923 0.32451859855769233 0.5522399783653846 0.3245186129807692
11 0.6001487139423077 0.3624582115384615 0.5530211057692308 0.3629209014423077 0.553802233173077 0.40224855048076924 0.5996279543269231 0.40086051923076926 0.5990003221153846 0.36346977884615383 0.6001487139423077 0.3624582115384615
11 0.5543229519230769 0.3980844471153846 0.5551040625 0.4374120961538462 0.6006694134615385 0.4374120961538462 0.5998883245192308 0.3990097980769231 0.5543229519230769 0.3980844471153846
11 0.5556248798076923 0.47118760336538457 0.5561456177884615 0.5091272211538461 0.6022316682692308 0.5114406129807693 0.6019713389423077 0.4707249326923077 0.5556248798076923 0.47118760336538457
11 0.5978053485576923 0.50820184375 0.5509381298076923 0.5086645144230769 0.5514588701923077 0.5475294927884615 0.5978053485576923 0.5461414615384615 0.5973080000000001 0.509676079326923 0.5978053485576923 0.50820184375
11 0.5506777403846154 0.5438280697115384 0.5519796081730769 0.582693048076923 0.5959827235576923 0.5836183894230769 0.5952015937499999 0.5438280865384615 0.5506777403846154 0.5438280697115384
11 0.5525003677884615 0.5799169855769231 0.5525003677884615 0.6178566033653846 0.5957223341346154 0.6183192908653846 0.5959827235576923 0.5822303774038462 0.5525003677884615 0.5799169855769231
11 0.5957223341346154 0.6150805240384616 0.5517192379807693 0.6150805240384616 0.5522399783653846 0.6534828293269231 0.5952015745192308 0.6544081706730769 0.5952015745192308 0.6187819807692307 0.5957223341346154 0.6150805240384616
11 0.5090179903846154 0.6155431947115384 0.5087576009615384 0.6548708437499999 0.5519795889423077 0.6567215625 0.5527994735576923 0.6187499999999999 0.5090179903846154 0.6155431947115384
11 0.5087576009615384 0.5794543149038461 0.5084972331730769 0.6160059014423077 0.5530211057692308 0.6206326826923078 0.5531249951923077 0.5805555552884616 0.5087576009615384 0.5794543149038461
11 0.5071953653846154 0.5424400384615384 0.5069349951923077 0.58037965625 0.5522399783653846 0.5822303774038462 0.5514973894230769 0.5435185192307692 0.5071953653846154 0.5424400384615384
11 0.5137047019230769 0.4697995721153846 0.5131839615384616 0.50866453125 0.5574474471153846 0.5091272211538461 0.5571870576923077 0.47165027403846155 0.5137047019230769 0.4697995721153846
11 0.5139650697115384 0.4350987067307692 0.5139650697115384 0.4721129639423077 0.5579681850961539 0.4735009951923077 0.5580078076923077 0.43587962980769235 0.5139650697115384 0.4350987067307692
11 0.51005946875 0.3962337283653846 0.5105802283653846 0.4350987067307692 0.5556248389423077 0.4369494086538461 0.5558851899038462 0.3985471201923077 0.51005946875 0.3962337283653846
11 0.5095387307692307 0.3208171778846154 0.5090179903846154 0.36014482932692304 0.5540625841346154 0.36338359134615383 0.5537760360576923 0.3230324086538462 0.5095387307692307 0.3208171778846154
11 0.5534779014423077 0.36197868990384613 0.5092783605769231 0.35968215144230775 0.5090179903846154 0.3966964086538462 0.5548437115384616 0.3994724711538461 0.5534779014423077 0.36197868990384613
11 0.46527524519230773 0.35921947115384617 0.46553561538461535 0.3962337283653846 0.51005946875 0.3985471201923077 0.5091796826923077 0.36064814903846154 0.46527524519230773 0.35921947115384617
11 0.46527524519230773 0.39438301682692306 0.46397337980769227 0.4332479855769231 0.5108405961538461 0.43833743990384616 0.5104817644230769 0.39884259375000003 0.46527524519230773 0.39438301682692306
11 0.4676186105769231 0.43648673798076926 0.4663167427884615 0.4795158076923077 0.5157876971153846 0.4855306201923077 0.5166666610576923 0.4439814807692307 0.4676186105769231 0.43648673798076926
11 0.46319224999999997 0.5045004399038462 0.46319224999999997 0.5419774038461539 0.507455735576923 0.5461414783653846 0.5082031201923077 0.511111110576923 0.46319224999999997 0.5045004399038462
11 0.5082368629807692 0.5103096153846154 0.5092783605769231 0.47375804807692307 0.4623046826923077 0.4699321225961538 0.4621507716346154 0.5075335552884616 0.5082368629807692 0.5103096153846154
11 0.46293188221153847 0.5405893365384615 0.46189038221153844 0.5785289375 0.5066746274038462 0.5836184254807693 0.5075520769230769 0.5440972235576923 0.46293188221153847 0.5405893365384615
11 0.4642337475961539 0.57760359375 0.4637130096153846 0.6132298028846154 0.5084972331730769 0.6183192908653846 0.5090179903846154 0.5813050336538461 0.4642337475961539 0.57760359375
11 0.46475450721153844 0.6132298028846154 0.4637130096153846 0.6493187187499999 0.5084972331730769 0.6557962211538462 0.5095052019230769 0.6187499999999999 0.46475450721153844 0.6132298028846154
11 0.4171061610576923 0.31757843028846156 0.4168457908653846 0.3573687596153846 0.46319224999999997 0.35921947115384617 0.4626302019230769 0.3212962956730769 0.4171061610576923 0.31757843028846156
11 0.4189287668269231 0.3573687596153846 0.4199702644230769 0.39530836778846157 0.46553561538461535 0.3966964086538462 0.4655598894230769 0.35891203846153846 0.4189287668269231 0.3573687596153846
11 0.41736652884615383 0.39438301682692306 0.4168457908653846 0.4332479855769231 0.4637130096153846 0.4346360168269231 0.4639322860576923 0.39652777884615387 0.41736652884615383 0.39438301682692306
11 0.4590262788461539 0.432322625 0.4145024254807692 0.43371065625 0.4150231658653846 0.4730383052884616 0.4611092740384616 0.4721129639423077 0.4603515576923077 0.4347222235576923 0.4590262788461539 0.432322625
11 0.46136964423076926 0.5082018605769231 0.46136964423076926 0.47118760336538457 0.4151041610576923 0.4717592596153847 0.41632503125000003 0.50866453125 0.46136964423076926 0.5082018605769231
11 0.4165854206730769 0.5072765360576923 0.4168457908653846 0.5456787908653846 0.46189038221153844 0.5466041850961538 0.4616536394230769 0.5076388894230769 0.4165854206730769 0.5072765360576923
11 0.41476279567307694 0.5442907932692308 0.4155439230769231 0.581767704326923 0.4605885168269231 0.5822303774038462 0.4611092740384616 0.5452161177884615 0.41476279567307694 0.5442907932692308
11 0.4189287668269231 0.5808423269230769 0.4194495264423077 0.6164685721153845 0.46397337980769227 0.6187819639423077 0.4636067644230769 0.5805555552884616 0.4189287668269231 0.5808423269230769
11 0.4168457908653846 0.6160059014423077 0.4176268990384615 0.656258891826923 0.46241114182692306 0.6544081706730769 0.46241114182692306 0.6173939134615385 0.4168457908653846 0.6160059014423077
11 0.37307429807692305 0.6190168389423077 0.3738554254807692 0.6574191466346153 0.41837929807692303 0.6574191466346153 0.4173828076923077 0.6199074086538462 0.37307429807692305 0.6190168389423077
11 0.37359503605769234 0.5829279591346154 0.3738554254807692 0.6190168389423077 0.41916038701923075 0.6213302307692307 0.41890003846153845 0.5833906322115385 0.37359503605769234 0.5829279591346154
11 0.37125168990384616 0.3164252932692308 0.37203281971153845 0.3566783028846154 0.4178585192307693 0.3566783028846154 0.4173828076923077 0.3178240745192307 0.37125168990384616 0.3164252932692308
11 0.4199415144230769 0.3936925528846154 0.4186396490384615 0.35529028125 0.3724609326923077 0.3554398149038462 0.37359503605769234 0.3960059423076923 0.4199415144230769 0.3936925528846154
11 0.41733778125 0.43302020913461536 0.4170774326923077 0.3950805913461538 0.3702101923076923 0.39461793028846154 0.3717724302884615 0.4353336009615385 0.41733778125 0.43302020913461536
11 0.36838758653846154 0.4344082403846154 0.36942906490384614 0.47419856009615385 0.41525478605769234 0.47419856009615385 0.4147786394230769 0.4341435192307692 0.36838758653846154 0.4344082403846154
11 0.3702101923076923 0.47234785817307695 0.3709913221153846 0.5112128173076923 0.4162963028846154 0.5126008677884616 0.41577556490384615 0.47188516826923077 0.3702101923076923 0.47234785817307695
11 0.3709913221153846 0.5093621153846154 0.3717724302884615 0.546839045673077 0.4170774326923077 0.547301733173077 0.4167317644230769 0.5099537043269231 0.3709913221153846 0.5093621153846154
11 0.4165566538461538 0.5463763725961539 0.37047056250000004 0.547301733173077 0.37125168990384616 0.5857040216346154 0.41577556490384615 0.5833906322115385 0.4151041610576923 0.5475694447115385 0.4165566538461538 0.5463763725961539
11 0.37359503605769234 0.5820025817307692 0.37437616346153846 0.6204048894230769 0.4194207764423077 0.6204048894230769 0.41916038701923075 0.5843159735576923 0.37359503605769234 0.5820025817307692
11 0.3262722307692308 0.3182760048076923 0.3273137283653846 0.3585290144230769 0.3723583389423077 0.3585290144230769 0.3711588485576923 0.31956018509615386 0.3262722307692308 0.3182760048076923
11 0.32679296875 0.35806633413461536 0.3278344663461539 0.39693131971153844 0.3744413365384615 0.3978566634615385 0.37418094711538463 0.3585290144230769 0.32679296875 0.35806633413461536
11 0.3723583389423077 0.4357962716346154 0.37131684134615384 0.3960059423076923 0.3252604110576923 0.39768518509615386 0.32575149038461537 0.4353336009615385 0.3723583389423077 0.4357962716346154
11 0.3239288653846154 0.4353336009615385 0.324449625 0.47373588942307693 0.37053571394230767 0.4728105288461538 0.37053571394230767 0.4344082403846154 0.3239288653846154 0.4353336009615385
11 0.37157721153846157 0.5093621153846154 0.37053571394230767 0.47188516826923077 0.3249703629807692 0.4728105288461538 0.3260118605769231 0.5107501826923077 0.37157721153846157 0.5093621153846154
11 0.3720979519230769 0.546839045673077 0.37183758173076925 0.5093621153846154 0.3255859326923077 0.5099537043269231 0.3265325985576923 0.5477644399038462 0.3720979519230769 0.546839045673077
11 0.37183758173076925 0.5838533028846153 0.37183758173076925 0.547301733173077 0.3265624951923077 0.5469907403846154 0.3270533581730769 0.5829279591346154 0.37183758173076925 0.5838533028846153
11 0.3744413365384615 0.6194795456730768 0.3736602067307692 0.5824652884615384 0.3291666610576923 0.5828703701923077 0.3293967043269231 0.61994221875 0.3744413365384615 0.6194795456730768
11 0.365067875 0.6574191466346153 0.37418094711538463 0.6560310985576923 0.37470168509615387 0.6569564759615385 0.3739205576923077 0.6194795456730768 0.3293967043269231 0.6185541682692308 0.3299174615384616 0.6569564759615385 0.365067875 0.6574191466346153
11 0.28513321875000003 0.6185541682692308 0.2853936081730769 0.6560310985576923 0.3291363341346154 0.6564938052884616 0.3291666610576923 0.6199074086538462 0.28513321875000003 0.6185541682692308
11 0.2807068798076923 0.31966404086538464 0.2814880072115385 0.3594543653846154 0.3265325985576923 0.35899169471153847 0.3265624951923077 0.3212962956730769 0.2807068798076923 0.31966404086538464
11 0.28122761778846156 0.35806633413461536 0.2817483774038462 0.39693131971153844 0.3283552259615385 0.39739398317307695 0.3272135360576923 0.35949074038461537 0.28122761778846156 0.35806633413461536
11 0.27966538221153847 0.39693131971153844 0.2801861394230769 0.4334828798076923 0.3254911009615385 0.4357962716346154 0.3259114519230769 0.3971064807692307 0.27966538221153847 0.39693131971153844
11 0.28435211057692306 0.5820025817307692 0.2846124807692308 0.6194795456730768 0.3299174615384616 0.6213302307692307 0.3291666610576923 0.5834490745192308 0.28435211057692306 0.5820025817307692
11 0.2788842716346154 0.4334828798076923 0.2788842716346154 0.47234785817307695 0.3247099927884615 0.47234785817307695 0.3252604110576923 0.43587962980769235 0.2788842716346154 0.4334828798076923
11 0.27940501201923074 0.4704971394230769 0.27992575 0.5107501826923077 0.3249703629807692 0.5116755072115384 0.3246093701923077 0.4723379639423077 0.27940501201923074 0.4704971394230769
11 0.32757409615384614 0.5079740841346154 0.2804465096153846 0.5070487235576923 0.28122761778846156 0.547301733173077 0.3265325985576923 0.547301733173077 0.3265624951923077 0.5087962956730769 0.32757409615384614 0.5079740841346154
11 0.2822691153846154 0.5449883413461538 0.28278987499999997 0.5824652884615384 0.3270533581730769 0.5824652884615384 0.3265325985576923 0.5459136850961538 0.2822691153846154 0.5449883413461538
11 0.23670376442307692 0.31179851201923076 0.2364433942307692 0.35020080048076924 0.2814880072115385 0.3525141923076923 0.2809895769230769 0.3143518533653846 0.23670376442307692 0.31179851201923076
11 0.23514152884615386 0.3515888413461538 0.23514152884615386 0.38814041826923074 0.28122761778846156 0.39230453846153845 0.2809895769230769 0.35196759375000003 0.23514152884615386 0.3515888413461538
11 0.2333189206730769 0.38767775721153847 0.23279816346153848 0.42839342788461543 0.27966538221153847 0.43024412980769233 0.2796874951923077 0.3913194447115385 0.2333189206730769 0.38767775721153847
11 0.2801861394230769 0.42839342788461543 0.23436039903846154 0.4279307379807692 0.23436039903846154 0.4672583870192308 0.2788842716346154 0.46957177884615386 0.2796874951923077 0.42893518509615386 0.2801861394230769 0.42839342788461543
11 0.23462078846153847 0.46587035576923075 0.23462078846153847 0.5056606947115385 0.2801861394230769 0.5075113966346154 0.2793619735576923 0.46712962980769235 0.23462078846153847 0.46587035576923075
11 0.2817483774038462 0.5408242668269231 0.2807068798076923 0.5042726634615384 0.2354018966346154 0.5033473028846154 0.23476562019230768 0.5024305552884616 0.23670376442307692 0.5412869014423077 0.2817483774038462 0.5408242668269231
11 0.28278987499999997 0.5796891923076923 0.2825294855769231 0.5412869014423077 0.23671874519230768 0.5400462956730769 0.2369641346153846 0.5783011778846153 0.28278987499999997 0.5796891923076923
11 0.28435211057692306 0.6148527644230769 0.28435211057692306 0.5783011778846153 0.23867187019230768 0.5782407403846154 0.2387867596153846 0.6130020432692308 0.28435211057692306 0.6148527644230769
11 0.2856539783653846 0.6523296923076922 0.2856539783653846 0.6153154350961538 0.24062499519230768 0.6135416682692308 0.2413904951923077 0.6518670216346153 0.2856539783653846 0.6523296923076922
11 0.18983654567307692 0.3122611971153846 0.18983654567307692 0.3515888413461538 0.23592265625000003 0.35482758413461535 0.23606770192307694 0.3155092596153847 0.18983654567307692 0.3122611971153846
11 0.18827431009615386 0.3506634807692308 0.18775356009615385 0.38814041826923074 0.2354018966346154 0.3927672019230769 0.23509113942307694 0.35486111057692304 0.18827431009615386 0.3506634807692308
11 0.1867120625 0.38767775721153847 0.18593094471153845 0.4274680673076923 0.2333189206730769 0.4311694903846154 0.23281249519230768 0.39305555528846153 0.1867120625 0.38767775721153847
11 0.18905542788461538 0.4265427067307692 0.18879505769230767 0.4654076850961539 0.23462078846153847 0.4681837475961539 0.2344400985576923 0.43125 0.18905542788461538 0.4265427067307692
11 0.18983654567307692 0.4654076850961539 0.18879505769230767 0.5019592716346154 0.2356622668269231 0.5065860360576923 0.23476562019230768 0.46886574038461537 0.18983654567307692 0.4654076850961539
11 0.18957617548076922 0.5010339110576922 0.19035729567307694 0.5389735120192308 0.23618302644230768 0.5422122620192308 0.23670376442307692 0.5042726634615384 0.18957617548076922 0.5010339110576922
11 0.19061766346153847 0.5385108749999999 0.19061766346153847 0.5769131298076923 0.2364433942307692 0.5796891923076923 0.23671874519230768 0.542361110576923 0.19061766346153847 0.5385108749999999
11 0.19322139903846153 0.5750624086538462 0.19322139903846153 0.6143900576923077 0.23800563221153848 0.6157781057692309 0.23867187019230768 0.5788194447115385 0.19322139903846153 0.5750624086538462
11 0.19608551201923077 0.6130020432692308 0.19582513221153847 0.6500163028846154 0.24086973557692307 0.6523296923076922 0.24086973557692307 0.6167034495192307 0.19608551201923077 0.6130020432692308
11 0.7009947836538462 0.25606928125 0.7017759134615384 0.2963222716346154 0.7449978798076924 0.29447155288461535 0.7448567644230769 0.25763888942307694 0.7009947836538462 0.25606928125
11 0.7460393966346154 0.2579199663461539 0.7465601346153845 0.2195176778846154 0.7022135360576923 0.22002314903846154 0.7025570408653846 0.2574572956730769 0.7460393966346154 0.2579199663461539
11 0.7489034807692309 0.22229375721153846 0.7491638701923077 0.18389146875 0.7061197860576923 0.18356481490384613 0.7056815144230769 0.21859233413461537 0.7489034807692309 0.22229375721153846
11 0.7507261274038461 0.18342877884615383 0.7515072139423077 0.14733988221153846 0.7090663774038461 0.1454891610576923 0.7082852475961539 0.18250342067307693 0.7507261274038461 0.18342877884615383
11 0.7528090817307693 0.14872791346153846 0.7533298605769231 0.11078829567307692 0.7093749951923077 0.11006944471153846 0.7095871153846154 0.14826524278846154 0.7528090817307693 0.14872791346153846
11 0.7077645096153845 0.0705353125 0.7077645096153845 0.10986295192307692 0.7512468653846154 0.11217634375 0.7516927019230769 0.07534722355769231 0.7077645096153845 0.0705353125
11 0.7095871153846154 0.0325956875 0.7088059879807692 0.07192332692307692 0.7520279927884614 0.07562475721153847 0.7526692644230769 0.038888889423076924 0.7095871153846154 0.0325956875
11 0.7091966394230769 0 0.7089362908653847 0.03409975961538461 0.7534601225961539 0.038726540865384615 0.7539713485576923 0.0018518533653846155 0.7091966394230769 0
11 0.6581634711538461 0.2566479855769231 0.6581634711538461 0.2959756346153846 0.7013854375 0.2945875841346154 0.7015624951923077 0.25879629567307694 0.6581634711538461 0.2566479855769231
11 0.7032080817307692 0.2584986706730769 0.7037288221153847 0.22055906971153846 0.6592447860576923 0.21944444471153846 0.6594653365384615 0.25711065625 0.7032080817307692 0.2584986706730769
11 0.6605068149038461 0.1835448125 0.659986076923077 0.22148443028846154 0.704770298076923 0.22472316346153848 0.7048177019230769 0.18645833413461538 0.6605068149038461 0.1835448125
11 0.6620690721153846 0.14791858653846154 0.6618086826923076 0.18539551442307692 0.704770298076923 0.18724626923076923 0.7054687451923077 0.15173611057692307 0.6620690721153846 0.14791858653846154
11 0.706853295673077 0.15162000721153845 0.7078947716346153 0.11460575 0.6631510360576923 0.11238425961538462 0.6631105504807693 0.15069464903846155 0.706853295673077 0.15162000721153845
11 0.6636312884615384 0.07342740865384614 0.6628501995192307 0.11275504807692308 0.7073740336538462 0.11414307932692308 0.7080729110576923 0.07592592548076924 0.6636312884615384 0.07342740865384614
11 0.6646728052884616 0.036413151442307695 0.6638916778846154 0.07389006971153846 0.7081551610576924 0.07805418990384615 0.7087239519230769 0.038888889423076924 0.6646728052884616 0.036413151442307695
11 0.7094570288461538 0.04103993269230769 0.7094570288461538 0.0003242403846153846 0.6651041610576923 0.0012731490384615385 0.6646728052884616 0.03826384375 0.7094570288461538 0.04103993269230769
11 0.6584238197115385 0.2584986706730769 0.6159829615384615 0.25757332692307694 0.6152018341346154 0.2950502572115385 0.6581634711538461 0.29690097596153847 0.6585937451923077 0.25821759375000003 0.6584238197115385 0.2584986706730769
11 0.5748297788461538 0.22116863701923076 0.5745694086538461 0.2586455841346154 0.6172706562499999 0.2618843173076923 0.6178312331730769 0.22375685817307692 0.5748297788461538 0.22116863701923076
11 0.6175451995192307 0.1835448125 0.6165036995192307 0.22055906971153846 0.6607672043269232 0.22287246153846155 0.6608723894230769 0.1853009254807692 0.6175451995192307 0.1835448125
11 0.6188470649038462 0.14653055528846154 0.6178055673076923 0.1835448125 0.662329420673077 0.18585820432692307 0.6621744735576923 0.1494212956730769 0.6188470649038462 0.14653055528846154
11 0.6625898100961538 0.14976930528846155 0.6628501995192307 0.11229235817307694 0.6192057235576923 0.11122685336538461 0.6185866971153846 0.14838125721153844 0.6625898100961538 0.14976930528846155
11 0.6198885625 0.07203935817307693 0.6193678245192308 0.11090432692307693 0.6636312884615384 0.11275504807692308 0.6634765576923077 0.07534722355769231 0.6198885625 0.07203935817307693
11 0.6211904302884614 0.03502510096153846 0.6209300600961538 0.07481542067307692 0.6641520673076923 0.07481542067307692 0.6641520673076923 0.03826384375 0.6211904302884614 0.03502510096153846
11 0.6217111682692308 0 0.6217111682692308 0.03733849278846154 0.6641520673076923 0.040114564903846156 0.6647786394230769 0.0018518533653846155 0.6217111682692308 0
11 0.57302134375 0.2566479855769231 0.57302134375 0.2978263173076923 0.6157225913461539 0.2978263173076923 0.6156249951923077 0.2599537043269231 0.57302134375 0.2566479855769231
11 0.6171112644230768 0.21901681971153847 0.6165905048076923 0.2564937644230769 0.6590313846153847 0.2578817788461538 0.6593244567307692 0.22102775961538462 0.6171112644230768 0.21901681971153847
11 0.5748439519230769 0.1840074831730769 0.5735420841346154 0.22194713701923077 0.6165036995192307 0.22472316346153848 0.6175781201923077 0.1858796298076923 0.5748439519230769 0.1840074831730769
11 0.6185866971153846 0.14930661778846155 0.5751043413461538 0.14514252403846153 0.5748439519230769 0.18539551442307692 0.6180659567307691 0.1867835625 0.6185546826923077 0.1494212956730769 0.6185866971153846 0.14930661778846155
11 0.5758854495192307 0.10905360817307692 0.5756250793269231 0.14653055528846154 0.6185866971153846 0.15023197596153845 0.6193678245192308 0.11229235817307694 0.5758854495192307 0.10905360817307692
11 0.5764062067307693 0.07157668028846154 0.5758854495192307 0.11090432692307693 0.6196281947115385 0.11368038942307691 0.6195312451923077 0.07476851923076923 0.5764062067307693 0.07157668028846154
11 0.5767361778846154 0.0346327451923077 0.5767361778846154 0.07292820192307693 0.6204460985576923 0.07601654567307693 0.6211805480769231 0.03719135817307692 0.5767361778846154 0.0346327451923077
11 0.6221806201923077 0.03833876201923077 0.6225275192307692 0.0018963076923076924 0.5786458245192307 0.0009259254807692308 0.5781238004807693 0.03586808894230769 0.6221806201923077 0.03833876201923077
11 0.5333731971153847 0.000043317307692307694 0.5326793846153847 0.03586808894230769 0.5784706995192308 0.03957409134615385 0.5784706995192308 0.000043317307692307694 0.5333731971153847 0.000043317307692307694
11 0.5333731971153847 0.0377210889423077 0.5330262836538462 0.0741635673076923 0.57638928125 0.07663421634615385 0.5769097139423077 0.03873456730769231 0.5333731971153847 0.0377210889423077
11 0.575695483173077 0.11492968509615385 0.5770831033653846 0.07601654567307693 0.5317708245192307 0.07345679086538462 0.5319855745192308 0.112459 0.575695483173077 0.11492968509615385
11 0.575695483173077 0.11122368028846154 0.5312917644230769 0.11122368028846154 0.5316386754807693 0.14890146634615384 0.5750016586538462 0.15198981009615384 0.5760416586538462 0.11280864182692309 0.575695483173077 0.11122368028846154
11 0.5746547596153846 0.1871969326923077 0.5753485841346154 0.14890146634615384 0.5313367980769231 0.14753086538461538 0.5312917644230769 0.18596159134615384 0.5746547596153846 0.1871969326923077
11 0.5729202403846154 0.22487471875 0.5746547596153846 0.18657925 0.5309027692307692 0.1861111105769231 0.52990415625 0.22425706009615384 0.5729202403846154 0.22487471875
11 0.5739863461538461 0.2611958293269231 0.5743068028846154 0.2230426658653846 0.5298010336538461 0.22378917548076924 0.5300833653846154 0.2611958293269231 0.5739863461538461 0.2611958293269231
11 0.52947171875 0.26094073557692304 0.5291743774038461 0.29905972596153846 0.5728842668269231 0.3001185721153846 0.5733630889423077 0.26137566105769233 0.52947171875 0.26094073557692304
11 0.5297690600961539 0.30329516586538463 0.5306611081730769 0.26464675240384616 0.48546447355769234 0.25988187259615386 0.48593749278846154 0.26137566105769233 0.4851671201923077 0.29694199759615386 0.5297690600961539 0.30329516586538463
11 0.5306611081730769 0.26623504086538463 0.5297690600961539 0.22758663701923076 0.48593749278846154 0.22301587259615385 0.48486977884615384 0.26041129326923074 0.5306611081730769 0.26623504086538463
11 0.5297690600961539 0.22811605048076922 0.5303637668269231 0.19052651201923076 0.48519344471153847 0.18597883653846156 0.48397774278846156 0.22282174759615386 0.5297690600961539 0.22811605048076922
11 0.5315504038461538 0.19259638701923076 0.532145110576923 0.15235966586538463 0.4874255889423077 0.14894180048076924 0.48605643028846157 0.18624321875000002 0.5315504038461538 0.19259638701923076
11 0.5312530625 0.15447739663461538 0.532145110576923 0.11688782932692308 0.486309516826923 0.11190476201923076 0.48546174759615385 0.14971251442307693 0.5312530625 0.15447739663461538
11 0.5318477692307693 0.11688782932692308 0.5324424519230769 0.07876886778846154 0.4866815408653846 0.07486772596153847 0.48605643028846157 0.11106410336538461 0.5318477692307693 0.11688782932692308
11 0.5312530625 0.07982771394230768 0.532145110576923 0.04064986778846154 0.4866815408653846 0.036507937500000004 0.48605643028846157 0.0766511298076923 0.5312530625 0.07982771394230768
11 0.5318477692307693 0.04064986778846154 0.5330371370192307 0.0035897379807692305 0.48705356490384616 0.0007936514423076922 0.48694847836538463 0.03853213942307692 0.5318477692307693 0.04064986778846154
11 0.43797977644230773 0.26404804567307694 0.43649304567307695 0.3021670168269231 0.48020293509615386 0.3021670168269231 0.48072915865384613 0.2646825408653846 0.43797977644230773 0.26404804567307694
11 0.43797977644230773 0.22751734375000002 0.4385744711538461 0.2645775096153846 0.48198703125000003 0.2661657548076923 0.4822172548076923 0.22698412740384616 0.43797977644230773 0.22751734375000002
11 0.47937026682692313 0.2288936129807692 0.4799946995192308 0.19146289182692305 0.4375520793269231 0.1917592596153846 0.4369092259615384 0.2296348485576923 0.47937026682692313 0.2288936129807692
11 0.48011047115384614 0.1939529375 0.48063123076923076 0.15416259855769232 0.4372395769230769 0.15578703846153846 0.4363677451923077 0.19256490625 0.48011047115384614 0.1939529375
11 0.4795897524038461 0.1564759903846154 0.47985012259615384 0.11899906009615384 0.4358074278846154 0.12048611057692307 0.4363677451923077 0.1550879591346154 0.4795897524038461 0.1564759903846154
11 0.43740924519230767 0.08198480288461538 0.4363677451923077 0.11946173317307693 0.48063123076923076 0.12038709134615384 0.4815104110576923 0.08171296394230769 0.43740924519230767 0.08198480288461538
11 0.48037086057692313 0.08198480288461538 0.48115196875 0.044507884615384616 0.4359374951923077 0.045254629807692306 0.43610737740384614 0.08337283413461538 0.48037086057692313 0.08198480288461538
11 0.48141233894230767 0.04543322596153846 0.4816727283653846 0.0070309278846153855 0.4363677451923077 0.005642896634615384 0.4358469879807692 0.007493608173076923 0.43610737740384614 0.04497054567307693 0.48141233894230767 0.04543322596153846
11 0.4355866177884616 0.043582514423076923 0.4355866177884616 0.005642896634615384 0.3915835024038462 0.0051802163461538465 0.3918438918269231 0.04497054567307693 0.4355866177884616 0.043582514423076923
11 0.43688848557692306 0.043582514423076923 0.39314575961538456 0.042657153846153845 0.3918438918269231 0.044507884615384616 0.39264276923076924 0.04504022355769231 0.392625 0.08198480288461538 0.43610737740384614 0.0805967716346154 0.43688848557692306 0.043582514423076923
11 0.4366281153846154 0.11714834134615384 0.43610737740384614 0.07967141346153846 0.3923646322115385 0.0805967716346154 0.3918438918269231 0.11946173317307693 0.4366281153846154 0.11714834134615384
11 0.4358469879807692 0.15323725721153847 0.4355866177884616 0.11622299999999999 0.392625 0.11714834134615384 0.3926432235576923 0.11759259375 0.3923646322115385 0.1564759903846154 0.4358469879807692 0.15323725721153847
11 0.4371488557692308 0.19117685576923077 0.43688848557692306 0.1523118966346154 0.3936197860576923 0.1540509254807692 0.39366650000000003 0.19210221634615385 0.4371488557692308 0.19117685576923077
11 0.43792998317307696 0.2268030841346154 0.43766961298076923 0.19025151442307695 0.3941872379807692 0.18886346634615384 0.3939453076923077 0.1893518533653846 0.39366650000000003 0.2268030841346154 0.43792998317307696 0.2268030841346154
11 0.43766961298076923 0.26289199759615384 0.43766961298076923 0.2258777403846154 0.3945963485576923 0.22638888942307694 0.3939268677884616 0.26335467067307694 0.43766961298076923 0.26289199759615384
11 0.43688848557692306 0.3003689278846154 0.43792998317307696 0.2624293269230769 0.3939453076923077 0.2634259254807692 0.3941872379807692 0.3003689278846154 0.43688848557692306 0.3003689278846154
11 0.39456148317307693 0.3011882379807692 0.39456148317307693 0.2613978822115385 0.3519531201923077 0.2645833341346154 0.35133949519230767 0.3025762524038461 0.39456148317307693 0.3011882379807692
11 0.39456148317307693 0.2632486394230769 0.39456148317307693 0.22438364423076923 0.35133949519230767 0.2257716923076923 0.3513020769230769 0.22546354807692306 0.3515998653846154 0.2650993221153846 0.39456148317307693 0.2632486394230769
11 0.39456148317307693 0.22530898557692308 0.39299924519230767 0.1873693846153846 0.3499999951923077 0.1910879639423077 0.3508187572115385 0.22854773557692307 0.39456148317307693 0.22530898557692308
11 0.3935199855769231 0.1887574158653846 0.3924785072115385 0.1522058293269231 0.3492565 0.15544458173076922 0.3490234326923077 0.1546296298076923 0.3492565 0.192458875 0.3935199855769231 0.1887574158653846
11 0.3484753918269231 0.11704229326923077 0.3492565 0.15544458173076922 0.39299924519230767 0.15498191105769232 0.3919921826923077 0.11469907451923077 0.3484753918269231 0.11704229326923077
11 0.39258890625 0.11632332211538461 0.3919484783653846 0.07983337740384615 0.34783653124999997 0.08062678124999999 0.3480784543269231 0.11917410096153845 0.39258890625 0.11632332211538461
11 0.3922686923076923 0.08097367067307691 0.3932293605769231 0.04334338701923077 0.3464773581730769 0.04334338701923077 0.3477582403846154 0.04448370432692307 0.3477582403846154 0.08154382932692307 0.3922686923076923 0.08097367067307691
11 0.3909878125 0.04334338701923077 0.3913080264423077 0.004572793269230769 0.3462339663461539 0.0037037043269230767 0.3471178125 0.04505385096153846 0.3909878125 0.04334338701923077
11 0.3084017740384616 0.2654164014423077 0.3068006778846154 0.3019063581730769 0.35163134375 0.30247652884615384 0.35144230048076924 0.2636752139423077 0.3084017740384616 0.2654164014423077
11 0.3513111298076923 0.2654164014423077 0.35163134375 0.2277861298076923 0.30737178846153845 0.22948718028846155 0.30776134374999997 0.26598655048076925 0.3513111298076923 0.2654164014423077
11 0.35035048798076923 0.2283562764423077 0.34906960576923074 0.19015583653846152 0.3049679423076923 0.19245014182692308 0.30584003605769233 0.2317772019230769 0.35035048798076923 0.2283562764423077
11 0.34842915384615386 0.19186629807692307 0.34810893990384617 0.1542360264423077 0.30336537740384617 0.15612535576923078 0.30423893990384615 0.19186629807692307 0.34842915384615386 0.19186629807692307
11 0.34714829807692305 0.15366585817307693 0.34714829807692305 0.11717588942307693 0.3019973918269231 0.11888636298076924 0.30167717788461534 0.1559464903846154 0.34714829807692305 0.15366585817307693
11 0.3461876298076923 0.11831622836538462 0.3461876298076923 0.0801157764423077 0.30176281250000003 0.08133903125 0.3023176298076923 0.11831622836538462 0.3461876298076923 0.11831622836538462
11 0.3458674158653846 0.08125610336538462 0.3455472019230769 0.04419597596153846 0.30096153124999997 0.0435897451923077 0.3013569639423077 0.08353670192307693 0.3458674158653846 0.08125610336538462
11 0.30103675 0.007135829326923077 0.3013569639423077 0.04419597596153846 0.3458674158653846 0.045336271634615385 0.3462339663461539 0.00655270673076923 0.30103675 0.007135829326923077
11 0.30808155769230766 0.3053273076923077 0.3084017740384616 0.2682671802884615 0.2649038389423077 0.26866096875 0.26453177403846156 0.30418703365384614 0.30808155769230766 0.3053273076923077
11 0.3064804639423077 0.2682671802884615 0.30744112980769234 0.23234737259615384 0.2622902379807692 0.23120705528846155 0.26209935096153847 0.2323361826923077 0.2626104519230769 0.2705477908653846 0.3064804639423077 0.2682671802884615
11 0.30423893990384615 0.23120705528846155 0.30616024999999997 0.19528724759615385 0.26049678846153845 0.19672364663461536 0.2603689278846154 0.2317772019230769 0.30423893990384615 0.23120705528846155
11 0.3044434735576923 0.19571884134615386 0.3041232596153846 0.15751842307692307 0.25849358173076925 0.1582621081730769 0.2586521658653846 0.19685915865384615 0.3044434735576923 0.19571884134615386
11 0.3025221658653846 0.15865871634615386 0.3022019519230769 0.11988812740384615 0.2580929423076923 0.12122507211538462 0.25737128365384615 0.1609393485576923 0.3025221658653846 0.15865871634615386
11 0.3018817355769231 0.12159859134615385 0.3025221658653846 0.08624896153846154 0.2572916586538462 0.08490028605769231 0.25737128365384615 0.12159859134615385 0.3018817355769231 0.12159859134615385
11 0.3025221658653846 0.08396831971153847 0.3009210697115385 0.048618656249999996 0.25737128365384615 0.048048509615384614 0.25689101923076924 0.04786324759615384 0.25737128365384615 0.08567878125 0.3025221658653846 0.08396831971153847
11 0.30156149759615386 0.0503291298076923 0.30124128365384617 0.012128689903846154 0.25689101923076924 0.009401709134615384 0.25705106971153846 0.04975897355769231 0.30156149759615386 0.0503291298076923
11 0.2640958798076923 0.3068992403846154 0.2653767596153846 0.26983909375 0.22043268509615382 0.26581196634615384 0.21926521394230772 0.3029081442307692 0.2640958798076923 0.3068992403846154
11 0.21734389182692307 0.22878789423076923 0.2167034639423077 0.26584801923076923 0.26153411778846153 0.26698831490384617 0.2616987115384615 0.23091168028846154 0.21734389182692307 0.22878789423076923
11 0.26057347596153846 0.23220886298076923 0.26089368990384615 0.19571884134615386 0.21542258173076922 0.1940083798076923 0.21574279567307691 0.2304983581730769 0.26057347596153846 0.23220886298076923
11 0.21222039182692307 0.1558079375 0.21125973798076922 0.19457854807692307 0.25544997596153846 0.1940083798076923 0.2564106177884615 0.15751842307692307 0.21222039182692307 0.1558079375
11 0.21222039182692307 0.12045830769230768 0.2119001778846154 0.1558079375 0.2564106177884615 0.15808856971153845 0.25769230048076924 0.11980056971153846 0.21222039182692307 0.12045830769230768
11 0.21222039182692307 0.08282800240384615 0.21222039182692307 0.11988812740384615 0.25737128365384615 0.12216875961538462 0.2580929423076923 0.08276353365384616 0.21222039182692307 0.08282800240384615
11 0.25737128365384615 0.08453847596153846 0.25737128365384615 0.04633805769230769 0.2120192235576923 0.04715099759615385 0.21125973798076922 0.08396831971153847 0.25737128365384615 0.08453847596153846
11 0.21350127163461538 0.006997288461538461 0.21254060576923078 0.04633805769230769 0.25705106971153846 0.048618656249999996 0.25689101923076924 0.008689459134615385 0.21350127163461538 0.006997288461538461
11 0.6909983004807692 0.4385152067307692 0.6886838701923076 0.3998558629807692 0.64479165625 0.39938271634615385 0.6451726033653846 0.43933773317307695 0.6909983004807692 0.4385152067307692