11 0.22956730769230768 0.027644230769230768 0.04447115384615385 0.03485576923076923
11 0.22956730769230768 0.06490384615384616 0.042067307692307696 0.038461538461538464
11 0.22956730769230768 0.10096153846153846 0.04567307692307692 0.036057692307692304
11 0.2283653846153846 0.13701923076923078 0.04447115384615385 0.038461538461538464
11 0.2283653846153846 0.17307692307692307 0.04567307692307692 0.038461538461538464
11 0.23317307692307693 0.21153846153846154 0.04567307692307692 0.037259615384615384
11 0.234375 0.24879807692307693 0.04447115384615385 0.036057692307692304
11 0.23798076923076922 0.2848557692307692 0.046875 0.04447115384615385
11 0.28125 0.2860576923076923 0.046875 0.040865384615384616
11 0.2800480769230769 0.24879807692307693 0.04447115384615385 0.038461538461538464
11 0.2776442307692308 0.21153846153846154 0.04807692307692308 0.040865384615384616
11 0.2764423076923077 0.17548076923076922 0.04567307692307692 0.040865384615384616
11 0.27524038461538464 0.13942307692307693 0.046875 0.037259615384615384
11 0.27403846153846156 0.10096153846153846 0.046875 0.04447115384615385
11 0.27403846153846156 0.06610576923076923 0.04567307692307692 0.04567307692307692
11 0.27403846153846156 0.028846153846153848 0.04447115384615385 0.040865384615384616
11 0.31850961538461536 0.026442307692307692 0.04567307692307692 0.037259615384615384
11 0.3173076923076923 0.06129807692307692 0.046875 0.039663461538461536
11 0.3173076923076923 0.10096153846153846 0.046875 0.037259615384615384
11 0.3173076923076923 0.13581730769230768 0.046875 0.039663461538461536
11 0.31971153846153844 0.17307692307692307 0.04807692307692308 0.042067307692307696
11 0.32211538461538464 0.2091346153846154 0.04567307692307692 0.04567307692307692
11 0.3233173076923077 0.24519230769230768 0.04567307692307692 0.039663461538461536
11 0.3245192307692308 0.28125 0.04326923076923077 0.039663461538461536
11 0.36778846153846156 0.2800480769230769 0.04447115384615385 0.036057692307692304
11 0.36778846153846156 0.2439903846153846 0.04447115384615385 0.038461538461538464
11 0.36778846153846156 0.20793269230769232 0.04567307692307692 0.03245192307692308
11 0.36658653846153844 0.171875 0.046875 0.036057692307692304
11 0.36538461538461536 0.1346153846153846 0.04447115384615385 0.038461538461538464
11 0.36538461538461536 0.09975961538461539 0.04807692307692308 0.036057692307692304
11 0.36538461538461536 0.0625 0.04567307692307692 0.039663461538461536
11 0.3641826923076923 0.02403846153846154 0.04447115384615385 0.03365384615384615
11 0.4074519230769231 0.025240384615384616 0.04326923076923077 0.036057692307692304
11 0.40865384615384615 0.0625 0.042067307692307696 0.036057692307692304
11 0.40865384615384615 0.09975961538461539 0.04326923076923077 0.039663461538461536
11 0.4098557692307692 0.1346153846153846 0.04447115384615385 0.037259615384615384
11 0.4110576923076923 0.171875 0.04447115384615385 0.03485576923076923
11 0.4110576923076923 0.20673076923076922 0.04326923076923077 0.036057692307692304
11 0.4098557692307692 0.24639423076923078 0.04326923076923077 0.038461538461538464
11 0.4110576923076923 0.28125 0.04326923076923077 0.037259615384615384
11 0.453125 0.2848557692307692 0.04567307692307692 0.037259615384615384
11 0.4543269230769231 0.24759615384615385 0.046875 0.03365384615384615
11 0.453125 0.21153846153846154 0.04567307692307692 0.036057692307692304
11 0.453125 0.17427884615384615 0.04567307692307692 0.040865384615384616
11 0.453125 0.13822115384615385 0.04567307692307692 0.038461538461538464
11 0.4543269230769231 0.10096153846153846 0.046875 0.04567307692307692
11 0.4543269230769231 0.06490384615384616 0.04567307692307692 0.038461538461538464
11 0.4543269230769231 0.026442307692307692 0.046875 0.038461538461538464
11 0.5048076923076923 0.021634615384615384 0.04567307692307692 0.036057692307692304
11 0.5048076923076923 0.056490384615384616 0.046875 0.04567307692307692
11 0.5048076923076923 0.09615384615384616 0.046875 0.04447115384615385
11 0.5048076923076923 0.13341346153846154 0.046875 0.04927884615384615
11 0.5036057692307693 0.16826923076923078 0.046875 0.04807692307692308
11 0.5024038461538461 0.20793269230769232 0.046875 0.05048076923076923
11 0.5024038461538461 0.24158653846153846 0.046875 0.04807692307692308
11 0.5024038461538461 0.27884615384615385 0.046875 0.037259615384615384
11 0.5456730769230769 0.28125 0.04567307692307692 0.040865384615384616
11 0.546875 0.24158653846153846 0.046875 0.040865384615384616
11 0.5480769230769231 0.20552884615384615 0.04807692307692308 0.038461538461538464
11 0.5492788461538461 0.16947115384615385 0.04567307692307692 0.038461538461538464
11 0.5492788461538461 0.13221153846153846 0.046875 0.042067307692307696
11 0.5492788461538461 0.09375 0.04927884615384615 0.04326923076923077
11 0.5492788461538461 0.056490384615384616 0.046875 0.040865384615384616
11 0.5504807692307693 0.018028846153846152 0.046875 0.03485576923076923
11 0.18524111298076923 0.3115505360576923 0.18545042307692305 0.34711942307692306 0.23010451201923077 0.3537305264423077 0.2309314423076923 0.3162676105769231 0.18524111298076923 0.3115505360576923
11 0.18379648317307692 0.34932313221153843 0.18338301923076922 0.3867860384615385 0.22927750240384615 0.39413170913461537 0.22969096875 0.35666878365384613 0.18379648317307692 0.34932313221153843
11 0.18048884615384614 0.42424894471153846 0.22638331971153847 0.4315946153846154 0.22806527403846152 0.39045886298076926 0.18131576682692307 0.38531689903846156 0.18048884615384614 0.42424894471153846
11 0.23054598557692307 0.42939092788461536 0.1838245841346154 0.4271872211538461 0.18217072355769232 0.46391555769230763 0.22847867307692307 0.4705266610576923 0.22806519711538462 0.42939092788461536 0.23054598557692307 0.42939092788461536
11 0.2294180144230769 0.5097135120192308 0.2289072596153846 0.4658555528846154 0.18311006971153845 0.4616209855769231 0.18270839182692308 0.49910040384615384 0.2294180144230769 0.5097135120192308
11 0.1841072091346154 0.5378868052884616 0.23024490865384614 0.5424238341346154 0.23041515384615385 0.5046152427884615 0.1830757283653846 0.5004620384615385 0.1841072091346154 0.5378868052884616
11 0.18486116826923077 0.5357695456730769 0.18400992067307692 0.5747880144230769 0.23116911298076925 0.5796275120192308 0.23133936778846154 0.5424238533653847 0.18486116826923077 0.5357695456730769
11 0.23243380528846155 0.5764731875 0.1861258605769231 0.5746583846153845 0.18731760817307694 0.6142817860576923 0.23430655528846153 0.6151891850961538 0.23243380528846155 0.5764731875
11 0.23530255528846153 0.614118201923077 0.19001721875 0.6111383894230769 0.18950647115384617 0.6480395865384616 0.2351334158653846 0.653181545673077 0.23530255528846153 0.614118201923077
11 0.22970531009615386 0.35116523557692303 0.2746512620192308 0.35721461298076923 0.2746512620192308 0.3148689951923077 0.22885406249999998 0.3139615841346154 0.22970531009615386 0.35116523557692303
11 0.22882969951923077 0.3874724254807692 0.27530789182692306 0.3923119230769231 0.27581864663461536 0.3542008629807692 0.2308550048076923 0.3495905889423077 0.22882969951923077 0.3874724254807692
11 0.27462690865384615 0.3908646538461538 0.2747262596153846 0.39080581490384614 0.22746770673076921 0.3860251466346154 0.22644620432692308 0.427463375 0.2729243966346154 0.4316979326923077 0.27462690865384615 0.3908646538461538
11 0.22887825961538463 0.46741107451923075 0.27382421153846154 0.46952835336538457 0.2741647019230769 0.4293000144230769 0.2276865120192308 0.4271827355769231 0.22887825961538463 0.46741107451923075
11 0.2300456754807692 0.5045933822115385 0.27550237499999997 0.5079205408653846 0.27499162019230766 0.46890207211538465 0.2287861995192308 0.4661483149038462 0.2300456754807692 0.5045933822115385
11 0.2305564230769231 0.5016119038461538 0.23072667788461537 0.5400254350961539 0.2766941322115385 0.54395753125 0.2756726201923077 0.5052415336538462 0.2305564230769231 0.5016119038461538
11 0.23048346394230768 0.5387187355769231 0.23150496634615386 0.5765273269230768 0.27696165625 0.5795520144230769 0.2761104086538462 0.5408360144230769 0.23048346394230768 0.5387187355769231
11 0.23337771634615387 0.6126939254807693 0.2786641682692308 0.616928485576923 0.2781534134615385 0.5767001466346154 0.23218596875000003 0.5751877980769231 0.23337771634615387 0.6126939254807693
11 0.2794910625 0.6146383942307693 0.23488561057692306 0.6119161754807693 0.23539635817307694 0.6479099567307693 0.27863981490384615 0.652749454326923 0.2794910625 0.6146383942307693
11 0.2980769230769231 0.3401442307692308 0.046875 0.042067307692307696
11 0.29927884615384615 0.37740384615384615 0.04567307692307692 0.040865384615384616
11 0.296875 0.41466346153846156 0.04567307692307692 0.040865384615384616
11 0.2956730769230769 0.453125 0.04567307692307692 0.040865384615384616
11 0.296875 0.49038461538461536 0.04567307692307692 0.040865384615384616
11 0.2980769230769231 0.5276442307692307 0.04567307692307692 0.040865384615384616
11 0.3004807692307692 0.5649038461538461 0.04567307692307692 0.039663461538461536
11 0.3004807692307692 0.6009615384615384 0.04567307692307692 0.038461538461538464
11 0.3016826923076923 0.6358173076923077 0.04447115384615385 0.039663461538461536
11 0.34615384615384615 0.6370192307692307 0.04447115384615385 0.037259615384615384
11 0.3449519230769231 0.6009615384615384 0.04447115384615385 0.036057692307692304
11 0.3449519230769231 0.5661057692307693 0.04567307692307692 0.037259615384615384
11 0.3425480769230769 0.5288461538461539 0.04567307692307692 0.039663461538461536
11 0.34134615384615385 0.49158653846153844 0.046875 0.039663461538461536
11 0.34134615384615385 0.453125 0.046875 0.038461538461538464
11 0.3425480769230769 0.4170673076923077 0.04567307692307692 0.039663461538461536
11 0.3449519230769231 0.37740384615384615 0.046875 0.039663461538461536
11 0.34375 0.3389423076923077 0.04567307692307692 0.039663461538461536
11 0.3894230769230769 0.33774038461538464 0.04567307692307692 0.042067307692307696
11 0.390625 0.37740384615384615 0.046875 0.038461538461538464
11 0.38822115384615385 0.4170673076923077 0.04567307692307692 0.039663461538461536
11 0.38822115384615385 0.45552884615384615 0.04567307692307692 0.039663461538461536
11 0.38822115384615385 0.49158653846153844 0.046875 0.039663461538461536
11 0.38822115384615385 0.5276442307692307 0.046875 0.038461538461538464
11 0.3870192307692308 0.5637019230769231 0.04447115384615385 0.038461538461538464
11 0.390625 0.6021634615384616 0.04567307692307692 0.037259615384615384
11 0.3894230769230769 0.6370192307692307 0.04326923076923077 0.039663461538461536
11 0.4338942307692308 0.6358173076923077 0.04447115384615385 0.038461538461538464
11 0.43509615384615385 0.5973557692307693 0.04567307692307692 0.037259615384615384
11 0.4326923076923077 0.5637019230769231 0.04567307692307692 0.03485576923076923
11 0.4326923076923077 0.5252403846153846 0.046875 0.038461538461538464
11 0.4326923076923077 0.49038461538461536 0.04567307692307692 0.037259615384615384
11 0.4326923076923077 0.4519230769230769 0.04447115384615385 0.038461538461538464
11 0.43509615384615385 0.41586538461538464 0.04567307692307692 0.038461538461538464
11 0.4362980769230769 0.3786057692307692 0.04567307692307692 0.039663461538461536
11 0.43509615384615385 0.3401442307692308 0.04447115384615385 0.037259615384615384
11 0.4807692307692308 0.3425480769230769 0.04447115384615385 0.039663461538461536
11 0.48197115384615385 0.3786057692307692 0.04447115384615385 0.040865384615384616
11 0.48197115384615385 0.41586538461538464 0.04567307692307692 0.040865384615384616
11 0.4855769230769231 0.46274038461538464 0.04807692307692308 0.04326923076923077
11 0.4795673076923077 0.5252403846153846 0.04447115384615385 0.039663461538461536
11 0.4795673076923077 0.5612980769230769 0.04447115384615385 0.037259615384615384
11 0.4795673076923077 0.5973557692307693 0.04326923076923077 0.037259615384615384
11 0.4807692307692308 0.6346153846153846 0.04447115384615385 0.040865384615384616
11 0.5264423076923077 0.34375 0.04447115384615385 0.042067307692307696
11 0.5264423076923077 0.38100961538461536 0.04567307692307692 0.040865384615384616
11 0.5288461538461539 0.41947115384615385 0.04567307692307692 0.038461538461538464
11 0.53125 0.4543269230769231 0.04326923076923077 0.038461538461538464
11 0.5240384615384616 0.5637019230769231 0.04447115384615385 0.038461538461538464
11 0.5252403846153846 0.5985576923076923 0.04447115384615385 0.037259615384615384
11 0.5264423076923077 0.6358173076923077 0.04326923076923077 0.038461538461538464
11 0.5949519230769231 0.019230769230769232 0.04326923076923077 0.036057692307692304
11 0.59375 0.056490384615384616 0.04326923076923077 0.040865384615384616
11 0.5925480769230769 0.09375 0.04326923076923077 0.040865384615384616
11 0.5913461538461539 0.1310096153846154 0.04326923076923077 0.040865384615384616
11 0.5913461538461539 0.16706730769230768 0.04326923076923077 0.039663461538461536
11 0.5901442307692307 0.20552884615384615 0.04326923076923077 0.042067307692307696
11 0.5901442307692307 0.2403846153846154 0.042067307692307696 0.042067307692307696
11 0.5901442307692307 0.2776442307692308 0.04326923076923077 0.039663461538461536
11 0.6310096153846154 0.2764423076923077 0.04326923076923077 0.038461538461538464
11 0.6322115384615384 0.24158653846153846 0.04326923076923077 0.038461538461538464
11 0.6334134615384616 0.20552884615384615 0.04326923076923077 0.038461538461538464
11 0.6358173076923077 0.16826923076923078 0.04326923076923077 0.039663461538461536
11 0.6358173076923077 0.13221153846153846 0.04447115384615385 0.042067307692307696
11 0.6358173076923077 0.09495192307692307 0.04326923076923077 0.040865384615384616
11 0.6370192307692307 0.05889423076923077 0.04326923076923077 0.042067307692307696
11 0.6370192307692307 0.019230769230769232 0.04326923076923077 0.038461538461538464
11 0.6814903846153846 0.021634615384615384 0.04326923076923077 0.039663461538461536
11 0.6802884615384616 0.05889423076923077 0.04447115384615385 0.040865384615384616
11 0.6790865384615384 0.09495192307692307 0.04326923076923077 0.040865384615384616
11 0.6790865384615384 0.13341346153846154 0.04447115384615385 0.039663461538461536
11 0.6766826923076923 0.16826923076923078 0.04326923076923077 0.040865384615384616
11 0.6766826923076923 0.20432692307692307 0.04326923076923077 0.04326923076923077
11 0.6754807692307693 0.2403846153846154 0.04326923076923077 0.042067307692307696
11 0.6742788461538461 0.2776442307692308 0.04326923076923077 0.040865384615384616
11 0.7163461538461539 0.2776442307692308 0.04326923076923077 0.040865384615384616
11 0.71875 0.2403846153846154 0.04326923076923077 0.039663461538461536
11 0.7223557692307693 0.20432692307692307 0.04447115384615385 0.040865384615384616
11 0.7235576923076923 0.16826923076923078 0.04326923076923077 0.04326923076923077
11 0.7259615384615384 0.1310096153846154 0.04447115384615385 0.040865384615384616
11 0.7247596153846154 0.09375 0.04326923076923077 0.039663461538461536
11 0.7235576923076923 0.056490384615384616 0.04326923076923077 0.037259615384615384
11 0.7259615384615384 0.019230769230769232 0.04326923076923077 0.038461538461538464
11 0.703125 0.3473557692307692 0.04447115384615385 0.040865384615384616
11 0.7043269230769231 0.38341346153846156 0.04567307692307692 0.038461538461538464
11 0.7043269230769231 0.4182692307692308 0.04567307692307692 0.037259615384615384
11 0.7067307692307693 0.4543269230769231 0.04447115384615385 0.039663461538461536
11 0.7079326923076923 0.49278846153846156 0.04326923076923077 0.038461538461538464
11 0.7067307692307693 0.5264423076923077 0.04326923076923077 0.038461538461538464
11 0.6995192307692307 0.5637019230769231 0.04447115384615385 0.038461538461538464
11 0.6983173076923077 0.5997596153846154 0.04326923076923077 0.038461538461538464
11 0.6959134615384616 0.6358173076923077 0.04326923076923077 0.037259615384615384
11 0.6526442307692307 0.6370192307692307 0.04326923076923077 0.03485576923076923
11 0.6550480769230769 0.6009615384615384 0.04447115384615385 0.037259615384615384
11 0.6538461538461539 0.5649038461538461 0.04326923076923077 0.039663461538461536
11 0.6550480769230769 0.5300480769230769 0.04447115384615385 0.03485576923076923
11 0.6622596153846154 0.49278846153846156 0.04447115384615385 0.038461538461538464
11 0.6634615384615384 0.45552884615384615 0.04447115384615385 0.036057692307692304
11 0.6610576923076923 0.41947115384615385 0.04447115384615385 0.037259615384615384
11 0.6598557692307693 0.38341346153846156 0.04447115384615385 0.038461538461538464
11 0.6586538461538461 0.34615384615384615 0.04447115384615385 0.039663461538461536
11 0.6153846153846154 0.3449519230769231 0.04567307692307692 0.037259615384615384
11 0.5697115384615384 0.34615384615384615 0.04567307692307692 0.042067307692307696
11 0.5697115384615384 0.38221153846153844 0.04567307692307692 0.040865384615384616
11 0.5721153846153846 0.41947115384615385 0.04567307692307692 0.038461538461538464
11 0.5745192307692307 0.45552884615384615 0.04567307692307692 0.038461538461538464
11 0.5733173076923077 0.49158653846153844 0.04447115384615385 0.038461538461538464
11 0.5300480769230769 0.49038461538461536 0.04326923076923077 0.039663461538461536
11 0.6153846153846154 0.49158653846153844 0.04567307692307692 0.039663461538461536
11 0.6189903846153846 0.4543269230769231 0.04447115384615385 0.038461538461538464
11 0.6153846153846154 0.4206730769230769 0.04447115384615385 0.036057692307692304
11 0.6165865384615384 0.38341346153846156 0.04447115384615385 0.038461538461538464
11 0.5685096153846154 0.5264423076923077 0.04447115384615385 0.039663461538461536
11 0.6117788461538461 0.5288461538461539 0.04447115384615385 0.037259615384615384
11 0.5685096153846154 0.5637019230769231 0.04567307692307692 0.040865384615384616
11 0.6117788461538461 0.5649038461538461 0.04567307692307692 0.039663461538461536
11 0.5673076923076923 0.5985576923076923 0.04447115384615385 0.039663461538461536
11 0.6117788461538461 0.6009615384615384 0.04447115384615385 0.038461538461538464
11 0.5673076923076923 0.6346153846153846 0.04326923076923077 0.037259615384615384
11 0.6105769230769231 0.6358173076923077 0.04326923076923077 0.040865384615384616
11 0.4891826923076923 0.6826923076923077 0.040865384615384616 0.03485576923076923
11 0.4855769230769231 0.7175480769230769 0.042067307692307696 0.03365384615384615
11 0.5264423076923077 0.7151442307692307 0.042067307692307696 0.03485576923076923
11 0.5300480769230769 0.6814903846153846 0.040865384615384616 0.036057692307692304
11 0.484375 0.7512019230769231 0.040865384615384616 0.03485576923076923
11 0.484375 0.7848557692307693 0.040865384615384616 0.03365384615384615
11 0.484375 0.8173076923076923 0.042067307692307696 0.036057692307692304
11 0.4831730769230769 0.8509615384615384 0.040865384615384616 0.03485576923076923
11 0.484375 0.8858173076923077 0.042067307692307696 0.03365384615384615
11 0.4855769230769231 0.9182692307692307 0.040865384615384616 0.03485576923076923
11 0.484375 0.9507211538461539 0.042067307692307696 0.036057692307692304
11 0.5252403846153846 0.953125 0.040865384615384616 0.039663461538461536
11 0.5264423076923077 0.9206730769230769 0.040865384615384616 0.03485576923076923
11 0.5252403846153846 0.8846153846153846 0.042067307692307696 0.03365384615384615
11 0.5252403846153846 0.8521634615384616 0.040865384615384616 0.036057692307692304
11 0.5252403846153846 0.8197115384615384 0.040865384615384616 0.038461538461538464
11 0.5252403846153846 0.7848557692307693 0.042067307692307696 0.039663461538461536
11 0.5240384615384616 0.7512019230769231 0.040865384615384616 0.037259615384615384
11 0.5697115384615384 0.6826923076923077 0.042067307692307696 0.038461538461538464
11 0.6117788461538461 0.6826923076923077 0.04326923076923077 0.03365384615384615
11 0.5673076923076923 0.7151442307692307 0.042067307692307696 0.036057692307692304
11 0.5673076923076923 0.75 0.039663461538461536 0.03485576923076923
11 0.5673076923076923 0.7860576923076923 0.042067307692307696 0.036057692307692304
11 0.5661057692307693 0.8197115384615384 0.042067307692307696 0.038461538461538464
11 0.5661057692307693 0.8509615384615384 0.04326923076923077 0.036057692307692304
11 0.5661057692307693 0.8870192307692307 0.042067307692307696 0.036057692307692304
11 0.5661057692307693 0.9194711538461539 0.042067307692307696 0.037259615384615384
11 0.5649038461538461 0.953125 0.040865384615384616 0.039663461538461536
11 0.6105769230769231 0.7175480769230769 0.042067307692307696 0.036057692307692304
11 0.6117788461538461 0.7512019230769231 0.04326923076923077 0.036057692307692304
11 0.6117788461538461 0.7836538461538461 0.042067307692307696 0.036057692307692304
11 0.6117788461538461 0.8185096153846154 0.042067307692307696 0.037259615384615384
11 0.6117788461538461 0.8533653846153846 0.042067307692307696 0.039663461538461536
11 0.609375 0.8858173076923077 0.040865384615384616 0.03365384615384615
11 0.6081730769230769 0.9206730769230769 0.042067307692307696 0.03485576923076923
11 0.6069711538461539 0.953125 0.040865384615384616 0.037259615384615384
11 0.6526442307692307 0.6814903846153846 0.042067307692307696 0.037259615384615384
11 0.6935096153846154 0.6850961538461539 0.040865384615384616 0.036057692307692304
11 0.6935096153846154 0.7199519230769231 0.04326923076923077 0.040865384615384616
11 0.6935096153846154 0.7512019230769231 0.040865384615384616 0.037259615384615384
11 0.6935096153846154 0.7860576923076923 0.042067307692307696 0.037259615384615384
11 0.6935096153846154 0.8197115384615384 0.042067307692307696 0.03365384615384615
11 0.6526442307692307 0.7163461538461539 0.042067307692307696 0.036057692307692304
11 0.6526442307692307 0.75 0.042067307692307696 0.038461538461538464
11 0.6538461538461539 0.7848557692307693 0.040865384615384616 0.042067307692307696
11 0.6526442307692307 0.8197115384615384 0.040865384615384616 0.037259615384615384
11 0.6514423076923077 0.8533653846153846 0.042067307692307696 0.040865384615384616
11 0.6502403846153846 0.8858173076923077 0.040865384615384616 0.037259615384615384
11 0.6490384615384616 0.9206730769230769 0.040865384615384616 0.03485576923076923
11 0.6490384615384616 0.9519230769230769 0.040865384615384616 0.03365384615384615
11 0.6899038461538461 0.9543269230769231 0.040865384615384616 0.03365384615384615
11 0.6911057692307693 0.9194711538461539 0.042067307692307696 0.037259615384615384
11 0.6911057692307693 0.8858173076923077 0.042067307692307696 0.036057692307692304
11 0.6923076923076923 0.8521634615384616 0.042067307692307696 0.03485576923076923
11 0.21875 0.6838942307692307 0.042067307692307696 0.03245192307692308
11 0.2608173076923077 0.6875 0.04326923076923077 0.03365384615384615
11 0.30288461538461536 0.6875 0.042067307692307696 0.03485576923076923
11 0.3449519230769231 0.6887019230769231 0.042067307692307696 0.037259615384615384
11 0.3870192307692308 0.6875 0.042067307692307696 0.03365384615384615
11 0.42908653846153844 0.6887019230769231 0.042067307692307696 0.03485576923076923
11 0.21514423076923078 0.7199519230769231 0.042067307692307696 0.036057692307692304
11 0.2608173076923077 0.71875 0.042067307692307696 0.037259615384615384
11 0.30408653846153844 0.71875 0.04326923076923077 0.037259615384615384
11 0.3449519230769231 0.7223557692307693 0.042067307692307696 0.03365384615384615
11 0.3870192307692308 0.71875 0.04326923076923077 0.03245192307692308
11 0.21394230769230768 0.7548076923076923 0.042067307692307696 0.03485576923076923
11 0.2620192307692308 0.7548076923076923 0.042067307692307696 0.036057692307692304
11 0.30408653846153844 0.7536057692307693 0.042067307692307696 0.036057692307692304
11 0.34975961538461536 0.7560096153846154 0.040865384615384616 0.03485576923076923
11 0.3918269230769231 0.7548076923076923 0.042067307692307696 0.03485576923076923
11 0.4338942307692308 0.7584134615384616 0.042067307692307696 0.03485576923076923
11 0.4338942307692308 0.7908653846153846 0.040865384615384616 0.03485576923076923
11 0.43509615384615385 0.8269230769230769 0.042067307692307696 0.03485576923076923
11 0.4362980769230769 0.8605769230769231 0.040865384615384616 0.036057692307692304
11 0.4375 0.8930288461538461 0.042067307692307696 0.036057692307692304
11 0.43509615384615385 0.9290865384615384 0.042067307692307696 0.036057692307692304
11 0.4362980769230769 0.9615384615384616 0.042067307692307696 0.03485576923076923
11 0.39302884615384615 0.7896634615384616 0.042067307692307696 0.03245192307692308
11 0.39302884615384615 0.8245192307692307 0.04326923076923077 0.036057692307692304
11 0.3942307692307692 0.8581730769230769 0.040865384615384616 0.036057692307692304
11 0.3954326923076923 0.8918269230769231 0.042067307692307696 0.03365384615384615
11 0.3942307692307692 0.9266826923076923 0.040865384615384616 0.03485576923076923
11 0.3954326923076923 0.9591346153846154 0.040865384615384616 0.03485576923076923
11 0.21394230769230768 0.7884615384615384 0.042067307692307696 0.03485576923076923
11 0.21634615384615385 0.8233173076923077 0.042067307692307696 0.03125
11 0.21875 0.8557692307692307 0.042067307692307696 0.03485576923076923
11 0.22235576923076922 0.890625 0.042067307692307696 0.03365384615384615
11 0.22355769230769232 0.9242788461538461 0.042067307692307696 0.03485576923076923
11 0.25841346153846156 0.7884615384615384 0.042067307692307696 0.03485576923076923
11 0.26322115384615385 0.8245192307692307 0.04326923076923077 0.03365384615384615
11 0.2644230769230769 0.8569711538461539 0.04326923076923077 0.03365384615384615
11 0.2668269230769231 0.8918269230769231 0.04326923076923077 0.037259615384615384
11 0.265625 0.9266826923076923 0.042067307692307696 0.036057692307692304
11 0.22956730769230768 0.9591346153846154 0.040865384615384616 0.036057692307692304
11 0.2704326923076923 0.9615384615384616 0.040865384615384616 0.03365384615384615
11 0.3112980769230769 0.9579326923076923 0.042067307692307696 0.03245192307692308
11 0.3076923076923077 0.7872596153846154 0.042067307692307696 0.036057692307692304
11 0.3076923076923077 0.8209134615384616 0.042067307692307696 0.03485576923076923
11 0.3076923076923077 0.8569711538461539 0.042067307692307696 0.03485576923076923
11 0.31009615384615385 0.8882211538461539 0.04326923076923077 0.03245192307692308
11 0.3088942307692308 0.9242788461538461 0.042067307692307696 0.036057692307692304
11 0.34975961538461536 0.7884615384615384 0.040865384615384616 0.037259615384615384
11 0.35096153846153844 0.8245192307692307 0.042067307692307696 0.03485576923076923
11 0.35336538461538464 0.8617788461538461 0.042067307692307696 0.03365384615384615
11 0.3545673076923077 0.8942307692307693 0.042067307692307696 0.03485576923076923
11 0.3545673076923077 0.9266826923076923 0.042067307692307696 0.03485576923076923
11 0.35336538461538464 0.9591346153846154 0.042067307692307696 0.03245192307692308
11 0.4580898197115385 0.5022969350961538 0.4986092764423077 0.50786740625 0.5012623365384615 0.50786740625 0.5022270889423077 0.4838715504807692 0.46194881490384615 0.47744408413461537 0.4606309543269231 0.46703317307692305 0.45857219471153843 0.4684456466346154 0.4580898197115385 0.5022969350961538
11 0.5426086754807693 0.5138663557692308 0.5081188990384615 0.5117238749999999 0.50884246875 0.49972594711538465 0.5025715961538462 0.5018684399038462 0.5030539711538462 0.5370052139423077 0.5102895841346153 0.5357197307692307 0.5095660264423076 0.5352912307692308 0.5086012740384616 0.5357197307692307 0.50884246875 0.5344342331730769 0.5418851177884615 0.5357197307692307 0.5426086754807693 0.5138663557692308
11 0.4520481466346154 0.7421908822115384 0.45535571153846155 0.7414563125 0.4549422644230769 0.7069316730769231 0.4107035649038462 0.7069316730769231 0.41235735336538465 0.7385180456730769 0.4301355144230769 0.7436600192307693 0.4520481466346154 0.7421908822115384