11 0.201171875 0.005208334134615384 0.2021484375 0.03819444471153846 0.2421875 0.03645833413461538 0.24348958413461538 0.003472221153846154 0.201171875 0.005208334134615384
11 0.24609375 0.005208334134615384 0.24609375 0.03645833413461538 0.2509765625 0.04166666586538462 0.287109375 0.03993055528846154 0.2890625 0.003472221153846154 0.24609375 0.005208334134615384
11 0.201171875 0.043402778846153844 0.201171875 0.07118055528846154 0.2041015625 0.07638888942307692 0.2421875 0.07465277884615384 0.244140625 0.04050925961538462 0.201171875 0.043402778846153844
11 0.24609375 0.04398148076923077 0.24609375 0.07638888942307692 0.287109375 0.07465277884615384 0.287109375 0.04166666586538462 0.24609375 0.04398148076923077
11 0.201171875 0.078125 0.2021484375 0.11111111057692308 0.244140625 0.109375 0.2431640625 0.07986111057692308 0.201171875 0.078125
11 0.2897135408653846 0.07986111057692308 0.24674479086538462 0.08101851923076923 0.24544270913461538 0.11805555528846154 0.287109375 0.11284722115384614 0.2890625 0.109375 0.2897135408653846 0.07986111057692308
11 0.24318910336538463 0.1146723653846154 0.19996995192307693 0.1141826923076923 0.20094651442307693 0.1471688028846154 0.2439903846153846 0.1509971514423077 0.24293870192307693 0.14196047115384616 0.24318910336538463 0.1146723653846154
11 0.2861328125 0.11458333413461538 0.24679487259615385 0.1146723653846154 0.24609375 0.13715277884615384 0.24559294951923077 0.15455840384615385 0.2904647427884615 0.1509971514423077 0.28966346153846156 0.11253561298076924 0.2861328125 0.11458333413461538
11 0.19951923076923078 0.14957264903846154 0.20072115384615385 0.18518518509615384 0.24143629807692307 0.1879006418269231 0.24241286057692307 0.15491452884615386 0.19951923076923078 0.14957264903846154
11 0.291015625 0.15798611057692308 0.2920673076923077 0.15242165144230768 0.24839743509615383 0.15242165144230768 0.248046875 0.15798611057692308 0.248046875 0.18229166586538462 0.24879807692307693 0.18945868990384615 0.2890625 0.18576388942307692 0.2924679495192308 0.1866096875 0.291015625 0.15798611057692308
11 0.20347556009615383 0.18923611057692308 0.20445212259615383 0.22222222115384616 0.24799679567307692 0.2236467235576923 0.24719551201923076 0.19017093990384615 0.20347556009615383 0.18923611057692308
11 0.25040064182692306 0.22507122596153847 0.29407051201923073 0.2236467235576923 0.29286858894230766 0.1873219375 0.24919871875000002 0.19017093990384615 0.25040064182692306 0.22507122596153847
11 0.20592948798076924 0.22222222115384616 0.20592948798076924 0.26068375961538465 0.248046875 0.2586805552884615 0.24839743509615383 0.22720797836538462 0.20592948798076924 0.22222222115384616
11 0.2520032043269231 0.22578347596153847 0.251953125 0.23090277884615384 0.2529296875 0.2604166658653846 0.2956730769230769 0.26210826201923076 0.2956730769230769 0.22720797836538462 0.2520032043269231 0.22578347596153847
11 0.2177734375 0.2604166658653846 0.20953525721153848 0.2613960120192308 0.2099609375 0.2951388894230769 0.25240384615384615 0.2984330480769231 0.2520032043269231 0.26353276442307694 0.2177734375 0.2604166658653846
11 0.29607371875 0.26495726442307693 0.25390625 0.265625 0.2520032043269231 0.2984330480769231 0.29296875 0.296875 0.29447115384615385 0.29558404567307694 0.29607371875 0.26495726442307693
11 0.2916666658653846 0.002314814903846154 0.2919921875 0.034722221153846156 0.33333333413461536 0.037037036057692305 0.33463541586538464 0 0.2916666658653846 0.002314814903846154
11 0.337890625 0.001736110576923077 0.3388671875 0.034722221153846156 0.37890625 0.03298611057692308 0.37825520913461536 0 0.337890625 0.001736110576923077
11 0.4189453125 0 0.38151041586538464 0.002314814903846154 0.38216145913461536 0.033564814903846156 0.421875 0.03298611057692308 0.421875 0.005208334134615384 0.4189453125 0
11 0.42643229086538464 0 0.42643229086538464 0.03587962980769231 0.466796875 0.03645833413461538 0.46809895913461536 0 0.42643229086538464 0
11 0.291015625 0.03819444471153846 0.2919921875 0.07291666586538462 0.33203125 0.07118055528846154 0.3310546875 0.03819444471153846 0.291015625 0.03819444471153846
11 0.337890625 0.03935185096153847 0.3388671875 0.07291666586538462 0.3798076923076923 0.07621082692307692 0.38020833413461536 0.03774928846153846 0.337890625 0.03935185096153847
11 0.380859375 0.03587962980769231 0.3828125 0.07407407451923077 0.42317708413461536 0.07407407451923077 0.42447916586538464 0.037037036057692305 0.380859375 0.03587962980769231
11 0.42578125 0.04050925961538462 0.42643229086538464 0.07175925961538462 0.466796875 0.07523148076923078 0.4677734375 0.04166666586538462 0.42578125 0.04050925961538462
11 0.291015625 0.07754629567307693 0.2923177091346154 0.11111111057692308 0.33203125 0.109375 0.33203125 0.07291666586538462 0.291015625 0.07754629567307693
11 0.38060897355769235 0.07478632451923077 0.33774038461538464 0.07336182451923078 0.337890625 0.10590277884615386 0.3408203125 0.11111111057692308 0.361328125 0.109375 0.38216145913461536 0.10879629567307693 0.38060897355769235 0.07478632451923077
11 0.38221153846153844 0.07264957211538461 0.38221153846153844 0.11253561298076924 0.4238782043269231 0.11182336298076923 0.42508012740384615 0.07549857451923077 0.38221153846153844 0.07264957211538461
11 0.4246794879807692 0.07549857451923077 0.42508012740384615 0.11182336298076923 0.46875 0.1146723653846154 0.46915064182692306 0.07692307692307693 0.4246794879807692 0.07549857451923077
11 0.2920673076923077 0.11253561298076924 0.2904647427884615 0.14814814903846155 0.33373397355769235 0.14814814903846155 0.33373397355769235 0.11111111057692308 0.2920673076923077 0.11253561298076924
11 0.33733974278846157 0.10968661057692307 0.33748998317307694 0.13715277884615384 0.33814102644230765 0.14886039903846154 0.3818108966346154 0.14672364663461537 0.38060897355769235 0.10897435817307694 0.33733974278846157 0.10968661057692307
11 0.3857421875 0.11111111057692308 0.38221153846153844 0.11111111057692308 0.38221153846153844 0.1474358966346154 0.42427884615384615 0.14814814903846155 0.4238782043269231 0.11111111057692308 0.3857421875 0.11111111057692308
11 0.4266826923076923 0.11253561298076924 0.42578125 0.11979166586538462 0.4266826923076923 0.1509971514423077 0.4306640625 0.14930555528846154 0.46794871875 0.1509971514423077 0.46834935817307694 0.11538461538461539 0.4266826923076923 0.11253561298076924
11 0.3357371802884615 0.14814814903846155 0.2912660264423077 0.14957264903846154 0.29296875 0.15451388942307692 0.29296875 0.171875 0.2932692307692308 0.1873219375 0.3369391033653846 0.1837606826923077 0.3359375 0.1788194447115385 0.3357371802884615 0.14814814903846155
11 0.3826121802884615 0.14601139663461538 0.3779296875 0.14930555528846154 0.33814102644230765 0.14957264903846154 0.33984375 0.1788194447115385 0.3397435889423077 0.18518518509615384 0.369140625 0.18229166586538462 0.3818108966346154 0.1837606826923077 0.3826121802884615 0.14601139663461538
11 0.4246794879807692 0.1474358966346154 0.4254807692307692 0.1873219375 0.46794871875 0.1873219375 0.46955128125 0.1502849014423077 0.4246794879807692 0.1474358966346154
11 0.29407051201923073 0.18447293509615384 0.2948717956730769 0.2236467235576923 0.33733974278846157 0.22008547115384614 0.33653846153846156 0.18447293509615384 0.29407051201923073 0.18447293509615384
11 0.29607371875 0.22222222115384616 0.29727564182692306 0.2585470096153846 0.3393429495192307 0.2592592596153846 0.3397435889423077 0.2229344735576923 0.29607371875 0.22222222115384616
11 0.3401442307692308 0.2599715096153846 0.2956730769230769 0.2599715096153846 0.296875 0.265625 0.29607371875 0.29558404567307694 0.2998046875 0.2951388894230769 0.3359375 0.29340277884615384 0.3397435889423077 0.2948717956730769 0.3401442307692308 0.2599715096153846
11 0.3401442307692308 0.18518518509615384 0.3401442307692308 0.22079772115384613 0.3838141033653846 0.21866096875000002 0.38141025721153843 0.1837606826923077 0.3401442307692308 0.18518518509615384
11 0.3401442307692308 0.21937321875 0.34054487259615385 0.25712250721153845 0.3838141033653846 0.2564102572115385 0.3818108966346154 0.21937321875 0.3401442307692308 0.21937321875
11 0.34054487259615385 0.2564102572115385 0.34054487259615385 0.29415954326923077 0.38341346153846156 0.29415954326923077 0.3830128197115385 0.25712250721153845 0.34054487259615385 0.2564102572115385
11 0.38341346153846156 0.18589743509615383 0.38341346153846156 0.2229344735576923 0.4262820504807693 0.22079772115384613 0.4258814110576923 0.18589743509615383 0.38341346153846156 0.18589743509615383
11 0.4266826923076923 0.22222222115384616 0.38221153846153844 0.22008547115384614 0.38341346153846156 0.2556980048076923 0.421875 0.2552083341346154 0.4262820504807693 0.25712250721153845 0.4266826923076923 0.22222222115384616
11 0.42508012740384615 0.2578347572115385 0.3838141033653846 0.2549857548076923 0.38421474278846157 0.29558404567307694 0.42508012740384615 0.29202279086538463 0.4258814110576923 0.26994301923076924 0.42508012740384615 0.2578347572115385
11 0.4262820504807693 0.1866096875 0.4262820504807693 0.2243589735576923 0.46875 0.22079772115384613 0.46834935817307694 0.1880341875 0.4262820504807693 0.1866096875
11 0.4262820504807693 0.2229344735576923 0.42748397355769235 0.2585470096153846 0.46915064182692306 0.26068375961538465 0.46955128125 0.2229344735576923 0.4262820504807693 0.2229344735576923
11 0.4262820504807693 0.25712250721153845 0.4266826923076923 0.29558404567307694 0.46794871875 0.29558404567307694 0.46915064182692306 0.2592592596153846 0.4262820504807693 0.25712250721153845
11 0.4775641033653846 0.001424502403846154 0.4767628197115385 0.028490028846153845 0.5196314110576923 0.03561253605769231 0.5200320504807693 0.00071225 0.4775641033653846 0.001424502403846154
11 0.523838141826923 0.001736110576923077 0.5240384615384616 0.031339031249999996 0.5665064110576923 0.03205128125 0.5669070504807693 0 0.523838141826923 0.001736110576923077
11 0.5881410264423077 0.001424502403846154 0.56755809375 0.0024483629807692305 0.56853465625 0.028490028846153845 0.609375 0.03062678125 0.609775641826923 0.002136752403846154 0.5881410264423077 0.001424502403846154
11 0.6105769230769231 0.00071225 0.609775641826923 0.031339031249999996 0.6536458341346154 0.033564814903846156 0.654296875 0 0.6105769230769231 0.00071225
11 0.4853515625 0.03240740625 0.47716346153846156 0.031339031249999996 0.4765625 0.06944444471153846 0.5201822908653846 0.07060185096153847 0.5220352572115384 0.03418803365384616 0.4853515625 0.03240740625
11 0.5216346153846154 0.034900286057692305 0.5227864591346154 0.06944444471153846 0.5637019230769231 0.07051281971153846 0.5657051274038462 0.034900286057692305 0.5216346153846154 0.034900286057692305
11 0.5657051274038462 0.03205128125 0.5653044879807692 0.0669515673076923 0.6081730769230769 0.06908831971153846 0.608974358173077 0.03205128125 0.5657051274038462 0.03205128125
11 0.6494140625 0.034722221153846156 0.611328125 0.03645833413461538 0.611328125 0.06423611057692308 0.6142578125 0.06944444471153846 0.650390625 0.06770833413461538 0.65234375 0.046875 0.6494140625 0.034722221153846156
11 0.3828125 0.14872685096153845 0.38441506490384614 0.18411681009615383 0.42578125 0.18402777884615384 0.4252804495192307 0.15064102644230767 0.3828125 0.14872685096153845
11 0.47716346153846156 0.06908831971153846 0.4765625 0.07670049759615384 0.4765625 0.09753383173076924 0.4767628197115385 0.10327635336538463 0.5196314110576923 0.10754985817307693 0.5200320504807693 0.07122507211538462 0.47716346153846156 0.06908831971153846
11 0.4755608966346154 0.10612535576923077 0.4763621802884615 0.1417378918269231 0.51953125 0.14930555528846154 0.5192307692307693 0.11111111057692308 0.4755608966346154 0.10612535576923077
11 0.5204326923076923 0.14672364663461537 0.47796474278846157 0.14458689423076923 0.4765625 0.15451388942307692 0.4755608966346154 0.17877492788461538 0.513671875 0.18229166586538462 0.5196314110576923 0.1837606826923077 0.5204326923076923 0.14672364663461537
11 0.47435897355769235 0.1830484326923077 0.47541065625 0.20935719471153844 0.47596153846153844 0.21723646634615384 0.5176282043269231 0.2236467235576923 0.5184294879807692 0.1873219375 0.47435897355769235 0.1830484326923077
11 0.4763621802884615 0.21581196634615385 0.47596153846153844 0.2542735048076923 0.5188301274038462 0.2578347572115385 0.5192307692307693 0.2243589735576923 0.4763621802884615 0.21581196634615385
11 0.47721354086538464 0.25347222115384616 0.47591145913461536 0.2916666658653846 0.5201822908653846 0.2951388894230769 0.5188802091346154 0.2569444447115385 0.47721354086538464 0.25347222115384616
11 0.519931891826923 0.22048611057692308 0.520908454326923 0.25347222115384616 0.562099358173077 0.2556980048076923 0.5625 0.22150997115384616 0.519931891826923 0.22048611057692308
11 0.5200320504807693 0.18091168028846155 0.5204326923076923 0.21723646634615384 0.56169871875 0.21581196634615385 0.5637019230769231 0.18162393269230767 0.5200320504807693 0.18091168028846155
11 0.5216346153846154 0.14316239423076924 0.5220352572115384 0.18233618269230767 0.562900641826923 0.18233618269230767 0.5641025649038461 0.14672364663461537 0.5216346153846154 0.14316239423076924
11 0.5212339735576923 0.10683760576923076 0.5208333341346154 0.14387464423076923 0.56640625 0.1446759254807692 0.564453125 0.10416666586538462 0.5212339735576923 0.10683760576923076
11 0.5657051274038462 0.07193732211538462 0.5259164663461539 0.06873219471153846 0.5210336538461539 0.0739405264423077 0.5220102163461539 0.1034544158653846 0.5600961538461539 0.1051905264423077 0.5637019230769231 0.10612535576923077 0.5657051274038462 0.07193732211538462
11 0.596279045673077 0.06944444471153846 0.5657051274038462 0.06908831971153846 0.5661057692307693 0.10541310576923077 0.6073717956730769 0.10683760576923076 0.6065705120192308 0.07122507211538462 0.596279045673077 0.06944444471153846
11 0.6005859375 0.10763888942307692 0.5657051274038462 0.10185185096153847 0.5649038461538461 0.14316239423076924 0.5732421875 0.14236111057692308 0.6061698725961538 0.14458689423076923 0.609375 0.10754985817307693 0.6005859375 0.10763888942307692
11 0.5645032043269231 0.14102564182692306 0.564453125 0.16840277884615384 0.5641025649038461 0.17877492788461538 0.6073717956730769 0.17948718028846156 0.60857371875 0.14672364663461537 0.5645032043269231 0.14102564182692306
11 0.5637019230769231 0.18019943028846155 0.564052483173077 0.2100694447115385 0.5645032043269231 0.21652421634615385 0.6057692307692307 0.21866096875000002 0.6057692307692307 0.18162393269230767 0.5637019230769231 0.18019943028846155
11 0.562900641826923 0.21794871875000002 0.5630258413461539 0.25213675240384614 0.6041666658653846 0.2564102572115385 0.6041666658653846 0.22008547115384614 0.562900641826923 0.21794871875000002
11 0.5654296875 0.25347222115384616 0.5625 0.2586805552884615 0.5625 0.2905092596153846 0.6061197908653846 0.2916666658653846 0.603515625 0.25347222115384616 0.5654296875 0.25347222115384616
11 0.60546875 0.2552083341346154 0.603515625 0.2870370360576923 0.6451822908653846 0.2905092596153846 0.6484375 0.25347222115384616 0.60546875 0.2552083341346154
11 0.6479116586538461 0.21875 0.6045673076923077 0.21723646634615384 0.6059194711538461 0.25231481490384616 0.6469350961538461 0.2517361105769231 0.6488882211538461 0.24826388942307692 0.6479116586538461 0.21875
11 0.6059695504807693 0.18086716586538462 0.6059695504807693 0.21269586778846156 0.6474358966346153 0.21866096875000002 0.6490384615384616 0.18019943028846155 0.6059695504807693 0.18086716586538462
11 0.6080729158653846 0.1452546298076923 0.6087239591346154 0.1805555552884615 0.6490885408653846 0.18402777884615384 0.6498397427884615 0.14814814903846155 0.6080729158653846 0.1452546298076923
11 0.6110026033653846 0.10532407451923077 0.6080729158653846 0.11053240625 0.6090494783653846 0.14004629567307691 0.6510416658653846 0.1446759254807692 0.6529947908653846 0.10763888942307692 0.6110026033653846 0.10532407451923077
11 0.609375 0.07118055528846154 0.6080729158653846 0.10300925961538462 0.65234375 0.10995370432692307 0.65234375 0.07060185096153847 0.609375 0.07118055528846154
11 0.6538461538461539 0 0.654296875 0.008680555288461539 0.6536458341346154 0.034722221153846156 0.6953125 0.03298611057692308 0.697265625 0.026041665865384613 0.6962890625 0 0.6538461538461539 0
11 0.65349559375 0.03717058413461539 0.6528445504807692 0.07247150961538461 0.6951622596153846 0.07362891826923076 0.6963141033653847 0.03632478605769231 0.65349559375 0.03717058413461539
11 0.6534455120192307 0.06908831971153846 0.6516927091346154 0.10763888942307692 0.6940104158653846 0.10995370432692307 0.6946614591346154 0.07175925961538462 0.6534455120192307 0.06908831971153846
11 0.6510416658653846 0.10648148076923077 0.65234375 0.14583333413461538 0.6920572908653846 0.15046296394230768 0.6923828125 0.11111111057692308 0.6510416658653846 0.10648148076923077
11 0.65234375 0.14756944471153846 0.6510416658653846 0.18287037019230767 0.6920572908653846 0.18402777884615384 0.6946614591346154 0.14814814903846155 0.65234375 0.14756944471153846
11 0.6501151850961538 0.25605413221153844 0.6471854975961538 0.2612624639423077 0.6452323725961538 0.29193375961538465 0.687550079326923 0.29309116826923076 0.689503204326923 0.2583689447115385 0.6501151850961538 0.25605413221153844
11 0.6490384615384616 0.2143874639423077 0.6490885408653846 0.25231481490384616 0.6920572908653846 0.25115740625 0.6927083341346154 0.21794871875000002 0.6490384615384616 0.2143874639423077
11 0.6508413461538461 0.18184650961538462 0.6508413461538461 0.21714743509615383 0.6925080120192307 0.21830484374999998 0.6919070504807692 0.18233618269230767 0.6508413461538461 0.18184650961538462
11 0.5188802091346154 0.2546296298076923 0.51953125 0.2893518509615384 0.5618489591346154 0.2951388894230769 0.5631510408653846 0.25115740625 0.5188802091346154 0.2546296298076923
11 0.693359375 0.21759259375 0.69140625 0.2546296298076923 0.732421875 0.2517361105769231 0.7347756418269231 0.21866096875000002 0.693359375 0.21759259375
11 0.69140625 0.2552083341346154 0.69140625 0.2881944447115385 0.7317708341346154 0.2893518509615384 0.7337239591346154 0.25 0.69140625 0.2552083341346154
11 0.6955128197115384 0.18019943028846155 0.6962890625 0.21527777884615384 0.7367788461538461 0.21866096875000002 0.7356770841346154 0.18287037019230767 0.6955128197115384 0.18019943028846155
11 0.7001953125 0.14236111057692308 0.697265625 0.14756944471153846 0.6979166658653846 0.17735042788461539 0.73828125 0.1788194447115385 0.740234375 0.14699074038461538 0.7001953125 0.14236111057692308
11 0.69921875 0.10300925961538462 0.69921875 0.13715277884615384 0.7021484375 0.14236111057692308 0.740234375 0.140625 0.7403846153846154 0.11111111057692308 0.69921875 0.10300925961538462
11 0.6968149038461539 0.0682870360576923 0.6958383413461539 0.10416666586538462 0.7391826923076923 0.10826210817307692 0.7399839735576923 0.07051281971153846 0.6968149038461539 0.0682870360576923
11 0.6976161850961538 0.031561610576923076 0.6976161850961538 0.05239494230769231 0.6976161850961538 0.06801994230769232 0.7399839735576923 0.07122507211538462 0.7407852572115385 0.03347578365384615 0.6976161850961538 0.031561610576923076
11 0.69921875 0.001736110576923077 0.6991185889423076 0.028490028846153845 0.7415364591346154 0.033564814903846156 0.7392578125 0 0.69921875 0.001736110576923077
11 0.2197265625 0.30902777884615384 0.1796875 0.310763889423077 0.17708333413461538 0.34490740625 0.22200520913461538 0.3495370360576923 0.22265625 0.314236110576923 0.2197265625 0.30902777884615384
11 0.224609375 0.3107193725961538 0.2242087331730769 0.3498931634615384 0.2694811706730769 0.3470441586538462 0.26867988701923073 0.312143875 0.224609375 0.3107193725961538
11 0.26883012740384615 0.3162393173076923 0.26963141105769234 0.3518518509615385 0.3145032043269231 0.3518518509615385 0.3145032043269231 0.3176638173076923 0.26883012740384615 0.3162393173076923
11 0.31410256490384614 0.31481481490384616 0.3161057692307692 0.3532763533653846 0.359375 0.3518518509615385 0.35977564182692306 0.31481481490384616 0.31410256490384614 0.31481481490384616
11 0.4050480769230769 0.31339031250000005 0.3955078125 0.31597222115384616 0.36177884615384615 0.31410256490384614 0.36017628125 0.3518518509615385 0.388671875 0.34895833413461536 0.40544871875 0.3518518509615385 0.4050480769230769 0.31339031250000005
11 0.177734375 0.34895833413461536 0.1758814110576923 0.3839031346153846 0.22075320432692308 0.3839031346153846 0.22195512740384615 0.34900284855769226 0.177734375 0.34895833413461536
11 0.22220552884615385 0.34824608173076926 0.22318209134615385 0.38123219471153846 0.26883012740384615 0.38746438701923075 0.2692307692307692 0.34900284855769226 0.22220552884615385 0.34824608173076926
11 0.26988181009615386 0.35376602644230765 0.2692307692307692 0.388888889423077 0.3153044879807692 0.3931623942307692 0.3145032043269231 0.35470085576923077 0.26988181009615386 0.35376602644230765
11 0.3169070504807693 0.3896011394230769 0.3621794879807692 0.39245014182692306 0.36177884615384615 0.3554131057692308 0.3145032043269231 0.3518518509615385 0.3169070504807693 0.3896011394230769
11 0.3637820504807693 0.35113960096153846 0.3633814110576923 0.3881766370192308 0.4074519230769231 0.3903133894230769 0.40544871875 0.3532763533653846 0.3637820504807693 0.35113960096153846
11 0.17578125 0.38715277884615384 0.17387820432692308 0.41951567067307693 0.22115384615384615 0.42236467307692305 0.22115384615384615 0.3839031346153846 0.17578125 0.38715277884615384
11 0.2646484375 0.38541666586538464 0.22265625 0.38715277884615384 0.2236328125 0.420138889423077 0.26722756490384614 0.4230769230769231 0.267578125 0.390625 0.2646484375 0.38541666586538464
11 0.26953125 0.39409722115384616 0.26842948798076927 0.4280626778846154 0.3125 0.42534722115384616 0.3115234375 0.392361110576923 0.26953125 0.39409722115384616
11 0.3145032043269231 0.3945868942307692 0.314453125 0.40104166586538464 0.31490384615384615 0.4294871802884615 0.3581730769230769 0.4273504278846154 0.35977564182692306 0.3931623942307692 0.3145032043269231 0.3945868942307692
11 0.40384615384615385 0.3945868942307692 0.40056590625 0.3916488605769231 0.35897435817307694 0.39245014182692306 0.36017628125 0.4323361826923077 0.4042467956730769 0.4309116802884615 0.40349559375 0.42116275 0.40384615384615385 0.3945868942307692
11 0.17868589663461537 0.4230769230769231 0.1774839735576923 0.45797720913461537 0.22235576923076922 0.4608262115384615 0.22075320432692308 0.4287749278846154 0.17868589663461537 0.4230769230769231
11 0.22395833413461538 0.4245014254807692 0.2243589735576923 0.4629629639423077 0.2676282043269231 0.4622507115384616 0.26522435817307694 0.4280626778846154 0.22395833413461538 0.4245014254807692
11 0.2675280456730769 0.4679042019230769 0.26842948798076927 0.5014245024038462 0.31330128125 0.5021367524038461 0.3125 0.4665242163461538 0.2675280456730769 0.4679042019230769
11 0.31209935817307694 0.4309116802884615 0.265625 0.4287749278846154 0.26842948798076927 0.46723646634615384 0.31209935817307694 0.4650997139423077 0.310546875 0.435763889423077 0.31209935817307694 0.4309116802884615
11 0.357421875 0.435763889423077 0.3544921875 0.4305555552884615 0.3173828125 0.4305555552884615 0.3125 0.4309116802884615 0.314453125 0.4600694447115385 0.31330128125 0.46723646634615384 0.35546875 0.46354166586538464 0.35897435817307694 0.46581196634615385 0.357421875 0.435763889423077
11 0.40234375 0.435763889423077 0.3994140625 0.4305555552884615 0.3642578125 0.4305555552884615 0.359375 0.435763889423077 0.359375 0.45659722115384616 0.35897435817307694 0.4665242163461538 0.400390625 0.46354166586538464 0.40234375 0.4600694447115385 0.40234375 0.435763889423077
11 0.2142678293269231 0.4603810552884615 0.1781350168269231 0.46211716586538465 0.1781350168269231 0.4829504975961539 0.17828525721153848 0.49572649519230766 0.22155448798076924 0.49928775 0.22355769230769232 0.46581196634615385 0.2142678293269231 0.4603810552884615
11 0.2517277644230769 0.45966880288461537 0.22340745192307693 0.46140491346153845 0.2247596153846154 0.49786324759615386 0.2676282043269231 0.49786324759615386 0.26842948798076927 0.4629629639423077 0.2517277644230769 0.45966880288461537
11 0.31400240384615385 0.4690616105769231 0.31497896634615385 0.5020477211538462 0.35897435817307694 0.5021367524038461 0.35897435817307694 0.46581196634615385 0.31400240384615385 0.4690616105769231
11 0.3605769230769231 0.46794871875 0.36017628125 0.5035612524038462 0.40304487259615385 0.5028490024038461 0.40384615384615385 0.4643874639423077 0.3605769230769231 0.46794871875
11 0.2227564110576923 0.5014245024038462 0.2197265625 0.5 0.1865234375 0.49652777884615384 0.1778846153846154 0.49643874759615386 0.17828525721153848 0.5327635336538461 0.22235576923076922 0.5334757836538462 0.22265625 0.529513889423077 0.2227564110576923 0.5014245024038462
11 0.2607421875 0.5 0.22355769230769232 0.4985754975961539 0.224609375 0.5052083341346154 0.2247596153846154 0.5349002860576924 0.26963141105769234 0.5377492884615385 0.2692307692307692 0.49928775 0.2607421875 0.5
11 0.2700320504807692 0.5021367524038461 0.26963141105769234 0.5420227908653846 0.3137019230769231 0.5384615384615384 0.31330128125 0.5049857548076923 0.2700320504807692 0.5021367524038461
11 0.3581730769230769 0.5042735048076923 0.31570512740384615 0.5049857548076923 0.3153044879807692 0.5413105408653845 0.3515625 0.5399305552884616 0.359375 0.5434472932692308 0.3581730769230769 0.5042735048076923
11 0.404296875 0.515625 0.40464743509615386 0.5056980048076923 0.36097756490384614 0.5049857548076923 0.36097756490384614 0.5420227908653846 0.400390625 0.5399305552884616 0.40544871875 0.5413105408653845 0.404296875 0.515625
11 0.1796875 0.5364583341346154 0.17908653846153846 0.5683760673076923 0.2243589735576923 0.5719373221153846 0.22315705048076923 0.5349002860576924 0.1796875 0.5364583341346154
11 0.26963141105769234 0.5363247860576923 0.22556089663461537 0.5370370360576924 0.22596153846153846 0.5740740745192308 0.2700320504807692 0.5740740745192308 0.26953125 0.564236110576923 0.26963141105769234 0.5363247860576923
11 0.271484375 0.5434027788461538 0.2712339735576923 0.5790598293269231 0.3153044879807692 0.5769230769230769 0.31490384615384615 0.5398860408653846 0.271484375 0.5434027788461538
11 0.359375 0.5427350432692308 0.31640625 0.5434027788461538 0.3173076923076923 0.5790598293269231 0.36017628125 0.578347579326923 0.359375 0.5503472211538462 0.359375 0.5427350432692308
11 0.3642578125 0.5416666658653846 0.3605769230769231 0.5441595432692308 0.3613782043269231 0.577635326923077 0.4042467956730769 0.5797720793269231 0.4042467956730769 0.5420227908653846 0.3642578125 0.5416666658653846
11 0.1812399831730769 0.5710915240384615 0.1812399831730769 0.5988693028846154 0.1834935889423077 0.6096866105769231 0.2247596153846154 0.611111110576923 0.22556089663461537 0.5754985745192308 0.1812399831730769 0.5710915240384615
11 0.26580028125 0.5722044158653846 0.22771434375000002 0.5739405264423076 0.22756410336538463 0.6075498581730769 0.27163461538461536 0.608974358173077 0.2708333341346154 0.5762108269230769 0.26580028125 0.5722044158653846
11 0.2722355769230769 0.5794604711538461 0.27403846153846156 0.6125356129807693 0.31770833413461536 0.6146723653846153 0.3173076923076923 0.5790598293269231 0.2722355769230769 0.5794604711538461
11 0.3583984375 0.579861110576923 0.3212890625 0.579861110576923 0.31770833413461536 0.5819088317307692 0.318359375 0.6059027788461538 0.31850961538461536 0.6132478629807692 0.36177884615384615 0.6118233629807692 0.36258012740384615 0.578347579326923 0.3583984375 0.579861110576923
11 0.3612780456730769 0.5787482187499999 0.3633814110576923 0.6125356129807693 0.40665064182692306 0.6139601129807692 0.40544871875 0.5797720793269231 0.3612780456730769 0.5787482187499999
11 0.1865234375 0.607638889423077 0.18359375 0.6128472211538462 0.18359375 0.6336805552884616 0.18429487259615385 0.6438746442307692 0.2283653846153846 0.6452991442307692 0.22796474278846152 0.6118233629807692 0.1865234375 0.607638889423077
11 0.22996794951923077 0.611111110576923 0.22916666586538462 0.6431623942307693 0.27443910336538463 0.6474358966346153 0.27243589663461537 0.6139601129807692 0.22996794951923077 0.611111110576923
11 0.31640625 0.6197916658653846 0.3134765625 0.6145833341346154 0.27283653846153844 0.6118233629807692 0.27363781971153844 0.6474358966346153 0.291015625 0.6475694447115384 0.3165064110576923 0.6495726490384615 0.31640625 0.6197916658653846
11 0.3629807692307692 0.6139601129807692 0.3213141033653846 0.6153846153846154 0.31810897355769235 0.6125356129807693 0.3193108966346154 0.6481481490384616 0.3232421875 0.6493055552884616 0.359375 0.6475694447115384 0.361328125 0.644097221153846 0.3629807692307692 0.6139601129807692
11 0.40056590625 0.6138710817307692 0.36247996875 0.6156071947115385 0.3637820504807693 0.6495726490384615 0.40464743509615386 0.6509971514423077 0.40665064182692306 0.6153846153846154 0.40056590625 0.6138710817307692
11 0.23317307692307693 0.6638176634615385 0.19230769230769232 0.6652421658653846 0.19190705048076923 0.6958689447115384 0.23046875 0.6961805552884616 0.232421875 0.6927083341346154 0.23317307692307693 0.6638176634615385
11 0.2744140625 0.6666666658653846 0.234375 0.6666666658653846 0.234375 0.689236110576923 0.234375 0.6972934471153847 0.2734375 0.6961805552884616 0.275390625 0.6927083341346154 0.2744140625 0.6666666658653846
11 0.27734375 0.6648415240384615 0.2768429495192308 0.6972934471153847 0.3169070504807693 0.6980056971153845 0.31640625 0.6648415240384615 0.27734375 0.6648415240384615
11 0.31850961538461536 0.6645299134615384 0.31850961538461536 0.6965811971153847 0.35897435817307694 0.700854701923077 0.3583984375 0.6666666658653846 0.31850961538461536 0.6645299134615384
11 0.359375 0.6652421658653846 0.36017628125 0.7015669519230769 0.4014423076923077 0.7001424495192308 0.40064102644230765 0.6673789182692308 0.359375 0.6652421658653846
11 0.18785056009615383 0.6990295576923077 0.18830128124999998 0.7307692307692307 0.22956730769230768 0.732193733173077 0.22916666586538462 0.6965811971153847 0.18785056009615383 0.6990295576923077
11 0.23272235576923078 0.6997418100961539 0.23369891826923078 0.7292556971153845 0.2756410264423077 0.733618233173077 0.2756410264423077 0.6987179495192308 0.23272235576923078 0.6997418100961539
11 0.2767928677884615 0.7011663100961538 0.2777694302884615 0.7306801995192308 0.31850961538461536 0.733618233173077 0.31810897355769235 0.6972934471153847 0.2767928677884615 0.7011663100961538
11 0.31891025721153843 0.6980056971153845 0.3205128197115385 0.733618233173077 0.36097756490384614 0.732193733173077 0.3605769230769231 0.700854701923077 0.31891025721153843 0.6980056971153845
11 0.3613782043269231 0.7001424495192308 0.3611027644230769 0.732104701923077 0.4026442307692308 0.7314814807692307 0.4018429495192307 0.6994301995192308 0.3613782043269231 0.7001424495192308
11 0.18744992067307692 0.73464209375 0.18842648317307692 0.764155983173077 0.22996794951923077 0.767806266826923 0.22916666586538462 0.733618233173077 0.18744992067307692 0.73464209375
11 0.23432492067307692 0.73464209375 0.23530148317307692 0.764155983173077 0.2768429495192308 0.766381766826923 0.27804487259615385 0.733618233173077 0.23432492067307692 0.73464209375
11 0.318359375 0.734375 0.2802734375 0.732638889423077 0.27734375 0.7413194447115384 0.2776442307692308 0.767094016826923 0.3201121802884615 0.7635327644230769 0.318359375 0.734375
11 0.3629807692307692 0.7357549855769231 0.322265625 0.737847221153846 0.322265625 0.762152778846154 0.3251953125 0.767361110576923 0.361328125 0.765625 0.36328125 0.762152778846154 0.3629807692307692 0.7357549855769231
11 0.4074519230769231 0.7350427355769231 0.3994140625 0.732638889423077 0.3681640625 0.732638889423077 0.365234375 0.737847221153846 0.365234375 0.762152778846154 0.3681640625 0.767361110576923 0.404296875 0.765625 0.40625 0.762152778846154 0.4074519230769231 0.7350427355769231
11 0.36658653846153844 0.766381766826923 0.3661858966346154 0.8034188028846153 0.4074519230769231 0.8005698004807692 0.4082532043269231 0.767094016826923 0.36658653846153844 0.766381766826923
11 0.3233173076923077 0.7685185192307693 0.3253205120192308 0.8048433052884616 0.36498397355769235 0.8012820504807692 0.3641826923076923 0.7692307692307693 0.3233173076923077 0.7685185192307693
11 0.28125 0.769097221153846 0.28084935817307694 0.7998575504807692 0.32251602644230765 0.7984330480769231 0.32291666586538464 0.766381766826923 0.28125 0.769097221153846
11 0.232421875 0.769097221153846 0.23116987259615385 0.7998575504807692 0.2734375 0.800347221153846 0.2724609375 0.767361110576923 0.232421875 0.769097221153846
11 0.1870993581730769 0.767094016826923 0.18830128124999998 0.8005698004807692 0.22996794951923077 0.8005698004807692 0.228515625 0.769097221153846 0.1870993581730769 0.767094016826923
11 0.22748898317307692 0.7992343293269231 0.18940304567307692 0.8009704423076923 0.1915064110576923 0.8340455841346154 0.23237179567307692 0.8354700865384616 0.23197115384615385 0.8034188028846153 0.22748898317307692 0.7992343293269231
11 0.27724358894230766 0.8034188028846153 0.23717948798076924 0.7998575504807692 0.23677884615384615 0.8333333341346154 0.275390625 0.8350694447115384 0.27734375 0.831597221153846 0.27724358894230766 0.8034188028846153
11 0.2841796875 0.8020833341346154 0.28125 0.8072916658653846 0.28125 0.828125 0.28205128125 0.8333333341346154 0.322265625 0.831597221153846 0.32291666586538464 0.7998575504807692 0.2841796875 0.8020833341346154
11 0.365234375 0.8072916658653846 0.3623046875 0.8020833341346154 0.3237179495192307 0.8027065528846153 0.32421875 0.831597221153846 0.3271484375 0.8368055552884616 0.36328125 0.8350694447115384 0.365234375 0.831597221153846 0.365234375 0.8072916658653846
11 0.4098557692307692 0.8034188028846153 0.3669871802884615 0.8005698004807692 0.3671875 0.8072916658653846 0.3671875 0.831597221153846 0.3701171875 0.8368055552884616 0.3984375 0.8350694447115384 0.40785256490384614 0.8354700865384616 0.4098557692307692 0.8034188028846153
11 0.193359375 0.8385416658653846 0.1943359375 0.8680555552884616 0.234375 0.8663194447115384 0.23517628124999998 0.8340455841346154 0.193359375 0.8385416658653846
11 0.23828125 0.8385416658653846 0.23798076923076922 0.8682336177884615 0.279296875 0.8663194447115384 0.2783203125 0.8368055552884616 0.23828125 0.8385416658653846
11 0.3241185889423077 0.8333333341346154 0.28125 0.8354700865384616 0.28125 0.842013889423077 0.28285256490384614 0.8682336177884615 0.322265625 0.8663194447115384 0.32421875 0.862847221153846 0.3241185889423077 0.8333333341346154
11 0.3642578125 0.8368055552884616 0.3291015625 0.8368055552884616 0.326171875 0.842013889423077 0.326171875 0.8663194447115384 0.3291015625 0.871527778846154 0.36858974278846157 0.8739316250000001 0.3671875 0.842013889423077 0.3642578125 0.8368055552884616
11 0.40865384615384615 0.8376068365384615 0.3720703125 0.8368055552884616 0.369140625 0.842013889423077 0.369140625 0.8663194447115384 0.3720703125 0.871527778846154 0.388671875 0.8697916658653846 0.4102564110576923 0.8717948725961538 0.40865384615384615 0.8376068365384615
11 0.2333984375 0.8680555552884616 0.2275390625 0.8680555552884616 0.1982421875 0.871527778846154 0.19591346153846154 0.8682336177884615 0.1953125 0.8975694447115384 0.1982421875 0.902777778846154 0.236328125 0.9010416658653846 0.23828125 0.873263889423077 0.2333984375 0.8680555552884616
11 0.24078525721153848 0.8703703701923077 0.2412109375 0.902777778846154 0.28205128125 0.9038461538461539 0.28084935817307694 0.8696581201923077 0.24078525721153848 0.8703703701923077
11 0.28515625 0.8697916658653846 0.2848557692307692 0.9024216514423077 0.32491987259615385 0.8988603990384616 0.3269230769230769 0.8675213677884616 0.28515625 0.8697916658653846
11 0.3681891033653846 0.8725071225961538 0.32732371875 0.8703703701923077 0.328125 0.9010416658653846 0.3310546875 0.90625 0.341796875 0.904513889423077 0.3705929495192307 0.90527065625 0.3681891033653846 0.8725071225961538
11 0.369140625 0.873263889423077 0.3701171875 0.902777778846154 0.4106570504807693 0.9038461538461539 0.4106570504807693 0.8710826201923076 0.369140625 0.873263889423077
11 0.36833934375 0.907273860576923 0.36931590625 0.93678775 0.40865384615384615 0.9373219375 0.4090544879807692 0.90527065625 0.36833934375 0.907273860576923
11 0.4098557692307692 0.9366096875000001 0.3701923076923077 0.9387464399038462 0.369140625 0.967013889423077 0.3720703125 0.972222221153846 0.408203125 0.970486110576923 0.41015625 0.967013889423077 0.4098557692307692 0.9366096875000001
11 0.32652243509615386 0.9412838317307692 0.32772435817307694 0.9700854711538462 0.36899038461538464 0.9700854711538462 0.36899038461538464 0.9394586899038462 0.32652243509615386 0.9412838317307692
11 0.32732371875 0.90669515625 0.32652243509615386 0.9373219375 0.36879006490384614 0.936476139423077 0.36781350240384614 0.90696225 0.32732371875 0.90669515625
11 0.283203125 0.904513889423077 0.28205128125 0.9366096875000001 0.3241185889423077 0.9358974350961538 0.3232421875 0.902777778846154 0.283203125 0.904513889423077
11 0.326171875 0.9427083341346154 0.3232421875 0.9375 0.2848557692307692 0.9380341875 0.28525641105769234 0.9700854711538462 0.322265625 0.970486110576923 0.326171875 0.967013889423077 0.326171875 0.9427083341346154
11 0.28515625 0.9461805552884616 0.2822265625 0.940972221153846 0.2451171875 0.940972221153846 0.2421875 0.9461805552884616 0.2421875 0.9600694447115384 0.2451171875 0.972222221153846 0.283203125 0.970486110576923 0.28515625 0.967013889423077 0.28515625 0.9461805552884616
11 0.2416115793269231 0.93741096875 0.2045022043269231 0.93741096875 0.2015725168269231 0.9426193028846155 0.20192307692307693 0.9693732187499999 0.2399839735576923 0.9707977211538462 0.2425881418269231 0.9634526346153846 0.2416115793269231 0.93741096875
11 0.2177734375 0.902777778846154 0.1975160264423077 0.9038461538461539 0.197265625 0.9288194447115384 0.2021484375 0.9375 0.23717948798076924 0.9366096875000001 0.23758012740384615 0.9038461538461539 0.2177734375 0.902777778846154
11 0.2802734375 0.90625 0.2403846153846154 0.90598290625 0.240234375 0.9322916658653846 0.2399839735576923 0.9394586899038462 0.279296875 0.939236110576923 0.28125 0.935763889423077 0.2802734375 0.90625
11 0.4053096057692308 0.31770833413461536 0.4062861682692308 0.3506944447115385 0.44965277884615384 0.3539094639423077 0.45196759375 0.31790123557692307 0.4053096057692308 0.31770833413461536
11 0.4560185192307692 0.31893004086538457 0.455078125 0.34895833413461536 0.4580078125 0.35416666586538464 0.49652777884615384 0.3569958846153846 0.4971064807692308 0.3199588485576923 0.4560185192307692 0.31893004086538457
11 0.5361328125 0.3194444447115385 0.49768518509615384 0.3199588485576923 0.5 0.34895833413461536 0.49884259375 0.3549382716346154 0.5434027788461538 0.35802469230769235 0.5410879639423076 0.3230452668269231 0.5361328125 0.3194444447115385
11 0.5859375 0.3350694447115385 0.5830078125 0.32291666586538464 0.5693359375 0.3194444447115385 0.5445601850961539 0.3199588485576923 0.54296875 0.34895833413461536 0.5458984375 0.35416666586538464 0.578125 0.35590277884615384 0.5885416658653846 0.3549382716346154 0.5859375 0.3350694447115385
11 0.630859375 0.32851080288461537 0.6279296875 0.31983024759615386 0.587890625 0.3215663581730769 0.5873842596153847 0.35802469230769235 0.6302083341346154 0.35905349759615385 0.630859375 0.34587191346153845 0.630859375 0.32851080288461537
11 0.6322337956730769 0.3236239711538461 0.6307870360576923 0.3569958846153846 0.6765046298076923 0.3600823052884615 0.6741898149038461 0.3230452668269231 0.6322337956730769 0.3236239711538461
11 0.7175925937500001 0.3230452668269231 0.6763599543269231 0.32053755048076926 0.6765046298076923 0.35596707932692306 0.7199074062499999 0.3600823052884615 0.7193287043269231 0.3240097740384615 0.7175925937500001 0.3230452668269231
11 0.6783130793269231 0.35976080288461537 0.6776620360576923 0.3971193413461539 0.7181712956730769 0.3971193413461539 0.7183521418269231 0.35802469230769235 0.6783130793269231 0.35976080288461537
11 0.6336805552884616 0.35905349759615385 0.6342592596153847 0.3950617283653846 0.6747685192307693 0.3971193413461539 0.6748046875 0.361111110576923 0.6336805552884616 0.35905349759615385
11 0.5892650456730769 0.35976080288461537 0.5896990745192308 0.3950617283653846 0.6348379639423077 0.39403292067307694 0.6336805552884616 0.3600823052884615 0.5892650456730769 0.35976080288461537
11 0.54376446875 0.35976080288461537 0.5439814807692308 0.3950617283653846 0.5868055552884616 0.3981481490384615 0.5856481490384615 0.35905349759615385 0.54376446875 0.35976080288461537
11 0.536349826923077 0.3555812764423077 0.498263889423077 0.35731738701923077 0.49884259375 0.39197530769230765 0.5434027788461538 0.3950617283653846 0.5422453701923077 0.35905349759615385 0.536349826923077 0.3555812764423077
11 0.45428240625 0.3539094639423077 0.454861110576923 0.39094650240384615 0.49609375 0.390625 0.4951171875 0.357638889423077 0.45428240625 0.3539094639423077
11 0.455078125 0.39409722115384616 0.455078125 0.421875 0.4580078125 0.42708333413461536 0.4994212956730769 0.43518518509615384 0.49884259375 0.3950617283653846 0.455078125 0.39409722115384616
11 0.5419921875 0.39583333413461536 0.49884259375 0.39197530769230765 0.5005787043269231 0.42901234615384615 0.5390625 0.4288194447115385 0.54296875 0.42534722115384616 0.5419921875 0.39583333413461536
11 0.5879629639423076 0.39403292067307694 0.5434027788461538 0.3991769543269231 0.544921875 0.42534722115384616 0.5478515625 0.4305555552884615 0.5859375 0.4288194447115385 0.587890625 0.42534722115384616 0.5879629639423076 0.39403292067307694
11 0.58984375 0.3975694447115385 0.5896990745192308 0.43209876442307693 0.630859375 0.4288194447115385 0.6319444447115384 0.3950617283653846 0.58984375 0.3975694447115385
11 0.6324508100961539 0.39859825 0.6334273725961539 0.43158436298076924 0.6782407403846153 0.43209876442307693 0.6776620360576923 0.3981481490384615 0.6324508100961539 0.39859825
11 0.6783130793269231 0.39859825 0.6783130793269231 0.4263760288461539 0.6812427668269231 0.43158436298076924 0.7193287043269231 0.42984825 0.7183521418269231 0.3968621394230769 0.6783130793269231 0.39859825
11 0.7197265625 0.4305555552884615 0.6799768509615384 0.43209876442307693 0.6805555552884616 0.4701646081730769 0.7228009254807692 0.4670781899038462 0.72265625 0.435763889423077 0.7197265625 0.4305555552884615
11 0.6776620360576923 0.43209876442307693 0.6354166658653846 0.4331275721153846 0.635959201923077 0.4663065841346154 0.674045139423077 0.4680426947115385 0.6788194447115384 0.46913580288461537 0.6776620360576923 0.43209876442307693
11 0.6312572331730769 0.4319701634615385 0.5912181706730769 0.4337062764423077 0.5902777788461538 0.47222222115384616 0.6354166658653846 0.4650205769230769 0.6341869206730769 0.4406507211538461 0.6312572331730769 0.4319701634615385
11 0.5462962956730769 0.43209876442307693 0.546875 0.439236110576923 0.546875 0.4600694447115385 0.5498046875 0.46527777884615384 0.5914351850961539 0.4681069951923077 0.592013889423077 0.4331275721153846 0.5462962956730769 0.43209876442307693
11 0.5034722211538462 0.4300411514423077 0.5046296298076923 0.46913580288461537 0.54571759375 0.4650205769230769 0.5462962956730769 0.43106995913461543 0.5034722211538462 0.4300411514423077
11 0.45703125 0.43229166586538464 0.45703125 0.470486110576923 0.4599609375 0.4756944447115385 0.501953125 0.4774305552884615 0.5057870360576924 0.43930041105769235 0.45703125 0.43229166586538464
11 0.4892578125 0.4756944447115385 0.4599609375 0.4756944447115385 0.45428240625 0.4732510288461539 0.4525462956730769 0.5010288076923077 0.494140625 0.501736110576923 0.49768518509615384 0.4783950625 0.4892578125 0.4756944447115385
11 0.5419921875 0.46875 0.5040509254807692 0.4711934158653846 0.501953125 0.484375 0.5034722211538462 0.5051440336538462 0.5462962956730769 0.5051440336538462 0.544921875 0.47395833413461536 0.5419921875 0.46875
11 0.5849609375 0.4656635793269231 0.546875 0.46739969230769235 0.54803240625 0.5041152259615385 0.5891203701923077 0.5051440336538462 0.587890625 0.47087191346153845 0.5849609375 0.4656635793269231
11 0.626410591346154 0.46875 0.5883246538461538 0.470486110576923 0.5893012163461538 0.5034722211538462 0.6336805552884616 0.5051440336538462 0.6342592596153847 0.4681069951923077 0.626410591346154 0.46875
11 0.677734375 0.47395833413461536 0.6748046875 0.46875 0.6376953125 0.46875 0.634765625 0.47395833413461536 0.634765625 0.498263889423077 0.6376953125 0.5034722211538462 0.6759259254807692 0.5061728389423077 0.677734375 0.498263889423077 0.677734375 0.47395833413461536
11 0.7216796875 0.46875 0.6796875 0.470486110576923 0.6796875 0.498263889423077 0.6826171875 0.5034722211538462 0.720703125 0.501736110576923 0.72265625 0.498263889423077 0.7216796875 0.46875
11 0.6796875 0.5052083341346154 0.6806640625 0.5381944447115384 0.7228009254807692 0.5390946490384615 0.7210648149038461 0.503086420673077 0.6796875 0.5052083341346154
11 0.6712962956730769 0.5020576129807692 0.6296296298076923 0.5061728389423077 0.6298828125 0.5381944447115384 0.666015625 0.5399305552884616 0.6712962956730769 0.5390946490384615 0.6712962956730769 0.5020576129807692
11 0.5850694447115384 0.5082304519230769 0.5856481490384615 0.5401234567307692 0.6273148149038461 0.53806584375 0.6271339687499999 0.5069444447115384 0.5850694447115384 0.5082304519230769
11 0.5399305552884616 0.5041152259615385 0.541015625 0.532986110576923 0.5439453125 0.5381944447115384 0.5844907403846153 0.5401234567307692 0.5850694447115384 0.5051440336538462 0.5399305552884616 0.5041152259615385
11 0.4996021418269231 0.5045010288461539 0.4966724543269231 0.5097093629807692 0.4966724543269231 0.5340149182692308 0.4996021418269231 0.5392232499999999 0.5416666658653846 0.5442386826923077 0.5428240745192308 0.5061728389423077 0.4996021418269231 0.5045010288461539
11 0.4525462956730769 0.49897119230769227 0.4541015625 0.5347222211538462 0.49768518509615384 0.5390946490384615 0.4971064807692308 0.5051440336538462 0.4525462956730769 0.49897119230769227
11 0.4873046875 0.5381944447115384 0.45428240625 0.5370370360576924 0.451171875 0.5677083341346154 0.4541015625 0.5729166658653846 0.49479166586538464 0.5761316875 0.4953703701923077 0.5411522644230768 0.4873046875 0.5381944447115384
11 0.49652777884615384 0.5401234567307692 0.4959490745192308 0.5751028798076923 0.5410879639423076 0.5771604927884615 0.5380859375 0.5416666658653846 0.49652777884615384 0.5401234567307692
11 0.5410517932692308 0.5406378605769231 0.5410517932692308 0.5718878605769231 0.5839120360576924 0.5761316875 0.5839120360576924 0.5411522644230768 0.5410517932692308 0.5406378605769231
11 0.622287326923077 0.5416666658653846 0.584201389423077 0.5434027788461538 0.5850694447115384 0.579218108173077 0.6290509254807692 0.5751028798076923 0.6273148149038461 0.5442386826923077 0.622287326923077 0.5416666658653846
11 0.6689453125 0.5416666658653846 0.626736110576923 0.5411522644230768 0.6278935192307693 0.5771604927884615 0.66796875 0.5746527788461538 0.669921875 0.5711805552884616 0.6689453125 0.5416666658653846
11 0.7119140625 0.5381944447115384 0.673611110576923 0.5370370360576924 0.6728515625 0.5729166658653846 0.7135416658653846 0.5771604927884615 0.71484375 0.546875 0.7119140625 0.5381944447115384
11 0.7119140625 0.576388889423077 0.671875 0.578125 0.671875 0.6121399182692308 0.7109375 0.609375 0.712890625 0.6059027788461538 0.7119140625 0.576388889423077
11 0.669921875 0.5815972211538462 0.6669921875 0.576388889423077 0.6290509254807692 0.5781893004807692 0.6278935192307693 0.6121399182692308 0.66796875 0.609375 0.669921875 0.6059027788461538 0.669921875 0.5815972211538462
11 0.5888671875 0.576388889423077 0.5839120360576924 0.5771604927884615 0.5850694447115384 0.6121399182692308 0.6278935192307693 0.611111110576923 0.6290509254807692 0.5771604927884615 0.5888671875 0.576388889423077
11 0.5428240745192308 0.573045266826923 0.5405092596153847 0.611111110576923 0.5856481490384615 0.6121399182692308 0.5844907403846153 0.5771604927884615 0.5428240745192308 0.573045266826923
11 0.498046875 0.578125 0.49768518509615384 0.6121399182692308 0.5422453701923077 0.61419753125 0.5422453701923077 0.5761316875 0.498046875 0.578125
11 0.49609375 0.5815972211538462 0.4931640625 0.576388889423077 0.4525462956730769 0.5751028798076923 0.45196759375 0.6080246923076923 0.494140625 0.609375 0.49609375 0.6059027788461538 0.49609375 0.5815972211538462
11 0.4892578125 0.611111110576923 0.454861110576923 0.6121399182692308 0.455078125 0.640625 0.4599609375 0.6458333341346154 0.498263889423077 0.6481481490384616 0.49768518509615384 0.611111110576923 0.4892578125 0.611111110576923
11 0.541015625 0.623263889423077 0.5380859375 0.6145833341346154 0.498046875 0.6163194447115384 0.49884259375 0.6481481490384616 0.537109375 0.6475694447115384 0.541015625 0.644097221153846 0.541015625 0.623263889423077
11 0.5416666658653846 0.6121399182692308 0.5410879639423076 0.6450617283653847 0.5839120360576924 0.6481481490384616 0.5839120360576924 0.6131687235576924 0.5416666658653846 0.6121399182692308
11 0.5888671875 0.611111110576923 0.583984375 0.6197916658653846 0.583984375 0.640625 0.5869140625 0.6458333341346154 0.6244212956730769 0.6481481490384616 0.6273148149038461 0.6121399182692308 0.5888671875 0.611111110576923
11 0.6672453701923077 0.6121399182692308 0.6273148149038461 0.6121399182692308 0.626953125 0.640625 0.6273148149038461 0.6491769543269231 0.6640625 0.644097221153846 0.6695601850961539 0.6460905360576923 0.6672453701923077 0.6121399182692308
11 0.6707175937500001 0.6100823052884615 0.6707175937500001 0.6481481490384616 0.7129629639423077 0.6460905360576923 0.7099609375 0.611111110576923 0.6707175937500001 0.6100823052884615
11 0.6982421875 0.6631944447115384 0.6707175937500001 0.6604938269230769 0.6678240745192308 0.6934156370192308 0.7060185192307693 0.6965020576923078 0.7089120360576923 0.6625514399038461 0.6982421875 0.6631944447115384
11 0.62890625 0.6614583341346154 0.626953125 0.685763889423077 0.6298828125 0.690972221153846 0.666015625 0.689236110576923 0.6678240745192308 0.6594650216346154 0.62890625 0.6614583341346154
11 0.5888671875 0.659722221153846 0.5859375 0.6649305552884616 0.5869140625 0.690972221153846 0.626736110576923 0.6934156370192308 0.6261574062499999 0.6594650216346154 0.5888671875 0.659722221153846
11 0.5856481490384615 0.6615226346153846 0.5478515625 0.659722221153846 0.544921875 0.6649305552884616 0.544921875 0.689236110576923 0.55078125 0.6927083341346154 0.5850694447115384 0.6903292187500001 0.5856481490384615 0.6615226346153846
11 0.5419921875 0.6631944447115384 0.5380859375 0.659722221153846 0.5046296298076923 0.6615226346153846 0.50390625 0.689236110576923 0.5068359375 0.6944444447115384 0.52734375 0.6927083341346154 0.5434027788461538 0.6965020576923078 0.5419921875 0.6631944447115384
11 0.46354166586538464 0.6635802475961537 0.4638671875 0.6944444447115384 0.5040509254807692 0.6934156370192308 0.5028935192307692 0.6594650216346154 0.46354166586538464 0.6635802475961537
11 0.50115740625 0.6975308653846154 0.4638671875 0.6944444447115384 0.458984375 0.703125 0.458984375 0.7239583341346154 0.4619140625 0.7291666658653846 0.470703125 0.7274305552884616 0.4994212956730769 0.7283950625 0.50115740625 0.6975308653846154
11 0.5048828125 0.6944444447115384 0.501953125 0.699652778846154 0.5029296875 0.7256944447115384 0.5416666658653846 0.7283950625 0.5428240745192308 0.6975308653846154 0.5048828125 0.6944444447115384
11 0.5458984375 0.6944444447115384 0.54296875 0.699652778846154 0.5439453125 0.7256944447115384 0.5815972211538462 0.7263374495192308 0.5810546875 0.6944444447115384 0.5458984375 0.6944444447115384
11 0.5888671875 0.6944444447115384 0.5859375 0.699652778846154 0.5869140625 0.7256944447115384 0.6255787043269231 0.7273662548076923 0.6273148149038461 0.6954732499999999 0.5888671875 0.6944444447115384
11 0.6302083341346154 0.6934156370192308 0.628472221153846 0.7283950625 0.6678240745192308 0.7294238677884616 0.6672453701923077 0.6954732499999999 0.6302083341346154 0.6934156370192308
11 0.6689814807692307 0.6944444447115384 0.6666666658653846 0.7304526754807692 0.70703125 0.7274305552884616 0.7083333341346154 0.6954732499999999 0.6689814807692307 0.6944444447115384
11 0.669921875 0.730902778846154 0.6678240745192308 0.7654320985576923 0.7083333341346154 0.7644032932692307 0.7100694447115384 0.7294238677884616 0.669921875 0.730902778846154
11 0.628472221153846 0.7304526754807692 0.628472221153846 0.7592592596153847 0.6666666658653846 0.7644032932692307 0.6666666658653846 0.7304526754807692 0.628472221153846 0.7304526754807692
11 0.5868055552884616 0.7273662548076923 0.5869140625 0.7604166658653846 0.6273148149038461 0.7633744855769231 0.625 0.7283950625 0.5868055552884616 0.7273662548076923
11 0.5434027788461538 0.7273662548076923 0.5405092596153847 0.7644032932692307 0.5815972211538462 0.7623456778846154 0.5821759254807692 0.7304526754807692 0.5434027788461538 0.7273662548076923
11 0.4994212956730769 0.7304526754807692 0.4994212956730769 0.7633744855769231 0.5390625 0.7586805552884616 0.5380859375 0.7291666658653846 0.4994212956730769 0.7304526754807692
11 0.498263889423077 0.7273662548076923 0.4619140625 0.7291666658653846 0.458984375 0.734375 0.4599609375 0.7604166658653846 0.4994212956730769 0.7633744855769231 0.498263889423077 0.7355967067307693 0.498263889423077 0.7273662548076923
11 0.45949074038461535 0.7592592596153847 0.45833333413461536 0.7962962956730769 0.4994212956730769 0.7921810697115385 0.4970703125 0.763888889423077 0.45949074038461535 0.7592592596153847
11 0.5410879639423076 0.76646090625 0.5 0.7623456778846154 0.5 0.7973251033653846 0.5387731490384615 0.7962962956730769 0.5410879639423076 0.7973251033653846 0.5410879639423076 0.76646090625
11 0.5810185192307692 0.7613168725961538 0.54296875 0.765625 0.541015625 0.7899305552884616 0.5439453125 0.795138889423077 0.578125 0.793402778846154 0.5810185192307692 0.7962962956730769 0.5810185192307692 0.7613168725961538
11 0.625 0.765625 0.6220703125 0.7604166658653846 0.5856481490384615 0.7602880649038462 0.5859375 0.7899305552884616 0.5888671875 0.795138889423077 0.623046875 0.793402778846154 0.625 0.7899305552884616 0.625 0.765625
11 0.6278935192307693 0.7592592596153847 0.626953125 0.7899305552884616 0.6298828125 0.795138889423077 0.6695601850961539 0.7962962956730769 0.668402778846154 0.7633744855769231 0.6278935192307693 0.7592592596153847
11 0.669921875 0.765625 0.669921875 0.782986110576923 0.66796875 0.7899305552884616 0.6708984375 0.795138889423077 0.70703125 0.793402778846154 0.7083333341346154 0.7654320985576923 0.669921875 0.765625
11 0.70703125 0.8211805552884616 0.7060546875 0.795138889423077 0.6806640625 0.795138889423077 0.6787109375 0.798611110576923 0.6728515625 0.798611110576923 0.6708984375 0.795138889423077 0.66796875 0.800347221153846 0.66796875 0.824652778846154 0.6708984375 0.829861110576923 0.693359375 0.828125 0.7041015625 0.826388889423077 0.70703125 0.8211805552884616
11 0.6591796875 0.798611110576923 0.6278935192307693 0.7962962956730769 0.626953125 0.824652778846154 0.6298828125 0.829861110576923 0.666015625 0.828125 0.6678240745192308 0.7932098774038461 0.6591796875 0.798611110576923
11 0.5859375 0.796875 0.5844907403846153 0.8292181081730768 0.6273148149038461 0.8292181081730768 0.626736110576923 0.7942386826923078 0.5859375 0.796875
11 0.580078125 0.800347221153846 0.5771484375 0.795138889423077 0.5410879639423076 0.7952674903846154 0.5419921875 0.829861110576923 0.578125 0.828125 0.580078125 0.824652778846154 0.580078125 0.800347221153846
11 0.5387731490384615 0.7952674903846154 0.4994212956730769 0.7942386826923078 0.5 0.824652778846154 0.5029296875 0.829861110576923 0.537109375 0.828125 0.5390625 0.824652778846154 0.5387731490384615 0.7952674903846154
11 0.4994212956730769 0.7942386826923078 0.4589120360576923 0.7932098774038461 0.458984375 0.828125 0.47265625 0.828125 0.4970703125 0.826388889423077 0.4994212956730769 0.7942386826923078
11 0.458984375 0.831597221153846 0.4599609375 0.861111110576923 0.5 0.8631687235576924 0.49884259375 0.8302469134615384 0.458984375 0.831597221153846
11 0.5005787043269231 0.8302469134615384 0.5009765625 0.861111110576923 0.5399305552884616 0.8631687235576924 0.5399305552884616 0.8312757211538462 0.5005787043269231 0.8302469134615384
11 0.5393518509615385 0.8302469134615384 0.540256076923077 0.861111110576923 0.57928240625 0.861111110576923 0.57928240625 0.8302469134615384 0.5393518509615385 0.8302469134615384
11 0.6273148149038461 0.8323045264423077 0.5859375 0.831597221153846 0.5859375 0.859375 0.5888671875 0.8645833341346154 0.607421875 0.862847221153846 0.6255787043269231 0.86419753125 0.6273148149038461 0.8323045264423077
11 0.6513671875 0.829861110576923 0.6298828125 0.829861110576923 0.626953125 0.8350694447115384 0.6279296875 0.861111110576923 0.6655092596153847 0.86419753125 0.6660879639423077 0.8281893004807692 0.6513671875 0.829861110576923
11 0.6666666658653846 0.8292181081730768 0.6672453701923077 0.8621399182692309 0.7060185192307693 0.8631687235576924 0.706597221153846 0.8271604927884616 0.6666666658653846 0.8292181081730768
11 0.7021484375 0.8645833341346154 0.6666666658653846 0.861111110576923 0.6678240745192308 0.8940329206730768 0.704861110576923 0.8971193413461538 0.7041015625 0.861111110576923 0.7021484375 0.8645833341346154
11 0.6630859375 0.8645833341346154 0.6261574062499999 0.86419753125 0.6255787043269231 0.8971193413461538 0.662109375 0.894097221153846 0.6640625 0.890625 0.6630859375 0.8645833341346154
11 0.5869140625 0.8645833341346154 0.583984375 0.8697916658653846 0.5849609375 0.8958333341346154 0.6244212956730769 0.8950617283653847 0.625 0.8652263365384615 0.5869140625 0.8645833341346154
11 0.5410879639423076 0.86419753125 0.5410879639423076 0.8981481490384616 0.5821759254807692 0.8960905360576923 0.5815972211538462 0.8631687235576924 0.5410879639423076 0.86419753125
11 0.5005787043269231 0.8631687235576924 0.5 0.873263889423077 0.5 0.890625 0.5029296875 0.8958333341346154 0.5390625 0.894097221153846 0.5416666658653846 0.86419753125 0.5005787043269231 0.8631687235576924
11 0.4970703125 0.8645833341346154 0.458984375 0.8663194447115384 0.458984375 0.890625 0.4619140625 0.8958333341346154 0.494140625 0.894097221153846 0.498046875 0.890625 0.4970703125 0.8645833341346154
11 0.4619140625 0.8958333341346154 0.458984375 0.9010416658653846 0.4599609375 0.9270833341346154 0.49884259375 0.926954733173077 0.5 0.8960905360576923 0.4619140625 0.8958333341346154
11 0.5029296875 0.8993055552884616 0.5005787043269231 0.9115226346153846 0.5 0.925347221153846 0.5048828125 0.9305555552884616 0.5390625 0.9288194447115384 0.5380859375 0.8993055552884616 0.5029296875 0.8993055552884616
11 0.5422453701923077 0.8960905360576923 0.5422453701923077 0.9290123461538461 0.5821759254807692 0.9310699591346154 0.5796802668269231 0.8951903293269231 0.5422453701923077 0.8960905360576923
11 0.583984375 0.9010416658653846 0.583984375 0.925347221153846 0.5869140625 0.9305555552884616 0.6238425937500001 0.9279835384615385 0.6238425937500001 0.8971193413461538 0.583984375 0.9010416658653846
11 0.625 0.8930041153846153 0.6255787043269231 0.9300411514423076 0.6637731490384616 0.9290123461538461 0.6649305552884616 0.8981481490384616 0.625 0.8930041153846153
11 0.625 0.9322916658653846 0.625 0.96193415625 0.6637731490384616 0.9609053509615385 0.6655092596153847 0.9290123461538461 0.625 0.9322916658653846
11 0.705078125 0.8975694447115384 0.6689453125 0.8958333341346154 0.666015625 0.9010416658653846 0.666015625 0.925347221153846 0.7021484375 0.9270833341346154 0.705078125 0.918402778846154 0.705078125 0.8975694447115384
11 0.6648582187500001 0.9292052475961537 0.6643518509615384 0.96193415625 0.703125 0.9578189302884615 0.704861110576923 0.9310699591346154 0.6648582187500001 0.9292052475961537
11 0.6238425937500001 0.9320987644230769 0.5833333341346154 0.9351851850961539 0.5833333341346154 0.9660493822115386 0.6015625 0.9635416658653846 0.625 0.9629629639423077 0.6238425937500001 0.9320987644230769
11 0.5381221057692308 0.93267746875 0.5390986682692308 0.962191358173077 0.578125 0.9609053509615385 0.5787037043269231 0.9279835384615385 0.5381221057692308 0.93267746875
11 0.5380859375 0.934027778846154 0.49884259375 0.9320987644230769 0.5009765625 0.965277778846154 0.537109375 0.9635416658653846 0.5390625 0.9600694447115384 0.5380859375 0.934027778846154
11 0.4600694447115385 0.926954733173077 0.4599609375 0.9618055552884616 0.498046875 0.9600694447115384 0.4970703125 0.9305555552884616 0.4600694447115385 0.926954733173077
11 0.4482421875 0.35095164663461537 0.40740740625 0.3518518509615385 0.40740740625 0.3899176947115385 0.4537037043269231 0.39094650240384615 0.451171875 0.35615997836538466 0.4482421875 0.35095164663461537
11 0.40704571875 0.3951260288461539 0.40802228125 0.4281121394230769 0.45196759375 0.4300411514423077 0.451388889423077 0.388888889423077 0.40704571875 0.3951260288461539
11 0.4056712956730769 0.4331275721153846 0.404296875 0.4600694447115385 0.4072265625 0.46527777884615384 0.447265625 0.46354166586538464 0.44965277884615384 0.42798353846153847 0.4056712956730769 0.4331275721153846
11 0.4056712956730769 0.5051440336538462 0.45081018509615384 0.503086420673077 0.4484953701923077 0.4650205769230769 0.4033564807692308 0.4694573052884615 0.4056712956730769 0.5051440336538462
11 0.4462890625 0.5034722211538462 0.4091796875 0.5034722211538462 0.40625 0.5086805552884616 0.40625 0.532986110576923 0.4091796875 0.5381944447115384 0.4490740745192308 0.5401234567307692 0.44921875 0.5086805552884616 0.4462890625 0.5034722211538462
11 0.404513889423077 0.5434027788461538 0.405490451923077 0.5729166658653846 0.4484953701923077 0.5751028798076923 0.4484953701923077 0.5401234567307692 0.404513889423077 0.5434027788461538
11 0.40740740625 0.579218108173077 0.408203125 0.6059027788461538 0.4111328125 0.611111110576923 0.44921875 0.609375 0.4482421875 0.576388889423077 0.40740740625 0.579218108173077
11 0.406467014423077 0.6132330240384616 0.4056712956730769 0.6502057620192307 0.4502314807692308 0.6491769543269231 0.45081018509615384 0.61419753125 0.406467014423077 0.6132330240384616
11 0.4033564807692308 0.6666666658653846 0.4038990168269231 0.7030606995192308 0.4439380793269231 0.7013245889423078 0.4450231490384615 0.6687242788461538 0.4033564807692308 0.6666666658653846
11 0.40740740625 0.7006172836538462 0.40856481490384616 0.7355967067307693 0.4473379639423077 0.7366255144230769 0.4462890625 0.701388889423077 0.41261574038461535 0.7037037043269231 0.40740740625 0.7006172836538462
11 0.4462890625 0.736111110576923 0.4111328125 0.736111110576923 0.408203125 0.7413194447115384 0.4091435192307692 0.7726337451923077 0.4502314807692308 0.7705761322115384 0.44921875 0.7413194447115384 0.4462890625 0.736111110576923
11 0.408203125 0.7725694447115384 0.408203125 0.796875 0.4111328125 0.8020833341346154 0.4490740745192308 0.8045267500000001 0.4484953701923077 0.7716049375 0.408203125 0.7725694447115384
11 0.41015625 0.8072916658653846 0.41015625 0.831597221153846 0.4130859375 0.8368055552884616 0.44921875 0.8350694447115384 0.4502314807692308 0.8045267500000001 0.41015625 0.8072916658653846
11 0.4130859375 0.8368055552884616 0.41015625 0.842013889423077 0.41015625 0.8663194447115384 0.4130859375 0.871527778846154 0.4502314807692308 0.8744855961538461 0.451388889423077 0.8374485600961539 0.4130859375 0.8368055552884616
11 0.4103009254807692 0.8713991778846153 0.41015625 0.8975694447115384 0.4108796298076923 0.9094650216346154 0.451388889423077 0.9063786009615384 0.451388889423077 0.872427983173077 0.4103009254807692 0.8713991778846153
11 0.4103009254807692 0.9053497932692308 0.40856481490384616 0.9434156370192308 0.45196759375 0.9423868317307692 0.45081018509615384 0.9084362139423077 0.4103009254807692 0.9053497932692308
11 0.41015625 0.9416795264423077 0.4111328125 0.9711934158653845 0.45081018509615384 0.972222221153846 0.451171875 0.9416795264423077 0.41015625 0.9416795264423077