11 0.234375 0.038461538461538464 0.04447115384615385 0.03485576923076923
11 0.23197115384615385 0.07692307692307693 0.042067307692307696 0.038461538461538464
11 0.23197115384615385 0.11298076923076923 0.04567307692307692 0.036057692307692304
11 0.23197115384615385 0.1466346153846154 0.04447115384615385 0.038461538461538464
11 0.23557692307692307 0.1875 0.04567307692307692 0.038461538461538464
11 0.23677884615384615 0.21875 0.04567307692307692 0.037259615384615384
11 0.23677884615384615 0.25721153846153844 0.04447115384615385 0.036057692307692304
11 0.2403846153846154 0.296875 0.042067307692307696 0.04326923076923077
11 0.28365384615384615 0.296875 0.046875 0.040865384615384616
11 0.28125 0.25961538461538464 0.04447115384615385 0.038461538461538464
11 0.28125 0.21995192307692307 0.04807692307692308 0.040865384615384616
11 0.27884615384615385 0.1875 0.04567307692307692 0.040865384615384616
11 0.2764423076923077 0.15144230769230768 0.046875 0.037259615384615384
11 0.2764423076923077 0.11298076923076923 0.046875 0.04447115384615385
11 0.2776442307692308 0.07572115384615384 0.04567307692307692 0.040865384615384616
11 0.2776442307692308 0.037259615384615384 0.04447115384615385 0.040865384615384616
11 0.32211538461538464 0.03485576923076923 0.04567307692307692 0.037259615384615384
11 0.32091346153846156 0.07572115384615384 0.046875 0.039663461538461536
11 0.32211538461538464 0.109375 0.046875 0.037259615384615384
11 0.32091346153846156 0.14543269230769232 0.046875 0.039663461538461536
11 0.3245192307692308 0.18269230769230768 0.04807692307692308 0.042067307692307696
11 0.32572115384615385 0.21875 0.04567307692307692 0.04567307692307692
11 0.3269230769230769 0.25600961538461536 0.04567307692307692 0.039663461538461536
11 0.328125 0.29086538461538464 0.04326923076923077 0.039663461538461536
11 0.3701923076923077 0.2920673076923077 0.04447115384615385 0.036057692307692304
11 0.3713942307692308 0.2536057692307692 0.04447115384615385 0.038461538461538464
11 0.36899038461538464 0.22115384615384615 0.04567307692307692 0.03245192307692308
11 0.3701923076923077 0.18269230769230768 0.046875 0.036057692307692304
11 0.3701923076923077 0.1466346153846154 0.04447115384615385 0.038461538461538464
11 0.36778846153846156 0.11057692307692307 0.04807692307692308 0.036057692307692304
11 0.36899038461538464 0.06971153846153846 0.04567307692307692 0.039663461538461536
11 0.36778846153846156 0.03365384615384615 0.04447115384615385 0.03365384615384615
11 0.4110576923076923 0.036057692307692304 0.04326923076923077 0.036057692307692304
11 0.4110576923076923 0.0733173076923077 0.042067307692307696 0.036057692307692304
11 0.41346153846153844 0.10817307692307693 0.04326923076923077 0.039663461538461536
11 0.4110576923076923 0.14423076923076922 0.04447115384615385 0.037259615384615384
11 0.41346153846153844 0.18389423076923078 0.04447115384615385 0.03485576923076923
11 0.41586538461538464 0.21754807692307693 0.04326923076923077 0.036057692307692304
11 0.41346153846153844 0.2536057692307692 0.04326923076923077 0.038461538461538464
11 0.41346153846153844 0.28966346153846156 0.04326923076923077 0.037259615384615384
11 0.4579326923076923 0.2920673076923077 0.04567307692307692 0.037259615384615384
11 0.4579326923076923 0.25600961538461536 0.046875 0.03365384615384615
11 0.45913461538461536 0.21995192307692307 0.04567307692307692 0.036057692307692304
11 0.4579326923076923 0.18629807692307693 0.04567307692307692 0.040865384615384616
11 0.45552884615384615 0.14543269230769232 0.042067307692307696 0.037259615384615384
11 0.4579326923076923 0.109375 0.046875 0.04567307692307692
11 0.4579326923076923 0.06850961538461539 0.04567307692307692 0.038461538461538464
11 0.4567307692307692 0.037259615384615384 0.046875 0.038461538461538464
11 0.5072115384615384 0.028846153846153848 0.04567307692307692 0.036057692307692304
11 0.5072115384615384 0.06370192307692307 0.046875 0.04567307692307692
11 0.5060096153846154 0.10576923076923077 0.046875 0.04447115384615385
11 0.5060096153846154 0.140625 0.042067307692307696 0.037259615384615384
11 0.5060096153846154 0.17908653846153846 0.04447115384615385 0.042067307692307696
11 0.5036057692307693 0.21514423076923078 0.04807692307692308 0.040865384615384616
11 0.5060096153846154 0.25240384615384615 0.046875 0.042067307692307696
11 0.5048076923076923 0.28966346153846156 0.046875 0.037259615384615384
11 0.5504807692307693 0.28725961538461536 0.04567307692307692 0.040865384615384616
11 0.5504807692307693 0.2512019230769231 0.046875 0.040865384615384616
11 0.5504807692307693 0.21394230769230768 0.04807692307692308 0.038461538461538464
11 0.5504807692307693 0.17668269230769232 0.04567307692307692 0.038461538461538464
11 0.5516826923076923 0.13822115384615385 0.046875 0.042067307692307696
11 0.5528846153846154 0.10216346153846154 0.04927884615384615 0.04326923076923077
11 0.5540865384615384 0.06610576923076923 0.046875 0.040865384615384616
11 0.5528846153846154 0.027644230769230768 0.046875 0.03485576923076923
11 0.18854867788461538 0.3264254927884615 0.18875798798076923 0.36199438221153846 0.23341207692307692 0.3686054855769231 0.23423900721153845 0.3311425673076923 0.18854867788461538 0.3264254927884615
11 0.18753636057692308 0.36494425240384615 0.18712289423076925 0.40240715865384613 0.23301737980769233 0.4097528293269231 0.23343084375 0.37228990384615385 0.18753636057692308 0.36494425240384615
11 0.18171659855769232 0.4383779375 0.22761107211538462 0.44572360817307694 0.22929302644230767 0.4045878557692308 0.18254351923076922 0.3994458918269231 0.18171659855769232 0.4383779375
11 0.23303301923076924 0.4405701081730769 0.18631161778846156 0.4383664014423077 0.18465775721153846 0.47509473798076923 0.23096570673076922 0.48170583894230773 0.23055223076923076 0.4405701081730769 0.23303301923076924 0.4405701081730769
11 0.23314537980769232 0.5201581129807692 0.23263462259615386 0.4763001538461538 0.1868374326923077 0.4720655865384616 0.1864357548076923 0.5095450048076923 0.23314537980769232 0.5201581129807692
11 0.1861744326923077 0.5498120721153846 0.23231213221153846 0.5543491009615384 0.23248237740384617 0.5165405096153847 0.18514295192307692 0.5123873076923077 0.1861744326923077 0.5498120721153846
11 0.18734811538461538 0.5476947932692308 0.18649686778846153 0.5867132620192308 0.2336560625 0.5915527596153847 0.23382631730769232 0.5543491009615384 0.18734811538461538 0.5476947932692308
11 0.2353405625 0.5891330024038461 0.18903261778846153 0.5873182019230769 0.19022436538461537 0.6269416009615385 0.23721331250000002 0.6278490024038461 0.2353405625 0.5891330024038461
11 0.23821556009615386 0.6201095216346153 0.1929302235576923 0.6171297091346154 0.19241947596153847 0.65403090625 0.2380464206730769 0.6591728653846154 0.23821556009615386 0.6201095216346153
11 0.2346729375 0.361609875 0.27961889182692307 0.3676592524038461 0.27961889182692307 0.3253136322115384 0.2338216923076923 0.32440622355769233 0.2346729375 0.361609875
11 0.23213725240384614 0.3964364735576923 0.2786154447115385 0.40127597115384617 0.2791261995192308 0.36316491105769233 0.2341625576923077 0.35855463701923074 0.23213725240384614 0.3964364735576923
11 0.2779344615384615 0.4012978293269231 0.2780338125 0.40123899278846153 0.23077525961538464 0.39645832451923074 0.22975375721153846 0.4378965504807692 0.2762319495192308 0.4421311081730769 0.2779344615384615 0.4012978293269231
11 0.2309455048076923 0.4763636514423077 0.27589145673076926 0.4784809326923077 0.2762319495192308 0.4382525913461538 0.2343322403846154 0.4393760793269231 0.2309455048076923 0.4763636514423077
11 0.2321191875 0.5165186514423077 0.27757588701923075 0.5198458076923077 0.27706513221153845 0.48082733894230767 0.23085971153846152 0.47807358173076925 0.2321191875 0.5165186514423077
11 0.23179675240384615 0.5150063100961538 0.23196700721153848 0.5534198413461539 0.2779344615384615 0.5573519375 0.27691294951923073 0.5186359375 0.23179675240384615 0.5150063100961538
11 0.23380361778846154 0.5484058052884616 0.2348251201923077 0.5862143966346154 0.2802818076923077 0.5892390841346153 0.27943056250000003 0.5505230841346154 0.23380361778846154 0.5484058052884616
11 0.23586468509615385 0.6201544062500001 0.2811511394230769 0.6243889639423077 0.2806403822115385 0.584160625 0.2346729375 0.5826482764423078 0.23586468509615385 0.6201544062500001
11 0.2819843846153846 0.6287673485576923 0.23737893269230767 0.6260451298076923 0.2378896778846154 0.6620389110576923 0.28113313701923076 0.6668784086538462 0.2819843846153846 0.6287673485576923
11 0.3004807692307692 0.35216346153846156 0.046875 0.042067307692307696
11 0.3004807692307692 0.3870192307692308 0.04567307692307692 0.040865384615384616
11 0.3004807692307692 0.42427884615384615 0.04567307692307692 0.040865384615384616
11 0.3016826923076923 0.46634615384615385 0.04567307692307692 0.040865384615384616
11 0.29927884615384615 0.5 0.04567307692307692 0.040865384615384616
11 0.3016826923076923 0.5348557692307693 0.04567307692307692 0.040865384615384616
11 0.3004807692307692 0.5745192307692307 0.04567307692307692 0.039663461538461536
11 0.30288461538461536 0.6105769230769231 0.04567307692307692 0.038461538461538464
11 0.30288461538461536 0.6454326923076923 0.04447115384615385 0.039663461538461536
11 0.34975961538461536 0.6454326923076923 0.04447115384615385 0.037259615384615384
11 0.3473557692307692 0.6105769230769231 0.04447115384615385 0.036057692307692304
11 0.3485576923076923 0.5757211538461539 0.04567307692307692 0.037259615384615384
11 0.34615384615384615 0.5420673076923077 0.04567307692307692 0.039663461538461536
11 0.3473557692307692 0.5012019230769231 0.046875 0.039663461538461536
11 0.34615384615384615 0.46274038461538464 0.046875 0.038461538461538464
11 0.3449519230769231 0.4266826923076923 0.04567307692307692 0.039663461538461536
11 0.3473557692307692 0.3894230769230769 0.046875 0.039663461538461536
11 0.3473557692307692 0.3485576923076923 0.04567307692307692 0.039663461538461536
11 0.39302884615384615 0.3449519230769231 0.04567307692307692 0.042067307692307696
11 0.3942307692307692 0.38341346153846156 0.046875 0.038461538461538464
11 0.39302884615384615 0.4254807692307692 0.04567307692307692 0.039663461538461536
11 0.390625 0.46153846153846156 0.04567307692307692 0.039663461538461536
11 0.3894230769230769 0.5 0.046875 0.039663461538461536
11 0.3894230769230769 0.5348557692307693 0.046875 0.038461538461538464
11 0.39302884615384615 0.5757211538461539 0.04447115384615385 0.038461538461538464
11 0.3918269230769231 0.6069711538461539 0.04567307692307692 0.037259615384615384
11 0.39302884615384615 0.6466346153846154 0.04326923076923077 0.039663461538461536
11 0.4387019230769231 0.6442307692307693 0.04447115384615385 0.038461538461538464
11 0.4375 0.6069711538461539 0.04567307692307692 0.037259615384615384
11 0.4375 0.5721153846153846 0.04567307692307692 0.03485576923076923
11 0.4387019230769231 0.5360576923076923 0.046875 0.038461538461538464
11 0.4362980769230769 0.5012019230769231 0.04567307692307692 0.037259615384615384
11 0.4338942307692308 0.46274038461538464 0.04447115384615385 0.038461538461538464
11 0.4375 0.42788461538461536 0.04567307692307692 0.038461538461538464
11 0.43990384615384615 0.390625 0.04567307692307692 0.039663461538461536
11 0.4375 0.3485576923076923 0.04447115384615385 0.037259615384615384
11 0.484375 0.35096153846153844 0.04326923076923077 0.04447115384615385
11 0.4855769230769231 0.38822115384615385 0.04447115384615385 0.040865384615384616
11 0.48677884615384615 0.4266826923076923 0.04567307692307692 0.040865384615384616
11 0.4891826923076923 0.46634615384615385 0.04807692307692308 0.05048076923076923
11 0.4831730769230769 0.5348557692307693 0.04447115384615385 0.039663461538461536
11 0.4831730769230769 0.5685096153846154 0.04447115384615385 0.037259615384615384
11 0.48197115384615385 0.6081730769230769 0.04326923076923077 0.037259615384615384
11 0.484375 0.6418269230769231 0.04447115384615385 0.040865384615384616
11 0.53125 0.35216346153846156 0.04447115384615385 0.042067307692307696
11 0.5300480769230769 0.3894230769230769 0.04567307692307692 0.040865384615384616
11 0.53125 0.4266826923076923 0.04567307692307692 0.038461538461538464
11 0.5336538461538461 0.46033653846153844 0.04326923076923077 0.038461538461538464
11 0.5276442307692307 0.5709134615384616 0.04567307692307692 0.040865384615384616
11 0.5288461538461539 0.6069711538461539 0.04447115384615385 0.037259615384615384
11 0.53125 0.6442307692307693 0.04326923076923077 0.038461538461538464
11 0.5985576923076923 0.028846153846153848 0.04326923076923077 0.036057692307692304
11 0.5973557692307693 0.0625 0.042067307692307696 0.03365384615384615
11 0.5961538461538461 0.10216346153846154 0.04326923076923077 0.040865384615384616
11 0.5961538461538461 0.13581730769230768 0.04326923076923077 0.040865384615384616
11 0.5961538461538461 0.171875 0.04326923076923077 0.039663461538461536
11 0.5949519230769231 0.21033653846153846 0.04326923076923077 0.042067307692307696
11 0.59375 0.24879807692307693 0.042067307692307696 0.042067307692307696
11 0.59375 0.28725961538461536 0.04326923076923077 0.039663461538461536
11 0.6358173076923077 0.28125 0.04326923076923077 0.038461538461538464
11 0.6370192307692307 0.24639423076923078 0.04326923076923077 0.038461538461538464
11 0.6394230769230769 0.2091346153846154 0.04326923076923077 0.038461538461538464
11 0.6394230769230769 0.17668269230769232 0.04326923076923077 0.039663461538461536
11 0.640625 0.13942307692307693 0.04447115384615385 0.042067307692307696
11 0.6370192307692307 0.10336538461538461 0.04326923076923077 0.040865384615384616
11 0.640625 0.0625 0.04326923076923077 0.042067307692307696
11 0.6418269230769231 0.028846153846153848 0.04326923076923077 0.038461538461538464
11 0.6838942307692307 0.025240384615384616 0.04326923076923077 0.039663461538461536
11 0.6862980769230769 0.06610576923076923 0.04447115384615385 0.040865384615384616
11 0.6838942307692307 0.10216346153846154 0.04326923076923077 0.040865384615384616
11 0.6850961538461539 0.13942307692307693 0.04447115384615385 0.039663461538461536
11 0.6826923076923077 0.17548076923076922 0.04326923076923077 0.040865384615384616
11 0.6826923076923077 0.2127403846153846 0.042067307692307696 0.039663461538461536
11 0.6802884615384616 0.24759615384615385 0.04326923076923077 0.042067307692307696
11 0.6790865384615384 0.2824519230769231 0.04326923076923077 0.040865384615384616
11 0.7199519230769231 0.2824519230769231 0.040865384615384616 0.039663461538461536
11 0.7223557692307693 0.24759615384615385 0.04326923076923077 0.039663461538461536
11 0.7247596153846154 0.20552884615384615 0.04447115384615385 0.040865384615384616
11 0.7283653846153846 0.171875 0.04326923076923077 0.04326923076923077
11 0.7307692307692307 0.1346153846153846 0.04447115384615385 0.040865384615384616
11 0.7295673076923077 0.09735576923076923 0.04326923076923077 0.039663461538461536
11 0.7319711538461539 0.05889423076923077 0.04326923076923077 0.037259615384615384
11 0.7295673076923077 0.028846153846153848 0.04326923076923077 0.039663461538461536
11 0.7067307692307693 0.35336538461538464 0.04447115384615385 0.040865384615384616
11 0.7079326923076923 0.3870192307692308 0.04567307692307692 0.038461538461538464
11 0.7103365384615384 0.42788461538461536 0.04567307692307692 0.037259615384615384
11 0.7115384615384616 0.4651442307692308 0.04447115384615385 0.039663461538461536
11 0.7103365384615384 0.5 0.04326923076923077 0.038461538461538464
11 0.7079326923076923 0.5336538461538461 0.04326923076923077 0.038461538461538464
11 0.7019230769230769 0.5709134615384616 0.04447115384615385 0.038461538461538464
11 0.7019230769230769 0.6069711538461539 0.04326923076923077 0.038461538461538464
11 0.6995192307692307 0.6430288461538461 0.04326923076923077 0.037259615384615384
11 0.6550480769230769 0.6442307692307693 0.04326923076923077 0.03485576923076923
11 0.6574519230769231 0.6045673076923077 0.04447115384615385 0.037259615384615384
11 0.6598557692307693 0.5733173076923077 0.04326923076923077 0.039663461538461536
11 0.6610576923076923 0.5396634615384616 0.04447115384615385 0.03485576923076923
11 0.6670673076923077 0.5012019230769231 0.04447115384615385 0.038461538461538464
11 0.6670673076923077 0.4639423076923077 0.04447115384615385 0.036057692307692304
11 0.6646634615384616 0.4254807692307692 0.04447115384615385 0.037259615384615384
11 0.6658653846153846 0.3942307692307692 0.04447115384615385 0.038461538461538464
11 0.6622596153846154 0.3581730769230769 0.04447115384615385 0.039663461538461536
11 0.6189903846153846 0.35336538461538464 0.04567307692307692 0.037259615384615384
11 0.5745192307692307 0.3557692307692308 0.04567307692307692 0.042067307692307696
11 0.5757211538461539 0.390625 0.04567307692307692 0.040865384615384616
11 0.5757211538461539 0.4254807692307692 0.04567307692307692 0.038461538461538464
11 0.578125 0.4651442307692308 0.04567307692307692 0.038461538461538464
11 0.5769230769230769 0.49759615384615385 0.042067307692307696 0.037259615384615384
11 0.5324519230769231 0.4987980769230769 0.04326923076923077 0.039663461538461536
11 0.6201923076923077 0.5024038461538461 0.04567307692307692 0.039663461538461536
11 0.6213942307692307 0.46274038461538464 0.04447115384615385 0.038461538461538464
11 0.6201923076923077 0.4254807692307692 0.04447115384615385 0.036057692307692304
11 0.6201923076923077 0.390625 0.04447115384615385 0.038461538461538464
11 0.5709134615384616 0.5360576923076923 0.04447115384615385 0.039663461538461536
11 0.6153846153846154 0.5384615384615384 0.04447115384615385 0.037259615384615384
11 0.5721153846153846 0.5721153846153846 0.04447115384615385 0.037259615384615384
11 0.6141826923076923 0.5733173076923077 0.04567307692307692 0.039663461538461536
11 0.5733173076923077 0.6081730769230769 0.04447115384615385 0.039663461538461536
11 0.6141826923076923 0.6069711538461539 0.04447115384615385 0.038461538461538464
11 0.5733173076923077 0.6430288461538461 0.04326923076923077 0.037259615384615384
11 0.6141826923076923 0.6442307692307693 0.04326923076923077 0.040865384615384616
11 0.49038461538461536 0.6899038461538461 0.040865384615384616 0.03485576923076923
11 0.4891826923076923 0.7247596153846154 0.042067307692307696 0.03365384615384615
11 0.5300480769230769 0.7271634615384616 0.042067307692307696 0.03485576923076923
11 0.5324519230769231 0.6947115384615384 0.040865384615384616 0.036057692307692304
11 0.48677884615384615 0.7644230769230769 0.040865384615384616 0.03485576923076923
11 0.4879807692307692 0.796875 0.040865384615384616 0.03365384615384615
11 0.4879807692307692 0.828125 0.042067307692307696 0.036057692307692304
11 0.48677884615384615 0.8605769230769231 0.040865384615384616 0.03485576923076923
11 0.4879807692307692 0.8930288461538461 0.042067307692307696 0.03365384615384615
11 0.48677884615384615 0.9266826923076923 0.040865384615384616 0.03485576923076923
11 0.4879807692307692 0.9603365384615384 0.042067307692307696 0.036057692307692304
11 0.5288461538461539 0.9615384615384616 0.040865384615384616 0.039663461538461536
11 0.5276442307692307 0.9266826923076923 0.040865384615384616 0.03485576923076923
11 0.5276442307692307 0.8942307692307693 0.042067307692307696 0.03365384615384615
11 0.5264423076923077 0.859375 0.040865384615384616 0.036057692307692304
11 0.5264423076923077 0.8293269230769231 0.040865384615384616 0.038461538461538464
11 0.5276442307692307 0.7956730769230769 0.042067307692307696 0.039663461538461536
11 0.5300480769230769 0.7608173076923077 0.040865384615384616 0.037259615384615384
11 0.5733173076923077 0.6935096153846154 0.042067307692307696 0.038461538461538464
11 0.6165865384615384 0.6923076923076923 0.04326923076923077 0.03365384615384615
11 0.5721153846153846 0.7271634615384616 0.042067307692307696 0.036057692307692304
11 0.5709134615384616 0.7572115384615384 0.039663461538461536 0.03485576923076923
11 0.5709134615384616 0.7956730769230769 0.042067307692307696 0.036057692307692304
11 0.5709134615384616 0.8293269230769231 0.042067307692307696 0.038461538461538464
11 0.5685096153846154 0.8641826923076923 0.04326923076923077 0.036057692307692304
11 0.5685096153846154 0.8966346153846154 0.042067307692307696 0.036057692307692304
11 0.5697115384615384 0.9278846153846154 0.042067307692307696 0.037259615384615384
11 0.5697115384615384 0.9627403846153846 0.040865384615384616 0.039663461538461536
11 0.6153846153846154 0.7259615384615384 0.042067307692307696 0.036057692307692304
11 0.6153846153846154 0.7596153846153846 0.04326923076923077 0.036057692307692304
11 0.6165865384615384 0.7932692307692307 0.042067307692307696 0.036057692307692304
11 0.6153846153846154 0.828125 0.042067307692307696 0.037259615384615384
11 0.6153846153846154 0.8629807692307693 0.042067307692307696 0.039663461538461536
11 0.6129807692307693 0.8966346153846154 0.040865384615384616 0.03365384615384615
11 0.6129807692307693 0.9314903846153846 0.042067307692307696 0.03485576923076923
11 0.6129807692307693 0.9627403846153846 0.040865384615384616 0.037259615384615384
11 0.6574519230769231 0.6923076923076923 0.042067307692307696 0.037259615384615384
11 0.6983173076923077 0.6947115384615384 0.040865384615384616 0.036057692307692304
11 0.6983173076923077 0.7271634615384616 0.039663461538461536 0.037259615384615384
11 0.6995192307692307 0.7608173076923077 0.040865384615384616 0.037259615384615384
11 0.6971153846153846 0.7956730769230769 0.042067307692307696 0.037259615384615384
11 0.6983173076923077 0.828125 0.042067307692307696 0.03365384615384615
11 0.6574519230769231 0.7271634615384616 0.042067307692307696 0.036057692307692304
11 0.6574519230769231 0.7608173076923077 0.042067307692307696 0.038461538461538464
11 0.6550480769230769 0.7944711538461539 0.040865384615384616 0.042067307692307696
11 0.6538461538461539 0.8269230769230769 0.040865384615384616 0.037259615384615384
11 0.6550480769230769 0.8629807692307693 0.042067307692307696 0.040865384615384616
11 0.65625 0.8954326923076923 0.040865384615384616 0.037259615384615384
11 0.6538461538461539 0.9302884615384616 0.040865384615384616 0.03485576923076923
11 0.6526442307692307 0.9603365384615384 0.040865384615384616 0.03365384615384615
11 0.6923076923076923 0.9591346153846154 0.040865384615384616 0.03365384615384615
11 0.6923076923076923 0.9278846153846154 0.042067307692307696 0.037259615384615384
11 0.6971153846153846 0.8966346153846154 0.042067307692307696 0.036057692307692304
11 0.6983173076923077 0.8605769230769231 0.042067307692307696 0.03485576923076923
11 0.26322115384615385 0.7007211538461539 0.04326923076923077 0.03365384615384615
11 0.30528846153846156 0.6947115384615384 0.042067307692307696 0.03485576923076923
11 0.3473557692307692 0.6995192307692307 0.042067307692307696 0.037259615384615384
11 0.3894230769230769 0.6971153846153846 0.042067307692307696 0.03365384615384615
11 0.4362980769230769 0.7367788461538461 0.042067307692307696 0.03485576923076923
11 0.21875 0.7331730769230769 0.042067307692307696 0.036057692307692304
11 0.26322115384615385 0.7283653846153846 0.042067307692307696 0.037259615384615384
11 0.3088942307692308 0.7319711538461539 0.04326923076923077 0.037259615384615384
11 0.3485576923076923 0.7295673076923077 0.042067307692307696 0.03365384615384615
11 0.390625 0.7331730769230769 0.04326923076923077 0.03245192307692308
11 0.21754807692307693 0.7632211538461539 0.042067307692307696 0.03485576923076923
11 0.265625 0.7632211538461539 0.042067307692307696 0.036057692307692304
11 0.3088942307692308 0.765625 0.042067307692307696 0.036057692307692304
11 0.35096153846153844 0.7668269230769231 0.040865384615384616 0.03485576923076923
11 0.39663461538461536 0.7692307692307693 0.042067307692307696 0.03485576923076923
11 0.4387019230769231 0.7668269230769231 0.042067307692307696 0.03485576923076923
11 0.4362980769230769 0.8016826923076923 0.040865384615384616 0.03485576923076923
11 0.43990384615384615 0.8365384615384616 0.042067307692307696 0.03485576923076923
11 0.4387019230769231 0.8713942307692307 0.040865384615384616 0.036057692307692304
11 0.43990384615384615 0.9026442307692307 0.042067307692307696 0.036057692307692304
11 0.43990384615384615 0.9362980769230769 0.042067307692307696 0.036057692307692304
11 0.43990384615384615 0.9711538461538461 0.042067307692307696 0.03485576923076923
11 0.3942307692307692 0.7980769230769231 0.042067307692307696 0.03245192307692308
11 0.3954326923076923 0.8329326923076923 0.04326923076923077 0.036057692307692304
11 0.39663461538461536 0.8689903846153846 0.040865384615384616 0.036057692307692304
11 0.39663461538461536 0.9038461538461539 0.042067307692307696 0.03365384615384615
11 0.39663461538461536 0.9375 0.040865384615384616 0.03485576923076923
11 0.39783653846153844 0.96875 0.040865384615384616 0.03485576923076923
11 0.21875 0.796875 0.042067307692307696 0.03485576923076923
11 0.21875 0.8317307692307693 0.042067307692307696 0.03125
11 0.22115384615384615 0.8701923076923077 0.042067307692307696 0.03485576923076923
11 0.2247596153846154 0.9038461538461539 0.042067307692307696 0.03365384615384615
11 0.22596153846153846 0.9338942307692307 0.042067307692307696 0.03485576923076923
11 0.25961538461538464 0.7980769230769231 0.042067307692307696 0.03485576923076923
11 0.2668269230769231 0.8329326923076923 0.04326923076923077 0.03365384615384615
11 0.26802884615384615 0.8665865384615384 0.04326923076923077 0.03365384615384615
11 0.2692307692307692 0.9038461538461539 0.04326923076923077 0.037259615384615384
11 0.26802884615384615 0.9387019230769231 0.042067307692307696 0.036057692307692304
11 0.23076923076923078 0.9675480769230769 0.040865384615384616 0.036057692307692304
11 0.27163461538461536 0.9699519230769231 0.040865384615384616 0.03365384615384615
11 0.3137019230769231 0.9699519230769231 0.042067307692307696 0.03245192307692308
11 0.31009615384615385 0.7956730769230769 0.042067307692307696 0.036057692307692304
11 0.31009615384615385 0.8341346153846154 0.042067307692307696 0.03485576923076923
11 0.3137019230769231 0.8689903846153846 0.042067307692307696 0.03485576923076923
11 0.3125 0.9026442307692307 0.04326923076923077 0.03245192307692308
11 0.3125 0.9375 0.042067307692307696 0.036057692307692304
11 0.35216346153846156 0.8004807692307693 0.040865384615384616 0.037259615384615384
11 0.35336538461538464 0.8365384615384616 0.042067307692307696 0.03485576923076923
11 0.35697115384615385 0.8737980769230769 0.042067307692307696 0.03365384615384615
11 0.35697115384615385 0.90625 0.042067307692307696 0.03485576923076923
11 0.3545673076923077 0.9375 0.042067307692307696 0.03485576923076923
11 0.35697115384615385 0.9675480769230769 0.042067307692307696 0.03245192307692308
11 0.46098394951923083 0.5141648100961539 0.5015034038461539 0.51973528125 0.5041564663461539 0.51973528125 0.5051212163461538 0.4957394254807692 0.4648429423076923 0.4893119567307692 0.4635250841346154 0.4789010480769231 0.46146632451923075 0.48031351923076926 0.46098394951923083 0.5141648100961539
11 0.4545525480769231 0.7145935336538461 0.45395741826923075 0.6818085048076923 0.40991710336538467 0.6839236754807693 0.40991710336538467 0.7156510985576923 0.4545525480769231 0.7145935336538461
11 0.2027992716346154 0.7101745961538461 0.24267358653846155 0.7101745961538461 0.24088819471153847 0.6805286899038462 0.20041870673076925 0.6762935504807692 0.2027992716346154 0.7101745961538461