11 0.18755559375 0.35750126201923077 0.23383319951923076 0.36119347596153845 0.23383319951923076 0.31839480288461536 0.1878492668269231 0.3183110600961539 0.18755559375 0.35750126201923077
11 0.23323146153846153 0.35893041105769236 0.2800986850961538 0.35893041105769236 0.2787476201923077 0.31955152403846154 0.23323146153846153 0.31693254567307694 0.23323146153846153 0.35893041105769236
11 0.21560558173076924 0.31120200721153846 0.26207223076923075 0.3140493221153846 0.2628733798076923 0.2741869399038462 0.21720787980769232 0.27276328365384617 0.21560558173076924 0.31120200721153846
11 0.27849578846153844 0.36601278365384615 0.32536301201923074 0.36672461057692307 0.3237607139423077 0.3247267451923077 0.2776946394230769 0.32401491586538456 0.27849578846153844 0.36601278365384615
11 0.26167165625 0.31200509134615384 0.30693658173076926 0.31342874759615386 0.3061354326923077 0.27427819471153847 0.2620993629807692 0.2750712235576923 0.26167165625 0.31200509134615384
11 0.32446566105769226 0.3661173846153846 0.37022736057692307 0.3661040384615385 0.36981263461538466 0.32640421634615385 0.3240317043269231 0.32447543269230766 0.32446566105769226 0.3661173846153846
11 0.41586791586538463 0.3634276370192308 0.41537974278846157 0.32380943269230766 0.3694010432692308 0.3233796274038462 0.37046531971153845 0.3637163028846154 0.41586791586538463 0.3634276370192308
11 0.4616058725961538 0.36611646875 0.46117191826923076 0.3267879591346154 0.41560656249999994 0.32486008894230767 0.4162574951923077 0.3653453221153846 0.4616058725961538 0.36611646875
11 0.46377565144230765 0.36650204086538457 0.5082561177884616 0.36920105769230765 0.5080391394230769 0.32948697355769235 0.46312471875 0.3287158269230769 0.46377565144230765 0.36650204086538457
11 0.5525384735576924 0.3707426658653846 0.5525384735576924 0.33025743509615385 0.5076240504807692 0.3287151394230769 0.5080580072115385 0.36958594471153844 0.5525384735576924 0.3707426658653846
11 0.5974598076923077 0.3715138125 0.5961579399038461 0.3321853028846154 0.5516927115384616 0.3314814807692308 0.5527623629807692 0.3711282379807692 0.5974598076923077 0.3715138125
11 0.6421572524038462 0.37267053365384617 0.6417232956730768 0.3333420240384615 0.5968316009615384 0.3326388870192308 0.5972428293269231 0.3707426658653846 0.6421572524038462 0.37267053365384617
11 0.68556121875 0.3746016057692308 0.6851272620192308 0.3337308004807692 0.6415364615384616 0.3334104927884616 0.6417316850961539 0.3719025889423077 0.68556121875 0.3746016057692308
11 0.7306926177884615 0.3719025889423077 0.7300416850961539 0.3333452283653846 0.6851562524038461 0.3334104927884616 0.68556121875 0.37267373798076925 0.7306926177884615 0.3719025889423077
11 0.7311265745192308 0.40930323076923075 0.7315605288461539 0.3711314423076923 0.6868923629807693 0.3719907403846153 0.6872970408653847 0.41007437980769235 0.7311265745192308 0.40930323076923075
11 0.6434675072115384 0.4096888052884615 0.6875140192307693 0.41045995192307694 0.6872970408653847 0.3722881634615384 0.6430335528846154 0.3719025889423077 0.6434675072115384 0.4096888052884615
11 0.5989870408653846 0.40853208413461534 0.6434675072115384 0.40891765865384616 0.64325053125 0.3722881634615384 0.5992187524038461 0.37044752884615384 0.5989870408653846 0.40853208413461534
11 0.5527707524038461 0.40891765865384616 0.5976851754807693 0.40891765865384616 0.5974681971153847 0.37151701682692306 0.55277778125 0.37006172836538465 0.5527707524038461 0.40891765865384616
11 0.5078356778846154 0.40564657692307693 0.5524246346153846 0.4070924783653846 0.5524246346153846 0.3697882307692308 0.5080078149038462 0.3684027764423077 0.5078356778846154 0.40564657692307693
11 0.46356408894230766 0.40362557692307693 0.508153045673077 0.4070957379807692 0.5079903100961538 0.36950231009615386 0.46422526201923076 0.3669560168269231 0.46356408894230766 0.40362557692307693
11 0.4179987331730769 0.40362557692307693 0.4630758894230769 0.40449311778846153 0.4634013557692308 0.3666105072115385 0.41783854326923076 0.3655092572115385 0.4179987331730769 0.40362557692307693
11 0.3719269495192308 0.4018930697115385 0.41814324038461537 0.4027606105769231 0.41732957211538463 0.3640104615384615 0.37145182451923076 0.3634837956730769 0.3719269495192308 0.4018930697115385
11 0.3257011826923077 0.4039178461538461 0.37208020673076925 0.40449620673076925 0.37110380528846154 0.3660352379807692 0.3252129831730769 0.3657460576923077 0.3257011826923077 0.4039178461538461
11 0.2791594254807692 0.402761125 0.3252129831730769 0.4047853870192308 0.32472478125 0.3666135985576923 0.27900390865384617 0.3649305552884616 0.2791594254807692 0.402761125
11 0.23244624278846154 0.3952408942307692 0.27898799759615384 0.3975543365384615 0.27898799759615384 0.3593825480769231 0.23244624278846154 0.3579366466346154 0.23244624278846154 0.3952408942307692
11 0.1860568485576923 0.3961043173076923 0.23179530769230772 0.3987110576923077 0.23211040625 0.36024596875000003 0.1860568485576923 0.35706498557692307 0.1860568485576923 0.3961043173076923
11 0.18415642067307691 0.4342383822115385 0.2307632716346154 0.43655182451923075 0.23024252403846154 0.39907406730769235 0.18362815625 0.3949079495192308 0.18415642067307691 0.4342383822115385
11 0.23023954326923077 0.4351593653846154 0.2771067668269231 0.43608474038461537 0.2771067668269231 0.39768160817307696 0.23023954326923077 0.3944427908653846 0.23023954326923077 0.4351593653846154
11 0.2778878870192308 0.440711625 0.3239739903846154 0.4425623774038462 0.3239739903846154 0.4046219326923077 0.2771067668269231 0.4018458028846154 0.2778878870192308 0.440711625
11 0.3239848774038461 0.44256182932692306 0.3698106057692308 0.44117376442307693 0.3687691129807692 0.4032333197115384 0.32294338221153845 0.4036960072115384 0.3239848774038461 0.44256182932692306
11 0.3692898605769231 0.44394989423076925 0.4145948413461538 0.44209914182692306 0.41537596153846157 0.4036960072115384 0.3687691129807692 0.4032333197115384 0.3692898605769231 0.44394989423076925
11 0.4158967091346154 0.4032333197115384 0.4164174567307692 0.44117376442307693 0.4617224375 0.44256182932692306 0.46146206490384617 0.4046213846153846 0.4158967091346154 0.4032333197115384
11 0.18546619471153847 0.4712781658653846 0.23181267067307693 0.4754423605769231 0.2312919254807692 0.43657653846153843 0.18651042067307694 0.4348148125 0.18546619471153847 0.4712781658653846
11 0.23103155048076923 0.47451698317307694 0.27659690625 0.47497967067307695 0.27659690625 0.43657653846153843 0.23078125240384614 0.43574074038461535 0.23103155048076923 0.47451698317307694
11 0.27607616105769234 0.4791438677884615 0.32242263701923074 0.4796065552884615 0.3219018894230769 0.44351686298076926 0.2776562524038461 0.43898148076923077 0.27607616105769234 0.4791438677884615
11 0.32294338221153845 0.48145730769230766 0.3677276177884616 0.4819199975961539 0.3677276177884616 0.4425914879807692 0.3208603966346154 0.4425914879807692 0.32294338221153845 0.48145730769230766
11 0.3677276177884616 0.48145730769230766 0.4130326009615385 0.4800692427884616 0.41225148076923074 0.4425914879807692 0.366686125 0.44305417548076925 0.3677276177884616 0.48145730769230766
11 0.41305118028846155 0.4791438677884615 0.4586165360576923 0.4791438677884615 0.45887690865384617 0.44166611057692307 0.4120096850961538 0.4407407331730769 0.41305118028846155 0.4791438677884615
11 0.4630428846153846 0.4407407331730769 0.5075667451923077 0.4458303052884615 0.5078271201923077 0.4060391081730769 0.46408437740384617 0.4028002884615385 0.4630428846153846 0.4407407331730769
11 0.5091440216346154 0.4430558221153846 0.5539282572115385 0.44536926442307695 0.5539282572115385 0.40742881971153844 0.5099479206730769 0.40611111057692306 0.5091440216346154 0.4430558221153846
11 0.5536678846153846 0.44444388701923077 0.5989728653846154 0.44536926442307695 0.5981917451923077 0.4088168846153846 0.5544490048076923 0.4083541971153846 0.5536678846153846 0.44444388701923077
11 0.59820915625 0.44536706730769227 0.642993391826923 0.44536706730769227 0.6432537668269231 0.4092773774038462 0.59820915625 0.40742662259615386 0.59820915625 0.44536706730769227
11 0.64274153125 0.4462910721153846 0.6870050192307692 0.4462910721153846 0.6867446466346153 0.40973869230769233 0.6432622764423077 0.4078879375 0.64274153125 0.4462910721153846
11 0.6877861394230769 0.4453656947115385 0.7320496274038462 0.44490300721153847 0.7312685072115385 0.40835062740384614 0.6870050192307692 0.4078879375 0.6877861394230769 0.4453656947115385
11 0.46539462740384613 0.48795581490384615 0.5140844639423077 0.49350807692307697 0.5153863317307692 0.45186612499999995 0.4666964927884615 0.4467765528846154 0.46539462740384613 0.48795581490384615
11 0.5106996081730769 0.44862730528846156 0.5148655841346154 0.4509407475961539 0.5153863317307692 0.4805528028846154 0.5562649639423077 0.4828662451923077 0.5562649639423077 0.4444631105769231 0.5117708365384616 0.4431481466346154 0.5106996081730769 0.44862730528846156
11 0.5101788629807692 0.4939707644230769 0.5117411033653846 0.519418625 0.5552234711538462 0.5171051826923077 0.55574421875 0.4810154903846154 0.5146354206730769 0.47972222115384616 0.5135637163461538 0.4925826995192307 0.5101788629807692 0.4939707644230769
11 0.5562649639423077 0.4810154903846154 0.6010491995192307 0.4824035552884615 0.6000077067307692 0.4449257980769231 0.5562649639423077 0.4444631105769231 0.5562649639423077 0.4810154903846154
11 0.41410105528846153 0.5166424951923078 0.4596664110576923 0.5152544278846154 0.4588852908653846 0.47870204807692307 0.41331993509615383 0.47870204807692307 0.41410105528846153 0.5166424951923078
11 0.36826016105769227 0.48194031730769227 0.36904128125 0.5189553870192307 0.4146066370192308 0.5175673221153846 0.41278402163461536 0.47962687740384613 0.3685416706730769 0.48064814663461536 0.36826016105769227 0.48194031730769227
11 0.32269480528846156 0.5175673221153846 0.3685205336538461 0.5180300096153846 0.36878090625 0.4805522524038462 0.3224344302884615 0.4800895649038462 0.32269480528846156 0.5175673221153846
11 0.2773898221153846 0.5152538798076923 0.3229551778846154 0.5171046322115385 0.32217405769230767 0.4791641875 0.27687500240384616 0.47833333173076925 0.2773898221153846 0.5152538798076923
11 0.2318068389423077 0.5115479783653846 0.2778929423076923 0.5133987331730769 0.2768514471153846 0.4740702235576923 0.23128609134615383 0.47314484615384617 0.2318068389423077 0.5115479783653846
11 0.1857207355769231 0.5073837836538462 0.23232758653846153 0.5138614206730769 0.23206721153846152 0.47499559855769236 0.18727321153846152 0.4703890360576923 0.1857207355769231 0.5073837836538462
11 0.18624364423076922 0.5453637716346154 0.2331108653846154 0.5481399038461539 0.2325901201923077 0.5120502115384615 0.18624364423076922 0.5069606394230769 0.18624364423076922 0.5453637716346154
11 0.1878058846153846 0.5833042187499999 0.23363161298076923 0.5879311009615384 0.23337124038461537 0.5490652788461539 0.18755208653846156 0.5440740721153846 0.1878058846153846 0.5833042187499999
11 0.18858700480769233 0.6203192860576923 0.23545422836538463 0.6226327283653846 0.23519385336538462 0.5860803485576923 0.18885417067307692 0.5834259254807692 0.18858700480769233 0.6203192860576923
11 0.19145111298076925 0.6578266995192308 0.23805796153846154 0.660140141826923 0.23831833653846154 0.6226623846153847 0.19171875240384614 0.6204629615384616 0.19145111298076925 0.6578266995192308
11 0.2325901201923077 0.54863225 0.27893659615384614 0.5490949375 0.27789510096153847 0.5125425576923077 0.23312500240384615 0.5102777764423077 0.2325901201923077 0.54863225
11 0.27867622115384616 0.5546471971153847 0.32372083173076927 0.5537218197115384 0.32346045673076923 0.515781375 0.27789510096153847 0.5153186875 0.27867622115384616 0.5546471971153847
11 0.32372083173076927 0.5551098870192308 0.36954656009615383 0.5551098870192308 0.3690258125 0.5167067524038461 0.32322917067307694 0.5167592572115385 0.32372083173076927 0.5551098870192308
11 0.23337124038461537 0.5842592524038461 0.27945734375 0.5856473173076924 0.27867622115384616 0.54863225 0.23338542067307694 0.5477777764423076 0.23337124038461537 0.5842592524038461
11 0.2359749735576923 0.6212743197115385 0.2818007043269231 0.6231250745192308 0.2807592091346154 0.5884234471153846 0.23598958653846153 0.5862037019230769 0.2359749735576923 0.6212743197115385
11 0.23779758894230768 0.6573640120192308 0.2820610769230769 0.660140141826923 0.2823214519230769 0.6221996971153847 0.23729167067307694 0.6213888870192308 0.23779758894230768 0.6573640120192308
11 0.27893659615384614 0.5893488245192308 0.3245019519230769 0.5907368894230769 0.3232000841346154 0.5541845096153846 0.27973958653846154 0.5542592572115385 0.27893659615384614 0.5893488245192308
11 0.2820610769230769 0.6268265817307692 0.3268453125 0.6268265817307692 0.3258038197115385 0.5911995769230769 0.2818007043269231 0.5916622668269231 0.2820610769230769 0.6268265817307692
11 0.2820610769230769 0.6633789615384615 0.3268453125 0.6638416490384615 0.3265849399038461 0.6277519567307692 0.2820610769230769 0.6259012043269231 0.2820610769230769 0.6633789615384615
11 0.3239812043269231 0.5911995769230769 0.36876543990384614 0.5907368894230769 0.36876543990384614 0.5560352620192307 0.32375000240384616 0.5533333317307693 0.3239812043269231 0.5911995769230769
11 0.3268453125 0.5921249543269231 0.3265849399038461 0.6277519567307692 0.3718899206730769 0.6277519567307692 0.37162954807692306 0.592587641826923 0.32687500240384615 0.5922222211538462 0.3268453125 0.5921249543269231
11 0.3268453125 0.6629162716346154 0.37162954807692306 0.6633789615384615 0.37058805528846156 0.6286773341346154 0.32661458653846154 0.6278703677884615 0.3268453125 0.6629162716346154
11 0.36954656009615383 0.5546471971153847 0.4156326634615385 0.5555725745192308 0.41433079567307696 0.5176321298076924 0.36850506730769234 0.5176321298076924 0.36954656009615383 0.5546471971153847
11 0.36876543990384614 0.5921249543269231 0.4140704230769231 0.5911995769230769 0.4125081826923077 0.5560352620192307 0.36906250240384614 0.5547222211538462 0.36876543990384614 0.5921249543269231
11 0.37162954807692306 0.6282146466346153 0.4164137836538462 0.6286773341346154 0.4161534110576923 0.5907368894230769 0.3714062524038461 0.5931481466346153 0.37162954807692306 0.6282146466346153
11 0.37058805528846156 0.6656924014423077 0.41589303605769234 0.6652297139423078 0.41537229086538463 0.6300653990384616 0.37058805528846156 0.6277519567307692 0.37058805528846156 0.6656924014423077
11 0.4154014086538461 0.5532481490384615 0.4607063918269231 0.5532481490384615 0.4596648990384615 0.5153077043269231 0.41411458653846156 0.5162962956730769 0.4154014086538461 0.5532481490384615
11 0.4138391682692308 0.5898005288461539 0.45862340384615385 0.5893378389423077 0.4575819110576923 0.5527854591346154 0.4127976754807693 0.5541735240384615 0.4138391682692308 0.5898005288461539
11 0.4169636514423077 0.6249648437499999 0.46174788701923075 0.6268155961538462 0.46174788701923075 0.5888751514423076 0.41697917067307694 0.5899074062499999 0.4169636514423077 0.6249648437499999
11 0.41514103605769226 0.6624425985576923 0.4599252716346154 0.6629052884615384 0.4599252716346154 0.6258902187500001 0.41409954326923076 0.6254275312500001 0.41514103605769226 0.6624425985576923
11 0.4612271394230769 0.5129942620192307 0.5044491346153847 0.5180838341346153 0.5065321225961539 0.5018897403846154 0.5067924951923077 0.4917105961538461 0.4656534879807692 0.4880090913461539 0.4656534879807692 0.4769045697115385 0.4656770865384615 0.47648148076923075 0.4612271394230769 0.4764418822115385 0.4612271394230769 0.5129942620192307
11 0.4609667668269231 0.5486212644230769 0.5054906274038461 0.5546362139423077 0.5065321225961539 0.5171584567307692 0.4612500024038461 0.5135185168269231 0.4609667668269231 0.5486212644230769
11 0.46018564423076924 0.5851736442307692 0.5041887596153847 0.5898005288461539 0.5052302548076922 0.5532481490384615 0.4617708365384615 0.5496296274038461 0.46018564423076924 0.5851736442307692
11 0.46174788701923075 0.6208006466346153 0.5054906274038461 0.6258902187500001 0.5062717475961539 0.5898005288461539 0.4625520865384616 0.5857407403846154 0.46174788701923075 0.6208006466346153
11 0.4620082596153846 0.6582784038461539 0.5070528677884615 0.6638306658653845 0.5070528677884615 0.6254275312500001 0.4630729206730769 0.6218518509615384 0.4620082596153846 0.6582784038461539
11 0.5052302548076922 0.5893378389423077 0.5500144903846154 0.5902632163461539 0.5494937427884615 0.5527854591346154 0.505751 0.5513973942307693 0.5052302548076922 0.5893378389423077
11 0.5112188437499999 0.5180838341346153 0.5096566033653847 0.5028151177884616 0.5067924951923077 0.5023524302884615 0.506011375 0.5416809399038461 0.5463692620192308 0.5421436274038461 0.5474479206730769 0.5199999975961538 0.5112188437499999 0.5180838341346153
11 0.5513163557692308 0.6249944999999999 0.5507956105769231 0.590292875 0.5065625024038461 0.5894444423076923 0.5073132427884615 0.6249944999999999 0.5513163557692308 0.6249944999999999
11 0.5070528677884615 0.6620095697115385 0.5510559831730769 0.6624722572115385 0.5502748629807692 0.6268452548076924 0.5068229206730769 0.6250925913461539 0.5070528677884615 0.6620095697115385
11 0.5494937427884615 0.5528151177884616 0.5945383509615385 0.5555912475961539 0.5942779783653847 0.5190388677884615 0.5503125024038462 0.5176851826923077 0.5494937427884615 0.5528151177884616
11 0.5502748629807692 0.5898301850961538 0.5940176057692308 0.59121825 0.5942779783653847 0.5537404951923077 0.5500520865384615 0.5514814807692308 0.5502748629807692 0.5898301850961538
11 0.5507956105769231 0.6259198774038462 0.5940176057692308 0.6268452548076924 0.5940176057692308 0.5898301850961538 0.5505352355769231 0.5889048100961538 0.5507956105769231 0.6259198774038462
11 0.5507956105769231 0.6629349447115385 0.5940176057692308 0.6633976346153846 0.5934968581730768 0.6259198774038462 0.5503125024038462 0.6255555552884615 0.5507956105769231 0.6629349447115385
11 0.5544679278846154 0.5166853341346154 0.5992521634615385 0.5185360865384616 0.5997729110576923 0.48244639423076924 0.5552490480769231 0.48059564182692305 0.5544679278846154 0.5166853341346154
11 0.5997729110576923 0.5180733990384615 0.6432552788461539 0.5185360865384616 0.6437760264423077 0.48244639423076924 0.5997916706730769 0.4829629615384615 0.5997729110576923 0.5180733990384615
11 0.6437760264423077 0.5189987740384615 0.687779139423077 0.5203868389423078 0.6882998870192308 0.4838344591346154 0.6435156514423077 0.48198370673076923 0.6437760264423077 0.5189987740384615
11 0.6008144038461538 0.48244639423076924 0.6458590120192308 0.48244639423076924 0.6448175192307691 0.4445059495192308 0.6010937524038462 0.44592592548076926 0.6008144038461538 0.48244639423076924
11 0.6455986394230769 0.48244639423076924 0.6896017548076923 0.48244639423076924 0.6898621274038461 0.4458940144230769 0.6448437524038462 0.44546296153846154 0.6455986394230769 0.48244639423076924
11 0.6898621274038461 0.48059564182692305 0.7346463629807692 0.48105832932692305 0.7338652427884615 0.4440432620192307 0.6893750024038462 0.44592592548076926 0.6898621274038461 0.48059564182692305
11 0.6901225024038461 0.5176107091346154 0.7343859903846154 0.5176107091346154 0.7333444951923076 0.48059564182692305 0.6898958365384615 0.4815740721153846 0.6901225024038461 0.5176107091346154
11 0.5940446947115384 0.5194614639423076 0.5945654399038461 0.5532377139423077 0.6385685552884616 0.5541630889423077 0.6385685552884616 0.5199241514423076 0.5943229206730769 0.5199999975961538 0.5940446947115384 0.5194614639423076
11 0.6383081826923077 0.5555511538461538 0.6815301778846153 0.55601384375 0.682311298076923 0.5203868389423078 0.6377874350961539 0.5180733990384615 0.6383081826923077 0.5555511538461538
11 0.6888206346153846 0.5532377139423077 0.7328237499999999 0.5546257788461538 0.7338652427884615 0.5176107091346154 0.6893750024038462 0.5172222211538462 0.6888206346153846 0.5532377139423077
11 0.5937843197115384 0.59071546875 0.6375270625 0.5930289110576923 0.6372666899038462 0.5555511538461538 0.5940625024038462 0.5537962956730769 0.5937843197115384 0.59071546875
11 0.6370063149038461 0.5911781586538462 0.6812698028846154 0.5911781586538462 0.6807490576923076 0.5555511538461538 0.6362251947115385 0.5537004014423077 0.6370063149038461 0.5911781586538462
11 0.6812698028846154 0.5893274038461539 0.7260540384615385 0.59025278125 0.7265747860576923 0.5537004014423077 0.6823437524038461 0.5533333317307693 0.6812698028846154 0.5893274038461539
11 0.5935239471153846 0.6258797836538462 0.6375270625 0.6272678485576922 0.6375270625 0.5921035336538462 0.5945833365384615 0.5908333317307692 0.5935239471153846 0.6258797836538462
11 0.6375270625 0.6268051610576924 0.6812698028846154 0.6263424735576923 0.6807490576923076 0.5911781586538462 0.6375520865384616 0.5908333317307692 0.6375270625 0.6268051610576924
11 0.6815301778846153 0.6249544086538462 0.7260540384615385 0.6258797836538462 0.7250125456730768 0.5893274038461539 0.6815301778846153 0.5888647163461539 0.6815301778846153 0.6249544086538462
11 0.5932635745192308 0.6624618221153846 0.6357044471153847 0.6638498870192309 0.6367459423076922 0.6272975072115384 0.5932812524038462 0.626018516826923 0.5932635745192308 0.6624618221153846
11 0.6357044471153847 0.6624618221153846 0.6791868149038461 0.6643125745192309 0.6789264423076923 0.6277601947115384 0.6357291706730769 0.6250925913461539 0.6357044471153847 0.6624618221153846
11 0.6791868149038461 0.6619991346153846 0.7231899302884616 0.6619991346153846 0.7226691850961539 0.624058689903846 0.6786660697115384 0.6249840649038462 0.6791868149038461 0.6619991346153846
11 0.3054827980769231 0.2717618341346154 0.3054827980769231 0.31009887019230764 0.3493743245192308 0.30943788701923075 0.3497462884615385 0.27110085096153846 0.3058779807692308 0.27129629326923077 0.3054827980769231 0.2717618341346154
11 0.3486304014423077 0.30811591826923074 0.3925219278846154 0.30745493509615385 0.39326585096153843 0.2704398677884615 0.34940476682692306 0.2699735432692308 0.3486304014423077 0.30811591826923074
11 0.39214996634615384 0.30745493509615385 0.4352975673076923 0.3067939519230769 0.4356695288461539 0.26977888461538463 0.3925219278846154 0.2684569182692308 0.39214996634615384 0.30745493509615385
11 0.4352975673076923 0.31009887019230764 0.47956105528846155 0.30811591826923074 0.4784451706730769 0.2717618341346154 0.4364583389423077 0.27129629326923077 0.4352975673076923 0.31009887019230764
11 0.2124922764423077 0.2704398677884615 0.25898753846153844 0.27506675 0.25973146153846155 0.23606873317307692 0.21398810096153845 0.23425925721153848 0.2124922764423077 0.2704398677884615
11 0.2604753870192308 0.2744057668269231 0.3058547620192308 0.2757277355769231 0.3054827980769231 0.23739069951923078 0.25974702884615386 0.23888888701923075 0.2604753870192308 0.2744057668269231
11 0.3039949495192308 0.2724228173076923 0.3493743245192308 0.27110085096153846 0.3493743245192308 0.23342480048076922 0.3039949495192308 0.23540775 0.3039949495192308 0.2724228173076923
11 0.3478864759615385 0.2704398677884615 0.39289388942307696 0.2691179014423077 0.3925219278846154 0.23210283173076923 0.3490327427884615 0.2335978822115385 0.3478864759615385 0.2704398677884615
11 0.39177800240384614 0.2704398677884615 0.4364134543269231 0.2691179014423077 0.43604149278846155 0.23276381490384615 0.39289388942307696 0.23342480048076922 0.39177800240384614 0.2704398677884615
11 0.4364134543269231 0.2724228173076923 0.4817928293269231 0.27308380048076925 0.4803049807692308 0.23408578365384616 0.4364134543269231 0.23474676682692308 0.4364134543269231 0.2724228173076923
11 0.21212031490384617 0.23474676682692308 0.2578716514423077 0.2380516826923077 0.25824361298076925 0.19971464663461538 0.21175595673076925 0.19920634615384614 0.21212031490384617 0.23474676682692308
11 0.2578716514423077 0.20037563221153845 0.25898753846153844 0.23871266586538462 0.3039949495192308 0.2380516826923077 0.3025071033653846 0.2016975985576923 0.2582589326923077 0.20185185096153846 0.2578716514423077 0.20037563221153845
11 0.3039949495192308 0.23408578365384616 0.34825843990384614 0.23474676682692308 0.3475145144230769 0.19640973076923077 0.30327381490384614 0.19722222115384616 0.3039949495192308 0.23408578365384616
11 0.3478864759615385 0.23342480048076922 0.39214996634615384 0.23342480048076922 0.39326585096153843 0.19574874759615385 0.3478864759615385 0.19707071394230768 0.3478864759615385 0.23342480048076922
11 0.39177800240384614 0.23474676682692308 0.4364134543269231 0.23540775 0.4349256057692308 0.19640973076923077 0.39255952884615386 0.19589946875 0.39177800240384614 0.23474676682692308
11 0.4349256057692308 0.23606873317307692 0.47956105528846155 0.23672971634615386 0.47956105528846155 0.19905366346153847 0.4356695288461539 0.19839268028846155 0.4349256057692308 0.23606873317307692
11 0.20951657932692308 0.19905366346153847 0.2534081057692308 0.19905366346153847 0.25415203124999997 0.1633605625 0.2098958389423077 0.16150793509615385 0.20951657932692308 0.19905366346153847
11 0.25749968990384614 0.2016975985576923 0.3025071033653846 0.2016975985576923 0.3025071033653846 0.16402154567307692 0.25639881490384614 0.1648148125 0.25749968990384614 0.2016975985576923
11 0.3017631778846154 0.19905366346153847 0.34677059134615384 0.20037563221153845 0.34677059134615384 0.15939466346153844 0.30213513942307696 0.16137761298076925 0.3017631778846154 0.19905366346153847
11 0.34761065384615386 0.19872075240384615 0.3920477259615385 0.19563616346153845 0.39239488942307693 0.15923801442307692 0.34691632451923077 0.16170568509615385 0.34761065384615386 0.19872075240384615
11 0.39100623076923074 0.19748691826923076 0.4354433028846154 0.19748691826923076 0.4354433028846154 0.15923801442307692 0.39208333653846156 0.15938271394230769 0.39100623076923074 0.19748691826923076
11 0.4350961370192307 0.19872075240384615 0.4791860432692308 0.19872075240384615 0.47988037259615385 0.16170568509615385 0.4354433028846154 0.16170568509615385 0.4350961370192307 0.19872075240384615
11 0.2090919735576923 0.16108876682692308 0.25422337259615385 0.16540719230769232 0.2552648677884615 0.1259244519230769 0.2101388942307692 0.12419752884615386 0.2090919735576923 0.16108876682692308
11 0.25457053846153843 0.16417335576923076 0.30074343028846157 0.16540719230769232 0.2997019375 0.12839212259615385 0.25458333653846155 0.12851851682692308 0.25457053846153843 0.16417335576923076
11 0.3000491009615385 0.16108876682692308 0.34483333653846154 0.1604718485576923 0.34483333653846154 0.12345678125000001 0.3007638942307692 0.12358024519230769 0.3000491009615385 0.16108876682692308
11 0.34691632451923077 0.16108876682692308 0.39170056009615384 0.1604718485576923 0.3906590673076923 0.12222294471153847 0.34659722596153847 0.12358024519230769 0.34691632451923077 0.16108876682692308
11 0.3906590673076923 0.16170568509615385 0.4350961370192307 0.15862109615384618 0.4344018076923077 0.12222294471153847 0.39104167067307694 0.1248148125 0.3906590673076923 0.16170568509615385
11 0.4350961370192307 0.1623226033653846 0.4791860432692308 0.16293951923076921 0.4795332091346154 0.12654137019230768 0.4344444495192308 0.12419752884615386 0.4350961370192307 0.1623226033653846
11 0.211522125 0.12530753365384617 0.2552648677884615 0.12715828846153848 0.25561203125 0.08952630048076923 0.20979167067307694 0.08839506009615385 0.211522125 0.12530753365384617
11 0.25491770192307694 0.12777520432692308 0.3003962668269231 0.12839212259615385 0.3003962668269231 0.08890938461538461 0.25597222596153846 0.09148148076923078 0.25491770192307694 0.12777520432692308
11 0.3003962668269231 0.12469061538461539 0.3451805024038462 0.12407369951923078 0.34483333653846154 0.08644171153846154 0.30006944951923076 0.08654320913461538 0.3003962668269231 0.12469061538461539
11 0.3465691610576923 0.12469061538461539 0.39100623076923074 0.12283986298076922 0.3913533966346154 0.08582479567307691 0.3462500048076923 0.08592592307692308 0.3465691610576923 0.12469061538461539
11 0.3903119014423077 0.12407369951923078 0.43474897355769226 0.12469061538461539 0.43579046634615387 0.08644171153846154 0.3906944495192307 0.08716049278846152 0.3903119014423077 0.12407369951923078
11 0.4354433028846154 0.12654137019230768 0.4791860432692308 0.12839212259615385 0.48022753846153843 0.09014321874999999 0.4354861153846154 0.09024691105769231 0.4354433028846154 0.12654137019230768
11 0.7070128221153846 0.1917408846153846 0.7508935721153847 0.19597848798076922 0.7517970576923076 0.1559596514423077 0.7079322403846154 0.15433516346153847 0.7070128221153846 0.1917408846153846
11 0.6602323918269231 0.1948254735576923 0.7049031899038462 0.19752398798076923 0.7046694615384616 0.15842732211538463 0.6605924711538461 0.1585493221153846 0.6602323918269231 0.1948254735576923
11 0.6150141995192308 0.19343740865384615 0.66118709375 0.19467124278846154 0.6606319975961538 0.1581945625 0.6168019591346153 0.15588478125 0.6150141995192308 0.19343740865384615
11 0.5735280288461538 0.19328317788461538 0.6179650985576923 0.19390009615384615 0.6176512211538461 0.1574215841346154 0.5751235552884615 0.1535658485576923 0.5735280288461538 0.19328317788461538
11 0.5290041658653846 0.1948254735576923 0.5746896009615384 0.19752124038461538 0.5751235552884615 0.1574215841346154 0.5299921562500001 0.1535658485576923 0.5290041658653846 0.1948254735576923
11 0.48442226442307695 0.1944297860576923 0.5297852860576924 0.19729314423076924 0.5301324519230769 0.15966115865384617 0.4856953798076923 0.15657656971153847 0.48442226442307695 0.1944297860576923
11 0.20005849278846155 0.7098406514423077 0.2424197764423077 0.7104619639423077 0.2424197764423077 0.6722130600961538 0.20076389423076924 0.6717283942307692 0.20005849278846155 0.7098406514423077
11 0.24171732451923075 0.7098406514423077 0.28477385817307693 0.7123127163461539 0.28512102403846157 0.6740638125 0.24241165384615385 0.6715917475961538 0.24171732451923075 0.7098406514423077
11 0.2840820841346154 0.7118751466346154 0.3265429879807692 0.7122310625 0.3265429879807692 0.676283735576923 0.28488323317307696 0.6759278221153846 0.2840820841346154 0.7118751466346154
11 0.3265429879807692 0.71365471875 0.36840302884615383 0.71365471875 0.36880360336538465 0.677707391826923 0.3269631442307693 0.6781339014423077 0.3265429879807692 0.71365471875
11 0.36840302884615383 0.7132988028846154 0.41046335576923076 0.71365471875 0.41066364423076923 0.6769955649038462 0.3688301298076923 0.6774216514423077 0.36840302884615383 0.7132988028846154
11 0.19534371874999998 0.744286358173077 0.23800490865384616 0.7449981850961538 0.23860577163461538 0.7108304302884616 0.19594458173076923 0.709050860576923 0.19534371874999998 0.744286358173077
11 0.24140979326923076 0.7446422716346154 0.28347012259615384 0.7460659278846153 0.2844715576923077 0.7115422572115384 0.2422275673076923 0.7101851850961538 0.24140979326923076 0.7446422716346154
11 0.19454256971153847 0.7788100264423077 0.23800490865384616 0.7791659399038462 0.23860577163461538 0.7446422716346154 0.19475160576923076 0.74544159375 0.19454256971153847 0.7788100264423077
11 0.2432123798076923 0.7791659399038462 0.2858735697115385 0.7820132548076923 0.2858735697115385 0.7460659278846153 0.2422275673076923 0.7443732187500001 0.2432123798076923 0.7791659399038462
11 0.28627414423076925 0.7795218557692307 0.3285347596153846 0.7791659399038462 0.3289353341346154 0.7489132403846154 0.3275333221153846 0.744286358173077 0.2858735697115385 0.7460659278846153 0.28627414423076925 0.7795218557692307
11 0.28487213221153845 0.7449981850961538 0.32653188701923075 0.7435745288461538 0.32773361057692313 0.7115422572115384 0.28487213221153845 0.710474516826923 0.28487213221153845 0.7449981850961538
11 0.19554400721153845 0.8130005961538462 0.2388060576923077 0.8119328533653847 0.23820519711538463 0.7784769254807693 0.1951522451923077 0.7785612524038462 0.19554400721153845 0.8130005961538462
11 0.23940692067307692 0.7774091850961539 0.23900634615384617 0.8133565096153846 0.28206811057692305 0.8147801658653846 0.28246868509615386 0.7799005817307693 0.24122596394230772 0.7778490024038462 0.23940692067307692 0.7774091850961539
11 0.2890781658653846 0.8140683389423077 0.33173935576923075 0.8119328533653847 0.3311384951923077 0.7777650985576923 0.28970352884615386 0.7785612524038462 0.2890781658653846 0.8140683389423077
11 0.19714630528846153 0.8475470793269231 0.24080893269230771 0.8475470793269231 0.24080893269230771 0.8133793245192307 0.19775641346153844 0.8127492860576923 0.19714630528846153 0.8475470793269231
11 0.19995032692307693 0.8817148341346154 0.24301209134615384 0.8806470913461539 0.24281180528846152 0.8479029927884615 0.19955929807692308 0.8480056971153846 0.19995032692307693 0.8817148341346154
11 0.2027543485576923 0.9155723028846154 0.2460164014423077 0.9159282163461538 0.2460164014423077 0.88069271875 0.20196314423076922 0.8818376057692308 0.2027543485576923 0.9155723028846154
11 0.20335521153846156 0.9490282307692308 0.2460164014423077 0.9508078004807692 0.24681755048076923 0.9159282163461538 0.20396634855769233 0.9153133894230769 0.20335521153846156 0.9490282307692308
11 0.20976440384615386 0.9500959735576924 0.20896325480769232 0.9835518990384616 0.25162444471153844 0.9856873846153846 0.2522253076923077 0.9515196298076922 0.20976440384615386 0.9500959735576924
11 0.24281180528846152 0.8475927067307693 0.28647443028846153 0.8475927067307693 0.28667471875 0.8141367788461539 0.24342949038461537 0.8134615384615385 0.24281180528846152 0.8475927067307693
11 0.24561582692307693 0.8817604615384614 0.2878764423076923 0.8831841177884615 0.2888778774038462 0.8486604495192308 0.245232375 0.8476495721153847 0.24561582692307693 0.8817604615384614
11 0.24821956009615384 0.9173518725961538 0.29088075240384614 0.9194873581730769 0.29128132692307696 0.8831841177884615 0.24823718269230768 0.8818376057692308 0.24821956009615384 0.9173518725961538
11 0.2460164014423077 0.9508078004807692 0.28867759134615384 0.9518755432692309 0.2890781658653846 0.9187755288461539 0.24761869951923077 0.9166400456730769 0.2460164014423077 0.9508078004807692
11 0.25082329567307693 0.9867551274038462 0.2940853485576923 0.9881787836538461 0.29368477403846155 0.9529432860576923 0.25244391346153844 0.9519943004807693 0.25082329567307693 0.9867551274038462
11 0.28948621874999997 0.8472298221153847 0.3317468341346154 0.8479416490384615 0.3313462596153846 0.8127061514423077 0.2885016057692308 0.8131054110576923 0.28948621874999997 0.8472298221153847
11 0.2888853557692308 0.8813975769230769 0.3315465456730769 0.8813975769230769 0.3319471201923077 0.8465179927884615 0.2893028870192308 0.8472934471153846 0.2888853557692308 0.8813975769230769
11 0.29108851682692305 0.9155653317307693 0.33455085576923077 0.9159212451923077 0.3339499927884615 0.8803298341346154 0.2908882283653846 0.8824653197115384 0.29108851682692305 0.9155653317307693
11 0.2904876538461539 0.9504449158653846 0.3321474086538462 0.9504449158653846 0.3325479831730769 0.9155653317307693 0.2904876538461539 0.9155653317307693 0.2904876538461539 0.9504449158653846
11 0.2934919639423077 0.9839464711538461 0.33575257932692304 0.9843023846153846 0.33575257932692304 0.9497330865384614 0.2933092980769231 0.9502136730769231 0.2934919639423077 0.9839464711538461
11 0.3277410889423077 0.7474826129807692 0.36900026682692305 0.7464148701923077 0.36879998076923076 0.7133148581730769 0.32796474519230767 0.7133903125000001 0.3277410889423077 0.7474826129807692
11 0.33114597115384614 0.7823621971153846 0.3732063004807692 0.782718110576923 0.3730060120192308 0.7478385264423076 0.3309695528846154 0.7475783461538461 0.33114597115384614 0.7823621971153846
11 0.33094568509615385 0.81726459375 0.373606875 0.81726459375 0.3730060120192308 0.7820290961538461 0.33177083653846157 0.7817663798076923 0.33094568509615385 0.81726459375
11 0.33234769471153847 0.8500315072115385 0.3744080240384615 0.8514551634615385 0.3742077355769231 0.8158637524038461 0.33297275961538464 0.8170227908653847 0.33234769471153847 0.8500315072115385
11 0.3349514302884616 0.8863347475961538 0.3768114711538461 0.8863347475961538 0.37701175961538463 0.8514551634615385 0.3343505673076923 0.8514551634615385 0.3349514302884616 0.8863347475961538
11 0.33595286778846156 0.9198363004807693 0.3774123341346154 0.9198363004807693 0.3776126201923077 0.8853126322115384 0.33557692548076923 0.8861111105769232 0.33595286778846156 0.9198363004807693
11 0.3351517163461538 0.9543599711538462 0.37621061057692307 0.9529363149038462 0.37701175961538463 0.9191244735576922 0.33455085576923077 0.9194803870192308 0.3351517163461538 0.9543599711538462
11 0.33595286778846156 0.9853473125 0.3776126201923077 0.9853473125 0.3782134831730769 0.9533150432692307 0.33597756730769235 0.9537749278846154 0.33595286778846156 0.9853473125
11 0.41007428125 0.7162001947115384 0.45273547115384616 0.7162001947115384 0.45353662019230767 0.6813206105769231 0.4112980793269231 0.6799145288461539 0.41007428125 0.7162001947115384
11 0.36821424038461537 0.7460969807692308 0.41007428125 0.7464528942307692 0.41187686778846155 0.7176238509615385 0.4098739951923077 0.7126410528846154 0.3686298100961538 0.7119658100961538 0.36821424038461537 0.7460969807692308
11 0.37262056009615385 0.7809765625 0.4146808894230769 0.7806206490384615 0.4160828990384615 0.7503679495192308 0.41428031490384615 0.7460969807692308 0.37343750240384616 0.74579771875 0.37262056009615385 0.7809765625
11 0.3742228581730769 0.814076576923077 0.41588261298076923 0.8144324903846154 0.41588261298076923 0.7799088221153846 0.3728365408653846 0.7806980048076924 0.3742228581730769 0.814076576923077
11 0.37502400721153845 0.8503798173076924 0.41668376201923074 0.8493120745192309 0.41728462259615384 0.8187034591346154 0.41548203846153847 0.8144324903846154 0.37524038701923074 0.8148860384615385 0.37502400721153845 0.8503798173076924
11 0.3766263052884616 0.8835482716346154 0.4182860600961539 0.8831923557692308 0.4190872091346154 0.85293965625 0.41808577163461536 0.8493805144230768 0.3766426298076923 0.8501424495192308 0.3766263052884616 0.8835482716346154
11 0.37742745432692304 0.9184278533653847 0.41868663461538463 0.9187837692307692 0.4196880697115385 0.887463326923077 0.4182860600961539 0.8835482716346154 0.3770432716346154 0.883974358173077 0.37742745432692304 0.9184278533653847
11 0.3760254447115384 0.9536633509615384 0.4174849110576923 0.952595610576923 0.4174849110576923 0.917360110576923 0.37622573076923077 0.9184278533653847 0.3760254447115384 0.9536633509615384
11 0.37702687980769234 0.9856956225961538 0.4182860600961539 0.9856956225961538 0.4190872091346154 0.9550870072115385 0.41788548557692307 0.9518837812500001 0.37742745432692304 0.9522396947115385 0.37702687980769234 0.9856956225961538
11 0.41388548798076924 0.7428834014423077 0.4148869254807692 0.7500016850961538 0.45674696634615386 0.7510694278846154 0.4569472548076923 0.7485780288461539 0.45594581730769235 0.7158339302884615 0.41330128365384616 0.7169515649038462 0.41388548798076924 0.7428834014423077
11 0.41548778846153844 0.7848812692307692 0.45774840384615384 0.7852371826923077 0.45915041346153845 0.7500016850961538 0.41548778846153844 0.7507135120192309 0.41548778846153844 0.7848812692307692
11 0.41528750000000003 0.8144221394230768 0.41608864903846154 0.8183371947115384 0.45774840384615384 0.8176253677884616 0.4585495528846154 0.7834576105769231 0.41608864903846154 0.7838135264423076 0.41528750000000003 0.8144221394230768
11 0.41688979807692306 0.8482339807692308 0.4180915216346154 0.8525049495192308 0.4593507019230769 0.8517931225961538 0.46015185096153843 0.8169135384615385 0.4169070528846154 0.8191595432692308 0.41688979807692306 0.8482339807692308
11 0.4176909471153846 0.8824701778846153 0.4194935336538462 0.8867411466346155 0.46055242548076925 0.8853174903846154 0.4603521370192307 0.8511497355769231 0.41891025961538464 0.852635326923077 0.4176909471153846 0.8824701778846153
11 0.4180915216346154 0.9198411610576923 0.4603521370192307 0.9187734182692308 0.46055242548076925 0.8853174903846154 0.4193108990384615 0.8853988581730768 0.4180915216346154 0.9198411610576923
11 0.41668951201923077 0.95222934375 0.41889267067307695 0.9550766586538462 0.4599515625 0.9540089158653846 0.4599515625 0.9191293317307692 0.4183092980769231 0.918874641826923 0.41668951201923077 0.95222934375
11 0.4178912355769231 0.9889113125000001 0.46015185096153843 0.9871317427884615 0.46015185096153843 0.9540089158653846 0.4180915216346154 0.9547435576923077 0.4178912355769231 0.9889113125000001
11 0.47136793750000006 0.7090259326923077 0.5128274038461538 0.7076022764423077 0.5130276923076923 0.6727226923076923 0.4703926298076923 0.6731481466346154 0.47136793750000006 0.7090259326923077
11 0.4673621923076923 0.7424818605769231 0.5090219471153846 0.74177003125 0.5090219471153846 0.7079581923076923 0.4675881442307693 0.7076923076923076 0.4673621923076923 0.7424818605769231
11 0.46656104326923076 0.7759377884615385 0.5084210841346154 0.7759377884615385 0.5090219471153846 0.7414141177884616 0.4667868605769231 0.7425925913461539 0.46656104326923076 0.7759377884615385
11 0.46696161778846157 0.8101283557692308 0.5076199350961539 0.8101283557692308 0.5080205096153846 0.7759606009615384 0.4665865408653846 0.776068375 0.46696161778846157 0.8101283557692308
11 0.4659601826923077 0.8439630120192307 0.5080205096153846 0.8432511826923077 0.5080205096153846 0.8097952572115384 0.46656104326923076 0.8097952572115384 0.4659601826923077 0.8439630120192307
11 0.46535931971153843 0.8774417524038461 0.5066185 0.8774417524038461 0.5082207980769231 0.8425621682692307 0.4661858990384615 0.8430199423076924 0.46535931971153843 0.8774417524038461
11 0.46656104326923076 0.9105645793269231 0.5074196490384616 0.9119882355769231 0.5088216586538462 0.8810237067307691 0.5074196490384616 0.8767527379807691 0.4665865408653846 0.8768518509615385 0.46656104326923076 0.9105645793269231
11 0.4673621923076923 0.9437330336538461 0.5084210841346154 0.9458685168269232 0.5088216586538462 0.9113448485576924 0.46718750240384616 0.9106837596153846 0.4673621923076923 0.9437330336538461
11 0.4657598942307692 0.9782567019230769 0.5076199350961539 0.9779007884615385 0.5078202235576923 0.9451566899038462 0.46696161778846157 0.9444448605769231 0.4657598942307692 0.9782567019230769
11 0.5120108942307693 0.7083283822115385 0.5536706490384615 0.7074030072115385 0.5531499014423077 0.6713133149038462 0.5130523894230768 0.6727013798076923 0.5120108942307693 0.7083283822115385
11 0.5096675336538461 0.7425673221153846 0.5505461682692308 0.7416419447115385 0.5515876610576923 0.7087910721153846 0.5099479206730769 0.7074999975961538 0.5096675336538461 0.7425673221153846
11 0.507324173076923 0.7768062596153846 0.5487235528846154 0.7768062596153846 0.5497650480769231 0.7453434519230769 0.5489839254807692 0.7425673221153846 0.5081250024038462 0.7408333317307693 0.507324173076923 0.7768062596153846
11 0.5081052932692308 0.8105825096153846 0.5500254206730769 0.8110451971153847 0.5500254206730769 0.7754181947115384 0.5089062524038461 0.7764814807692308 0.5081052932692308 0.8105825096153846
11 0.507063798076923 0.8443884182692307 0.5487235528846154 0.8457468245192307 0.5492443004807692 0.8110451971153847 0.507844920673077 0.8110748557692309 0.507063798076923 0.8443884182692307
11 0.5068034254807693 0.8791493581730769 0.5476820600961538 0.8786866706730769 0.5484631802884615 0.8444477331730769 0.5078645865384616 0.8445370360576923 0.5068034254807693 0.8791493581730769
11 0.5083656658653847 0.9110748557692308 0.5495046730769231 0.9120002331730769 0.5508065408653846 0.8786866706730769 0.5086260408653847 0.8782239831730769 0.5083656658653847 0.9110748557692308
11 0.507324173076923 0.946239170673077 0.5492443004807692 0.9480899230769231 0.5500254206730769 0.9124629206730769 0.5089062524038461 0.911203701923077 0.507324173076923 0.946239170673077
11 0.507324173076923 0.9481195817307693 0.5068034254807693 0.9818958317307692 0.5482028052884615 0.9828212091346155 0.5487235528846154 0.946731516826923 0.5078645865384616 0.9463888870192307 0.507324173076923 0.9481195817307693
11 0.5531499014423077 0.7073733485576923 0.5942889086538462 0.7092241033653846 0.5942889086538462 0.6731344110576922 0.5534102764423077 0.6717463461538462 0.5531499014423077 0.7073733485576923
11 0.5502857932692308 0.7420749759615385 0.592466295673077 0.7425376634615385 0.592466295673077 0.7078360360576923 0.5510669134615385 0.7082987259615384 0.5502857932692308 0.7420749759615385
11 0.5489839254807692 0.7758808822115385 0.5911644278846153 0.7758808822115385 0.5916851754807693 0.7430300096153846 0.5500520865384615 0.7417592572115385 0.5489839254807692 0.7758808822115385
11 0.5489839254807692 0.8110451971153847 0.5911644278846153 0.8115078870192308 0.5919455480769231 0.7758808822115385 0.5497916706730769 0.7760185168269231 0.5489839254807692 0.8110451971153847
11 0.5484631802884615 0.8452841370192308 0.5901229326923076 0.8462095120192308 0.5911644278846153 0.8105825096153846 0.5487235528846154 0.8105825096153846 0.5484631802884615 0.8452841370192308
11 0.5479424326923077 0.8786570120192307 0.5888210673076923 0.8786570120192307 0.5901229326923076 0.8444180745192308 0.5479424326923077 0.8448807644230769 0.5479424326923077 0.8786570120192307
11 0.5492443004807692 0.9133586394230769 0.5909040528846154 0.9124332620192307 0.5916851754807693 0.8781943245192309 0.5495046730769231 0.8795823894230769 0.5492443004807692 0.9133586394230769
11 0.5495046730769231 0.9475975769230769 0.5911644278846153 0.9471348894230769 0.5909040528846154 0.9110451971153846 0.5495046730769231 0.912492579326923 0.5495046730769231 0.9475975769230769
11 0.5484631802884615 0.9832838966346155 0.5898625600961538 0.9832838966346155 0.5901229326923076 0.946731516826923 0.5484631802884615 0.946731516826923 0.5484631802884615 0.9832838966346155
11 0.5943031225961538 0.7078840937499999 0.63622325 0.70742140625 0.6364836250000001 0.6731824663461539 0.6351817572115385 0.6713317139423077 0.5956250024038462 0.6723148124999999 0.5943031225961538 0.7078840937499999
11 0.6349213822115385 0.70742140625 0.6778830048076923 0.7078840937499999 0.6797056177884616 0.67364515625 0.6367708365384614 0.6737037019230769 0.6349213822115385 0.70742140625
11 0.6768415096153846 0.7101975360576923 0.7187616370192308 0.7101975360576923 0.7198031322115385 0.6754959086538462 0.678664125 0.67410784375 0.6768415096153846 0.7101975360576923
11 0.59404275 0.7425857211538461 0.6354421298076923 0.7439737860576923 0.63622325 0.70834678125 0.5940625024038462 0.7070370360576923 0.59404275 0.7425857211538461
11 0.6357025048076923 0.74119765625 0.6771018846153846 0.74166034375 0.6784037524038461 0.7088094711538461 0.6357025048076923 0.7069587163461539 0.6357025048076923 0.74119765625
11 0.6771018846153846 0.7444364735576923 0.7192823846153846 0.7439737860576923 0.7195427572115385 0.7097348461538461 0.6776562524038462 0.7107407403846153 0.6771018846153846 0.7444364735576923
11 0.5937823774038461 0.77497390625 0.6354421298076923 0.77589928125 0.63622325 0.7425857211538461 0.5940625024038462 0.7422222211538462 0.5937823774038461 0.77497390625
11 0.6364836250000001 0.77543659375 0.6776226322115384 0.7777500360576923 0.6776226322115384 0.7402722788461538 0.6362500024038462 0.7422222211538462 0.6364836250000001 0.77543659375
11 0.6776226322115384 0.7772873461538462 0.7187616370192308 0.7791381009615385 0.7198031322115385 0.7448991610576924 0.6789583365384615 0.7440740721153846 0.6776226322115384 0.7772873461538462
11 0.59404275 0.8106305649038461 0.6351817572115385 0.8106305649038461 0.6354421298076923 0.7754662524038461 0.593541670673077 0.7769444423076923 0.59404275 0.8106305649038461
11 0.636743997596154 0.8110932548076922 0.6771018846153846 0.8124813197115385 0.6778830048076923 0.7773170048076923 0.636510420673077 0.7755555552884614 0.636743997596154 0.8110932548076922
11 0.6778830048076923 0.8115559423076923 0.7192823846153846 0.8134066971153846 0.7195427572115385 0.7777796923076923 0.6779166706730769 0.7774074062499999 0.6778830048076923 0.8115559423076923
11 0.5937823774038461 0.8448991610576922 0.6346610096153846 0.8444364735576924 0.6351817572115385 0.8097348461538462 0.5938020865384616 0.8107407403846154 0.5937823774038461 0.8448991610576922
11 0.6349213822115385 0.8462872259615384 0.676060389423077 0.8472126033653846 0.6778830048076923 0.8120482884615385 0.6362500024038462 0.8107407403846154 0.6349213822115385 0.8462872259615384
11 0.676320764423077 0.8458245384615384 0.7179805168269231 0.8444364735576924 0.7185012644230769 0.8125109783653847 0.6768415096153846 0.8111229110576923 0.676320764423077 0.8458245384615384
11 0.5930012572115385 0.8805558221153846 0.6346610096153846 0.8810185120192308 0.6351817572115385 0.8453915072115384 0.593541670673077 0.8459259254807693 0.5930012572115385 0.8805558221153846
11 0.6344006370192308 0.8791677572115385 0.6752792692307692 0.8800931346153846 0.6765811370192308 0.8463168846153846 0.6344270865384616 0.8454629615384615 0.6344006370192308 0.8791677572115385
11 0.6758000168269231 0.8791677572115385 0.7171993966346153 0.8791677572115385 0.7190220120192308 0.8444661322115384 0.6763541706730769 0.8445370360576923 0.6758000168269231 0.8791677572115385
11 0.591699389423077 0.9138693846153847 0.6330987692307691 0.9134066971153847 0.6344006370192308 0.8791677572115385 0.5925000024038461 0.8797222211538462 0.591699389423077 0.9138693846153847
11 0.633359141826923 0.9134066971153847 0.6744981490384615 0.9124813197115385 0.6755396442307693 0.8787050697115385 0.6341402620192308 0.8791677572115385 0.633359141826923 0.9134066971153847
11 0.6747585240384615 0.9124813197115385 0.7164182764423077 0.9110932548076923 0.7179805168269231 0.8773170048076923 0.6760937524038462 0.87740740625 0.6747585240384615 0.9124813197115385
11 0.5919597620192307 0.9115856009615384 0.591439014423077 0.9162124831730769 0.591699389423077 0.9467499158653846 0.6320572764423077 0.9472126033653846 0.6336195168269231 0.9125109783653845 0.5919791706730769 0.9130555552884616 0.5919597620192307 0.9115856009615384
11 0.6323176490384615 0.9462872259615385 0.6737170288461538 0.9467499158653846 0.6744981490384615 0.9125109783653845 0.6331250024038462 0.9130555552884616 0.6323176490384615 0.9462872259615385
11 0.6742377764423076 0.9458245384615385 0.7153767836538462 0.9458245384615385 0.7171993966346153 0.9111229110576923 0.6742708365384615 0.911203701923077 0.6742377764423076 0.9458245384615385
11 0.5922201346153846 0.9823769182692307 0.6325780216346154 0.9823769182692307 0.6328383966346153 0.9458245384615385 0.5914583365384616 0.9459259254807691 0.5922201346153846 0.9823769182692307
11 0.6315365288461539 0.9828396081730768 0.6726755360576924 0.9814515408653846 0.6737170288461538 0.9458245384615385 0.6331250024038462 0.9468518509615385 0.6315365288461539 0.9828396081730768
11 0.67319628125 0.9796007884615385 0.7148560360576923 0.9786754110576923 0.7148560360576923 0.9439737860576923 0.6737170288461538 0.9453618509615385 0.67319628125 0.9796007884615385
11 0.4844229831730769 0.3054846033653846 0.5295543846153846 0.3093403389423077 0.5282525168269231 0.27078297596153844 0.48485693990384615 0.2684695336538461 0.4844229831730769 0.3054846033653846
11 0.5295543846153846 0.30625575 0.5725160048076924 0.3047134567307692 0.5703462259615384 0.2692406826923077 0.5287326442307692 0.26712962740384616 0.5295543846153846 0.30625575
11 0.5712141370192307 0.3039423076923077 0.615043670673077 0.3101114855769231 0.6146097139423077 0.26769838701923077 0.5717013942307692 0.26635802163461536 0.5712141370192307 0.3039423076923077
11 0.6146097139423077 0.3047134567307692 0.6571373798076923 0.3070268966346154 0.6571373798076923 0.26615609375 0.6133078485576923 0.26538494471153845 0.6146097139423077 0.3047134567307692
11 0.6567034254807692 0.30625575 0.7009669134615385 0.30625575 0.6996650456730769 0.26692724038461535 0.6567034254807692 0.26615609375 0.6567034254807692 0.30625575
11 0.6987971346153846 0.3047134567307692 0.7443624903846153 0.30856919230769225 0.7447964447115385 0.26615609375 0.6996650456730769 0.26538494471153845 0.6987971346153846 0.3047134567307692
11 0.48398902884615386 0.2684695336538461 0.5282525168269231 0.2723252716346154 0.5282525168269231 0.23531020192307692 0.48359375480769234 0.23086419471153846 0.48398902884615386 0.2684695336538461
11 0.5295543846153846 0.2684695336538461 0.5729499615384616 0.2700118293269231 0.5729499615384616 0.23145446634615385 0.5296006995192308 0.2293209855769231 0.5295543846153846 0.2684695336538461
11 0.5712141370192307 0.26615609375 0.615043670673077 0.26769838701923077 0.6146097139423077 0.23068331971153844 0.5725160048076924 0.22914102403846154 0.5712141370192307 0.26615609375
11 0.615043670673077 0.26615609375 0.6584392475961539 0.26769838701923077 0.6580052908653846 0.22914102403846154 0.6151041730769231 0.22623456490384616 0.615043670673077 0.26615609375
11 0.6580052908653846 0.26615609375 0.7014008677884616 0.2692406826923077 0.7018348245192307 0.23222561298076924 0.6589409783653846 0.2293209855769231 0.6580052908653846 0.26615609375
11 0.4835550721153846 0.23145446634615385 0.5278185600961538 0.23531020192307692 0.5286864735576923 0.19752398798076923 0.48402778365384613 0.1922839471153846 0.4835550721153846 0.23145446634615385
11 0.5286864735576923 0.23145446634615385 0.5733839158653846 0.23145446634615385 0.5742518293269231 0.1959816923076923 0.5300347283653847 0.19074073798076924 0.5286864735576923 0.23145446634615385
11 0.5729499615384616 0.22991217307692308 0.6163455384615385 0.22991217307692308 0.6172134495192307 0.19443939903846155 0.5734375048076923 0.1922839471153846 0.5729499615384616 0.22991217307692308
11 0.6159115817307692 0.23145446634615385 0.6601750697115385 0.22914102403846154 0.6588732043269231 0.1928971033653846 0.6168402836538461 0.1922839471153846 0.6159115817307692 0.23145446634615385
11 0.6588732043269231 0.22914102403846154 0.7027027355769231 0.23376790865384617 0.7040046033653845 0.19443939903846155 0.6597411153846154 0.19135481009615385 0.6588732043269231 0.22914102403846154
11 0.7005561442307692 0.26462020673076925 0.7461215 0.2661625 0.746555454326923 0.23068972596153847 0.7018580120192308 0.22760513701923074 0.7005561442307692 0.26462020673076925
11 0.7040277908653846 0.22760513701923074 0.7491591899038461 0.23146087499999998 0.7491591899038461 0.19367465865384614 0.7053819495192308 0.19074073798076924 0.7040277908653846 0.22760513701923074
11 0.4835545673076923 0.15586235576923077 0.5299878365384616 0.16048923798076925 0.5308557475961538 0.1242453173076923 0.4848958389423077 0.11743826923076923 0.4835545673076923 0.15586235576923077
11 0.5291199230769231 0.15586235576923077 0.5738173677884615 0.15894694471153845 0.5742513245192308 0.12038958173076922 0.5304687548076923 0.11898147836538463 0.5291199230769231 0.15586235576923077
11 0.5733834134615384 0.15509120673076923 0.6176469014423076 0.15971809134615383 0.6185148125000001 0.12193187500000001 0.5751736153846154 0.11743826923076923 0.5733834134615384 0.15509120673076923
11 0.6176469014423076 0.15740464903846155 0.6614764350961538 0.1612603870192308 0.6619103894230769 0.12193187500000001 0.6185763942307693 0.12129629326923076 0.6176469014423076 0.15740464903846155
11 0.6619103894230769 0.15894694471153845 0.7053059663461538 0.1612603870192308 0.7061738774038461 0.1250164639423077 0.6624131995192308 0.12052468990384615 0.6619103894230769 0.15894694471153845
11 0.7087889182692308 0.15432097596153846 0.7526184519230769 0.15740556490384616 0.7543542740384616 0.12116164423076924 0.7079861153846154 0.1197530841346154 0.7087889182692308 0.15432097596153846
11 0.4853016971153846 0.11807705528846155 0.5304330961538462 0.1227039375 0.5304330961538462 0.08568887019230768 0.4866319495192308 0.08117283653846154 0.4853016971153846 0.11807705528846155
11 0.5308670528846154 0.11961934855769231 0.5755644975961538 0.12193279086538461 0.5755644975961538 0.0833754278846154 0.5313368100961539 0.08117283653846154 0.5308670528846154 0.11961934855769231
11 0.5738286730769231 0.11730590865384616 0.6185261177884616 0.12347508653846154 0.6185261177884616 0.08414657451923077 0.5756076442307692 0.08040123317307693 0.5738286730769231 0.11730590865384616
11 0.61722425 0.11961934855769231 0.6623556514423077 0.1227039375 0.6623556514423077 0.08414657451923077 0.6177083389423077 0.08271604807692307 0.61722425 0.11961934855769231
11 0.6623556514423077 0.12039049759615385 0.7070530961538462 0.12347508653846154 0.7074870504807692 0.08491772355769231 0.6623556514423077 0.0795196923076923 0.6623556514423077 0.12039049759615385
11 0.7061851826923077 0.11807705528846155 0.7504486730769231 0.12116164423076924 0.7508826274038461 0.08491772355769231 0.7066191394230769 0.0802908389423077 0.7061851826923077 0.11807705528846155
11 0.20918852403846153 0.08727645913461538 0.2553118245192308 0.09256432692307692 0.25605574759615385 0.052905324519230766 0.20770067548076923 0.05026139182692308 0.20918852403846153 0.08727645913461538
11 0.2549446682692308 0.09140805769230768 0.29985909134615385 0.09198641826923078 0.29985909134615385 0.05439299038461538 0.2555956033653846 0.05439299038461538 0.2549446682692308 0.09140805769230768
11 0.2988826923076923 0.08851625721153847 0.3444480480769231 0.08909461778846153 0.3434716466346154 0.050344466346153846 0.30019531730769233 0.05046296153846153 0.2988826923076923 0.08851625721153847
11 0.34705178124999997 0.05103686298076923 0.34705178124999997 0.08793789663461539 0.3913152692307692 0.08851625721153847 0.3913152692307692 0.050344466346153846 0.34705178124999997 0.05103686298076923
11 0.39066433653846155 0.04976610576923077 0.3913152692307692 0.08793789663461539 0.4355787596153846 0.08678117548076923 0.4352532908653846 0.050344466346153846 0.39134114903846157 0.05046296153846153 0.39066433653846155 0.04976610576923077
11 0.4346023581730769 0.08967297836538461 0.47984224759615385 0.08967297836538461 0.48049318028846155 0.052657908653846154 0.4359375048076923 0.05104166586538461 0.4346023581730769 0.08967297836538461
11 0.4844318894230769 0.08216356009615386 0.5309736442307693 0.08852552403846155 0.5312891754807693 0.04804715865384616 0.48606771153846157 0.04351851682692308 0.4844318894230769 0.08216356009615386
11 0.5309637067307692 0.08217042548076922 0.5752271971153846 0.08506222596153847 0.5755526634615384 0.04746879807692307 0.5316406298076923 0.04467592307692308 0.5309637067307692 0.08217042548076922
11 0.5752271971153846 0.07985698317307693 0.6201416177884614 0.08621894711538462 0.6194906850961538 0.0468904375 0.5758781298076923 0.04168519471153846 0.5752271971153846 0.07985698317307693
11 0.6204670841346154 0.08332714663461539 0.6637541730769231 0.08506222596153847 0.664079639423077 0.04746879807692307 0.6201822956730769 0.04525462740384616 0.6204670841346154 0.08332714663461539
11 0.6634287067307691 0.08448386778846154 0.7070412620192308 0.08564058653846153 0.7073667283653846 0.04746879807692307 0.6627777716346154 0.04573371634615385 0.6634287067307691 0.08448386778846154
11 0.7077104495192308 0.08101301682692306 0.7522994038461538 0.08448318028846155 0.7532758052884615 0.047468112980769236 0.7086868485576924 0.042841228365384613 0.7077104495192308 0.08101301682692306
11 0.7080359158653846 0.043997949519230764 0.7519739375000001 0.04804647115384615 0.7539267379807693 0.009874682692307691 0.7086868485576924 0.005826161057692307 0.7080359158653846 0.043997949519230764
11 0.6640978942307693 0.04631139182692308 0.7086868485576924 0.04862483173076923 0.7073849807692307 0.01045304326923077 0.6641276081730769 0.008796295673076923 0.6640978942307693 0.04631139182692308
11 0.6204853389423076 0.043997949519230764 0.6634469591346155 0.04920319230769231 0.6644233605769231 0.009296322115384616 0.6214843798076923 0.0076388870192307685 0.6204853389423076 0.043997949519230764
11 0.5768727836538461 0.042841228365384613 0.6201598725961539 0.04862483173076923 0.6214617403846153 0.04573303124999999 0.6214617403846153 0.009296322115384616 0.5772135456730769 0.006481480769230769 0.5768727836538461 0.042841228365384613
11 0.5329347620192307 0.006404521634615384 0.5326092956730769 0.043997949519230764 0.5736181153846154 0.04862483173076923 0.57719825 0.047468112980769236 0.5768727836538461 0.011031403846153845 0.5329427115384615 0.007060182692307692 0.5329347620192307 0.006404521634615384
11 0.4857182019230769 0.044006875 0.5312835576923077 0.05094719951923077 0.5319344903846154 0.011618689903846154 0.48704427403846157 0.006481480769230769 0.4857182019230769 0.044006875
11 0.43494537740384615 0.05152556009615385 0.4805107331730769 0.054417362980769234 0.4798597980769231 0.015088850961538463 0.43528646153846157 0.01574073798076923 0.43494537740384615 0.05152556009615385
11 0.3897054879807692 0.05094719951923077 0.4336435096153846 0.04979047836538461 0.43395936298076926 0.012185379807692307 0.39034680769230773 0.012185379807692307 0.3897054879807692 0.05094719951923077
11 0.34540948798076926 0.051518694711538464 0.39032390865384614 0.052097055288461536 0.39032390865384614 0.012190185096153846 0.34544271153846157 0.014004627403846153 0.34540948798076926 0.051518694711538464
11 0.2988677307692308 0.049783612980769235 0.34540948798076926 0.052097055288461536 0.34410762019230773 0.012768545673076923 0.29984413221153844 0.012768545673076923 0.2988677307692308 0.049783612980769235
11 0.2549297091346154 0.05498885817307692 0.29984413221153844 0.054410497596153844 0.30049506490384614 0.017395427884615386 0.2559244831730769 0.01631944230769231 0.2549297091346154 0.05498885817307692
11 0.21001528846153847 0.05094033413461539 0.25558064423076926 0.05383213701923077 0.25525517548076926 0.015081985576923076 0.21067708653846154 0.013425923076923077 0.21001528846153847 0.05094033413461539