11 0.2524563870192308 0.04808200961538462 0.2527168028846154 0.00734126923076923 0.20870638701923075 0.009656084134615384 0.20870638701923075 0.04576719471153846 0.2524563870192308 0.04808200961538462
11 0.2516751370192308 0.08280423317307693 0.2516751370192308 0.044378307692307696 0.20818555288461538 0.046693122596153845 0.2079251370192308 0.08280423317307693 0.2516751370192308 0.08280423317307693
11 0.24962910817307693 0.1224206346153846 0.25158273317307694 0.08492062980769231 0.20744160817307694 0.08399470913461539 0.20744160817307694 0.1210317451923077 0.24962910817307693 0.1224206346153846
11 0.2503730528846154 0.1559523798076923 0.25089388701923077 0.11937830769230769 0.20714388701923078 0.11798941826923078 0.20688346875000002 0.15456349278846154 0.2503730528846154 0.1559523798076923
11 0.24903366346153846 0.19391534375000002 0.25111699759615386 0.15641534375 0.20684616346153847 0.15502645432692308 0.20684616346153847 0.1911375673076923 0.24903366346153846 0.19391534375000002
11 0.25468822115384615 0.2309523798076923 0.2562507211538462 0.1906746033653846 0.21093822115384614 0.1911375673076923 0.21119863701923075 0.2272486778846154 0.25468822115384615 0.2309523798076923
11 0.2557298870192308 0.2714285721153846 0.25703197115384613 0.23485449759615384 0.21250072115384616 0.23161375721153846 0.2122403028846154 0.26865079326923075 0.2557298870192308 0.2714285721153846
11 0.25863177644230767 0.30767195673076925 0.2604546923076923 0.2701719567307692 0.2154026081730769 0.2650793653846154 0.2146213581730769 0.3044312163461539 0.25863177644230767 0.30767195673076925
11 0.29799199759615386 0.04907407451923077 0.29825241346153847 0.008796295673076923 0.2516378317307692 0.00740740625 0.25111699759615386 0.04629629567307692 0.29799199759615386 0.04907407451923077
11 0.29776888701923077 0.08690476201923077 0.2956855528846154 0.046626983173076925 0.2511543028846154 0.04755291105769231 0.2524563870192308 0.05079365144230769 0.25219596875 0.08551587259615386 0.29776888701923077 0.08690476201923077
11 0.29598327403846153 0.12486772596153847 0.29780619230769234 0.08458994711538462 0.25067077403846155 0.08320105769230769 0.2517124423076923 0.12394179807692307 0.29598327403846153 0.12486772596153847
11 0.2972480528846154 0.16011904807692307 0.2980293028846154 0.11937830769230769 0.2519355528846154 0.11984126923076924 0.2516751370192308 0.1596560841346154 0.2972480528846154 0.16011904807692307
11 0.2998149134615385 0.19616402163461538 0.29825241346153847 0.1549603173076923 0.2532003317307692 0.1563492067307692 0.25450241346153846 0.19755291105769232 0.2998149134615385 0.19616402163461538
11 0.2997776081730769 0.2318783076923077 0.30160052644230767 0.19206349278846155 0.2565484423076923 0.1934523798076923 0.2565484423076923 0.23326719471153845 0.2997776081730769 0.2318783076923077
11 0.3023817764423077 0.2697751322115385 0.30160052644230767 0.22903439182692306 0.25863177644230767 0.2299603173076923 0.2570692764423077 0.27023809615384614 0.3023817764423077 0.2697751322115385
11 0.3023817764423077 0.3058201057692308 0.3029026081730769 0.2673941802884615 0.25915260817307695 0.2715608461538462 0.2596734423076923 0.30767195673076925 0.3023817764423077 0.3058201057692308
11 0.34122116346153847 0.042129629807692304 0.3420024134615384 0.0037037043269230767 0.29799199759615386 0.00740740625 0.2985128317307692 0.04537037019230769 0.34122116346153847 0.042129629807692304
11 0.34174199759615387 0.08055555528846153 0.3420024134615384 0.043055555288461535 0.2959086634615385 0.04166666586538462 0.29825241346153847 0.08240740625 0.34174199759615387 0.08055555528846153
11 0.34103535817307695 0.12023809615384615 0.3402541081730769 0.0799603173076923 0.29676452403846154 0.0799603173076923 0.2952020240384615 0.12208994711538461 0.34103535817307695 0.12023809615384615
11 0.34125846875000004 0.15509259375 0.3415188870192308 0.11527777884615385 0.29620638701923074 0.11666666586538461 0.2972480528846154 0.15555555528846154 0.34125846875000004 0.15509259375
11 0.34356491346153845 0.19239418028846153 0.34330449759615383 0.15628306971153846 0.3000753317307692 0.15535714182692306 0.2985128317307692 0.19239418028846153 0.34356491346153845 0.19239418028846153
11 0.3453132211538461 0.22956349278846153 0.3453132211538461 0.19160052884615386 0.30104238701923075 0.19206349278846155 0.3031257211538462 0.2300264543269231 0.3453132211538461 0.22956349278846153
11 0.3456109423076923 0.26560846634615387 0.3469130264423077 0.22810846634615387 0.30160052644230767 0.22764550240384615 0.3029026081730769 0.2674603173076923 0.3456109423076923 0.26560846634615387
11 0.34810319230769227 0.3044312163461539 0.3483636105769231 0.26554232692307694 0.3043531923076923 0.2632275144230769 0.3046136105769231 0.3044312163461539 0.34810319230769227 0.3044312163461539
11 0.3870408677884616 0.04070466586538461 0.38727760817307694 0.001984127403846154 0.34348025961538464 0.004930254807692307 0.3437170024038462 0.04112554086538462 0.3870408677884616 0.04070466586538461
11 0.3881908605769231 0.08128908173076922 0.3879541201923077 0.04214766826923077 0.3441567716346154 0.042989418269230764 0.3446302548076923 0.08044732932692307 0.3881908605769231 0.08128908173076922
11 0.3893745745192308 0.11832611778846153 0.3884276033653846 0.07834295432692308 0.34344654326923074 0.07918470432692308 0.34486699759615386 0.12169312259615385 0.3893745745192308 0.11832611778846153
11 0.43080449759615386 0.04419191826923077 0.43033101201923074 0.0037878798076923076 0.3853499519230769 0.0042087548076923074 0.3862969230769231 0.043771043269230765 0.43080449759615386 0.04419191826923077
11 0.43229238701923073 0.07816257932692308 0.4325291298076923 0.04028379086538462 0.38778481249999996 0.04028379086538462 0.38991549278846155 0.08068783173076924 0.43229238701923073 0.07816257932692308
11 0.47598858413461537 0.08417508413461539 0.4762253269230769 0.043771043269230765 0.43266471874999995 0.041245790865384616 0.43290146153846154 0.04713804807692308 0.43195449278846154 0.08375420913461538 0.47598858413461537 0.08417508413461539
11 0.47686739663461536 0.047619048076923076 0.4763939134615385 0.007215007211538462 0.43093936778846154 0.008056757211538462 0.4328333076923077 0.04593554567307692 0.47686739663461536 0.047619048076923076
11 0.43175146875 0.11790524278846154 0.4310412403846154 0.08044732932692307 0.3884276033653846 0.07918470432692308 0.38866434615384615 0.12085137019230768 0.43175146875 0.11790524278846154
11 0.3898817764423077 0.15752765865384613 0.3901185192307692 0.11754449278846153 0.34419048798076923 0.11544011538461539 0.3446639735576923 0.15584415625 0.3898817764423077 0.15752765865384613
11 0.38940829086538464 0.1924603173076923 0.38940829086538464 0.15121452644230768 0.3449007163461539 0.1524771514423077 0.34442723076923076 0.19372294471153848 0.38940829086538464 0.1924603173076923
11 0.3913696658653846 0.2282347283653846 0.38900224038461534 0.18614718509615386 0.34638860576923075 0.18909331490384615 0.3473355745192308 0.23033910576923075 0.3913696658653846 0.2282347283653846
11 0.38967874999999996 0.2661135168269231 0.3906257211538462 0.2244468485576923 0.34635488701923073 0.22528860096153844 0.3473018557692308 0.26863876923076924 0.38967874999999996 0.2661135168269231
11 0.39035525961538464 0.3027296778846154 0.39130223076923076 0.26148388701923075 0.34655791346153847 0.2606421346153846 0.3456109423076923 0.3048340552884615 0.39035525961538464 0.3027296778846154
11 0.43249541346153847 0.15488215384615384 0.43249541346153847 0.11616161538461538 0.3882245793269231 0.11405723798076924 0.3889348052884615 0.1203703701923077 0.3889348052884615 0.15572390625 0.43249541346153847 0.15488215384615384
11 0.43394958413461543 0.19414381971153846 0.4327658725961539 0.15458152884615384 0.38967874999999996 0.15373977884615384 0.38967874999999996 0.19540644471153845 0.43394958413461543 0.19414381971153846
11 0.4339158677884616 0.22991823076923076 0.433679125 0.1886724375 0.3889348052884615 0.1886724375 0.38775109375 0.22907647836538464 0.4339158677884616 0.22991823076923076
11 0.4765295024038462 0.1944444447115385 0.4767662451923077 0.15404040384615386 0.4315484423076923 0.1515151514423077 0.43296889663461535 0.1965488221153846 0.4765295024038462 0.1944444447115385
11 0.47524463942307693 0.15740740625 0.47595486538461534 0.1191077451923077 0.4328677451923077 0.11700336778846153 0.4319207740384616 0.15698653125 0.47524463942307693 0.15740740625
11 0.4339158677884616 0.2652116394230769 0.43296889663461535 0.2231240985576923 0.3882245793269231 0.2239658485576923 0.39035525961538464 0.2673160168269231 0.4339158677884616 0.2652116394230769
11 0.4332393557692308 0.30260942788461537 0.43394958413461543 0.2605218846153846 0.3903889783653846 0.2592592596153846 0.390152235576923 0.3034511778846154 0.4332393557692308 0.30260942788461537
11 0.4767325288461538 0.22901635336538462 0.4764957860576923 0.19366281971153845 0.4348291201923077 0.1924001923076923 0.43175146875 0.1974506971153846 0.4331719230769231 0.2311207307692308 0.4767325288461538 0.22901635336538462
11 0.47825413461538463 0.2659932668269231 0.4789643629807693 0.22601010096153845 0.4335098173076923 0.22558922596153846 0.43422004326923075 0.26683501682692307 0.47825413461538463 0.2659932668269231
11 0.4774090384615385 0.3034511778846154 0.47788252403846154 0.2647306394230769 0.4300605528846154 0.2659932668269231 0.43195449278846154 0.3038720528846154 0.4774090384615385 0.3034511778846154
11 0.47700298798076923 0.12253487259615385 0.4774764735576923 0.08170995673076924 0.4339158677884616 0.07918470432692308 0.4327321538461538 0.12085137019230768 0.47700298798076923 0.12253487259615385
11 0.5290740985576923 0.041269836538461536 0.5288158605769231 0.0058922548076923075 0.48501851201923074 0 0.4838348004807692 0.007575757211538461 0.4866692524038462 0.038624334134615385 0.5290740985576923 0.041269836538461536
11 0.5286128365384616 0.08207070673076923 0.5297965480769231 0.03914141346153846 0.48292154807692306 0.03324915865384615 0.48315829086538464 0.03956228846153846 0.4833950336538461 0.07491582451923076 0.5286128365384616 0.08207070673076923
11 0.5278688918269231 0.11868686778846153 0.5285791201923077 0.07786195192307692 0.48407154326923074 0.06944444471153846 0.48241434615384615 0.11195286298076924 0.5278688918269231 0.11868686778846153
11 0.5257044927884615 0.15746753365384616 0.5268882043269231 0.11453824038461538 0.48285411298076925 0.10780423317307693 0.4830908557692308 0.11411736298076923 0.4821438870192308 0.15115440144230768 0.5257044927884615 0.15746753365384616
11 0.5281393509615385 0.1915584423076923 0.5283760937499999 0.1507335264423077 0.4833950336538461 0.14357864423076921 0.4836317764423077 0.15536315625 0.48481548798076923 0.1886123125 0.5281393509615385 0.1915584423076923
11 0.5255689014423077 0.23069985576923077 0.5269893557692308 0.18945406490384614 0.48200829567307696 0.1827200576923077 0.48200829567307696 0.18903318990384615 0.48200829567307696 0.22522847596153847 0.5255689014423077 0.23069985576923077
11 0.5259749519230769 0.26851851923076925 0.5269219230769231 0.22601010096153845 0.48146737740384615 0.21675084134615386 0.48146737740384615 0.22390572355769228 0.48075714903846156 0.26178451201923075 0.5259749519230769 0.26851851923076925
11 0.5262454134615384 0.30525493028846157 0.527429125 0.2640091394230769 0.48292154807692306 0.25811688221153845 0.48126435096153847 0.30062530048076924 0.5262454134615384 0.30525493028846157
11 0.5737107788461538 0.03994708653846154 0.5747776081730769 0.003367002403846154 0.5281393509615385 0 0.5286128365384616 0.006734007211538461 0.5298180432692308 0.038624334134615385 0.5737107788461538 0.03994708653846154
11 0.5740336634615384 0.07521644951923077 0.5740336634615384 0.034812408653846154 0.5283423774038462 0.03439153365384615 0.5288158605769231 0.07689995192307691 0.5740336634615384 0.07521644951923077
11 0.5728836706730769 0.11658249038461539 0.5735938966346154 0.07281144711538462 0.5271923822115384 0.07659932692307693 0.5288495793269231 0.11489899038461539 0.5728836706730769 0.11658249038461539
11 0.5716999567307692 0.15361952884615385 0.5731204134615384 0.11153198557692308 0.5283760937499999 0.10648148076923077 0.5276658677884616 0.1519360264423077 0.5716999567307692 0.15361952884615385
11 0.6190914038461539 0.038624334134615385 0.6195556442307691 0.003367002403846154 0.5774154927884616 0 0.5752848125 0.004629629807692308 0.5766865576923077 0.03201057692307692 0.6190914038461539 0.038624334134615385
11 0.571902983173077 0.19065656490384614 0.5728499519230769 0.14856902403846153 0.52739540625 0.1456228966346154 0.5259749519230769 0.18939393990384618 0.571902983173077 0.19065656490384614
11 0.5697385841346153 0.2278138533653846 0.5702120673076924 0.18614718509615386 0.52641471875 0.18404281009615384 0.5266514615384615 0.22655122596153848 0.5697385841346153 0.2278138533653846
11 0.5709560120192307 0.26304713701923077 0.5716662403846153 0.22264309855769232 0.52550146875 0.21969696875 0.5259749519230769 0.22558922596153846 0.5259749519230769 0.2643097644230769 0.5709560120192307 0.26304713701923077
11 0.5719704182692308 0.29924242307692306 0.5714969326923077 0.2588383846153846 0.5265158725961538 0.2571548822115385 0.5269893557692308 0.2643097644230769 0.5267526153846154 0.30134680048076923 0.5719704182692308 0.29924242307692306
11 0.6181014735576924 0.07870370432692307 0.6185749567307692 0.03493266105769231 0.5759613221153846 0.03324915865384615 0.5740673822115384 0.03872053846153846 0.5750143509615385 0.07702020192307693 0.6181014735576924 0.07870370432692307
11 0.6171207860576923 0.11700336778846153 0.6178310120192307 0.07365319951923077 0.5726132091346154 0.06944444471153846 0.571902983173077 0.07659932692307693 0.571902983173077 0.11363636298076923 0.6171207860576923 0.11700336778846153
11 0.6149901033653846 0.15578403125 0.6166473004807693 0.11243386298076923 0.5728499519230769 0.10780423317307693 0.5714294975961539 0.11664261778846154 0.5709560120192307 0.14989177403846154 0.6149901033653846 0.15578403125
11 0.6622401947115384 0.038624334134615385 0.6629841394230769 0.00026454567307692306 0.6186086754807693 0 0.6183719326923077 0.00799663221153846 0.6205792932692307 0.038624334134615385 0.6622401947115384 0.038624334134615385
11 0.6159707908653846 0.18891293990384617 0.6162075336538462 0.1476671466346154 0.5719366995192308 0.14261664182692307 0.5719366995192308 0.1863876875 0.6159707908653846 0.18891293990384617
11 0.6135359326923078 0.22601010096153845 0.6135359326923078 0.18392256009615385 0.5695018413461539 0.18139730528846154 0.5697385841346153 0.2247474735576923 0.6135359326923078 0.22601010096153845
11 0.6135696490384616 0.2626262620192308 0.6138063918269231 0.22053872115384615 0.5685885889423077 0.21843434374999998 0.5683518461538462 0.26304713701923077 0.6135696490384616 0.2626262620192308
11 0.6147870793269231 0.2993626754807692 0.6145503365384616 0.2602212596153846 0.5700427596153846 0.2568542572115385 0.5702795024038462 0.2981000480769231 0.6147870793269231 0.2993626754807692
11 0.6571302548076924 0.26268638701923075 0.6564200288461539 0.22059884615384615 0.61333290625 0.21723184134615386 0.6130961634615384 0.22354497355769232 0.6130961634615384 0.2601611346153846 0.6571302548076924 0.26268638701923075
11 0.6555067764423076 0.30062530048076924 0.6559802596153846 0.2606421346153846 0.6131298822115384 0.25643338221153844 0.6138401081730769 0.2635882644230769 0.6131298822115384 0.29894179807692306 0.6555067764423076 0.30062530048076924
11 0.6565893365384615 0.2247474735576923 0.6556423653846154 0.18350168269230768 0.6132654711538461 0.1805555552884615 0.6125552451923076 0.22516835096153848 0.6565893365384615 0.2247474735576923
11 0.6592946538461538 0.1885521875 0.6578741995192308 0.1464646466346154 0.6159707908653846 0.1447811442307692 0.6152605649038462 0.18518518509615384 0.6592946538461538 0.1885521875
11 0.661662079326923 0.15319865384615386 0.66118859375 0.11153198557692308 0.6154973052884615 0.10984848557692307 0.615734048076923 0.15277777884615384 0.661662079326923 0.15319865384615386
11 0.662609048076923 0.08086820673076923 0.6628457908653846 0.037938913461538465 0.6176279879807692 0.03541366105769231 0.6169177596153846 0.07960557932692308 0.662609048076923 0.08086820673076923
11 0.6597007043269231 0.11838624278846153 0.6599374471153846 0.07714045192307693 0.6151931298076924 0.07208994711538462 0.6147196442307693 0.07840307932692309 0.6147196442307693 0.11544011538461539 0.6597007043269231 0.11838624278846153
11 0.7061329302884616 0.03994708653846154 0.7059329134615384 0.0029461274038461538 0.6621355649038462 0 0.6622401947115384 0.038624334134615385 0.7061329302884616 0.03994708653846154
11 0.7083647644230768 0 0.7091087091346153 0.035978831730769226 0.7500256658653845 0.03730158413461539 0.750769610576923 0 0.7083647644230768 0
11 0.7497302596153846 0.07786195192307692 0.7499670024038461 0.037878788461538464 0.7075901081730769 0.034090908653846154 0.706643139423077 0.0723905721153846 0.7497302596153846 0.07786195192307692
11 0.7482423725961538 0.11351611298076923 0.7489525985576923 0.07437469951923077 0.7034980528846154 0.0684824423076923 0.7039715384615385 0.11099086057692308 0.7482423725961538 0.11351611298076923
11 0.7050196610576923 0.08207070673076923 0.7062033725961538 0.03956228846153846 0.6633529927884615 0.0361952860576923 0.6619325384615385 0.08080808173076924 0.7050196610576923 0.08207070673076923
11 0.7054931442307691 0.11610149038461538 0.7052564014423077 0.07696007692307692 0.6595651153846155 0.07696007692307692 0.6593283725961538 0.11315536298076924 0.7054931442307691 0.11610149038461538
11 0.7052901201923076 0.15662578124999998 0.7060003461538462 0.11453824038461538 0.6624397403846154 0.11117123557692307 0.6607825432692308 0.11748436778846154 0.6622029975961539 0.15494227884615386 0.7052901201923076 0.15662578124999998
11 0.7035992043269231 0.1927609423076923 0.7043094326923077 0.1510942764423077 0.6605120841346154 0.14814814903846155 0.6600385985576923 0.18939393990384618 0.7035992043269231 0.1927609423076923
11 0.7002173774038462 0.22817460336538462 0.7004541201923077 0.1881914375 0.6580772259615385 0.1831409326923077 0.6571302548076924 0.18987493990384616 0.6580772259615385 0.22607022596153847 0.7002173774038462 0.22817460336538462
11 0.6987632043269231 0.26352813942307696 0.7006571442307692 0.22480760096153848 0.6570965384615385 0.22059884615384615 0.6556760841346154 0.26310726201923074 0.6987632043269231 0.26352813942307696
11 0.7000143509615384 0.2967171706730769 0.6997776081730769 0.2571548822115385 0.6559802596153846 0.2558922548076923 0.6550332908653846 0.2979797980769231 0.7000143509615384 0.2967171706730769
11 0.7511507163461538 0.1510942764423077 0.7513874567307692 0.11321548798076922 0.7071166249999999 0.10858585817307692 0.7068798822115384 0.14983164903846152 0.7511507163461538 0.1510942764423077
11 0.7477688870192308 0.18981481490384616 0.7484791129807692 0.1502525264423077 0.70610221875 0.14351851923076925 0.70610221875 0.14393939423076924 0.7056287355769231 0.14983164903846152 0.7049185072115385 0.18602693509615384 0.7477688870192308 0.18981481490384616
11 0.7468893509615384 0.22468734855769232 0.747599579326923 0.1876503125 0.7033287451923077 0.18470418509615383 0.7030920024038461 0.22132034615384616 0.7468893509615384 0.22468734855769232
11 0.7418166081730769 0.2638888894230769 0.7420533509615385 0.22180134615384617 0.7010969110576923 0.21843434374999998 0.6996764567307692 0.2247474735576923 0.7001499423076923 0.26220538701923074 0.7418166081730769 0.2638888894230769
11 0.7406102451923077 0.29808200240384614 0.7406328966346154 0.26058200961538464 0.6992029711538461 0.2580567572115385 0.6975457740384615 0.3026695528846154 0.7406102451923077 0.29808200240384614
11 0.23058784134615384 0.3562409807692308 0.2303510985576923 0.3162578173076923 0.18323935576923076 0.31373256490384616 0.1834760985576923 0.35287397836538464 0.23058784134615384 0.3562409807692308
11 0.2287276201923077 0.3929172668269231 0.2287276201923077 0.3533549783653846 0.18208936298076922 0.35040885096153845 0.18232610576923078 0.38997113942307693 0.2287276201923077 0.3929172668269231
11 0.22734088221153848 0.43247955769230767 0.22686739663461536 0.39123376682692307 0.180702625 0.3861832620192308 0.17951891346153845 0.39333814423076924 0.180702625 0.43037518028846156 0.22734088221153848 0.43247955769230767
11 0.2287276201923077 0.47113997115384615 0.22778064903846154 0.42863155288461535 0.18374656009615384 0.42442280048076925 0.18208936298076922 0.42989418028846155 0.18232610576923078 0.46777296875 0.2287276201923077 0.47113997115384615
11 0.22876133653846153 0.5082371322115384 0.22876133653846153 0.46699134134615383 0.18259656490384615 0.4619408365384615 0.18235982211538462 0.46825396875 0.18307005048076921 0.5052910048076923 0.22876133653846153 0.5082371322115384
11 0.27455449759615386 0.3558201057692308 0.27360752884615386 0.3133116875 0.22933669471153847 0.3107864350961539 0.22815298317307692 0.3524531033653846 0.27455449759615386 0.3558201057692308
11 0.2770567908653846 0.3920153918269231 0.27800376201923077 0.35203222596153844 0.22947156490384615 0.3469817211538461 0.22781436778846154 0.35413660336538466 0.22899807932692307 0.3924362668269231 0.2770567908653846 0.3920153918269231
11 0.274452625 0.43506493509615385 0.2751628533653846 0.39087301682692305 0.22947156490384615 0.38834776442307695 0.22781436778846154 0.3971861466346154 0.22781436778846154 0.4359066850961538 0.274452625 0.43506493509615385
11 0.2749598269230769 0.47330447355769234 0.2749598269230769 0.43079605528846154 0.22737460096153847 0.4278499278846154 0.2285583125 0.46993746875000003 0.2749598269230769 0.47330447355769234
11 0.2747230841346154 0.5081168822115385 0.2747230841346154 0.46518759134615384 0.22974202403846153 0.46266233653846156 0.22903179807692306 0.46897546875 0.22926853846153844 0.5076960072115384 0.2747230841346154 0.5081168822115385
11 0.22997876682692306 0.5455747956730769 0.2306889951923077 0.5055916298076923 0.18357725240384618 0.5018037524038461 0.1833405096153846 0.5413660408653846 0.22997876682692306 0.5455747956730769
11 0.2311961971153846 0.5851972091346154 0.23166968028846155 0.5414261658653846 0.18479468028846155 0.5367965360576923 0.1843211971153846 0.545214045673077 0.18408445432692308 0.5814093317307693 0.2311961971153846 0.5851972091346154
11 0.23336059615384613 0.6203703701923077 0.23359733894230766 0.5782828293269231 0.18814279326923078 0.5723905721153846 0.18648559615384613 0.5816498317307692 0.18648559615384613 0.6170033677884615 0.23336059615384613 0.6203703701923077
11 0.23552499519230768 0.65704665625 0.23623522115384615 0.6158008653846154 0.19030719230769233 0.6086459831730769 0.1891234783653846 0.6166426177884615 0.18888673798076921 0.6519961514423076 0.23552499519230768 0.65704665625
11 0.2766507427884615 0.547258298076923 0.27688748317307693 0.5039081298076923 0.23024922596153846 0.5013828774038461 0.23095945432692308 0.546416545673077 0.2766507427884615 0.547258298076923
11 0.2788151418269231 0.5826118317307692 0.27834165624999996 0.5438912932692308 0.23099317067307693 0.5430495432692308 0.23146665624999999 0.5826118317307692 0.2788151418269231 0.5826118317307692
11 0.2794916514423077 0.6195286201923077 0.27972839423076923 0.5778619519230769 0.23285339423076923 0.5736531995192308 0.2311961971153846 0.5808080817307693 0.2321431658653846 0.6178451177884615 0.2794916514423077 0.6195286201923077
11 0.27922118990384615 0.6566257812499999 0.2794579326923077 0.6149591153846153 0.23376664663461538 0.6149591153846153 0.23376664663461538 0.6549422788461539 0.27922118990384615 0.6566257812499999
11 0.3219029831730769 0.3634559879807692 0.3204825288461538 0.3222101971153846 0.2750279831730769 0.3192640697115384 0.2743177548076923 0.3634559879807692 0.3219029831730769 0.3634559879807692
11 0.32318784615384616 0.3978475240384615 0.3222408774038461 0.35618085576923075 0.2765495889423077 0.3544973533653846 0.27536587740384616 0.3620731129807692 0.2758393629807692 0.3995310240384615 0.32318784615384616 0.3978475240384615
11 0.32129390865384616 0.4374699375 0.3208204230769231 0.39748677163461543 0.27441890865384616 0.39622414663461536 0.27512913461538463 0.4378908125 0.32129390865384616 0.4374699375
11 0.31994088701923074 0.47528860096153847 0.3197041466346154 0.4365680625 0.2740128581730769 0.43614718509615386 0.2754333125 0.4723424711538462 0.31994088701923074 0.47528860096153847
11 0.32230831249999997 0.5140091394230769 0.3206511153846154 0.4710798461538461 0.27353937259615385 0.4672919663461539 0.27567005528846156 0.5144300144230769 0.32230831249999997 0.5140091394230769
11 0.32061739663461536 0.5497234254807692 0.3199071706730769 0.5080567572115384 0.27468936778846154 0.5072150072115384 0.2770567908653846 0.548460798076923 0.32061739663461536 0.5497234254807692
11 0.32210528605769234 0.5876623365384616 0.3223420288461538 0.5455747956730769 0.27688748317307693 0.5451539206730769 0.2757037716346154 0.5514670504807693 0.27736096875 0.5885040889423077 0.32210528605769234 0.5876623365384616
11 0.32643408653846157 0.6233766225961539 0.32643408653846157 0.5825517067307693 0.2797958269230769 0.579605579326923 0.2805060552884615 0.6233766225961539 0.32643408653846157 0.6233766225961539
11 0.32640036778846154 0.6625781634615385 0.3256901418269231 0.6200697451923076 0.2788151418269231 0.6196488701923077 0.2797621105769231 0.659211158653846 0.32640036778846154 0.6625781634615385
11 0.3686086754807692 0.36117123557692304 0.3669514783653846 0.31824194230769226 0.3217336754807692 0.3165584423076923 0.3210234471153846 0.35906685817307693 0.3686086754807692 0.36117123557692304
11 0.3688454182692308 0.40091390144230765 0.3690821610576923 0.3588263581730769 0.32268064423076925 0.3588263581730769 0.3219704182692308 0.3655603653846154 0.3231541298076923 0.40091390144230765 0.3688454182692308 0.40091390144230765
11 0.3670189134615385 0.43867243749999996 0.36583520192307695 0.3957431466346154 0.32180111057692307 0.3953222692307692 0.3196704278846154 0.40079365144230766 0.32180111057692307 0.43951418990384616 0.3670189134615385 0.43867243749999996
11 0.36681588701923074 0.47528860096153847 0.3665791466346154 0.43446368509615385 0.3189939182692308 0.43446368509615385 0.32136134134615385 0.4769721009615384 0.36681588701923074 0.47528860096153847
11 0.36823634134615385 0.5126863870192307 0.36634240384615385 0.47101972115384616 0.32159808413461544 0.47017797115384613 0.31994088701923074 0.47859547836538463 0.3206511153846154 0.5147907644230769 0.36823634134615385 0.5126863870192307
11 0.3677628581730769 0.5519480528846153 0.3670526298076923 0.5098605096153845 0.3206511153846154 0.5098605096153845 0.31994088701923074 0.5157527668269231 0.3218348269230769 0.5519480528846153 0.3677628581730769 0.5519480528846153
11 0.3675598317307692 0.5879629639423076 0.3673230913461539 0.5484006730769231 0.3206848317307692 0.5462962956730769 0.3218685456730769 0.5867003365384615 0.3675598317307692 0.5879629639423076
11 0.3696567980769231 0.625060125 0.37013028125 0.5859187115384615 0.3227817980769231 0.5846560841346153 0.32420225240384615 0.62463925 0.3696567980769231 0.625060125
11 0.36918331249999997 0.6643217884615384 0.3696567980769231 0.6230759975961538 0.32325528125 0.6201298701923077 0.3237287668269231 0.6622174110576923 0.36918331249999997 0.6643217884615384
11 0.4109855697115385 0.4778138533653846 0.4093283725961539 0.43404281009615386 0.36434731249999996 0.43362193269230764 0.3641105697115385 0.4411976923076923 0.3645840528846154 0.4782347283653846 0.4109855697115385 0.4778138533653846
11 0.4145367043269231 0.3600889855769231 0.413589735576923 0.3226310721153846 0.3690821610576923 0.3192640697115384 0.3669514783653846 0.32515632451923077 0.3669514783653846 0.3588263581730769 0.4145367043269231 0.3600889855769231
11 0.4587401033653846 0.36032948557692307 0.4585033605769231 0.3195045697115385 0.4132855576923077 0.3174001923076923 0.4125753317307692 0.3599086105769231 0.4587401033653846 0.36032948557692307
11 0.4176480745192308 0.3978475240384615 0.4162276201923077 0.35660173076923074 0.36840564903846157 0.35407647836538464 0.36840564903846157 0.3978475240384615 0.4176480745192308 0.3978475240384615
11 0.41193253846153843 0.4365079375 0.41216928125 0.3931577692307692 0.3641105697115385 0.3952621442307693 0.36505753846153843 0.43903318990384615 0.41193253846153843 0.4365079375
11 0.4612086802884615 0.39917027403846156 0.4614454230769231 0.36044973557692306 0.4145704230769231 0.3617123605769231 0.4162276201923077 0.39959114903846155 0.4612086802884615 0.39917027403846156
11 0.46049845432692305 0.4378908125 0.4597882259615385 0.39917027403846156 0.41338671153846157 0.39622414663461536 0.41220299759615386 0.40295815384615385 0.4148071658653846 0.4378908125 0.46049845432692305 0.4378908125
11 0.4579280048076923 0.47528860096153847 0.4562708076923077 0.43488456009615384 0.4089223221153846 0.43362193269230764 0.4086855793269231 0.4411976923076923 0.40963255048076924 0.47613035096153844 0.4579280048076923 0.47528860096153847
11 0.41369088701923074 0.5139490144230769 0.41369088701923074 0.4722823461538462 0.3658689182692308 0.4718614711538462 0.3656321754807692 0.5139490144230769 0.41369088701923074 0.5139490144230769
11 0.4114590528846154 0.5518879278846154 0.41216928125 0.5098003846153847 0.366714735576923 0.5093795096153846 0.36600450961538467 0.5539923028846154 0.4114590528846154 0.5518879278846154
11 0.4586719495192308 0.5109427620192307 0.45890868990384615 0.47011784615384616 0.41108672115384615 0.46843434375 0.41321740384615385 0.5117845120192308 0.4586719495192308 0.5109427620192307
11 0.4583677716346154 0.5488215480769231 0.45789428605769233 0.5084175096153847 0.41243974038461534 0.5075757572115385 0.41030906009615387 0.513468014423077 0.4129132259615385 0.5496633004807692 0.4583677716346154 0.5488215480769231
11 0.4119999735576923 0.5893458389423076 0.4117632307692308 0.5485209230769231 0.3665454278846154 0.547258298076923 0.36749239663461536 0.5901875913461538 0.4119999735576923 0.5893458389423076
11 0.4155848269230769 0.6267436274038461 0.41487460096153844 0.5859187115384615 0.3677628581730769 0.5829725841346154 0.3675261153846154 0.6233766225961539 0.4155848269230769 0.6267436274038461
11 0.4137606153846154 0.6603174567307692 0.41318368509615383 0.6234968725961539 0.36914959374999995 0.6209716201923077 0.36843936778846154 0.6268638774038462 0.3706118221153846 0.6589947043269231 0.4137606153846154 0.6603174567307692
11 0.4579280048076923 0.5858585865384616 0.4555605793269231 0.545033670673077 0.41271020192307695 0.5441919182692307 0.4110530048076923 0.5505050504807693 0.41128974519230765 0.5867003365384615 0.4579280048076923 0.5858585865384616
11 0.45907799759615386 0.6228956225961538 0.4595514831730769 0.5829124567307692 0.41362345432692305 0.5808080817307693 0.4148071658653846 0.6228956225961538 0.45907799759615386 0.6228956225961538
11 0.45907799759615386 0.6598725360576924 0.45789428605769233 0.6177849927884616 0.41314996875 0.6161014903846154 0.4117295144230769 0.6215728725961539 0.41220299759615386 0.6586099086538462 0.45907799759615386 0.6598725360576924
11 0.5056825384615384 0.36622174038461536 0.5075764783653847 0.3258177019230769 0.46022799278846155 0.3245550745192308 0.460464735576923 0.36243386298076924 0.5056825384615384 0.36622174038461536
11 0.5078469375 0.40416065384615385 0.5080836802884615 0.3608104855769231 0.4631026201923077 0.35618085576923075 0.46097193750000004 0.3620731129807692 0.4616821658653846 0.4016354014423077 0.5078469375 0.40416065384615385
11 0.5052090528846154 0.4420995673076923 0.5080499639423077 0.39959114903846155 0.4616484471153846 0.3970658966346154 0.46117496394230767 0.4366281875 0.5052090528846154 0.4420995673076923
11 0.5130552716346154 0.48917748798076927 0.5137654975961539 0.44414381971153843 0.4633393629807693 0.43867243749999996 0.46357610576923075 0.48244348317307695 0.5130552716346154 0.48917748798076927
11 0.5042620841346154 0.5116642620192308 0.5042620841346154 0.47210197115384617 0.45857079567307696 0.46747234134615384 0.45975450961538467 0.5070346322115384 0.5042620841346154 0.5116642620192308
11 0.5023007091346154 0.5505050504807693 0.5044313918269231 0.5122053870192308 0.4577931346153846 0.5058922548076923 0.45708290625000003 0.5462962956730769 0.5023007091346154 0.5505050504807693
11 0.5016241995192308 0.5867003365384615 0.5028079134615384 0.5458754206730769 0.4590105649038462 0.5395622884615384 0.4590105649038462 0.5820707067307692 0.5016241995192308 0.5867003365384615
11 0.5042620841346154 0.6262626274038462 0.5056825384615384 0.5812289567307692 0.4614117043269231 0.5753366995192308 0.45880753846153843 0.5808080817307693 0.45809731249999996 0.6195286201923077 0.5042620841346154 0.6262626274038462
11 0.503991625 0.6602934110576922 0.5061223052884615 0.6177849927884616 0.4599575336538461 0.6114718605769232 0.4590105649038462 0.6548220288461538 0.503991625 0.6602934110576922
11 0.550866625 0.3644781153846154 0.5515768509615385 0.32365319951923077 0.5075427596153846 0.3190235697115385 0.503991625 0.3240740745192308 0.5044651081730769 0.36195286298076923 0.550866625 0.3644781153846154
11 0.5505961634615384 0.4045214038461538 0.5503594230769231 0.36075036057692306 0.5058518461538462 0.35780423317307697 0.5051416201923077 0.4019961514423077 0.5505961634615384 0.4045214038461538
11 0.5535045096153847 0.4428811923076923 0.5539779927884616 0.4012145264423077 0.5078132211538462 0.3957431466346154 0.5071029927884616 0.43867243749999996 0.5535045096153847 0.4428811923076923
11 0.5546207860576924 0.4789562283653846 0.5539105576923077 0.4364478125 0.5103499519230769 0.4330808076923077 0.5079825288461538 0.4764309759615385 0.5546207860576924 0.4789562283653846
11 0.5544514783653847 0.5108826370192308 0.5551617043269231 0.4725829735576923 0.5120745841346154 0.46795334375 0.5094704182692308 0.4725829735576923 0.5097071610576923 0.5117243870192307 0.5544514783653847 0.5108826370192308
11 0.54694315625 0.5488215480769231 0.5476533822115385 0.5130471370192308 0.5066969423076924 0.5067340072115385 0.5048030048076924 0.514309764423077 0.5048030048076924 0.5441919182692307 0.54694315625 0.5488215480769231
11 0.5502575504807692 0.5857984615384615 0.5500208076923078 0.545394420673077 0.5052764879807692 0.5437109182692308 0.5043295192307693 0.5841149591346154 0.5502575504807692 0.5857984615384615
11 0.5501901153846154 0.6232563725961539 0.5504268557692308 0.5828523317307692 0.5052090528846154 0.5803270793269231 0.5056825384615384 0.6232563725961539 0.5501901153846154 0.6232563725961539
11 0.5492431442307693 0.6611952860576923 0.5499533725961538 0.6182659927884615 0.5054457956730769 0.6165824903846153 0.5047355697115384 0.6237373725961538 0.5049723125 0.6574074062499999 0.5492431442307693 0.6611952860576923
11 0.5961181442307693 0.36700336778846154 0.5958814014423077 0.32365319951923077 0.5492431442307693 0.3223905721153846 0.5497166298076923 0.36279461298076926 0.5961181442307693 0.36700336778846154
11 0.6398143413461538 0.3665824903846154 0.6391041129807692 0.32617845192307693 0.5938863100961538 0.3249158245192308 0.5950700240384615 0.36616161538461534 0.6398143413461538 0.3665824903846154
11 0.6833749471153846 0.3664622403846154 0.6836116899038461 0.3231120721153846 0.6376836586538462 0.32184944711538466 0.640287826923077 0.3660413653846154 0.6833749471153846 0.3664622403846154
11 0.5970651153846154 0.4050024038461538 0.5968283725961538 0.3637566129807693 0.5516105697115384 0.3599687355769231 0.5497166298076923 0.4033189038461539 0.5970651153846154 0.4050024038461538
11 0.5977753413461538 0.4424001923076923 0.5980120841346154 0.3990500240384615 0.5516105697115384 0.3977873966346154 0.5523207956730769 0.43903318990384615 0.5977753413461538 0.4424001923076923
11 0.5993988221153846 0.4785353533653846 0.5984518509615385 0.4356060600961538 0.5548912451923077 0.43434343509615386 0.5532340480769231 0.44023568990384615 0.5546545024038462 0.4789562283653846 0.5993988221153846 0.4785353533653846
11 0.5982151081730769 0.5151515144230769 0.5982151081730769 0.4730639735576923 0.5529973052884615 0.47011784615384616 0.5522870793269231 0.5122053870192308 0.5982151081730769 0.5151515144230769
11 0.5934802596153846 0.5526094278846154 0.5922965480769231 0.5084175096153847 0.5506298822115384 0.5067340072115385 0.5480257163461538 0.5126262620192308 0.5475522307692308 0.5496633004807692 0.5934802596153846 0.5526094278846154
11 0.593277235576923 0.5874218365384615 0.5935139783653847 0.546596920673077 0.5468757211538462 0.5444925456730769 0.5494798870192308 0.5832130841346154 0.593277235576923 0.5874218365384615
11 0.5944946658653846 0.624038 0.5944946658653846 0.5802669543269231 0.548329891826923 0.5790043293269231 0.5490401201923076 0.6227753725961538 0.5944946658653846 0.624038
11 0.5920598052884615 0.6602934110576922 0.5932435192307692 0.6173641177884615 0.5482624567307692 0.6156806153846154 0.5473154879807692 0.6577681586538462 0.5920598052884615 0.6602934110576922
11 0.6380215528846154 0.6602332860576923 0.6349439014423077 0.6164622403846154 0.5916200384615384 0.6156204903846153 0.5904363269230769 0.6219336225961538 0.5916200384615384 0.6581289086538462 0.6380215528846154 0.6602332860576923
11 0.6410317716346154 0.4031385288461538 0.6403215432692307 0.3614718605769231 0.5955772259615385 0.3614718605769231 0.5955772259615385 0.40187590144230767 0.6410317716346154 0.4031385288461538
11 0.6854719110576923 0.40704665625 0.6847616850961539 0.36369648798076926 0.6381234278846153 0.36117123557692304 0.6395438822115385 0.40536315624999997 0.6854719110576923 0.40704665625
11 0.72919315625 0.36269840865384617 0.7284492115384615 0.328306875 0.6897640889423078 0.32566137259615385 0.6839158677884616 0.32515632451923077 0.685099579326923 0.3621933629807692 0.72919315625 0.36269840865384617
11 0.7309938918269231 0.40656565625 0.7298101802884616 0.36321548798076925 0.6843556346153845 0.36153198557692307 0.6836454062499999 0.3678451177884616 0.6841188918269231 0.4040404038461538 0.7309938918269231 0.40656565625
11 0.7307234326923078 0.44023568990384615 0.7300132043269231 0.4015151514423077 0.6847954014423077 0.40067340144230773 0.6859791129807692 0.44023568990384615 0.7307234326923078 0.44023568990384615
11 0.6429257091346153 0.43933381490384615 0.6422154831730769 0.40019239903846154 0.595340483173077 0.3980880240384615 0.5960507091346154 0.4044011538461539 0.5974711634615384 0.4405964399038461 0.6429257091346153 0.43933381490384615
11 0.6862158557692308 0.4405964399038461 0.6859791129807692 0.3985088990384615 0.64170828125 0.39724627163461534 0.6419450240384615 0.44270081730769234 0.6862158557692308 0.4405964399038461
11 0.64265525 0.4794372283653846 0.6419450240384615 0.43566618509615385 0.5962537355769231 0.43608706009615383 0.5986211586538461 0.4794372283653846 0.64265525 0.4794372283653846
11 0.6429257091346153 0.5147907644230769 0.6417419975961539 0.47270322355769234 0.5955772259615385 0.47270322355769234 0.5969976802884616 0.5164742668269231 0.6429257091346153 0.5147907644230769
11 0.6372438918269231 0.5504449254807692 0.6367704062499999 0.5096200096153847 0.5910791201923077 0.5091991346153846 0.5913158605769231 0.517195766826923 0.5920260889423077 0.5508658004807692 0.6372438918269231 0.5504449254807692
11 0.6360264615384617 0.5879028389423077 0.63484275 0.5449735456730769 0.5900984326923078 0.545394420673077 0.5910454014423077 0.5870610865384616 0.6360264615384617 0.5879028389423077
11 0.6362969230769231 0.6227753725961538 0.6370071490384616 0.5827922067307691 0.5929730576923077 0.5806878317307692 0.5922628317307692 0.6210918701923076 0.6362969230769231 0.6227753725961538
11 0.6883802548076924 0.4789562283653846 0.6879067716346154 0.43728956249999995 0.6429257091346153 0.43476431009615385 0.6433991947115385 0.4793771033653846 0.6883802548076924 0.4789562283653846
11 0.7328203966346154 0.4780543533653846 0.7316366850961539 0.4355459350961538 0.6868923653846154 0.43596681009615385 0.6883128197115386 0.4780543533653846 0.7328203966346154 0.4780543533653846
11 0.6876363100961539 0.515091389423077 0.6869260841346154 0.4734247235576923 0.6419450240384615 0.47132034615384616 0.6412347956730768 0.4776334783653846 0.6412347956730768 0.5138287644230769 0.6876363100961539 0.515091389423077
11 0.6803310120192307 0.5495430504807692 0.6808044975961539 0.5078763822115385 0.6372438918269231 0.5070346322115384 0.6367704062499999 0.5495430504807692 0.6803310120192307 0.5495430504807692
11 0.7343082860576923 0.5129870120192307 0.7328878317307693 0.47216209615384613 0.6886169975961539 0.47132034615384616 0.6874332860576923 0.4776334783653846 0.6883802548076924 0.5138287644230769 0.7343082860576923 0.5129870120192307
11 0.7330908557692308 0.5496031754807692 0.7328541129807692 0.5083573822115385 0.6864525985576923 0.5070947572115384 0.6866893413461538 0.514670514423077 0.6869260841346154 0.5483405480769231 0.7330908557692308 0.5496031754807692
11 0.6810749567307692 0.5874218365384615 0.6803647307692308 0.546176045673077 0.6351469278846154 0.5444925456730769 0.6360938966346155 0.5865800865384615 0.6810749567307692 0.5874218365384615
11 0.6815147259615385 0.624098125 0.6815147259615385 0.5832732091346153 0.63487646875 0.5815897067307693 0.6344029831730769 0.624519 0.6815147259615385 0.624098125
11 0.6808044975961539 0.6593915336538461 0.6789105576923077 0.6181457427884616 0.6344029831730769 0.6160413653846154 0.6341662403846153 0.6598124086538462 0.6808044975961539 0.6593915336538461
11 0.724263951923077 0.5839947091346154 0.724263951923077 0.5440115432692307 0.6790461490384616 0.5427489182692308 0.6790461490384616 0.5844155841346154 0.724263951923077 0.5839947091346154
11 0.7245344110576923 0.6228354975961538 0.7235874423076923 0.5807479567307692 0.6790798653846154 0.5799062043269231 0.6783696394230769 0.5879028389423077 0.6790798653846154 0.6215728725961539 0.7245344110576923 0.6228354975961538
11 0.7207128149038462 0.65728715625 0.7214230432692308 0.6168831177884615 0.6752582692307693 0.6177248677884616 0.6764419831730769 0.6589706586538462 0.7207128149038462 0.65728715625
11 0.24014147115384615 0.7100418870192308 0.2405755 0.670304233173077 0.19782376442307692 0.6699184302884615 0.19760675 0.708112875 0.24014147115384615 0.7100418870192308
11 0.23654513942307692 0.7430555552884616 0.2374131947115385 0.704861110576923 0.19314236057692308 0.7021604927884616 0.19270833413461538 0.7075617283653847 0.1924913197115385 0.743441358173077 0.23654513942307692 0.7430555552884616
11 0.2368550552884615 0.778163579326923 0.23728908413461539 0.7418981490384616 0.19323526442307692 0.7368827163461538 0.1925842235576923 0.7422839495192307 0.19236720913461539 0.7785493822115386 0.2368550552884615 0.778163579326923
11 0.23651393028846154 0.8110119038461538 0.23738198557692308 0.7739748677884616 0.192677125 0.7716600528846154 0.19376219471153847 0.7774470889423076 0.19376219471153847 0.8121693125 0.23651393028846154 0.8110119038461538
11 0.23772311057692308 0.8471119927884616 0.23837415384615385 0.8073743389423077 0.1956224158653846 0.8054453269230769 0.19432033413461539 0.8123897716346153 0.1945373485576923 0.8474977956730769 0.23772311057692308 0.8471119927884616
11 0.2410712235576923 0.8805114639423077 0.24193927884615382 0.8423170192307693 0.19918754326923077 0.8407738100961539 0.1981024735576923 0.8465608461538461 0.19745143028846154 0.879739858173077 0.2410712235576923 0.8805114639423077
11 0.2845052091346154 0.8478835985576924 0.2845052091346154 0.8096891538461539 0.24045138942307692 0.807760141826923 0.24045138942307692 0.8455687836538461 0.2845052091346154 0.8478835985576924
11 0.24311725 0.9173280432692308 0.24355127884615382 0.8791335985576924 0.20058252884615382 0.87450396875 0.1997144735576923 0.9138558197115384 0.24311725 0.9173280432692308
11 0.2881632355769231 0.8799603173076923 0.2881632355769231 0.8413800697115386 0.2428073341346154 0.8398368605769231 0.2430243485576923 0.8791887115384616 0.2881632355769231 0.8799603173076923
11 0.28924830528846157 0.9183201057692307 0.290333375 0.8785824519230769 0.247364625 0.87549603125 0.2467135841346154 0.8820546730769231 0.24584552884615382 0.91639109375 0.28924830528846157 0.9183201057692307
11 0.28193225 0.7093253966346154 0.28345134615384615 0.6726741610576923 0.23983155528846153 0.6695877427884616 0.2396145408653846 0.7070105817307692 0.28193225 0.7093253966346154
11 0.2822421658653846 0.746693122596154 0.2828932091346154 0.7061838629807693 0.23818834615384615 0.7042548509615384 0.2379713341346154 0.743606701923077 0.2822421658653846 0.746693122596154
11 0.28354425 0.7799272475961538 0.2846293197115385 0.7398037908653846 0.2397074447115385 0.7378747788461539 0.23949043028846154 0.7787698413461539 0.28354425 0.7799272475961538
11 0.2811258894230769 0.813161375 0.2822109591346154 0.7730379182692307 0.23837415384615385 0.77110890625 0.237940125 0.8127755721153846 0.2811258894230769 0.813161375
11 0.3253350264423077 0.7100970024038461 0.32642009615384615 0.6715167548076924 0.28301731971153843 0.6684303341346154 0.2821492644230769 0.7077821875 0.3253350264423077 0.7100970024038461
11 0.32750516586538464 0.7448192235576924 0.326854125 0.7062389759615384 0.2828003052884615 0.7039241610576923 0.28149822115384615 0.7440476201923077 0.32750516586538464 0.7448192235576924
11 0.32694702644230766 0.777998235576923 0.3275980697115385 0.7390321875 0.2833272355769231 0.7382605817307692 0.28354425 0.7455908293269231 0.2837612644230769 0.7795414471153846 0.32694702644230766 0.777998235576923
11 0.32998522115384615 0.8106261033653847 0.32976820913461535 0.7728174591346153 0.2867994591346154 0.7728174591346153 0.2865824447115385 0.78207671875 0.2865824447115385 0.8098544975961539 0.32998522115384615 0.8106261033653847
11 0.3302022355769231 0.8457341274038461 0.33041925 0.8071538798076923 0.2874505 0.8056106706730769 0.28788452644230766 0.8129409182692308 0.2876675144230769 0.8476631394230769 0.3302022355769231 0.8457341274038461
11 0.32998522115384615 0.8801256610576923 0.33041925 0.8419312163461539 0.2881015408653846 0.8396164014423076 0.2876675144230769 0.8805114639423077 0.32998522115384615 0.8801256610576923
11 0.33172133413461535 0.9125881826923077 0.33193834615384615 0.8747795408653847 0.28896959615384615 0.8732363317307693 0.2887525841346154 0.8786375673076924 0.2885355697115385 0.9141313942307693 0.33172133413461535 0.9125881826923077
11 0.36786975 0.7091600528846154 0.3689548197115385 0.6728946201923077 0.3240329447115385 0.6725088173076923 0.3238159302884615 0.7080026466346154 0.36786975 0.7091600528846154
11 0.36786975 0.744268076923077 0.368086764423077 0.7060736322115384 0.32620308173076923 0.704530423076923 0.3257690552884615 0.7458112884615384 0.36786975 0.744268076923077
11 0.40848255528846156 0.7108686057692307 0.40935061057692307 0.6738315697115385 0.366598875 0.6703593485576923 0.3650797764423077 0.7093253966346154 0.40848255528846156 0.7108686057692307
11 0.45145130528846156 0.7135692235576924 0.45210234615384615 0.6780753966346154 0.40848255528846156 0.6753747788461539 0.40826554086538464 0.7116402115384616 0.45145130528846156 0.7135692235576924
11 0.45504763701923073 0.74950396875 0.4552646514423077 0.7066798942307693 0.41272993028846156 0.7059082884615384 0.4125129158653846 0.745260141826923 0.45504763701923073 0.74950396875
11 0.4115824447115385 0.743276014423077 0.4115824447115385 0.7050815697115385 0.369698764423077 0.7031525576923077 0.367745639423077 0.7124118173076923 0.3683966802884615 0.7425044086538463 0.4115824447115385 0.743276014423077
11 0.41378379086538464 0.7775022043269231 0.4142178197115385 0.7393077596153846 0.37209816826923076 0.7383597836538461 0.3705980264423077 0.776344798076923 0.41378379086538464 0.7775022043269231
11 0.3705980264423077 0.7792107572115385 0.37081504086538464 0.7402447091346154 0.32697823557692307 0.7394731033653846 0.3280633052884615 0.7460317451923076 0.3282803197115385 0.7799823629807693 0.3705980264423077 0.7792107572115385
11 0.3726440552884615 0.8154761899038461 0.3728610697115385 0.773423721153846 0.3298923197115385 0.7738095240384616 0.3292412764423077 0.8135471778846154 0.3726440552884615 0.8154761899038461
11 0.37307808173076923 0.849481923076923 0.37329509615384615 0.8085868605769231 0.330760375 0.806272045673077 0.3296753052884615 0.8128306875 0.32945829086538464 0.8479387115384616 0.37307808173076923 0.849481923076923
11 0.3758680552884615 0.8862985 0.37651909615384616 0.8454034399038461 0.33355034615384616 0.8434744278846154 0.33333333413461536 0.849647266826923 0.3331163197115385 0.8843694879807693 0.3758680552884615 0.8862985
11 0.375899264423077 0.9179894182692308 0.37503120673076923 0.8801807764423076 0.3327135 0.8786375673076924 0.3324964855769231 0.9172178125 0.375899264423077 0.9179894182692308
11 0.41325686057692307 0.81332671875 0.4139079014423077 0.7762896826923077 0.37137318028846156 0.7743606706730769 0.37028811057692307 0.78207671875 0.3715901947115385 0.8129409182692308 0.41325686057692307 0.81332671875
11 0.4161709447115385 0.8466159615384616 0.4155199014423077 0.8068783076923077 0.37233413701923074 0.809193122596154 0.3725511514423077 0.8473875673076924 0.4161709447115385 0.8466159615384616
11 0.41660497115384615 0.8809523798076923 0.4161709447115385 0.8416005288461539 0.3749383052884615 0.8419863317307693 0.3745042764423077 0.8832671947115384 0.41660497115384615 0.8809523798076923
11 0.4179070552884615 0.9153439158653847 0.4179070552884615 0.8756062620192308 0.37363622115384615 0.8759920625 0.37472129086538464 0.9153439158653847 0.4179070552884615 0.9153439158653847
11 0.459883639423077 0.9179894182692308 0.4605346802884615 0.8794091706730769 0.4177829447115385 0.8794091706730769 0.4175659302884615 0.9172178125 0.459883639423077 0.9179894182692308
11 0.46000775 0.8801807764423076 0.45957372115384615 0.8450727524038462 0.41660497115384615 0.8446869495192307 0.4174730264423077 0.881723985576923 0.46000775 0.8801807764423076
11 0.45796172115384615 0.8487103173076923 0.456442625 0.807429454326923 0.41412491586538464 0.8097442692307693 0.41499297115384615 0.8498677259615385 0.45796172115384615 0.8487103173076923
11 0.45591569230769236 0.7821318341346154 0.45656673557692307 0.7420083774038461 0.4131639567307692 0.7396935625 0.41294694230769236 0.7462522043269231 0.41272993028846156 0.7809744278846154 0.45591569230769236 0.7821318341346154
11 0.45591569230769236 0.8149250432692308 0.45591569230769236 0.7775022043269231 0.4137590697115385 0.7780423245192308 0.41359798557692307 0.8153108461538461 0.45591569230769236 0.8149250432692308
11 0.5121534975961539 0.7056878317307693 0.5115024567307692 0.6678791899038461 0.4683166923076923 0.6674933870192308 0.46723162259615386 0.7060736322115384 0.5121534975961539 0.7056878317307693
11 0.5079990264423077 0.7375440913461537 0.5082160408653846 0.7012786586538462 0.4658983317307692 0.7001212524038463 0.46633236057692307 0.73985890625 0.5079990264423077 0.7375440913461537
11 0.5068210552884616 0.7730379182692307 0.5074720961538461 0.7340718701923077 0.4642863317307692 0.7340718701923077 0.46385230528846155 0.7741953269230769 0.5068210552884616 0.7730379182692307
11 0.5063870264423077 0.807594798076923 0.5066040408653846 0.7674713413461538 0.46406931730769235 0.7674713413461538 0.46406931730769235 0.8079805985576923 0.5063870264423077 0.807594798076923
11 0.5490458605769231 0.8078152548076923 0.5483948173076922 0.7692350096153846 0.5069451658653846 0.7673059975961538 0.5058600961538462 0.8082010576923077 0.5490458605769231 0.8078152548076923
11 0.5066969423076924 0.8413800697115386 0.5077820120192308 0.8035714278846153 0.4658983317307692 0.80202821875 0.4650302764423077 0.8409942692307693 0.5066969423076924 0.8413800697115386
11 0.5071309711538462 0.8747795408653847 0.507565 0.8354276899038461 0.46481326201923073 0.8346560841346153 0.46351118028846156 0.8740079375 0.5071309711538462 0.8747795408653847
11 0.5064799302884615 0.9104938269230769 0.5069139567307692 0.8707561730769231 0.4639452067307692 0.8672839495192307 0.46286013701923073 0.8742283942307693 0.46372819230769236 0.9066358028846154 0.5064799302884615 0.9104938269230769
11 0.548704735576923 0.9107142860576923 0.5484877211538461 0.8694334206730769 0.5066040408653846 0.868276014423077 0.5068210552884616 0.9076278653846154 0.548704735576923 0.9107142860576923
11 0.5482707067307693 0.8778659615384616 0.5482707067307693 0.837356701923077 0.5061700120192307 0.8354276899038461 0.5050849423076923 0.8763227524038462 0.5482707067307693 0.8778659615384616
11 0.5487976370192308 0.8417658725961539 0.5496656923076924 0.8043430336538461 0.5069139567307692 0.8016424158653846 0.5066969423076924 0.807429454326923 0.5060459014423077 0.8421516754807693 0.5487976370192308 0.8417658725961539
11 0.5489217475961539 0.7748015865384615 0.5495727908653846 0.7342923269230769 0.5072550817307693 0.7323633149038462 0.5059529975961539 0.7732583774038461 0.5489217475961539 0.7748015865384615
11 0.5497898052884616 0.7404651682692307 0.5513089014423077 0.6995701057692307 0.5070380673076923 0.6999559086538463 0.5068210552884616 0.705357141826923 0.5074720961538461 0.7400793653846154 0.5497898052884616 0.7404651682692307
11 0.5515571225961539 0.7051366850961538 0.5522081658653846 0.6673280432692308 0.5101074711538461 0.6688712524038463 0.5094564278846154 0.704365079326923 0.5515571225961539 0.7051366850961538
11 0.5934408028846154 0.705522485576923 0.5940918461538461 0.6692570552884616 0.5504720528846154 0.6665564375 0.5502550408653846 0.7028218701923077 0.5934408028846154 0.705522485576923
11 0.5918904975961539 0.7390873004807692 0.5918904975961539 0.7016644615384616 0.5493557764423077 0.69896384375 0.5500068173076923 0.73985890625 0.5918904975961539 0.7390873004807692
11 0.5898444711538462 0.7744157836538462 0.5904955120192308 0.7342923269230769 0.5486118317307692 0.7327491177884615 0.5477437764423077 0.7740299831730769 0.5898444711538462 0.7744157836538462
11 0.5904955120192308 0.8051697524038463 0.5909295408653846 0.7685185192307693 0.5481778028846154 0.7677469134615384 0.5481778028846154 0.8063271610576923 0.5904955120192308 0.8051697524038463
11 0.5884494831730769 0.8435295408653847 0.5888835120192307 0.8022486778846154 0.5459147620192307 0.8014770721153847 0.5461317764423077 0.8076499110576923 0.5465658028846154 0.8446869495192307 0.5884494831730769 0.8435295408653847
11 0.5885423870192308 0.8750551153846153 0.5891934278846154 0.8345458557692308 0.5466587067307692 0.83377425 0.5460076658653846 0.8399470889423076 0.5475267620192308 0.8746693125 0.5885423870192308 0.8750551153846153
11 0.5899685817307693 0.9099426802884616 0.5899685817307693 0.8732914471153846 0.5448296923076923 0.8705908293269231 0.5454807331730769 0.9083994711538461 0.5899685817307693 0.9099426802884616
11 0.6372776081730769 0.7032627860576923 0.6370605961538461 0.6654541442307692 0.5921387211538461 0.6669973533653846 0.5930067764423077 0.7032627860576923 0.6372776081730769 0.7032627860576923
11 0.6762784134615385 0.7036485889423076 0.6775804975961539 0.6650683413461539 0.6354798028846154 0.663910935096154 0.63417771875 0.7028769831730769 0.6762784134615385 0.7036485889423076
11 0.7161160673076924 0.7048059975961538 0.7174181490384615 0.6685405649038461 0.6781386370192308 0.6646825408653847 0.6748834278846154 0.7032627860576923 0.7161160673076924 0.7048059975961538
11 0.6352315817307693 0.7394731033653846 0.6358826225961539 0.7016644615384616 0.5933479014423078 0.6997354495192307 0.5926968581730769 0.7051366850961538 0.5922628317307692 0.7402447091346154 0.6352315817307693 0.7394731033653846
11 0.6353244831730769 0.7721560841346153 0.6366265673076923 0.7331900360576923 0.5925727475961539 0.7312610240384616 0.5925727475961539 0.7721560841346153 0.6353244831730769 0.7721560841346153
11 0.6352003725961539 0.805941358173077 0.6365024567307693 0.7669753076923077 0.5935337067307692 0.7665895072115384 0.5933166923076922 0.8051697524038463 0.6352003725961539 0.805941358173077
11 0.6355414975961539 0.8425374783653846 0.6357585120192308 0.80202821875 0.5938748317307693 0.7993276009615384 0.5925727475961539 0.8051146394230769 0.5921387211538461 0.84292328125 0.6355414975961539 0.8425374783653846
11 0.6338053870192308 0.8759920625 0.6342394158653846 0.8343253966346154 0.5936578173076923 0.83393959375 0.5930067764423077 0.8412698413461539 0.5925727475961539 0.877921076923077 0.6338053870192308 0.8759920625
11 0.6773634831730769 0.8424272475961538 0.6769294567307692 0.8015321875 0.6315735528846154 0.80268959375 0.63222459375 0.8420414471153846 0.6773634831730769 0.8424272475961538
11 0.6761543028846154 0.8763778653846154 0.6750692331730769 0.8362544086538463 0.6331855528846154 0.8347111995192308 0.6323174975961539 0.877921076923077 0.6761543028846154 0.8763778653846154
11 0.6342394158653846 0.9107142860576923 0.6344564278846154 0.8694334206730769 0.5923557331730769 0.8705908293269231 0.5912706658653846 0.8775352740384614 0.5901855961538461 0.912643298076923 0.6342394158653846 0.9107142860576923
11 0.67519334375 0.9093915336538461 0.6745423028846154 0.870425485576923 0.6311395240384615 0.8731261033653847 0.6315735528846154 0.9078483245192307 0.67519334375 0.9093915336538461
11 0.6764642211538461 0.7383708100961539 0.6760301923076923 0.69747575 0.6352315817307693 0.69747575 0.6354485961538461 0.73952821875 0.6764642211538461 0.7383708100961539
11 0.7172940384615385 0.7418430336538461 0.7190301490384615 0.7024911826923077 0.6773634831730769 0.6997905649038461 0.6762784134615385 0.7055776009615384 0.6769294567307692 0.7399140216346154 0.7172940384615385 0.7418430336538461
11 0.7180691923076924 0.7744708990384616 0.7187202331730769 0.736276454326923 0.6761855120192308 0.7343474423076923 0.6759684975961539 0.74052028125 0.6761855120192308 0.7760141081730769 0.7180691923076924 0.7744708990384616
11 0.6774563870192308 0.7742504399038462 0.6776734014423076 0.7345127860576923 0.6342706225961539 0.7333553798076923 0.6349216634615384 0.73952821875 0.6349216634615384 0.7738646394230769 0.6774563870192308 0.7742504399038462
11 0.6776421923076923 0.8078703701923077 0.6793783028846154 0.7689043221153846 0.6364095528846154 0.7658179014423077 0.6364095528846154 0.7731481490384616 0.6359755264423076 0.8086419759615384 0.6776421923076923 0.8078703701923077
11 0.7179450817307692 0.8082561730769231 0.7185961225961539 0.7685185192307693 0.6758443870192308 0.7685185192307693 0.67519334375 0.8078703701923077 0.7179450817307692 0.8082561730769231
11 0.7167671081730769 0.8414351850961539 0.7174181490384615 0.8051697524038463 0.6759684975961539 0.8020833341346154 0.6751004423076924 0.8425925937500001 0.7167671081730769 0.8414351850961539
11 0.71689121875 0.8362544086538463 0.6745735120192309 0.8366402115384616 0.6726203870192309 0.8775352740384614 0.716674204326923 0.87483465625 0.71689121875 0.8362544086538463
11 0.7154650240384615 0.9074625216346154 0.71655009375 0.8708112884615384 0.6748834278846154 0.8696538798076923 0.6742323870192308 0.8754409182692308 0.6737983581730769 0.9086199302884614 0.7154650240384615 0.9074625216346154
11 0.2441520384615385 0.9473544927884615 0.24563992548076924 0.9142857091346154 0.20323507932692308 0.9103174567307692 0.2025297596153846 0.9433862403846154 0.2441520384615385 0.9473544927884615
11 0.2865568846153846 0.9486772451923078 0.28581293990384615 0.9142857091346154 0.24638387019230767 0.9142857091346154 0.24489598076923078 0.9486772451923078 0.2865568846153846 0.9486772451923078
11 0.33044962019230767 0.9473544927884615 0.33044962019230767 0.9116402067307692 0.28878871875 0.9103174567307692 0.29107142548076925 0.9473544927884615 0.33044962019230767 0.9473544927884615
11 0.3758302451923077 0.9473544927884615 0.3758302451923077 0.9142857091346154 0.33565723317307694 0.9169312139423076 0.3349702355769231 0.9473544927884615 0.3758302451923077 0.9473544927884615
11 0.41600325721153847 0.9473544927884615 0.41600325721153847 0.9142857091346154 0.37657418990384617 0.9156084615384615 0.37508630048076924 0.9473544927884615 0.41600325721153847 0.9473544927884615
11 0.45840810336538457 0.9486772451923078 0.4569202139423077 0.9142857091346154 0.41897903605769227 0.9142857091346154 0.4183035697115385 0.9499999951923077 0.45840810336538457 0.9486772451923078
11 0.2084426923076923 0.9473544927884615 0.20695480288461537 0.9791005240384615 0.2501488076923077 0.9817460288461538 0.25010359374999996 0.9473544927884615 0.2084426923076923 0.9473544927884615
11 0.25010359374999996 0.9513227475961539 0.25159148317307695 0.9830687788461538 0.2903273798076923 0.9830687788461538 0.29176449759615386 0.9526454975961538 0.25010359374999996 0.9513227475961539
11 0.3326814543269231 0.9777777740384616 0.3326814543269231 0.9473544927884615 0.2925084423076923 0.9486772451923078 0.2925595216346154 0.9777777740384616 0.3326814543269231 0.9777777740384616
11 0.3758302451923077 0.9791005240384615 0.37657418990384617 0.9473544927884615 0.33565723317307694 0.9473544927884615 0.3334821394230769 0.9791005240384615 0.3758302451923077 0.9791005240384615
11 0.4174911466346154 0.9817460288461538 0.4174911466346154 0.9473544927884615 0.3758302451923077 0.9499999951923077 0.37663690144230766 0.9817460288461538 0.4174911466346154 0.9817460288461538
11 0.4569202139423077 0.9817460288461538 0.45840810336538457 0.9486772451923078 0.41823509134615383 0.9473544927884615 0.4183035697115385 0.9817460288461538 0.4569202139423077 0.9817460288461538
11 0.5067645072115384 0.9394179855769231 0.5060205625 0.9050264519230768 0.4688233293269231 0.9050264519230768 0.46733543990384613 0.9394179855769231 0.5067645072115384 0.9394179855769231
11 0.5484254086538461 0.9420634879807692 0.5491693533653846 0.9076719543269232 0.5089963413461539 0.9063492019230769 0.5089963413461539 0.9420634879807692 0.5484254086538461 0.9420634879807692
11 0.5893423677884615 0.9407407355769231 0.5893423677884615 0.9050264519230768 0.5491693533653846 0.9076719543269232 0.5485119014423077 0.9420634879807692 0.5893423677884615 0.9407407355769231
11 0.6324911586538462 0.9407407355769231 0.6332351033653846 0.9063492019230769 0.5923181466346154 0.9076719543269232 0.5924107115384616 0.9407407355769231 0.6324911586538462 0.9407407355769231
11 0.6726641706730769 0.9394179855769231 0.6741520600961538 0.9063492019230769 0.6332351033653846 0.9063492019230769 0.6325892836538463 0.9420634879807692 0.6726641706730769 0.9394179855769231
11 0.713581127403846 0.9407407355769231 0.7143250721153845 0.9050264519230768 0.6756399495192308 0.9076719543269232 0.6742559495192307 0.9394179855769231 0.713581127403846 0.9407407355769231
11 0.46733543990384613 0.9380952331730769 0.46733543990384613 0.9738095192307692 0.5075892836538461 0.9738095192307692 0.5075084519230769 0.9380952331730769 0.46733543990384613 0.9380952331730769
11 0.5469375216346154 0.9724867692307692 0.5476814639423077 0.9420634879807692 0.5075084519230769 0.9420634879807692 0.5075084519230769 0.9738095192307692 0.5469375216346154 0.9724867692307692
11 0.5871105336538461 0.9738095192307692 0.5893423677884615 0.9407407355769231 0.5491693533653846 0.9394179855769231 0.5485119014423077 0.9738095192307692 0.5871105336538461 0.9738095192307692
11 0.6324911586538462 0.9738095192307692 0.6332351033653846 0.9420634879807692 0.5923181466346154 0.9420634879807692 0.5916666634615384 0.9764550216346154 0.6324911586538462 0.9738095192307692
11 0.6726641706730769 0.9711640168269231 0.6726641706730769 0.9407407355769231 0.6339790480769231 0.9420634879807692 0.6324911586538462 0.9724867692307692 0.6726641706730769 0.9711640168269231