11 0.296875 0.019097221153846152 0.296875 0.046875 0.2998046875 0.05208333413461538 0.337890625 0.050347221153846156 0.3369140625 0.017361110576923078 0.296875 0.019097221153846152
11 0.38419450480769235 0.019097221153846152 0.34415544230769235 0.017361110576923078 0.34122575480769235 0.026041665865384613 0.34317887980769235 0.029513889423076922 0.34317887980769235 0.046875 0.34610856730769235 0.05208333413461538 0.34708512980769235 0.050347221153846156 0.38321794230769235 0.04861111057692307 0.38419450480769235 0.019097221153846152
11 0.40865384615384615 0.10817307692307693 0.04567307692307692 0.039663461538461536
11 0.2998046875 0.05555555528846154 0.296875 0.06076388942307693 0.2978515625 0.08680555528846154 0.337890625 0.08506944471153846 0.3369140625 0.05555555528846154 0.2998046875 0.05555555528846154
11 0.2919921875 0.059027778846153844 0.251953125 0.06076388942307693 0.2529296875 0.09027777884615386 0.2607421875 0.09027777884615386 0.2626953125 0.09375 0.2685546875 0.09027777884615386 0.2744140625 0.09027777884615386 0.2763671875 0.09375 0.28515625 0.09201388942307692 0.29296875 0.08854166586538462 0.2919921875 0.059027778846153844
11 0.34375 0.05729166586538462 0.3447265625 0.08680555528846154 0.384765625 0.08506944471153846 0.3837890625 0.05555555528846154 0.34375 0.05729166586538462
11 0.3466796875 0.09027777884615386 0.34375 0.09548611057692308 0.34375 0.11979166586538462 0.3466796875 0.125 0.384765625 0.12326388942307692 0.3837890625 0.09027777884615386 0.3466796875 0.09027777884615386
11 0.3349609375 0.09027777884615386 0.3251953125 0.09027777884615386 0.3232421875 0.09375 0.3134765625 0.09375 0.3095703125 0.09027777884615386 0.3076171875 0.09375 0.296875 0.09548611057692308 0.296875 0.11979166586538462 0.2998046875 0.125 0.337890625 0.12326388942307692 0.33984375 0.10590277884615386 0.3349609375 0.09027777884615386
11 0.294921875 0.10243055528846154 0.2919921875 0.09375 0.2626953125 0.09375 0.2607421875 0.09722222115384614 0.2548828125 0.09722222115384614 0.251953125 0.10590277884615386 0.25390625 0.109375 0.2548828125 0.12847222115384616 0.29296875 0.12673611057692308 0.294921875 0.12326388942307692 0.294921875 0.10243055528846154
11 0.25 0.09895833413461538 0.2470703125 0.09375 0.2099609375 0.09375 0.20703125 0.09895833413461538 0.20703125 0.12326388942307692 0.2119140625 0.12847222115384616 0.248046875 0.12673611057692308 0.25 0.12326388942307692 0.25 0.09895833413461538
11 0.20492991586538462 0.16637293269230768 0.25012382932692306 0.16907620432692308 0.25088337740384614 0.12987860576923077 0.20534357932692307 0.12900195432692307 0.20492991586538462 0.16637293269230768
11 0.2505036201923077 0.1656970889423077 0.29721664903846157 0.16840039423076922 0.29645706490384616 0.12987860576923077 0.25093327403846155 0.12900195432692307 0.2505036201923077 0.1656970889423077
11 0.2956975144230769 0.16502127884615386 0.3393723100961538 0.16231800721153847 0.3397520673076923 0.12785114423076924 0.2959530985576923 0.1269757451923077 0.2956975144230769 0.16502127884615386
11 0.3424105432692308 0.16502127884615386 0.3872246802884615 0.1616421658653846 0.3872246802884615 0.12379621874999999 0.34154279567307694 0.1279888485576923 0.3424105432692308 0.16502127884615386
11 0.3857055456730769 0.16434546875 0.43165902403846157 0.16502127884615386 0.4320387836538462 0.12514784134615384 0.3854228774038461 0.12596264182692307 0.3857055456730769 0.16434546875
11 0.4293803413461538 0.16299381730769233 0.4738146850961539 0.1656970889423077 0.4738146850961539 0.12785114423076924 0.42987283173076923 0.1269757451923077 0.4293803413461538 0.16299381730769233
11 0.20455014182692308 0.20151438221153845 0.2505036201923077 0.20151438221153845 0.2505036201923077 0.16569583653846154 0.20420383653846155 0.16446060576923077 0.20455014182692308 0.20151438221153845
11 0.25240251201923075 0.20624508653846155 0.29873575 0.20421762259615386 0.29873575 0.16569583653846154 0.25207301682692307 0.16851302403846152 0.25240251201923075 0.20624508653846155
11 0.29607730769230767 0.20354184375 0.3427903365384615 0.19948691826923076 0.34203075240384617 0.163668375 0.2959530985576923 0.16344750240384617 0.29607730769230767 0.20354184375
11 0.3424105432692308 0.19813523557692306 0.3879842307692308 0.20151438221153845 0.3864650961538461 0.1629925625 0.3404030528846154 0.16446060576923077 0.3424105432692308 0.19813523557692306
11 0.3879842307692308 0.19948691826923076 0.4320387836538462 0.20151438221153845 0.4312792331730769 0.16164091105769232 0.38770236298076927 0.1624343966346154 0.3879842307692308 0.19948691826923076
11 0.43027102403846157 0.18277745192307693 0.4312792331730769 0.20286600240384617 0.47495402644230766 0.20151438221153845 0.47419444230769237 0.163668375 0.43101257451923075 0.16344750240384617 0.43027102403846157 0.18277745192307693
11 0.20872771875 0.2373328653846154 0.2535418557692308 0.2373328653846154 0.25392164663461536 0.20286600240384617 0.2099025480769231 0.20194546875 0.20872771875 0.2373328653846154
11 0.25392164663461536 0.24206363221153845 0.3006346754807692 0.24206363221153845 0.3006346754807692 0.20421762259615386 0.2532127596153846 0.20599788461538462 0.25392164663461536 0.24206363221153845
11 0.2998750913461538 0.23936032692307693 0.34392967788461537 0.23800870673076924 0.34468922836538457 0.20016269951923077 0.2988024567307692 0.1999192596153846 0.2998750913461538 0.23936032692307693
11 0.34468922836538457 0.2373328653846154 0.3891235721153846 0.23665702403846153 0.3883640216346154 0.19948691826923076 0.34268253846153846 0.1999192596153846 0.34468922836538457 0.2373328653846154
11 0.3879842307692308 0.23327793990384615 0.433178125 0.2353054014423077 0.4312792331730769 0.19813523557692306 0.3888421057692308 0.19586684134615384 0.3879842307692308 0.23327793990384615
11 0.4320387836538462 0.2373328653846154 0.4760933701923077 0.23800870673076924 0.4760933701923077 0.19745945673076923 0.43158244471153845 0.19687994711538462 0.4320387836538462 0.2373328653846154
11 0.21062662740384616 0.27478512740384614 0.25430140384615385 0.27816421153846155 0.25430140384615385 0.24166988701923076 0.21104229086538462 0.23943032932692307 0.21062662740384616 0.27478512740384614
11 0.2562003317307692 0.28086751682692307 0.30177401682692306 0.27816421153846155 0.3006346754807692 0.24031826682692306 0.2554922451923077 0.24348274759615382 0.2562003317307692 0.28086751682692307
11 0.3025335673076923 0.2768125913461538 0.3450690192307692 0.2754609375 0.34582856971153847 0.2369391514423077 0.30108193990384613 0.23639101682692307 0.3025335673076923 0.2768125913461538
11 0.34468922836538457 0.27478512740384614 0.3891235721153846 0.2741092860576923 0.3891235721153846 0.2335600360576923 0.34325240865384615 0.23335170192307692 0.34468922836538457 0.27478512740384614
11 0.3879842307692308 0.2741092860576923 0.43279836778846154 0.27208182451923074 0.43279836778846154 0.23423587740384616 0.3888421057692308 0.2343648076923077 0.3879842307692308 0.2741092860576923
11 0.4324185745192307 0.27478512740384614 0.4764731274038461 0.2741092860576923 0.4764731274038461 0.23761496153846154 0.43158244471153845 0.2374041201923077 0.4324185745192307 0.27478512740384614
11 0.21441782451923078 0.2962970480769231 0.2136648798076923 0.3126310745192308 0.2580992235576923 0.31465853605769234 0.25961835817307694 0.2788400528846154 0.21332177403846153 0.27590208653846154 0.21441782451923078 0.2962970480769231
11 0.2584790168269231 0.316686 0.3013942259615385 0.31465853605769234 0.3021537764423077 0.27613675 0.25777172836538464 0.2779282956730769 0.2584790168269231 0.316686
11 0.3021537764423077 0.31195529326923077 0.3454487788461539 0.3085761490384616 0.3443094350961538 0.27275766586538464 0.30108193990384613 0.27590208653846154 0.3021537764423077 0.31195529326923077
11 0.3432442740384615 0.29806749278846156 0.3450690192307692 0.3106036105769231 0.3895033653846154 0.3085761490384616 0.39064270673076923 0.2707302043269231 0.34439215144230767 0.27286277403846154 0.3432442740384615 0.29806749278846156
11 0.3891235721153846 0.3106036105769231 0.4305196826923077 0.3106036105769231 0.4312792331730769 0.27275766586538464 0.3888421057692308 0.27184966826923074 0.3891235721153846 0.3106036105769231
11 0.4312792331730769 0.3126310745192308 0.47533378365384615 0.3106036105769231 0.47533378365384615 0.27275766586538464 0.43101257451923075 0.27184966826923074 0.4312792331730769 0.3126310745192308
11 0.48327193509615385 0.03181774278846154 0.4818826274038462 0.047544052884615384 0.5256844783653846 0.05177367307692308 0.5253449182692308 0.013707259615384614 0.4816499423076923 0.009359752403846153 0.48327193509615385 0.03181774278846154
11 0.5297758870192307 0.04573136778846154 0.573917298076923 0.047544052884615384 0.5732381778846154 0.01189457451923077 0.5264861850961539 0.009359752403846153 0.5297758870192307 0.04573136778846154
11 0.5718800024038462 0.04573136778846154 0.6163609711538461 0.047544052884615384 0.6160213822115386 0.01068610576923077 0.5718319326923077 0.007548187499999999 0.5718800024038462 0.04573136778846154
11 0.6155430120192308 0.044522927884615385 0.659684420673077 0.049356740384615384 0.659684420673077 0.008269201923076923 0.6166681754807691 0.007548187499999999 0.6155430120192308 0.044522927884615385
11 0.6590053341346154 0.008269201923076923 0.659684420673077 0.04512714663461538 0.7041653605769231 0.047544052884615384 0.7027741442307692 0.007548187499999999 0.6590053341346154 0.008269201923076923
11 0.7051840096153845 0.04271024278846154 0.7472881538461539 0.048148300480769235 0.7520418028846154 0.01008188701923077 0.7037931490384615 0.005736622596153846 0.7051840096153845 0.04271024278846154
11 0.48277928125 0.08198509374999999 0.5262415721153846 0.08742315384615384 0.5269206610576923 0.048752519230769224 0.4831784495192308 0.04377949519230769 0.48277928125 0.08198509374999999
11 0.5269206610576923 0.08440202884615385 0.57208071875 0.08742315384615384 0.5717411586538461 0.048148300480769235 0.5259766826923077 0.04377949519230769 0.5269206610576923 0.08440202884615385
11 0.57208071875 0.08198509374999999 0.6162221298076923 0.08379778125 0.6152034831730769 0.04573136778846154 0.5718319326923077 0.04377949519230769 0.57208071875 0.08198509374999999
11 0.6148639230769231 0.08319356009615385 0.6607030697115385 0.08500624759615386 0.6607030697115385 0.04693983413461538 0.6136111586538461 0.0455910625 0.6148639230769231 0.08319356009615385
11 0.6593448629807692 0.08440202884615385 0.7048444807692308 0.08500624759615386 0.7051840096153845 0.047544052884615384 0.6584474038461539 0.04468527884615384 0.6593448629807692 0.08440202884615385
11 0.7045049519230768 0.0795681875 0.7455903870192307 0.08742315384615384 0.7486463317307692 0.04693983413461538 0.7043026514423077 0.04468527884615384 0.7045049519230768 0.0795681875
11 0.4814210745192308 0.11884306730769231 0.5265811322115385 0.1224684423076923 0.5269206610576923 0.0862147139423077 0.48215944471153843 0.08453971875 0.4814210745192308 0.11884306730769231
11 0.5272602211538462 0.1206557548076923 0.5707225120192307 0.12428112740384616 0.5714016322115385 0.0862147139423077 0.5269956875 0.0854455 0.5272602211538462 0.1206557548076923
11 0.5714016322115385 0.1206557548076923 0.6141848341346153 0.1224684423076923 0.6155430120192308 0.08440202884615385 0.5718319326923077 0.08091658653846154 0.5714016322115385 0.1206557548076923
11 0.6131661875 0.1206557548076923 0.6566284783653846 0.1224684423076923 0.6573075673076924 0.0862147139423077 0.6146301658653847 0.0854455 0.6131661875 0.1206557548076923
11 0.6586657740384615 0.11944728846153846 0.7021280649038462 0.12005150721153846 0.7011094182692308 0.08681893269230768 0.6579378990384614 0.08725706490384615 0.6586657740384615 0.11944728846153846
11 0.7034863028846154 0.11944728846153846 0.7459299158653846 0.11763460096153847 0.7469485649038461 0.081380875 0.7017551394230769 0.07910502163461539 0.7034863028846154 0.11944728846153846
11 0.4814210745192308 0.15872216826923077 0.5252229254807692 0.16355598076923078 0.5245438365384616 0.12609381490384616 0.4816499423076923 0.1207710264423077 0.4814210745192308 0.15872216826923077
11 0.48243972115384615 0.19497589423076922 0.5269206610576923 0.20283088701923077 0.5269206610576923 0.16113907451923076 0.4811404399038462 0.15790811778846156 0.48243972115384615 0.19497589423076922
11 0.5272602211538462 0.15751370192307693 0.5717411586538461 0.16113907451923076 0.5707225120192307 0.12125997355769232 0.5269956875 0.1216768076923077 0.5272602211538462 0.15751370192307693
11 0.5703829831730769 0.15388832932692306 0.6135057163461538 0.15993060817307692 0.6124870673076923 0.1224684423076923 0.5713224302884615 0.123488375 0.5703829831730769 0.15388832932692306
11 0.6121475384615385 0.15811792067307692 0.6586657740384615 0.15993060817307692 0.6573075673076924 0.1206557548076923 0.61310165625 0.11805367788461538 0.6121475384615385 0.15811792067307692
11 0.6569680384615384 0.15872216826923077 0.7017885360576923 0.16355598076923078 0.7017885360576923 0.1236768798076923 0.6574283966346154 0.1207710264423077 0.6569680384615384 0.15872216826923077
11 0.7045049519230768 0.1544925480769231 0.7479672115384616 0.15811792067307692 0.7486463317307692 0.12125997355769232 0.7043026514423077 0.1207710264423077 0.7045049519230768 0.1544925480769231
11 0.5282788677884616 0.19437164903846152 0.5703829831730769 0.19255896153846155 0.5697038653846154 0.15811792067307692 0.5275051899038462 0.15609655048076923 0.5282788677884616 0.19437164903846152
11 0.5680061298076923 0.19195476923076923 0.6131661875 0.1961843341346154 0.6131661875 0.15751370192307693 0.5697939206730769 0.15609655048076923 0.5680061298076923 0.19195476923076923
11 0.6131661875 0.19195476923076923 0.6573075673076924 0.1889335889423077 0.6583262139423076 0.15932638701923077 0.6136111586538461 0.15609655048076923 0.6131661875 0.19195476923076923
11 0.6566284783653846 0.19497589423076922 0.7000907692307692 0.1961843341346154 0.7000907692307692 0.16355598076923078 0.6574283966346154 0.15881389903846152 0.6566284783653846 0.19497589423076922
11 0.7034863028846154 0.1889335889423077 0.7466090360576924 0.19255896153846155 0.7449112692307692 0.15509679567307694 0.702264641826923 0.15428498557692308 0.7034863028846154 0.1889335889423077
11 0.5252229254807692 0.2330423076923077 0.5700434230769231 0.2318338701923077 0.5707225120192307 0.19497589423076922 0.5239386706730769 0.19413942548076923 0.5252229254807692 0.2330423076923077
11 0.5690247764423076 0.23122962259615384 0.6128266274038462 0.230625375 0.6128266274038462 0.19437164903846152 0.56724640625 0.19142207692307694 0.5690247764423076 0.23122962259615384
11 0.6128266274038462 0.2324380625 0.6573075673076924 0.230625375 0.6573075673076924 0.19255896153846155 0.6115731490384616 0.19323364182692307 0.6128266274038462 0.2324380625
11 0.6545911826923076 0.2300211826923077 0.6997512403846154 0.2300211826923077 0.6997512403846154 0.19437164903846152 0.6538618774038463 0.19413942548076923 0.6545911826923076 0.2300211826923077
11 0.7007698894230768 0.2300211826923077 0.7445717403846154 0.2318338701923077 0.7445717403846154 0.19558014182692307 0.7017551394230769 0.1923278581730769 0.7007698894230768 0.2300211826923077
11 0.4800628677884615 0.230625375 0.5245438365384616 0.23606343509615385 0.5242042764423077 0.19920551442307693 0.48012143269230767 0.19504520673076925 0.4800628677884615 0.230625375
11 0.47802557211538466 0.2692960360576923 0.5242042764423077 0.2723171610576923 0.52386471875 0.2348549951923077 0.48012143269230767 0.23399386298076924 0.47802557211538466 0.2692960360576923
11 0.5255624855769231 0.27110872115384615 0.5707225120192307 0.2705044759615384 0.5693643365384615 0.23122962259615384 0.5249576778846154 0.23399386298076924 0.5255624855769231 0.27110872115384615
11 0.5669874807692308 0.2674833485576923 0.6118079807692308 0.26808759615384614 0.6111288918269231 0.2300211826923077 0.56724640625 0.22855916826923076 0.5669874807692308 0.2674833485576923
11 0.6118079807692308 0.2662749110576923 0.655949389423077 0.2668791033653846 0.6549307427884615 0.2300211826923077 0.6095351370192308 0.22674760096153845 0.6118079807692308 0.2662749110576923
11 0.653912096153846 0.26653721153846155 0.6977139471153847 0.2653287740384615 0.7000907692307692 0.23330461057692306 0.6543713798076923 0.23037073317307694 0.653912096153846 0.26653721153846155
11 0.6973744182692307 0.2671414591346154 0.7411762692307692 0.27016258653846154 0.7408366778846154 0.22847079807692308 0.6981886201923077 0.23218229807692306 0.6973744182692307 0.2671414591346154
11 0.48243972115384615 0.3021866923076923 0.5259020144230769 0.308229 0.5255624855769231 0.27318371153846155 0.47961193028846155 0.2666020408653846 0.48243972115384615 0.3021866923076923
11 0.5235251899038462 0.30581206490384616 0.5680061298076923 0.30581206490384616 0.5683456875 0.27016258653846154 0.5254671802884615 0.2711309543269231 0.5235251899038462 0.30581206490384616
11 0.566308391826923 0.30279093990384615 0.6111288918269231 0.304603625 0.6104497716346153 0.2695583389423077 0.5682654134615385 0.2684136057692308 0.566308391826923 0.30279093990384615
11 0.6090915961538461 0.3033951875 0.6545911826923076 0.3033951875 0.6542516225961539 0.2653287740384615 0.610044639423077 0.2638846923076923 0.6090915961538461 0.3033951875
11 0.6528934471153847 0.30581206490384616 0.6973744182692307 0.3039993798076923 0.6977139471153847 0.26351608653846154 0.6543713798076923 0.2638846923076923 0.6528934471153847 0.30581206490384616
11 0.6966952980769231 0.3033951875 0.7404971490384615 0.3021866923076923 0.7384598533653846 0.26412027884615386 0.6956411057692308 0.2638846923076923 0.6966952980769231 0.3033951875
11 0.18424141586538462 0.36033056009615383 0.23008057932692308 0.3627474663461538 0.22872237259615383 0.32588951923076925 0.1846098269230769 0.32276056971153844 0.18424141586538462 0.36033056009615383
11 0.23008057932692308 0.36153902644230773 0.27591972596153846 0.3639559326923077 0.27524060576923076 0.3216599278846154 0.2279175625 0.32276056971153844 0.23008057932692308 0.36153902644230773
11 0.2749010769230769 0.36516439903846154 0.32209840144230767 0.3681855264423077 0.3210797524038461 0.32891067307692307 0.2732633076923077 0.32819526442307695 0.2749010769230769 0.36516439903846154
11 0.32006110576923075 0.36758130528846156 0.36691889903846153 0.3681855264423077 0.3655607235576923 0.32891067307692307 0.3201375625 0.32819526442307695 0.32006110576923075 0.36758130528846156
11 0.36590025240384616 0.36456015384615387 0.41275804567307695 0.3663728389423077 0.4103812211538462 0.3270979855769231 0.3649738076923077 0.3245721346153846 0.36590025240384616 0.36456015384615387
11 0.4120789567307692 0.3681855264423077 0.4579181346153846 0.3706024591346154 0.4562203677884616 0.32951489182692306 0.41184806249999995 0.32819526442307695 0.4120789567307692 0.3681855264423077
11 0.18186457692307692 0.4008138798076923 0.22702463461538464 0.4026265673076923 0.22736416346153848 0.3639559326923077 0.18155281009615384 0.36352079086538464 0.18186457692307692 0.4008138798076923
11 0.22804328365384616 0.39839697355769227 0.27524060576923076 0.40443925240384615 0.2742219591346154 0.36153902644230773 0.22689855769230768 0.3626150072115385 0.22804328365384616 0.39839697355769227
11 0.2745615192307692 0.4050435 0.3217588725961538 0.40383503365384615 0.3210797524038461 0.3681855264423077 0.2732633076923077 0.3680497043269231 0.2745615192307692 0.4050435
11 0.32277751923076925 0.40685618509615384 0.36827710576923073 0.40443925240384615 0.367937548076923 0.36516439903846154 0.3206470673076923 0.3644265721153846 0.32277751923076925 0.40685618509615384
11 0.36861666586538466 0.40564771875 0.4144558125 0.40383503365384615 0.41309760576923077 0.3669770865384615 0.36752132211538463 0.3653323557692308 0.36861666586538466 0.40564771875
11 0.4134371658653846 0.40564771875 0.4613136057692308 0.40625193990384617 0.4602949591346154 0.3663728389423077 0.4138860721153846 0.3680497043269231 0.4134371658653846 0.40564771875
11 0.1805063701923077 0.4376718533653846 0.22634551682692308 0.4382760745192308 0.22634551682692308 0.4008138798076923 0.18155281009615384 0.4024694471153846 0.1805063701923077 0.4376718533653846
11 0.2266850769230769 0.4400887596153846 0.27320331009615384 0.4400887596153846 0.27388243028846154 0.4020223461538462 0.2263890528846154 0.39884631490384614 0.2266850769230769 0.4400887596153846
11 0.27286378125 0.44310991346153844 0.32040066346153845 0.4479437259615385 0.31904245673076925 0.40564771875 0.27428231490384614 0.4024694471153846 0.27286378125 0.44310991346153844
11 0.3197215769230769 0.4467352860576923 0.3665793701923077 0.44250566586538465 0.3655607235576923 0.40564771875 0.3191185576923077 0.40790414182692303 0.3197215769230769 0.4467352860576923
11 0.3652211634615385 0.44310991346153844 0.41106031009615385 0.44250566586538465 0.4097021033653846 0.40323081250000004 0.3644643052884616 0.40790414182692303 0.3652211634615385 0.44310991346153844
11 0.4120789567307692 0.4443183533653846 0.4585971923076923 0.4443183533653846 0.4579181346153846 0.40443925240384615 0.41184806249999995 0.40609257692307693 0.4120789567307692 0.4443183533653846
11 0.18084593028846155 0.4733213341346154 0.22804328365384616 0.4787593942307692 0.2283828125 0.4382760745192308 0.18257181490384616 0.43779497115384614 0.18084593028846155 0.4733213341346154
11 0.22804328365384616 0.4763424879807693 0.2718451346153846 0.4799678605769231 0.2711660144230769 0.4382760745192308 0.2263890528846154 0.43870075480769233 0.22804328365384616 0.4763424879807693
11 0.2735428701923077 0.48359323317307695 0.3187029278846154 0.48359323317307695 0.31904245673076925 0.44250566586538465 0.27020629326923074 0.4405123197115385 0.2735428701923077 0.48359323317307695
11 0.31768428125000003 0.48419745192307695 0.36488160336538467 0.4823847668269231 0.3628443076923077 0.44310991346153844 0.3175900504807692 0.4423238846153846 0.31768428125000003 0.48419745192307695
11 0.36352342788461534 0.48359323317307695 0.40868345432692305 0.47936363942307697 0.4090230144230769 0.44552681971153846 0.3639548028846154 0.44322966826923077 0.36352342788461534 0.48359323317307695
11 0.4100416610576923 0.47936363942307697 0.4538435144230769 0.47936363942307697 0.45248530528846154 0.44310991346153844 0.4087910456730769 0.44594701682692306 0.4100416610576923 0.47936363942307697
11 0.18356231250000002 0.5119919951923078 0.2277037235576923 0.5132004326923076 0.22702463461538464 0.4769467067307692 0.1830813173076923 0.4776494110576923 0.18356231250000002 0.5119919951923078
11 0.23008057932692308 0.5140501682692308 0.2742219591346154 0.5122374831730769 0.27320331009615384 0.4759837548076923 0.22740806009615386 0.4776494110576923 0.23008057932692308 0.5140501682692308
11 0.2735428701923077 0.5182797884615384 0.3193820168269231 0.5176755408653846 0.3197215769230769 0.4820260625 0.2722443028846154 0.47946097596153847 0.2735428701923077 0.5182797884615384
11 0.3187029278846154 0.5206966947115385 0.36590025240384616 0.5225093822115384 0.36590025240384616 0.4832345 0.3191185576923077 0.48580145432692307 0.3187029278846154 0.5206966947115385
11 0.3652211634615385 0.5206966947115385 0.4100416610576923 0.5158628557692307 0.4090230144230769 0.48263028124999996 0.3639548028846154 0.48217832451923076 0.3652211634615385 0.5206966947115385
11 0.41072075 0.5188840096153846 0.45588083894230774 0.5200924759615385 0.45316442548076924 0.47900490865384615 0.4108290576923077 0.4776494110576923 0.41072075 0.5188840096153846
11 0.1840607043269231 0.5534637235576922 0.23073723076923078 0.5517511129807692 0.23121840384615386 0.514073954326923 0.18219860096153845 0.5138894134615385 0.1840607043269231 0.5534637235576922
11 0.22881241105769232 0.5543200072115385 0.2769325408653846 0.5551762932692308 0.27500772115384614 0.514073954326923 0.2284101370192308 0.5126057596153847 0.22881241105769232 0.5543200072115385
11 0.27212051442307694 0.5568889038461539 0.3216842475961539 0.5568889038461539 0.3216842475961539 0.5183554615384616 0.2738996201923077 0.5164567211538462 0.27212051442307694 0.5568889038461539
11 0.32024064423076926 0.5577451899038461 0.36836072836538464 0.5577451899038461 0.36547352163461533 0.5157865649038461 0.3201111586538462 0.5190240288461538 0.32024064423076926 0.5577451899038461
11 0.3659547379807692 0.5560326177884616 0.41118766105769233 0.5551762932692308 0.4102252283653846 0.5166428509615385 0.36343447596153844 0.5215913365384616 0.3659547379807692 0.5560326177884616
11 0.4124694591346154 0.5544882548076923 0.45639747836538463 0.5535464615384615 0.4550743293269231 0.5177577668269231 0.4107123485576923 0.5204974302884615 0.4124694591346154 0.5544882548076923
11 0.1846259783653846 0.5860388173076923 0.22908324278846154 0.5879224254807692 0.22802472836538462 0.5507210408653846 0.18437714663461538 0.5529696923076923 0.1846259783653846 0.5860388173076923
11 0.18700761778846153 0.6246529158653846 0.23093563701923078 0.6265365216346154 0.23014175721153848 0.5898060336538461 0.18596546394230767 0.5882656298076923 0.18700761778846153 0.6246529158653846
11 0.18859537740384613 0.6632670120192308 0.23411115625 0.6632670120192308 0.23358188701923074 0.6237111009615385 0.18914209855769232 0.6235615673076923 0.18859537740384613 0.6632670120192308
11 0.22961248798076922 0.5902769519230769 0.2759221466346154 0.5902769519230769 0.2748636322115385 0.5502501225961539 0.23004126682692305 0.5515578557692308 0.22961248798076922 0.5902769519230769
11 0.2333172764423077 0.6255947307692308 0.2785684206730769 0.6279492331730769 0.2785684206730769 0.5907478485576922 0.23162958413461537 0.5903833870192308 0.2333172764423077 0.6255947307692308
11 0.2343757668269231 0.6646797235576922 0.2793623004807692 0.6642088485576922 0.2793623004807692 0.6265365216346154 0.23361498076923076 0.6277970793269231 0.2343757668269231 0.6646797235576922
11 0.2767160264423077 0.5945150841346154 0.3222318052884615 0.5954568774038461 0.32090865625 0.554959173076923 0.2761024663461539 0.5543815288461539 0.2767160264423077 0.5945150841346154
11 0.2785684206730769 0.6288910480769231 0.32355493028846155 0.6293619447115385 0.32329029567307693 0.5931023750000001 0.2764995456730769 0.5917952235576923 0.2785684206730769 0.6288910480769231
11 0.27989154567307695 0.6637379302884615 0.32487805528846153 0.6665633533653845 0.32461344471153847 0.6317164711538462 0.2784849423076923 0.628503 0.27989154567307695 0.6637379302884615
11 0.3206440456730769 0.5935732692307693 0.36695368028846154 0.5935732692307693 0.36615980048076924 0.5577845961538461 0.3209724278846154 0.5550874495192308 0.3206440456730769 0.5935732692307693
11 0.32514268990384615 0.6303037596153847 0.3677475600961539 0.6279492331730769 0.3677475600961539 0.5935732692307693 0.3217665865384615 0.5953248173076923 0.32514268990384615 0.6303037596153847
11 0.3651013100961539 0.5926314567307692 0.41167557932692306 0.5912187451923077 0.41114633413461543 0.5577845961538461 0.3654453076923077 0.5557933677884616 0.3651013100961539 0.5926314567307692
11 0.41114633413461543 0.5912187451923077 0.4542804495192308 0.5907478485576922 0.4540158389423077 0.5544882548076923 0.40991818990384615 0.5550874495192308 0.41114633413461543 0.5912187451923077
11 0.41485112259615387 0.6260656274038462 0.45745596875 0.6251238125 0.4569267475961538 0.5921605600961539 0.41428606250000005 0.5910893052884615 0.41485112259615387 0.6260656274038462
11 0.41220482451923074 0.5931023750000001 0.36827682932692307 0.595927795673077 0.36880607451923075 0.6303037596153847 0.41349190384615386 0.6299148365384616 0.41220482451923074 0.5931023750000001
11 0.3674829495192308 0.6642088485576922 0.41141094471153844 0.6632670120192308 0.41061706490384614 0.6303037596153847 0.36703362500000003 0.628503 0.3674829495192308 0.6642088485576922
11 0.32355493028846155 0.6656215600961539 0.3666890697115385 0.6646797235576922 0.3666890697115385 0.6307746562500001 0.32256074278846153 0.6306207548076923 0.32355493028846155 0.6656215600961539
11 0.41167557932692306 0.6331291826923077 0.41273409375000003 0.6651506418269231 0.45719135817307693 0.6627961370192307 0.4566620889423077 0.6270074399038462 0.4107123485576923 0.6277970793269231 0.41167557932692306 0.6331291826923077
11 0.45783976201923077 0.3675736514423077 0.5043431418269231 0.3722452091346154 0.50509321875 0.3328708197115385 0.4605078798076923 0.33047355048076926 0.45783976201923077 0.3675736514423077
11 0.5035930985576923 0.3268645600961539 0.5035930985576923 0.37291256009615387 0.5497214735576923 0.37357991346153846 0.5482951274038462 0.3344752475961539 0.5035930985576923 0.3268645600961539
11 0.5478463485576923 0.3722452091346154 0.5928496394230769 0.37291256009615387 0.594724764423077 0.3342055408653846 0.5460441730769231 0.3354756730769231 0.5478463485576923 0.3722452091346154
11 0.5932246442307693 0.3722452091346154 0.6386029759615385 0.37157782692307695 0.6382279375 0.3355402596153846 0.5921887524038462 0.3354756730769231 0.5932246442307693 0.3722452091346154
11 0.6378529326923077 0.37558199999999997 0.6824811850961539 0.37157782692307695 0.681731141826923 0.33487290625 0.6372078533653845 0.3344752475961539 0.6378529326923077 0.37558199999999997
11 0.6813561033653847 0.37357991346153846 0.7263593942307692 0.37357991346153846 0.7274844783653845 0.3342055408653846 0.6827896947115384 0.3354756730769231 0.6813561033653847 0.37357991346153846
11 0.6839813052884616 0.4089501274038462 0.7278595168269231 0.4076153918269231 0.7278595168269231 0.3695757379807692 0.6811014783653846 0.3724913798076923 0.6839813052884616 0.4089501274038462
11 0.6393530192307693 0.41161956730769234 0.6858564326923078 0.4089501274038462 0.6866064759615385 0.3742472956730769 0.6400215480769231 0.37349180288461536 0.6393530192307693 0.41161956730769234
11 0.5950998052884615 0.4089501274038462 0.6397280576923077 0.4096174783653846 0.6397280576923077 0.3722452091346154 0.5944397067307692 0.37549265144230765 0.5950998052884615 0.4089501274038462
11 0.5497214735576923 0.4089501274038462 0.5950998052884615 0.4089501274038462 0.5935996826923077 0.37157782692307695 0.5471696514423077 0.3724913798076923 0.5497214735576923 0.4089501274038462
11 0.4593398485576923 0.4042786009615385 0.5035930985576923 0.4076153918269231 0.5032180600961539 0.3689083870192308 0.4605078798076923 0.36748925721153847 0.4593398485576923 0.4042786009615385
11 0.5058432620192308 0.4076153918269231 0.5493464350961539 0.4109522139423077 0.5493464350961539 0.3709104735576923 0.5044015048076923 0.3704905288461538 0.5058432620192308 0.4076153918269231
11 0.45858980528846155 0.4443203413461539 0.50509321875 0.4443203413461539 0.5062183028846154 0.4096174783653846 0.45994514182692303 0.40750623557692306 0.45858980528846155 0.4443203413461539
11 0.5062183028846154 0.44698978125 0.55122159375 0.4456550456730769 0.5508465552884615 0.4069480408653846 0.5044015048076923 0.40750623557692306 0.5062183028846154 0.44698978125
11 0.5504715168269231 0.4456550456730769 0.5950998052884615 0.4463224278846154 0.5950998052884615 0.41028486298076927 0.5494206057692308 0.40750623557692306 0.5504715168269231 0.4456550456730769
11 0.594724764423077 0.44965921875 0.6408531394230769 0.44498769471153843 0.6404781009615385 0.4082827740384615 0.59387696875 0.4095070841346154 0.594724764423077 0.44965921875
11 0.6386029759615385 0.4483245144230769 0.6847313509615385 0.44765713221153847 0.6843563100961538 0.4076153918269231 0.6405842860576924 0.40750623557692306 0.6386029759615385 0.4483245144230769
11 0.683606266826923 0.4436529591346154 0.7274844783653845 0.4429856057692308 0.7274844783653845 0.4069480408653846 0.6822269543269232 0.4095070841346154 0.683606266826923 0.4436529591346154
11 0.6847313509615385 0.48035790865384614 0.7297346754807692 0.48035790865384614 0.7293596033653846 0.4463224278846154 0.6850406490384615 0.4475232139423077 0.6847313509615385 0.48035790865384614
11 0.6851063894230769 0.5170628269230769 0.7293596033653846 0.5177301778846154 0.7293596033653846 0.48035790865384614 0.6844779110576924 0.4815376466346154 0.6851063894230769 0.5170628269230769
11 0.6847313509615385 0.5517656586538462 0.72860959375 0.5531003942307693 0.7293596033653846 0.5183975625 0.6850406490384615 0.521554625 0.6847313509615385 0.5517656586538462
11 0.6348526899038462 0.5537677451923076 0.6783558942307693 0.5551024807692307 0.6776058173076923 0.5190649134615385 0.6343941586538461 0.5195537764423077 0.6348526899038462 0.5537677451923076
11 0.6397280576923077 0.5177301778846154 0.6854813942307693 0.5197322668269231 0.6858564326923078 0.4843620817307693 0.6394588076923077 0.48353849519230774 0.6397280576923077 0.5177301778846154
11 0.6416031826923076 0.4830273461538462 0.6873565528846155 0.4810252596153846 0.6873565528846155 0.4443203413461539 0.6405842860576924 0.4465227908653846 0.6416031826923076 0.4830273461538462
11 0.5981000120192308 0.48235999519230766 0.6431033052884616 0.4830273461538462 0.642728264423077 0.4463224278846154 0.5966906610576923 0.4465227908653846 0.5981000120192308 0.48235999519230766
11 0.5523466754807692 0.4790231730769231 0.5969749302884615 0.4836946995192308 0.5954748076923078 0.4463224278846154 0.5539225168269231 0.4475232139423077 0.5523466754807692 0.4790231730769231
11 0.5114686754807692 0.48235999519230766 0.5549718461538462 0.4790231730769231 0.5542218028846154 0.44765713221153847 0.5077779375 0.4435215168269231 0.5114686754807692 0.48235999519230766
11 0.46196505288461537 0.4870315216346154 0.5103435913461538 0.49237043028846156 0.5099685528846154 0.44965921875 0.46275883653846156 0.44952406250000004 0.46196505288461537 0.4870315216346154
11 0.45746472355769235 0.5143933870192308 0.5035930985576923 0.521067 0.50509321875 0.49303778125 0.45769418749999996 0.4815376466346154 0.45746472355769235 0.5143933870192308
11 0.509593548076923 0.5150607403846154 0.5530967211538461 0.5137260048076923 0.5515965985576923 0.48035790865384614 0.5066524591346154 0.48353849519230774 0.509593548076923 0.5150607403846154
11 0.55122159375 0.5217343533653847 0.5984750504807692 0.521067 0.5977249735576924 0.4790231730769231 0.5482951274038462 0.4805372211538461 0.55122159375 0.5217343533653847
11 0.6416031826923076 0.5197322668269231 0.6423532620192307 0.48169261298076926 0.594724764423077 0.48769887259615385 0.5966906610576923 0.5195537764423077 0.6416031826923076 0.5197322668269231
11 0.45858980528846155 0.5484288677884616 0.5028430552884615 0.5517656586538462 0.49984281249999996 0.5183975625 0.45825692548076924 0.5135512307692308 0.45858980528846155 0.5484288677884616
11 0.49984281249999996 0.5544351274038462 0.5489714302884615 0.5551024807692307 0.5478463485576923 0.5170628269230769 0.503838764423077 0.515552079326923 0.49984281249999996 0.5544351274038462
11 0.5478463485576923 0.5531003942307693 0.5902244350961539 0.5597740072115385 0.594724764423077 0.5190649134615385 0.5488578677884616 0.5195537764423077 0.5478463485576923 0.5531003942307693
11 0.5902244350961539 0.5591066538461539 0.636352810096154 0.5564372139423077 0.636352810096154 0.5177301778846154 0.5910632740384615 0.5195537764423077 0.5902244350961539 0.5591066538461539
11 0.45746472355769235 0.5864685192307693 0.5017179735576923 0.5911400456730769 0.5017179735576923 0.5544351274038462 0.45600597115384617 0.5515673605769231 0.45746472355769235 0.5864685192307693
11 0.5002178509615385 0.5918073990384616 0.5478463485576923 0.5918073990384616 0.5459711875 0.5524330408653846 0.5015878100961538 0.5555690576923077 0.5002178509615385 0.5918073990384616
11 0.5467212644230769 0.5931421346153847 0.5913495192307692 0.5911400456730769 0.5909744783653846 0.5544351274038462 0.5471696514423077 0.5495665120192308 0.5467212644230769 0.5931421346153847
11 0.5909744783653846 0.5911400456730769 0.6348526899038462 0.5911400456730769 0.6348526899038462 0.5531003942307693 0.589937798076923 0.5535682091346155 0.5909744783653846 0.5911400456730769
11 0.6341026466346154 0.5931421346153847 0.6798559807692308 0.59247478125 0.6787308990384615 0.5551024807692307 0.633831420673077 0.5555690576923077 0.6341026466346154 0.5931421346153847
11 0.6768557740384615 0.5891379591346154 0.7233591875 0.5918073990384616 0.7214840264423077 0.54909621875 0.6765995673076923 0.5495665120192308 0.6768557740384615 0.5891379591346154
11 0.45858980528846155 0.6265102620192308 0.5024680168269231 0.6298470528846154 0.5054682235576923 0.5911400456730769 0.45881966346153846 0.5895834903846153 0.45858980528846155 0.6265102620192308
11 0.5035930985576923 0.6298470528846154 0.5485963918269231 0.6298470528846154 0.5474713076923077 0.5918073990384616 0.502150548076923 0.5915843389423077 0.5035930985576923 0.6298470528846154
11 0.5485963918269231 0.631849139423077 0.5935996826923077 0.6271776442307692 0.5932246442307693 0.5931421346153847 0.5482951274038462 0.5875826418269231 0.5485963918269231 0.631849139423077
11 0.5905994759615385 0.6285123485576923 0.6356027668269231 0.6285123485576923 0.6348526899038462 0.5904726947115384 0.5916260144230769 0.5945856129807692 0.5905994759615385 0.6285123485576923
11 0.6352277283653845 0.6291797307692307 0.6802310216346155 0.6291797307692307 0.6787308990384615 0.5911400456730769 0.633831420673077 0.5895834903846153 0.6352277283653845 0.6291797307692307
11 0.6791059374999999 0.6265102620192308 0.7222341057692307 0.6271776442307692 0.7229841490384616 0.5891379591346154 0.6782877836538461 0.5875826418269231 0.6791059374999999 0.6265102620192308
11 0.45858980528846155 0.6572089495192308 0.5047181802884615 0.6625478269230769 0.5062183028846154 0.6251755576923077 0.4605078798076923 0.6195962235576923 0.45858980528846155 0.6572089495192308
11 0.5039681370192308 0.6632152091346154 0.5474713076923077 0.6678867067307692 0.5470962692307693 0.6278449663461539 0.5027132884615384 0.6255987716346154 0.5039681370192308 0.6632152091346154
11 0.5474713076923077 0.6658846177884615 0.5920995625000001 0.6638825312500001 0.5909744783653846 0.6238407908653846 0.5482951274038462 0.6255987716346154 0.5474713076923077 0.6658846177884615
11 0.5887243149038461 0.6645499134615385 0.6326025240384615 0.6685540889423076 0.6352277283653845 0.6278449663461539 0.589937798076923 0.6225974975961539 0.5887243149038461 0.6645499134615385
11 0.6337276081730769 0.6632152091346154 0.6761057307692308 0.6598783581730768 0.6768557740384615 0.6258428774038461 0.633831420673077 0.6245983461538462 0.6337276081730769 0.6632152091346154
11 0.6772308125000001 0.6632152091346154 0.7192338629807692 0.6632152091346154 0.7196089014423077 0.6238407908653846 0.6765995673076923 0.6265991947115384 0.6772308125000001 0.6632152091346154
11 0.19917909134615386 0.7130890721153846 0.23930701442307692 0.7137564254807691 0.23780692788461538 0.6810556802884615 0.19545792067307693 0.6826229663461538 0.19917909134615386 0.7130890721153846
11 0.23668184615384616 0.7130890721153846 0.2801850168269231 0.7104196322115384 0.2794349735576923 0.6830577668269231 0.23710058894230768 0.6856242403846153 0.23668184615384616 0.7130890721153846
11 0.2805600552884615 0.7164258942307692 0.3248132716346154 0.7170932475961538 0.32406322596153847 0.6803883269230769 0.27761778125 0.6796216923076923 0.2805600552884615 0.7164258942307692
11 0.3229381442307692 0.7184279807692308 0.36569127163461534 0.7144238076923077 0.36569127163461534 0.6783862403846155 0.32207414423076924 0.6796216923076923 0.3229381442307692 0.7184279807692308
11 0.3668163557692308 0.7157585120192308 0.4080693605769231 0.7190953341346155 0.4080693605769231 0.6797209447115384 0.3637168125 0.6826229663461538 0.3668163557692308 0.7157585120192308
11 0.4084443990384615 0.7204300673076923 0.44969740625 0.7197626850961538 0.4493224014423077 0.68172303125 0.4081731754807692 0.6836233918269231 0.4084443990384615 0.7204300673076923
11 0.41406981249999997 0.7537981658653846 0.45382273076923074 0.7537981658653846 0.4519475721153846 0.7130890721153846 0.4115496081730769 0.7196386730769231 0.41406981249999997 0.7537981658653846
11 0.36456618990384615 0.7511287259615386 0.40731931730769233 0.7471245528846153 0.4069442788461538 0.7170932475961538 0.36315407451923076 0.7156369735576923 0.36456618990384615 0.7511287259615386
11 0.3690665192307692 0.7851642043269231 0.41444485096153844 0.7851642043269231 0.41481985576923075 0.7464571995192307 0.3699069399038461 0.7486509807692308 0.3690665192307692 0.7851642043269231
11 0.41331976923076924 0.7885010264423078 0.4549478125 0.7871662932692308 0.4549478125 0.7511287259615386 0.4104241298076923 0.7536531033653847 0.41331976923076924 0.7885010264423078
11 0.41294472836538465 0.8225365072115385 0.4549478125 0.8225365072115385 0.45382273076923074 0.7864989399038461 0.4132378245192308 0.7876675360576922 0.41294472836538465 0.8225365072115385
11 0.4151948942307693 0.8545698990384616 0.45832306009615387 0.8559046033653845 0.4598231466346154 0.8178649495192307 0.4149260408653846 0.8246832427884615 0.4151948942307693 0.8545698990384616
11 0.4155699326923077 0.8886053798076923 0.45832306009615387 0.8872706442307692 0.45794802163461534 0.8525678125 0.4149260408653846 0.8536955528846154 0.4155699326923077 0.8886053798076923
11 0.4151948942307693 0.922640858173077 0.4564479014423077 0.9193040673076923 0.45607289663461537 0.8866032908653847 0.4149260408653846 0.8897108341346154 0.4151948942307693 0.922640858173077
11 0.41631997596153847 0.9580110408653847 0.4586980649038462 0.9533395456730769 0.45832306009615387 0.919971389423077 0.4149260408653846 0.9217244158653847 0.41631997596153847 0.9580110408653847
11 0.41631997596153847 0.9907118173076923 0.45832306009615387 0.9940486081730769 0.4564479014423077 0.9560089543269231 0.41605151682692304 0.9577396971153846 0.41631997596153847 0.9907118173076923
11 0.41631997596153847 0.9873750264423078 0.41631997596153847 0.9553416322115384 0.3746919302884616 0.9553416322115384 0.3749715865384615 0.9897532812500001 0.41631997596153847 0.9873750264423078
11 0.3746919302884616 0.9233082403846153 0.3754419735576923 0.9553416322115384 0.41605151682692304 0.9527375745192308 0.41481985576923075 0.922640858173077 0.3746919302884616 0.9233082403846153
11 0.3716917235576923 0.922640858173077 0.36756639903846156 0.922640858173077 0.3319388028846154 0.9246429447115384 0.3330638846153846 0.9573437211538462 0.375534326923077 0.954738423076923 0.3716917235576923 0.922640858173077
11 0.4166950144230769 0.8859359086538461 0.4159449375 0.8525678125 0.3731918100961539 0.8565719855769232 0.37440884855769235 0.8857091346153846 0.4166950144230769 0.8859359086538461
11 0.4193201850961538 0.922640858173077 0.4181951009615385 0.8819317355769231 0.37440884855769235 0.8897108341346154 0.3746919302884616 0.9213061538461538 0.4193201850961538 0.922640858173077
11 0.33418896875000004 0.9239755625 0.3758170120192308 0.9233082403846153 0.37431689182692307 0.8859359086538461 0.33164070192307693 0.8877099831730769 0.33418896875000004 0.9239755625
11 0.3308137211538461 0.8899400841346155 0.3758170120192308 0.8886053798076923 0.37731713461538463 0.8505657259615386 0.3305152259615385 0.851694701923077 0.3308137211538461 0.8899400841346155
11 0.3289385961538462 0.8552372524038462 0.37394188701923076 0.8539025168269231 0.3731918100961539 0.8185323317307692 0.32938974759615386 0.8176802716346153 0.3289385961538462 0.8552372524038462
11 0.32818851682692307 0.8225365072115385 0.3724417668269231 0.821869125 0.3716917235576923 0.7851642043269231 0.32938974759615386 0.7846662620192307 0.32818851682692307 0.8225365072115385
11 0.32668843028846156 0.7858315576923077 0.37019160096153847 0.7818273846153846 0.3694415576923077 0.7477919038461539 0.32601331490384616 0.7506518317307692 0.32668843028846156 0.7858315576923077
11 0.32406322596153847 0.7497939903846155 0.36719139423076924 0.7497939903846155 0.36719139423076924 0.7144238076923077 0.3237623605769231 0.7156369735576923 0.32406322596153847 0.7497939903846155
11 0.2835602644230769 0.7511287259615386 0.3248132716346154 0.7497939903846155 0.32331318269230774 0.7130890721153846 0.2815569519230769 0.7136361250000001 0.2835602644230769 0.7511287259615386
11 0.28618546875 0.7851642043269231 0.32593835336538457 0.7758211225961538 0.32406322596153847 0.7444551129807693 0.2835602644230769 0.7511287259615386 0.28618546875 0.7851642043269231
11 0.28468534615384616 0.8198670360576923 0.3285635552884615 0.8191996850961538 0.3270634350961539 0.78116003125 0.28324516826923074 0.7846662620192307 0.28468534615384616 0.8198670360576923
11 0.28581042788461536 0.8498983413461538 0.3304386826923077 0.8519004302884615 0.3304386826923077 0.8138607764423077 0.28324516826923074 0.8186806947115385 0.28581042788461536 0.8498983413461538
11 0.28618546875 0.8872706442307692 0.3296886394230769 0.8879379951923076 0.3289385961538462 0.8485636370192308 0.28543538942307695 0.8498983413461538 0.28618546875 0.8872706442307692
11 0.2869355120192308 0.9233082403846153 0.33118875961538463 0.9219734759615386 0.33118875961538463 0.88326646875 0.28605886298076927 0.8857091346153846 0.2869355120192308 0.9233082403846153
11 0.28581042788461536 0.9566763365384615 0.3319388028846154 0.9573437211538462 0.3315637644230769 0.9152998918269231 0.28662160096153844 0.9157218701923077 0.28581042788461536 0.9566763365384615
11 0.33118875961538463 0.9533395456730769 0.2910608004807692 0.9553416322115384 0.29143584134615386 0.9933812860576924 0.3338916586538462 0.9937549783653845 0.33118875961538463 0.9533395456730769
11 0.33456400721153845 0.9907118173076923 0.3765670576923077 0.9900444350961538 0.3765670576923077 0.9513374591346154 0.33276618028846155 0.954738423076923 0.33456400721153845 0.9907118173076923
11 0.28281022115384613 0.7511287259615386 0.28281022115384613 0.7144238076923077 0.23822606730769233 0.7166373990384615 0.2381819326923077 0.7537981658653846 0.28281022115384613 0.7511287259615386
11 0.2389320096153846 0.7838294711538462 0.28318522596153844 0.7818273846153846 0.28281022115384613 0.7477919038461539 0.23766332932692308 0.7476505576923077 0.2389320096153846 0.7838294711538462
11 0.2340566418269231 0.8171975985576924 0.2775598149038462 0.8178649495192307 0.2775598149038462 0.7831621177884615 0.23710058894230768 0.7836658389423078 0.2340566418269231 0.8171975985576924
11 0.2389320096153846 0.8532351634615385 0.28506038461538463 0.8519004302884615 0.28543538942307695 0.8158628629807693 0.2404770216346154 0.8176802716346153 0.2389320096153846 0.8532351634615385
11 0.24118217548076923 0.8886053798076923 0.2869355120192308 0.8839338221153846 0.28543538942307695 0.8532351634615385 0.23878880528846155 0.8526951274038462 0.24118217548076923 0.8886053798076923
11 0.24380734375000002 0.9213061538461538 0.2895607139423077 0.9233082403846153 0.2895607139423077 0.8825991177884615 0.24554167067307692 0.8857091346153846 0.24380734375000002 0.9213061538461538
11 0.24530746634615383 0.9580110408653847 0.28731055048076926 0.9580110408653847 0.2876855552884615 0.919971389423077 0.2438534543269231 0.9237252644230769 0.24530746634615383 0.9580110408653847
11 0.19317864182692307 0.7871662932692308 0.2340566418269231 0.7824947668269231 0.23710058894230768 0.7536531033653847 0.19092847596153847 0.7471245528846153 0.19317864182692307 0.7871662932692308
11 0.19355368028846154 0.7491266394230769 0.23630680769230766 0.7471245528846153 0.23593176923076922 0.7150911586538461 0.1937697043269231 0.7166373990384615 0.19355368028846154 0.7491266394230769
11 0.19242859615384617 0.8198670360576923 0.23630680769230766 0.8178649495192307 0.23518172596153847 0.7818273846153846 0.19264422596153846 0.7846662620192307 0.19242859615384617 0.8198670360576923
11 0.1946787620192308 0.8552372524038462 0.2389320096153846 0.8552372524038462 0.2355567644230769 0.8171975985576924 0.19320696634615386 0.8226823942307693 0.1946787620192308 0.8552372524038462
11 0.1961788653846154 0.8866032908653847 0.24005709374999998 0.8886053798076923 0.23930701442307692 0.8519004302884615 0.1937697043269231 0.8536955528846154 0.1961788653846154 0.8866032908653847
11 0.2018042764423077 0.9213061538461538 0.24380734375000002 0.919971389423077 0.24155718028846154 0.8839338221153846 0.1961788653846154 0.8866032908653847 0.2018042764423077 0.9213061538461538
11 0.2021792980769231 0.9553416322115384 0.2434323389423077 0.9580110408653847 0.2449324278846154 0.9213061538461538 0.19995983173076923 0.9217244158653847 0.2021792980769231 0.9553416322115384
11 0.20930483173076922 0.9893771129807691 0.24980779567307693 0.9887097307692307 0.24830767307692309 0.9526721634615385 0.20840091346153844 0.954738423076923 0.20930483173076922 0.9893771129807691
11 0.28993571875 0.9586784254807692 0.2501828341346154 0.9586784254807692 0.24980779567307693 0.9900444350961538 0.29112351201923076 0.9877524326923077 0.28993571875 0.9586784254807692
11 0.20604868028846154 0.09137304086538461 0.2511287283653846 0.0934980673076923 0.25172580528846156 0.055778709134615384 0.20666453124999998 0.05442033413461538 0.20604868028846154 0.09137304086538461
11 0.46856084375 0.71023625 0.5095029134615385 0.7098773389423076 0.50909953125 0.6757819326923078 0.46797272115384614 0.6764649951923077 0.46856084375 0.71023625
11 0.5093012211538461 0.7095184447115385 0.5504449663461538 0.7105951418269231 0.5500416009615384 0.6757819326923078 0.5103414519230769 0.6764649951923077 0.5093012211538461 0.7095184447115385
11 0.5504449663461538 0.7091595528846154 0.5915887091346154 0.712030733173077 0.5927988173076923 0.67721753125 0.5514996490384616 0.6770030120192309 0.5504449663461538 0.7091595528846154
11 0.5915887091346154 0.7095184447115385 0.6329341418269231 0.7095184447115385 0.6331358149038462 0.6768586298076923 0.5926578461538461 0.6775410264423076 0.5915887091346154 0.7095184447115385
11 0.6344694158653846 0.7084417475961539 0.6746047211538462 0.7109540360576924 0.6762182139423077 0.6764997283653845 0.6356318437499999 0.6770030120192309 0.6344694158653846 0.7084417475961539
11 0.67541146875 0.71023625 0.7153451201923077 0.7109540360576924 0.7165552307692308 0.67721753125 0.6773953076923077 0.6764649951923077 0.67541146875 0.71023625
11 0.6748064134615385 0.7439727524038461 0.7149417379807693 0.7475617379807692 0.7157484639423076 0.71023625 0.67648740625 0.7141260889423078 0.6748064134615385 0.7439727524038461
11 0.7161518473137668 0.7468439501568973 0.6755795057026173 0.7474830595070222 0.6756131594020971 0.7805804537179601 0.7167569023572244 0.7805804537179601 0.7161518473137668 0.7468439501568973
11 0.6760165240384615 0.8121635625000001 0.7165552307692308 0.8153936538461538 0.7171602836538462 0.7784270600961538 0.6755795048076922 0.782454076923077 0.6760165240384615 0.8121635625000001
11 0.6750081033653846 0.84697678125 0.7161518461538462 0.8444644759615384 0.7157484639423076 0.8121635625000001 0.675882139423077 0.8141969975961539 0.6750081033653846 0.84697678125
11 0.6731929399038462 0.8799954807692308 0.7151434110576923 0.87855990625 0.7161518461538462 0.8441055985576923 0.6746716033653846 0.8470159519230769 0.6731929399038462 0.8799954807692308
11 0.6737979951923077 0.9131313966346154 0.7137316274038461 0.9113368966346154 0.7133282451923078 0.8776003942307693 0.673763701923077 0.87983490625 0.6737979951923077 0.9131313966346154
11 0.6731929399038462 0.9454323100961539 0.7125215168269231 0.9461500985576923 0.7149417379807693 0.91061909375 0.6734610697115385 0.913729891826923 0.6731929399038462 0.9454323100961539
11 0.6713777740384615 0.9791688293269231 0.7135299543269231 0.9795277067307692 0.7143366826923077 0.9461500985576923 0.6728558004807692 0.9481628918269231 0.6713777740384615 0.9791688293269231
11 0.6326542524038461 0.742005139423077 0.6750081033653846 0.7445174254807692 0.67541146875 0.7089864230769231 0.6335134086538462 0.7087459326923077 0.6326542524038461 0.742005139423077
11 0.6338643605769231 0.7764594447115385 0.6756131586538461 0.7807662331730769 0.6764198870192307 0.7441585336538462 0.6326055072115384 0.7447929807692308 0.6338643605769231 0.7764594447115385
11 0.6324525600961538 0.8116315408653846 0.67541146875 0.8134260408653847 0.67541146875 0.7775361418269231 0.6338160408653846 0.7770739206730769 0.6324525600961538 0.8116315408653846
11 0.6324525600961538 0.8460858461538462 0.6746047211538462 0.8450091490384615 0.6752097764423077 0.8127082379807693 0.6332107740384616 0.8147350144230768 0.6324525600961538 0.8460858461538462
11 0.6324525600961538 0.8794634567307693 0.6733946129807692 0.8801812764423077 0.6737979951923077 0.8457269687500001 0.6323028725961539 0.8480919831730769 0.6324525600961538 0.8794634567307693
11 0.6312424495192308 0.9140369783653846 0.6731929399038462 0.9154725528846155 0.6731929399038462 0.8817360504807692 0.6313949711538461 0.88198696875 0.6312424495192308 0.9140369783653846
11 0.6302340312499999 0.948132375 0.6727895576923076 0.9484912860576924 0.6727895576923076 0.9136780697115385 0.6310923365384615 0.91641996875 0.6302340312499999 0.948132375
11 0.6312424495192308 0.981509985576923 0.6717811370192308 0.9789976826923077 0.6727895576923076 0.948132375 0.6301844350961538 0.9476248774038462 0.6312424495192308 0.981509985576923
11 0.58969534375 0.7432967259615384 0.6338643605769231 0.744373423076923 0.63487278125 0.7088424206730769 0.5908420432692307 0.7098219639423077 0.58969534375 0.7432967259615384
11 0.5898970168269231 0.7777510336538461 0.633662670673077 0.7755976394230769 0.6334609783653846 0.7418611370192308 0.589934141826923 0.7421153846153847 0.5898970168269231 0.7777510336538461
11 0.5898970168269231 0.81256425 0.6338643605769231 0.813999858173077 0.6346710889423076 0.7773921562499999 0.5905394086538461 0.7787004495192308 0.5898970168269231 0.81256425
11 0.5925189278846154 0.8460738629807693 0.6332593052884616 0.8446382884615384 0.6356795264423076 0.8105428581730769 0.5914473100961538 0.810430889423077 0.5925189278846154 0.8460738629807693
11 0.5919138725961539 0.8808870793269231 0.6334609783653846 0.8823226875000001 0.6334609783653846 0.8460738629807693 0.5920525769230769 0.8470159519230769 0.5919138725961539 0.8808870793269231
11 0.5913088173076922 0.9146235985576923 0.6320491971153845 0.9160591730769231 0.6320491971153845 0.8819637764423077 0.5908420432692307 0.88198696875 0.5913088173076922 0.9146235985576923
11 0.5894936514423077 0.9475916971153846 0.6312424495192308 0.9501040000000001 0.6328559230769231 0.9145729807692308 0.5905394086538461 0.9158819543269231 0.5894936514423077 0.9475916971153846
11 0.58969534375 0.9831227019230769 0.6314441418269231 0.9813282163461537 0.6314441418269231 0.946515 0.589934141826923 0.9481628918269231 0.58969534375 0.9831227019230769
11 0.5467364350961538 0.9124195865384616 0.5894936514423077 0.9134962836538462 0.5884852331730769 0.8783241730769231 0.5478680432692308 0.879296891826923 0.5467364350961538 0.9124195865384616
11 0.5469381081730769 0.9483094831730768 0.5892919615384615 0.9483094831730768 0.5890902884615384 0.9142140865384616 0.5466575072115385 0.9158819543269231 0.5469381081730769 0.9483094831730768
11 0.5459296899038462 0.9827637908653847 0.5878801778846154 0.9849171850961539 0.5878801778846154 0.9483094831730768 0.5469601418269231 0.9503149543269231 0.5459296899038462 0.9827637908653847
11 0.5465347427884615 0.8804775673076922 0.5868717403846154 0.8783241730769231 0.5876784879807693 0.8460232596153846 0.5454469735576923 0.8470159519230769 0.5465347427884615 0.8804775673076922
11 0.5451229423076923 0.8474588677884616 0.5892919615384615 0.8470999567307692 0.5898970168269231 0.8101333629807693 0.5472627764423077 0.8098928725961538 0.5451229423076923 0.8474588677884616
11 0.5465347427884615 0.8115689519230769 0.5894936514423077 0.8104922548076924 0.5898970168269231 0.7753201538461538 0.5469601418269231 0.774921858173077 0.5465347427884615 0.8115689519230769
11 0.5479465456730769 0.7771146466346154 0.58969534375 0.7760379495192308 0.5905020721153846 0.7423014447115384 0.5475654086538462 0.7437169495192308 0.5479465456730769 0.7771146466346154
11 0.5485516009615384 0.7435945504807692 0.58969534375 0.7446712475961538 0.5915105072115385 0.7109347283653846 0.5475654086538462 0.7114360120192308 0.5485516009615384 0.7435945504807692
11 0.5065875072115384 0.7428767475961539 0.5475295600961538 0.7443123365384616 0.5491430528846154 0.7102169326923077 0.5070124807692308 0.7108979951923077 0.5065875072115384 0.7428767475961539
11 0.5059824519230769 0.7127292283653847 0.4646370192307692 0.7130881201923077 0.4649463822115385 0.7431789350961538 0.5061841442307693 0.743235639423077 0.5059824519230769 0.7127292283653847
11 0.46403196394230767 0.7794844471153847 0.5067891995192307 0.77661325 0.5051757067307693 0.7443123365384616 0.46403848076923077 0.745330997596154 0.46403196394230767 0.7794844471153847
11 0.4632252259615385 0.8135798605769231 0.5057807620192307 0.8125031634615384 0.5067891995192307 0.7794844471153847 0.46403848076923077 0.7803020144230769 0.4632252259615385 0.8135798605769231
11 0.4630235456730769 0.8469574711538462 0.5049740336538462 0.8494697596153846 0.5057807620192307 0.8117853605769232 0.46313057932692303 0.8120449350961538 0.4630235456730769 0.8469574711538462
11 0.46362860096153846 0.87940553125 0.5057807620192307 0.87940553125 0.5055790889423076 0.8460279206730769 0.46313057932692303 0.8448638894230769 0.46362860096153846 0.87940553125
11 0.46342690865384617 0.9131420504807692 0.5059824519230769 0.9135009615384615 0.5061841442307693 0.87940553125 0.4634332139423077 0.879296891826923 0.46342690865384617 0.9131420504807692
11 0.46443533653846153 0.9477148725961538 0.5061841442307693 0.9477148725961538 0.5075959278846154 0.914337264423077 0.4637358485576923 0.9158819543269231 0.46443533653846153 0.9477148725961538
11 0.37529010336538465 0.8549817259615384 0.4153577932692307 0.8535972067307692 0.4134127355769231 0.8176008269230769 0.37318834134615386 0.8170278197115385 0.37529010336538465 0.8549817259615384
11 0.5485231057692308 0.7790747668269231 0.5477708149038462 0.7442680048076924 0.5045134855769231 0.7415905552884615 0.5064765480769231 0.7789888774038461 0.5485231057692308 0.7790747668269231
11 0.5048896466346154 0.8138815600961539 0.5485231057692308 0.8132121778846154 0.5477708149038462 0.7750586009615384 0.5076053966346155 0.781999139423077 0.5048896466346154 0.8138815600961539
11 0.5045134855769231 0.8473495889423077 0.5470184903846154 0.8453415072115384 0.5470184903846154 0.8105347451923077 0.5047832764423077 0.8141085985576922 0.5045134855769231 0.8473495889423077
11 0.5048896466346154 0.881487 0.5473946538461538 0.8834950841346154 0.5481469423076922 0.8453415072115384 0.5042188533653846 0.8472214783653846 0.5048896466346154 0.881487
11 0.5045134855769231 0.9176324951923077 0.5470184903846154 0.9176324951923077 0.5470184903846154 0.8808176514423077 0.5047832764423077 0.882341201923077 0.5045134855769231 0.9176324951923077
11 0.5060180985576923 0.9484231225961538 0.5481469423076922 0.9484231225961538 0.5492753942307692 0.9129469783653845 0.5042188533653846 0.9174609230769231 0.5060180985576923 0.9484231225961538
11 0.4638892211538461 0.9812218028846154 0.506770389423077 0.9812218028846154 0.5086511298076923 0.9470843894230769 0.46358031730769234 0.9455566995192307 0.4638892211538461 0.9812218028846154
11 0.5045134855769231 0.9818911514423078 0.5492753942307692 0.9818911514423078 0.5492753942307692 0.9464150384615385 0.5064765480769231 0.9455566995192307 0.5045134855769231 0.9818911514423078
11 0.2068653293269231 0.053480031250000004 0.2496083846153846 0.056117997596153844 0.25034959375 0.01786746875 0.20551064663461538 0.018674048076923078 0.2068653293269231 0.053480031250000004
11 0.2498554639423077 0.056997307692307694 0.29556335576923076 0.05787663701923077 0.29531630288461536 0.01962610576923077 0.2503695576923077 0.018674048076923078 0.2498554639423077 0.056997307692307694
11 0.38491044230769234 0.05304035576923077 0.43111249038461535 0.05128171634615385 0.4308654134615385 0.013470841346153846 0.38494628846153844 0.01471954326923077 0.38491044230769234 0.05304035576923077
11 0.38713406971153846 0.08953224759615384 0.43111249038461535 0.0899719014423077 0.43210077644230765 0.05040238701923077 0.38494628846153844 0.05294642067307693 0.38713406971153846 0.08953224759615384
11 0.43148088221153846 0.051741762019230766 0.47372980769230766 0.054379730769230764 0.47496514903846154 0.016568875 0.43054666826923077 0.01471954326923077 0.43148088221153846 0.051741762019230766
11 0.43073967307692307 0.08999229326923076 0.47496514903846154 0.0913112764423077 0.47521222596153845 0.05525906009615385 0.42980519711538456 0.053605504807692314 0.43073967307692307 0.08999229326923076