11 0.4632628485576923 0.95260834375 0.4215036730769231 0.9535720336538461 0.42094821875000005 0.9905862908653845 0.4631634230769231 0.9891057235576923 0.4632628485576923 0.95260834375
11 0.42183988942307693 0.8843748389423076 0.4210066875 0.9199085288461538 0.4634996394230769 0.9213890961538461 0.46373906730769227 0.8853346298076924 0.42183988942307693 0.8843748389423076
11 0.46246359134615384 0.8860228822115384 0.46201357451923075 0.8760600384615385 0.46201357451923075 0.8586989278846153 0.4623148076923077 0.85244565625 0.4213989831730769 0.8527100408653846 0.42110141826923075 0.8841721586538461 0.46246359134615384 0.8860228822115384
11 0.5517364350961539 0.9791081418269231 0.5929498245192307 0.9801656754807693 0.5930986177884615 0.9505542788461538 0.5929498245192307 0.9460597067307692 0.552480358173077 0.9452665264423078 0.5514388701923078 0.9672107115384615 0.5517364350961539 0.9791081418269231
11 0.5066860841346154 0.32698239903846155 0.4624105240384615 0.3257748028846154 0.46200278365384617 0.3660700192307692 0.5069953269230769 0.3660700192307692 0.5066860841346154 0.32698239903846155
11 0.6770912812500001 0.9402239471153847 0.6768829855769231 0.9750173677884616 0.7183344399038462 0.9746472043269231 0.7187818629807693 0.9396898677884615 0.6770912812500001 0.9402239471153847
11 0.636309391826923 0.9424343533653846 0.6365176875 0.9768576105769231 0.6769276490384615 0.9768576105769231 0.6776285721153846 0.9419014158653846 0.636309391826923 0.9424343533653846
11 0.6362545769230769 0.978065454326923 0.6362545769230769 0.9429019110576923 0.5937197620192308 0.9452384230769231 0.5941782211538462 0.9788057283653846 0.6362545769230769 0.978065454326923
11 0.677812295673077 0.9067118245192307 0.677395704326923 0.9407649447115385 0.7190554543269231 0.9422455048076923 0.7194720456730769 0.9056013990384616 0.677812295673077 0.9067118245192307
11 0.67811671875 0.8733989927884616 0.6772835216346155 0.9081923870192308 0.7193598774038462 0.9056013990384616 0.7199638221153847 0.8729167235576922 0.67811671875 0.8733989927884616
11 0.6790460769230768 0.840456298076923 0.6777962884615385 0.87413928125 0.7192477259615385 0.87413928125 0.7209454735576923 0.8395833894230769 0.6790460769230768 0.840456298076923
11 0.6793505024038461 0.8079122115384615 0.6787255985576923 0.8408548990384616 0.7195521490384615 0.8412250360576923 0.7208854110576923 0.8083148653846154 0.6793505024038461 0.8079122115384615
11 0.6802958173076923 0.7744000745192309 0.6796709326923077 0.8088233389423076 0.7213306658653846 0.8091934831730769 0.7227683413461539 0.7734861658653845 0.6802958173076923 0.7744000745192309
11 0.5950443245192308 0.9102124350961538 0.5946277163461539 0.943525295673077 0.6358708750000001 0.9427849783653847 0.6365650552884615 0.9095673076923076 0.5950443245192308 0.9102124350961538
11 0.636693110576923 0.9094916418269231 0.6373179975961538 0.8758086610576924 0.5954499519230769 0.8765489471153847 0.5954603798076923 0.8766236081730768 0.5948250649038461 0.910972204326923 0.636693110576923 0.9094916418269231
11 0.5962502596153846 0.8410152596153846 0.5956253581730769 0.8765489471153847 0.6372851081730769 0.8772892355769231 0.6382921706730769 0.8409754591346155 0.5962502596153846 0.8410152596153846
11 0.636868516826923 0.8050529975961538 0.5964585552884615 0.80542315625 0.5960419495192307 0.8405866995192308 0.6370768125 0.8405866995192308 0.6385525865384616 0.8055473389423077 0.636868516826923 0.8050529975961538
11 0.5968641850961538 0.7713310432692307 0.5960310024038461 0.8053841634615384 0.6374824399038462 0.8053841634615384 0.6385937451923076 0.7709717764423077 0.5968641850961538 0.7713310432692307
11 0.6362765024038463 0.9079915552884615 0.6356516177884616 0.9431551009615385 0.6771030697115384 0.9420446610576924 0.677752045673077 0.9081783894230769 0.6362765024038463 0.9079915552884615
11 0.63754821875 0.8747177163461538 0.6358818389423077 0.9091409735576923 0.6779581778846153 0.9091409735576923 0.67920796875 0.8750878533653845 0.63754821875 0.8747177163461538
11 0.6383375817307692 0.8405866923076922 0.6375043822115385 0.8742696538461538 0.6781226394230769 0.8746397908653846 0.6791364447115384 0.8402695528846155 0.6383375817307692 0.8405866923076922
11 0.6383375817307692 0.8069426586538462 0.6375043822115385 0.8417360576923076 0.6791641322115385 0.8421062019230768 0.6801781129807692 0.8077154567307693 0.6383375817307692 0.8069426586538462
11 0.6385458605769231 0.7717791081730769 0.6377126610576924 0.80842321875 0.6802056105769231 0.8095336442307691 0.6806989278846154 0.7734561899038461 0.6385458605769231 0.7717791081730769
11 0.6800197884615385 0.7391112740384614 0.6796031826923077 0.7731643942307692 0.7212629471153846 0.7731643942307692 0.7220961298076923 0.7391112740384614 0.6800197884615385 0.7391112740384614
11 0.6804523533653846 0.7037484326923077 0.6798274519230769 0.7392821225961538 0.72127890625 0.7392821225961538 0.7212058413461538 0.7054676586538461 0.6804523533653846 0.7037484326923077
11 0.6799236129807693 0.670834221153846 0.6792987259615385 0.7056276081730769 0.7199169807692307 0.7056276081730769 0.7208854110576923 0.6714213677884615 0.6799236129807693 0.670834221153846
11 0.5972279783653847 0.6706149350961539 0.5968124254807692 0.7056845216346154 0.6382638629807692 0.7053143774038462 0.6388541610576923 0.6703667115384615 0.5972279783653847 0.6706149350961539
11 0.6379850769230769 0.6697513076923076 0.6379850769230769 0.7049148533653846 0.67943653125 0.7041745504807693 0.6805034975961538 0.6698732139423077 0.6379850769230769 0.6697513076923076
11 0.6386794326923078 0.7364029302884615 0.6380545288461538 0.7726769014423076 0.6795059831730769 0.7737873245192308 0.6799999951923077 0.7361028846153845 0.6386794326923078 0.7364029302884615
11 0.5968004254807693 0.7382536370192307 0.5963838173076923 0.7723067427884616 0.6380435673076923 0.7734171802884616 0.6386349038461538 0.737491764423077 0.5968004254807693 0.7382536370192307
11 0.5964642283653846 0.7034342524038462 0.5954227331730769 0.7385977956730769 0.6372907788461538 0.7382276586538462 0.6380382908653845 0.7041324543269231 0.5964642283653846 0.7034342524038462
11 0.6795754326923077 0.7022004471153847 0.6381239783653846 0.7022004471153847 0.6372907788461538 0.7373639927884615 0.6789505288461538 0.7373639927884615 0.6791841225961538 0.7022500504807693 0.6795754326923077 0.7022004471153847
11 0.553212201923077 0.9087107956730769 0.5528391057692308 0.9452899302884615 0.5930493461538462 0.9443370048076923 0.59392809375 0.9087493076923077 0.553212201923077 0.9087107956730769
11 0.5119361754807692 0.9091734663461538 0.5108946778846154 0.9443370048076923 0.5525544278846154 0.9447997115384615 0.5525802139423077 0.9093280096153846 0.5119361754807692 0.9091734663461538
11 0.5107302139423078 0.9448241298076923 0.5094283461538461 0.9809130456730769 0.5510880961538461 0.9804503389423077 0.5520902307692308 0.9443052932692308 0.5107302139423078 0.9448241298076923
11 0.46993381490384617 0.9419018966346153 0.4686319471153846 0.9779908125 0.510333141826923 0.9786770913461538 0.51186796875 0.9443901874999999 0.46993381490384617 0.9419018966346153
11 0.4704956850961538 0.9097336346153846 0.4694541875 0.9430464350961538 0.5105931971153846 0.9453598245192307 0.5118950649038462 0.9106589591346155 0.4704956850961538 0.9097336346153846
11 0.5529518509615385 0.8783445216346154 0.5521707211538461 0.9102693269230768 0.5930493629807693 0.9111946850961539 0.5936025913461539 0.8767430216346154 0.5529518509615385 0.8783445216346154
11 0.5522529471153846 0.8765669086538461 0.5113743052884615 0.8774922331730769 0.5108535673076923 0.9108050673076923 0.5525133173076923 0.9126557692307693 0.5521484326923077 0.876932108173077 0.5522529471153846 0.8765669086538461
11 0.4694541875 0.8754223701923076 0.4689334471153846 0.9105858725961539 0.5103328269230769 0.9110485625 0.5108072860576923 0.8763648509615384 0.4694541875 0.8754223701923076
11 0.5510881153846154 0.8415494302884615 0.5503069879807693 0.8753249711538462 0.5917063677884615 0.875787608173077 0.5925848990384616 0.8421253581730769 0.5510881153846154 0.8415494302884615
11 0.510031326923077 0.841939045673077 0.50925021875 0.8775652716346154 0.5511703389423077 0.8784906658653846 0.5517166490384615 0.8429776610576922 0.510031326923077 0.841939045673077
11 0.4689334471153846 0.8421825865384616 0.4680155985576923 0.8773748966346153 0.5103328269230769 0.8773461586538461 0.5104817644230769 0.8424104326923078 0.4689334471153846 0.8421825865384616
11 0.5520336875 0.8082365865384615 0.5509921899038461 0.843400125 0.5918708125 0.8420120937500001 0.5922937572115384 0.8084445024038461 0.5520336875 0.8082365865384615
11 0.5105931971153846 0.8073112572115384 0.5100724375 0.8429374831730769 0.5512114495192308 0.8443255144230769 0.5524739519230769 0.8078658293269231 0.5105931971153846 0.8073112572115384
11 0.46831678365384616 0.8081635384615384 0.46831678365384616 0.841939045673077 0.5099765336538462 0.841939045673077 0.5099765336538462 0.8072381778846154 0.46831678365384616 0.8081635384615384
11 0.5938715865384615 0.773146125 0.5522118365384615 0.7722207475961539 0.5519514471153847 0.8083096538461538 0.593350826923077 0.8083096538461538 0.5943598774038461 0.7739113798076923 0.5938715865384615 0.773146125
11 0.5104150336538461 0.7747776490384616 0.5098942932692307 0.8094785168269231 0.5518144134615385 0.8094785168269231 0.5523609399038462 0.7745015384615385 0.5104150336538461 0.7747776490384616
11 0.4692349278846154 0.7740714663461539 0.4684538197115385 0.8092350216346154 0.5095928100961539 0.8101603822115385 0.5105880264423077 0.7727539807692309 0.4692349278846154 0.7740714663461539
11 0.5520336875 0.7385913509615385 0.5515129302884616 0.7746802572115384 0.5926519399038461 0.7732922091346153 0.592944798076923 0.7395673149038462 0.5520336875 0.7385913509615385
11 0.5101957740384615 0.7385182860576923 0.5094146466346154 0.7750698725961538 0.5513347860576923 0.7750698725961538 0.5518161610576923 0.7399569302884615 0.5101957740384615 0.7385182860576923
11 0.5111139350961539 0.7402228990384615 0.4694541875 0.7402228990384615 0.4684126875 0.7753864375 0.5108535673076923 0.774461076923077 0.5111328076923077 0.7395787764423076 0.5111139350961539 0.7402228990384615
11 0.5527216322115385 0.7049668197115384 0.5516801346153846 0.7405930456730769 0.5928191442307692 0.7387423341346153 0.5936329567307692 0.7045333966346153 0.5527216322115385 0.7049668197115384
11 0.5107841346153846 0.7054603341346154 0.5105237644230769 0.7387731706730769 0.5521835144230769 0.74016121875 0.5526651057692308 0.7050269134615385 0.5107841346153846 0.7054603341346154
11 0.46905678125 0.70737271875 0.4684541177884615 0.7429547067307692 0.5109909158653847 0.7410065865384615 0.5112563557692308 0.70612996875 0.46905678125 0.70737271875
11 0.5544576418269231 0.6714115024038462 0.5539369014423077 0.7047243100961539 0.5953362620192307 0.70657503125 0.5954386586538462 0.6709994182692308 0.5544576418269231 0.6714115024038462
11 0.5133186105769231 0.6709796682692308 0.5130582403846154 0.7066058870192309 0.5544576201923077 0.7075312451923076 0.5552692716346154 0.6713769278846153 0.5133186105769231 0.6709796682692308
11 0.47217957692307694 0.6723985360576923 0.4716588389423077 0.7075620913461538 0.5143600865384615 0.7066367307692307 0.5136025841346153 0.6712917403846154 0.47217957692307694 0.6723985360576923
11 0.4201527548076923 0.9193710432692307 0.42079366346153846 0.9546769350961538 0.4624534375 0.9546769350961538 0.46309434855769227 0.9188015817307692 0.4201527548076923 0.9193710432692307
11 0.4194949639423077 0.8170798100961538 0.41917448317307693 0.85181628125 0.46179564663461536 0.8540940673076923 0.46216271394230773 0.8176423533653847 0.4194949639423077 0.8170798100961538
11 0.41725174759615385 0.7828828389423077 0.41789268028846155 0.8187581923076923 0.46034143509615383 0.8177624639423077 0.4609608076923077 0.783709951923077 0.41725174759615385 0.7828828389423077
11 0.41661082211538464 0.7519826802884615 0.4169312764423077 0.784441341346154 0.4598728701923077 0.7861496875 0.46056014903846154 0.7510804182692308 0.41661082211538464 0.7519826802884615
11 0.4165939543269231 0.7151482451923077 0.4156325913461538 0.7510235985576923 0.45761279567307694 0.7521625024038462 0.45857415865384615 0.7134398990384615 0.4165939543269231 0.7151482451923077
11 0.4120344254807692 0.681053201923077 0.4101116730769231 0.7174980288461538 0.4536941754807692 0.7180674591346154 0.4546209495192307 0.681390579326923 0.4120344254807692 0.681053201923077
11 0.2122587860576923 0.9542273918269231 0.2122587860576923 0.9906721634615384 0.25520036778846156 0.9940888990384615 0.2556133269230769 0.9568662115384616 0.2122587860576923 0.9542273918269231
11 0.25541964423076924 0.9566550240384615 0.2547787331730769 0.9925303990384615 0.2964384831730769 0.99082203125 0.29749926923076925 0.9567322115384616 0.25541964423076924 0.9566550240384615
11 0.34022336057692304 0.9545570673076923 0.29664085817307695 0.9528487427884615 0.2956794951923077 0.9864463100961539 0.33830060817307694 0.9898630024038462 0.3391280432692308 0.9563426225961538 0.34022336057692304 0.9545570673076923
11 0.33863793028846156 0.9553063461538461 0.33799701923076925 0.9871955456730769 0.38061813461538463 0.9866261033653847 0.3814524855769231 0.9538162235576924 0.33863793028846156 0.9553063461538461
11 0.4214177163461538 0.9895032812500001 0.4214177163461538 0.9530585072115384 0.37975796634615383 0.9547668317307691 0.38007842067307696 0.9900727668269231 0.4214177163461538 0.9895032812500001
11 0.207013375 0.92024015625 0.207013375 0.9544071850961539 0.2493140360576923 0.9555460673076923 0.24996647596153845 0.9201517764423077 0.207013375 0.92024015625
11 0.205293 0.8860731490384615 0.205293 0.9208096201923077 0.247914125 0.9213790600961538 0.247914125 0.8849342668269231 0.205293 0.8860731490384615
11 0.2024257403846154 0.8520860168269231 0.20050297596153846 0.8856835600961539 0.24536732211538462 0.8856835600961539 0.24537804326923077 0.8528106225961539 0.2024257403846154 0.8520860168269231
11 0.37837490865384615 0.9161042115384616 0.37837490865384615 0.9531184471153846 0.4213164783653846 0.9519795649038462 0.42142228365384615 0.9178669663461538 0.37837490865384615 0.9161042115384616
11 0.37835806009615386 0.8827464134615385 0.37899896875 0.920330110576923 0.4209791730769231 0.9191912283653847 0.4218060769230769 0.8843663798076923 0.37835806009615386 0.8827464134615385
11 0.37857732692307694 0.849688360576923 0.37889778125 0.885563670673077 0.42055753125 0.8861331322115386 0.421839375 0.8485494110576923 0.37857732692307694 0.849688360576923
11 0.3766545504807692 0.8157610961538461 0.37697500480769236 0.8510669879807692 0.41959611778846156 0.8516364495192307 0.41930154807692305 0.8153660721153847 0.3766545504807692 0.8157610961538461
11 0.3762329158653846 0.7809946634615385 0.3755920048076923 0.8168700384615384 0.4185335745192308 0.815161670673077 0.4191745072115385 0.7804252644230769 0.3762329158653846 0.7809946634615385
11 0.37044780769230773 0.7121211346153846 0.3698068990384616 0.7468576274038461 0.41306894471153843 0.7491353918269231 0.4137098317307692 0.7121211778846154 0.37044780769230773 0.7121211346153846
11 0.37461373317307695 0.7466178100961538 0.3742932788461539 0.7796459350961539 0.41691441826923076 0.7824931850961538 0.4171805721153846 0.7479329038461539 0.37461373317307695 0.7466178100961538
11 0.36881510817307694 0.6777123798076924 0.36785371875000006 0.7124488389423077 0.41239761057692303 0.7147266370192308 0.41218293749999996 0.6784790600961539 0.36881510817307694 0.6777123798076924
11 0.3275185625 0.6781299879807693 0.3268776514423077 0.7145747836538461 0.3691783125 0.7145747836538461 0.36949876682692306 0.6798383341346154 0.3275185625 0.6781299879807693
11 0.3281302235576923 0.7140093221153846 0.3281302235576923 0.749315233173077 0.3697899735576923 0.749315233173077 0.3702964206730769 0.7146331923076924 0.3281302235576923 0.7140093221153846
11 0.3327516081730769 0.7472172812500001 0.33243115384615385 0.781384310096154 0.3352814735576923 0.7834803725961539 0.3744113581730769 0.7848010024038461 0.3751580745192308 0.7485534038461539 0.3327516081730769 0.7472172812500001
11 0.3335949350961539 0.7836920456730769 0.3329540024038461 0.8184285168269232 0.3752546850961539 0.8184285168269232 0.3750400120192308 0.7836036658653847 0.3335949350961539 0.7836920456730769
11 0.33391538942307697 0.8165103605769232 0.33423584375000004 0.8523857139423078 0.37685695913461537 0.8535246634615384 0.37685695913461537 0.8182187067307692 0.33391538942307697 0.8165103605769232
11 0.3376765408653846 0.8523857427884616 0.3370356322115385 0.8871221923076923 0.3793362908653846 0.8882611177884615 0.38048364663461537 0.8524401514423077 0.3376765408653846 0.8523857427884616
11 0.3373392451923077 0.8848444038461539 0.3363778557692308 0.9218586634615384 0.3802808125 0.9212891995192307 0.38060129326923076 0.8854138245192308 0.3373392451923077 0.8848444038461539
11 0.3379970120192307 0.9192211634615385 0.33671516826923076 0.9539576105769231 0.3799772163461539 0.9550965384615384 0.38040347836538463 0.9208411298076923 0.3379970120192307 0.9192211634615385
11 0.28613653846153847 0.6791170697115384 0.2851751514423077 0.7149924326923076 0.32747581009615384 0.7149924326923076 0.3287576778846154 0.6808254038461539 0.28613653846153847 0.6791170697115384
11 0.2859476153846154 0.7134398942307693 0.2856271610576923 0.7464679975961539 0.3288891971153846 0.7470374399038462 0.3289867548076923 0.7158325432692307 0.2859476153846154 0.7134398942307693
11 0.28772173076923074 0.7463252211538461 0.28676034134615386 0.782770016826923 0.3303428701923077 0.7833394783653845 0.3309305408653846 0.7477200216346154 0.28772173076923074 0.7463252211538461
11 0.2908420048076923 0.7791735072115386 0.2905215504807692 0.8156183028846153 0.3341040528846154 0.816187764423077 0.3341315360576923 0.7805893365384615 0.2908420048076923 0.7791735072115386
11 0.2924274278846154 0.9183291033653845 0.2921069495192308 0.9542044783653847 0.335689451923077 0.9542045216346153 0.33600993028846154 0.9183291033653845 0.2924274278846154 0.9183291033653845
11 0.29414778125 0.8824837427884616 0.2935068485576923 0.9183591394230769 0.33708935096153847 0.9189285384615384 0.3380507620192308 0.8824837427884616 0.29414778125 0.8824837427884616
11 0.29092636778846154 0.8488861706730769 0.2912468221153846 0.8864698701923076 0.3341884158653846 0.8853309639423077 0.3343682644230769 0.8512770649038461 0.29092636778846154 0.8488861706730769
11 0.2919045745192308 0.8148989855769231 0.2912636634615385 0.8524826850961538 0.33420523317307693 0.8524827067307693 0.334625375 0.8155815576923077 0.2919045745192308 0.8148989855769231
11 0.24371419471153846 0.6792400072115385 0.2427528076923077 0.7145459182692308 0.28537394471153843 0.7162542644230769 0.2859616177884615 0.6807776177884615 0.24371419471153846 0.6792400072115385
11 0.20100761298076925 0.6774556923076923 0.20100761298076925 0.715039423076923 0.24426966105769232 0.7167477475961538 0.24453022836538463 0.6775039663461538 0.20100761298076925 0.6774556923076923
11 0.19659315865384613 0.7125777932692308 0.19659315865384613 0.7478836923076924 0.2398552067307692 0.7495920384615384 0.24051588221153847 0.7137877403846153 0.19659315865384613 0.7125777932692308
11 0.24240200240384613 0.7135069086538461 0.24272245673076925 0.7488127884615385 0.28502313942307694 0.7499516923076922 0.2856912644230769 0.7137207403846154 0.24240200240384613 0.7135069086538461
11 0.19699793509615388 0.7471344062499999 0.19571609134615386 0.7841486634615384 0.23865768509615387 0.7852875697115385 0.2396190721153846 0.7494122163461537 0.19699793509615388 0.7471344062499999
11 0.24510060817307694 0.747673891826923 0.24445969951923077 0.7824103389423077 0.28740129326923075 0.7852575913461538 0.2871882163461538 0.7486210096153846 0.24510060817307694 0.747673891826923
11 0.1966774639423077 0.78378903125 0.19635700721153848 0.819094920673077 0.23929857692307693 0.8185254807692307 0.23961905528846156 0.7849279158653846 0.1966774639423077 0.78378903125
11 0.24189602163461538 0.7835492451923076 0.24125508653846153 0.8171467884615384 0.2835557716346154 0.8171467884615384 0.28422362980769234 0.7820967932692308 0.24189602163461538 0.7835492451923076
11 0.19905563221153846 0.8175664134615384 0.19937608653846153 0.8534417668269231 0.2423176802884615 0.85230290625 0.2429585889423077 0.8181358557692308 0.19905563221153846 0.8175664134615384
11 0.24618006009615384 0.8175664134615384 0.24553912500000002 0.8517334206730769 0.28848071875000003 0.8534417668269231 0.2884280144230769 0.8171310865384616 0.24618006009615384 0.8175664134615384
11 0.24700650480769232 0.8515236562499999 0.2473269591346154 0.8862600600961539 0.2896276177884615 0.8862600600961539 0.2902685504807692 0.8515236562499999 0.24700650480769232 0.8515236562499999
11 0.2512062139423077 0.8851211778846154 0.25056527884615387 0.9204270673076922 0.29318641826923075 0.9215659711538462 0.29385560576923075 0.8847279038461539 0.2512062139423077 0.8851211778846154
11 0.24958703124999998 0.9198576995192307 0.2483051875 0.9574413774038462 0.29124678125 0.9574413774038462 0.29159525 0.91962821875 0.24958703124999998 0.9198576995192307
11 0.6802302572115385 0.6187565528846153 0.6810113846153846 0.6553081298076923 0.7244937403846153 0.6566961971153845 0.7239730024038462 0.618293889423077 0.6802302572115385 0.6187565528846153
11 0.6819660673076923 0.5811254182692308 0.6822264350961539 0.6186023557692307 0.7270106778846154 0.6195277163461538 0.7268451201923077 0.5824266826923077 0.6819660673076923 0.5811254182692308
11 0.6821397115384615 0.5464245624999999 0.6826604519230769 0.5834388197115384 0.7274446754807692 0.5834388197115384 0.7272139831730768 0.5462217644230769 0.6821397115384615 0.5464245624999999
11 0.689169766826923 0.5086391129807692 0.68943015625 0.5479667716346154 0.7349955072115384 0.5479667716346154 0.7348299495192308 0.5102870336538461 0.689169766826923 0.5086391129807692
11 0.6889961875 0.4739382620192308 0.6892565576923076 0.5128032379807692 0.73404078125 0.5114151995192308 0.7340704591346154 0.4761648870192308 0.6889961875 0.4739382620192308
11 0.6891697620192307 0.4387747355769231 0.688909391826923 0.4757890096153846 0.7347351129807692 0.4781024014423077 0.7343091826923077 0.43891859375000003 0.6891697620192307 0.4387747355769231
11 0.6870000288461539 0.4016062740384615 0.6872603990384616 0.43954589182692305 0.7325653798076923 0.4390832115384615 0.7323998197115384 0.4023288365384615 0.6870000288461539 0.4016062740384615
11 0.6866528629807692 0.3639750889423077 0.6863924735576923 0.4019147259615385 0.7311767163461538 0.4028400673076923 0.7317271346153846 0.36504430769230767 0.6866528629807692 0.3639750889423077
11 0.684396266826923 0.3254185456730769 0.684396266826923 0.36382084375 0.7304823774038461 0.36520887500000004 0.7300564495192308 0.32787721875 0.684396266826923 0.3254185456730769
11 0.6394859278846153 0.3263186057692308 0.6407677692307693 0.36618011298076925 0.6846707283653846 0.3667495432692308 0.6850285072115384 0.3286534182692308 0.6394859278846153 0.3263186057692308
11 0.6424767596153846 0.3664173846153846 0.6424767596153846 0.4034316322115385 0.6867001971153847 0.4057094423076923 0.6874586177884615 0.3663316129807692 0.6424767596153846 0.3664173846153846
11 0.6435984254807692 0.40096397115384613 0.6429575144230769 0.4396865961538462 0.6881423413461539 0.4408254807692308 0.6873136033653846 0.4014932211538461 0.6435984254807692 0.40096397115384613
11 0.6440257500000001 0.4750399759615384 0.6437052716346153 0.5149014831730769 0.687928733173077 0.5149014831730769 0.6888900721153846 0.47560941586538463 0.6440257500000001 0.4750399759615384
11 0.6390051466346154 0.5143794831730769 0.6380437572115384 0.5502548365384615 0.6822672187500001 0.5491159759615385 0.6826390745192307 0.5132459230769231 0.6390051466346154 0.5143794831730769
11 0.6380705384615385 0.5498277716346154 0.6380705384615385 0.5874114711538462 0.6829348846153847 0.5874114711538462 0.6829348846153847 0.5509666754807692 0.6380705384615385 0.5498277716346154
11 0.6380170769230769 0.5856082163461539 0.6380170769230769 0.6214835913461538 0.6819200336538462 0.6226224735576923 0.6817309230769231 0.5849451153846154 0.6380170769230769 0.5856082163461539
11 0.68167971875 0.6596841850961539 0.6813592403846154 0.621531 0.6374999927884615 0.621174545673077 0.6374562836538461 0.6579758173076923 0.68167971875 0.6596841850961539
11 0.5945781514423077 0.6213769014423077 0.5945781514423077 0.657774264423077 0.6376265649038462 0.6590081009615385 0.6374133124999999 0.6225282596153847 0.5945781514423077 0.6213769014423077
11 0.5966611346153846 0.3283473028846154 0.5963139759615385 0.36597846874999995 0.6414453701923077 0.36782919951923077 0.6407510240384616 0.3289642115384615 0.5966611346153846 0.3283473028846154
11 0.5970082932692308 0.3659784927884615 0.5977026129807692 0.4036096442307692 0.6424868485576922 0.4036096442307692 0.6425350649038462 0.36666476923076924 0.5970082932692308 0.3659784927884615
11 0.5977026394230769 0.40360965624999995 0.5973554519230769 0.4418577163461539 0.6424868485576922 0.4412408197115385 0.64218790625 0.4041640144230769 0.5977026394230769 0.40360965624999995
11 0.6001327788461539 0.44000700721153846 0.6001327788461539 0.4751705576923077 0.6456113341346155 0.4770212644230769 0.645486391826923 0.44073884375000005 0.6001327788461539 0.44000700721153846
11 0.59909125 0.4776381706730769 0.5983969302884615 0.5146524278846154 0.6435283269230769 0.5152693245192308 0.6434899639423077 0.4787002860576923 0.59909125 0.4776381706730769
11 0.5943548653846153 0.5139468365384615 0.5943548653846153 0.54963915625 0.6385439639423077 0.5506967115384616 0.6387155 0.5140188774038461 0.5943548653846153 0.5139468365384615
11 0.5949004158653847 0.5508729711538461 0.5949004158653847 0.586829673076923 0.6384943846153847 0.5873584615384615 0.6381077620192308 0.5509669759615384 0.5949004158653847 0.5508729711538461
11 0.5952856442307692 0.5866116634615385 0.5957320024038462 0.622303983173077 0.6388796009615384 0.621775204326923 0.6384548942307693 0.5866812620192308 0.5952856442307692 0.5866116634615385
11 0.5553438004807693 0.43717857211538463 0.5555752403846154 0.4770716947115385 0.6002437572115384 0.4783055168269231 0.6002081899038462 0.43837193509615385 0.5553438004807693 0.43717857211538463
11 0.5501569951923077 0.33068765625 0.550677733173077 0.36908994471153844 0.5959827163461539 0.36908994471153844 0.5962430841346154 0.33068764182692306 0.5501569951923077 0.33068765625
11 0.5984128894230769 0.3667765408653846 0.5512852836538461 0.3672392307692308 0.5520664110576923 0.4065668798076923 0.5978921322115385 0.4051788485576923 0.5972645 0.36778810817307694 0.5984128894230769 0.3667765408653846
11 0.5525871298076923 0.4024027836538462 0.5533682379807693 0.4417304326923077 0.5989335889423077 0.4417304326923077 0.5981525 0.40332813461538464 0.5525871298076923 0.4024027836538462
11 0.5535418966346154 0.47612281009615387 0.5540626370192308 0.5140624278846154 0.6001486875 0.5163758173076923 0.599888358173077 0.47566013942307694 0.5535418966346154 0.47612281009615387
11 0.5964166850961539 0.5137539903846154 0.5495494663461539 0.5142166634615385 0.5500702043269231 0.553081639423077 0.5964166850961539 0.5516936081730769 0.5959193365384615 0.5152282283653846 0.5964166850961539 0.5137539903846154
11 0.549983423076923 0.5487633221153846 0.5512852884615385 0.5876283004807692 0.5952884038461538 0.588553641826923 0.5945072764423076 0.5487633413461539 0.549983423076923 0.5487633221153846
11 0.5514588629807693 0.5854691322115385 0.5514588629807693 0.62340875 0.5946808293269231 0.6238714399038462 0.59494121875 0.5877825240384615 0.5514588629807693 0.5854691322115385
11 0.594333670673077 0.6224833317307692 0.5503305745192308 0.6224833317307692 0.5508513149038461 0.6608856394230769 0.5938129110576923 0.6618109807692308 0.5938129110576923 0.6261847884615384 0.594333670673077 0.6224833317307692
11 0.5079764855769231 0.6217122379807692 0.5077160985576923 0.6610398846153847 0.5509380841346154 0.6628906057692308 0.55175796875 0.6249190432692308 0.5079764855769231 0.6217122379807692
11 0.5070217788461538 0.586857170673077 0.5067614086538461 0.6234087572115385 0.5512852836538461 0.6280355384615385 0.5513891706730769 0.5879584110576923 0.5070217788461538 0.586857170673077
11 0.5068482067307692 0.5504597908653847 0.5065878365384615 0.5883994086538462 0.5518928173076924 0.5902501274038461 0.5511502307692308 0.5515382692307692 0.5068482067307692 0.5504597908653847
11 0.5119688774038461 0.47720241586538464 0.511448139423077 0.5160673774038462 0.5557116225961539 0.5165300649038461 0.5554512331730769 0.4790531201923077 0.5119688774038461 0.47720241586538464
11 0.5122292475961538 0.4394170168269231 0.5122292475961538 0.4764312740384616 0.5562323629807693 0.4778193052884615 0.5562719831730769 0.4401979423076923 0.5122292475961538 0.4394170168269231
11 0.5076293269230769 0.40116896875 0.5081500865384615 0.4400339471153846 0.5531946995192307 0.44188464903846153 0.5534550480769231 0.40348236057692305 0.5076293269230769 0.40116896875
11 0.5064142427884616 0.3269862091346154 0.5058935048076922 0.36631386057692306 0.5509380961538461 0.36955262259615385 0.5506515480769231 0.32920143990384615 0.5064142427884616 0.3269862091346154
11 0.5513949206730769 0.3675308317307693 0.5071953774038461 0.3652342932692308 0.5069350096153846 0.40224855048076924 0.5527607283653846 0.40502461298076925 0.5513949206730769 0.3675308317307693
11 0.4624979447115385 0.36600544471153845 0.46275831490384617 0.4030197019230769 0.5072821682692308 0.4053330913461538 0.5064023798076923 0.3674341225961539 0.4624979447115385 0.36600544471153845
11 0.46215078605769233 0.40055206009615385 0.4608489182692308 0.43941702884615386 0.5077161370192308 0.4445064831730769 0.5073573052884616 0.40501163701923076 0.46215078605769233 0.40055206009615385
11 0.4662299471153846 0.4420388846153846 0.46492807932692304 0.48506795673076925 0.5143990336538462 0.49108276923076927 0.5152779975961539 0.4495336298076923 0.4662299471153846 0.4420388846153846
11 0.4604149230769231 0.5094356682692308 0.4604149230769231 0.5469126322115385 0.5046784062499999 0.5510767091346154 0.5054257908653846 0.5160463413461538 0.4604149230769231 0.5094356682692308
11 0.5061538798076923 0.5173011658653845 0.5071953774038461 0.48074959855769234 0.46022169951923075 0.47692367067307695 0.46006779086538463 0.5145251033653846 0.5061538798076923 0.5173011658653845
11 0.4611960576923077 0.5461414855769231 0.46015456009615385 0.5840810841346153 0.5049388028846153 0.5891705721153846 0.5058162548076923 0.5496493701923076 0.4611960576923077 0.5461414855769231
11 0.46180360576923074 0.5837726370192308 0.46128286778846156 0.6193988461538461 0.5060670913461538 0.6244883341346154 0.5065878485576923 0.587474076923077 0.46180360576923074 0.5837726370192308
11 0.46371302884615384 0.6206326129807693 0.46267153125000005 0.6567215264423076 0.5074557548076923 0.6631990288461539 0.5084637235576923 0.6261528100961539 0.46371302884615384 0.6206326129807693
11 0.41467596634615383 0.3237474735576923 0.41441559615384616 0.3635378028846154 0.4607620552884616 0.3653885144230769 0.4602000072115385 0.3274653389423077 0.41467596634615383 0.3237474735576923
11 0.41615149278846153 0.3647716153846154 0.4171929903846153 0.40271122355769234 0.4627583413461539 0.40409926442307686 0.4627826153846154 0.36631489423076924 0.41615149278846153 0.3647716153846154
11 0.4145892019230769 0.4005520480769231 0.4140684639423077 0.4394170168269231 0.4609356826923077 0.44080504807692306 0.4611549591346154 0.4026968100961538 0.4145892019230769 0.4005520480769231
11 0.4562489519230769 0.43849166826923075 0.4117250985576923 0.4398796995192308 0.4122458389423077 0.4792073485576923 0.4583319471153846 0.47828200721153846 0.4575742283653846 0.4408912644230769 0.4562489519230769 0.43849166826923075
11 0.4596338221153846 0.5137539855769231 0.4596338221153846 0.4767397283653846 0.4133683389423077 0.4773113846153846 0.4145892091346154 0.51421665625 0.4596338221153846 0.5137539855769231
11 0.4145024134615385 0.5140624735576923 0.41476278125 0.5524647283653846 0.45980737499999996 0.5533901225961538 0.4595706322115385 0.5144248269230769 0.4145024134615385 0.5140624735576923
11 0.4133741057692308 0.5523105456730769 0.41415523317307695 0.5897874567307693 0.4591998269230769 0.5902501274038461 0.45972058413461536 0.5532358701923077 0.4133741057692308 0.5523105456730769
11 0.41719294471153845 0.58762821875 0.41771370192307694 0.6232544615384616 0.4622375552884615 0.6255678533653846 0.4618709423076923 0.5873414471153846 0.41719294471153845 0.58762821875
11 0.41580433894230767 0.6240256754807691 0.4165854471153846 0.6642786658653846 0.46136968990384614 0.6624279471153846 0.46136968990384614 0.6254136875 0.41580433894230767 0.6240256754807691
11 0.37047056250000004 0.6268823557692307 0.37125168990384616 0.6652846610576924 0.41577556490384615 0.6652846610576924 0.4147790721153846 0.627772923076923 0.37047056250000004 0.6268823557692307
11 0.6117499206730769 0.22450657451923076 0.6120103100961539 0.26059545432692305 0.6573152716346153 0.26290884615384613 0.657054920673077 0.22496924519230768 0.6117499206730769 0.22450657451923076
11 0.3677800456730769 0.32259433653846153 0.3685611730769231 0.3628473461538461 0.414386875 0.3628473461538461 0.41391116105769227 0.3239931177884615 0.3677800456730769 0.32259433653846153
11 0.4171642139423077 0.39924468750000003 0.41586234855769233 0.3608424158653846 0.3696836298076923 0.3609919519230769 0.37081773557692305 0.40155807932692306 0.4171642139423077 0.39924468750000003
11 0.4138661346153846 0.44103997115384613 0.4136057860576923 0.4031003557692308 0.3667385480769231 0.4026376923076923 0.3683007836538461 0.4433533629807692 0.4138661346153846 0.44103997115384613
11 0.36595744471153846 0.44242800240384617 0.36699892307692306 0.48221832451923075 0.4128246442307692 0.48221832451923075 0.4123484975961539 0.44216328125 0.36595744471153846 0.44242800240384617
11 0.3674328653846154 0.4791337956730769 0.3682139951923077 0.5179987548076923 0.41351897596153847 0.5193868052884615 0.41299823798076923 0.47867110817307695 0.3674328653846154 0.4791337956730769
11 0.3682139951923077 0.5167649711538462 0.3689951033653846 0.5542419014423077 0.4143001033653846 0.5547045889423077 0.41395443750000005 0.5173565600961538 0.3682139951923077 0.5167649711538462
11 0.4147340264423077 0.5528539110576923 0.36864793749999997 0.5537792716346154 0.36942906490384614 0.5921815600961539 0.41389427163461534 0.5907130528846154 0.4132815336538461 0.5540469831730769 0.4147340264423077 0.5528539110576923
11 0.3709913004807692 0.5903307860576923 0.3717724302884615 0.6287330937500001 0.4168170432692308 0.6287330937500001 0.4165566538461538 0.5926441778846153 0.3709913004807692 0.5903307860576923
11 0.32210626682692306 0.3256788605769231 0.32314776442307697 0.36593187019230766 0.36819237499999996 0.36593187019230766 0.3669928846153846 0.32696304086538464 0.32210626682692306 0.3256788605769231
11 0.3233213221153846 0.3648522716346154 0.3243628221153846 0.4037172596153846 0.3709696899038461 0.4046426009615385 0.3707093004807692 0.36531495192307695 0.3233213221153846 0.3648522716346154
11 0.36888669471153845 0.44443293028846154 0.36784519711538466 0.4046426009615385 0.3217887644230769 0.40632184375 0.3222798461538462 0.4439702572115385 0.36888669471153845 0.44443293028846154
11 0.32080437980769233 0.4421195625 0.32132513701923077 0.48052185096153843 0.36741122836538465 0.4795964903846154 0.36741122836538465 0.4411942019230769 0.32080437980769233 0.4421195625
11 0.36914704326923076 0.5186156802884615 0.36810554567307696 0.4811387331730769 0.32254019471153844 0.48206409375000003 0.3235816923076923 0.5200037475961539 0.36914704326923076 0.5186156802884615
11 0.36897346394230773 0.5554756899038462 0.36871309375 0.5179987620192308 0.3224614447115384 0.5185903509615385 0.32340811298076927 0.5564010865384615 0.36897346394230773 0.5554756899038462
11 0.3680187764423077 0.5912561105769231 0.3680187764423077 0.5547045432692308 0.3227436899038461 0.5543935504807692 0.3232345528846154 0.5903307692307692 0.3680187764423077 0.5912561105769231
11 0.3720979903846154 0.6291958173076923 0.3713168629807692 0.5921815600961539 0.32682331490384614 0.5925866418269231 0.3270533581730769 0.6296584879807692 0.3720979903846154 0.6291958173076923
11 0.36246414182692305 0.6652846971153846 0.37157721153846157 0.6638966490384616 0.3720979519230769 0.6648220264423077 0.3713168221153846 0.6273450985576924 0.32679296875 0.62641971875 0.3273137283653846 0.6648220264423077 0.36246414182692305 0.6652846971153846
11 0.28200874519230773 0.6278077331730769 0.2822691346153846 0.6652846610576924 0.3260118605769231 0.6657473677884614 0.3260421875 0.6291609711538461 0.28200874519230773 0.6278077331730769
11 0.27758239182692307 0.3295344951923077 0.2783635216346154 0.36932481971153847 0.32340811298076927 0.36886214663461536 0.3234380072115384 0.33116675 0.27758239182692307 0.3295344951923077
11 0.27775597115384615 0.3673198990384616 0.27827673076923076 0.40618488461538466 0.3248835793269231 0.40664754807692305 0.3237418894230769 0.3687443052884615 0.27775597115384615 0.3673198990384616
11 0.27549938942307695 0.40618488461538466 0.27602014903846156 0.44273644471153845 0.3213251105769231 0.4450498365384616 0.32174546153846156 0.40636004567307693 0.27549938942307695 0.40618488461538466
11 0.2817483774038462 0.5903307860576923 0.28200874519230773 0.62780775 0.3273137283653846 0.6296584350961538 0.32656292548076926 0.5917772788461538 0.2817483774038462 0.5903307860576923
11 0.27541262740384614 0.44211955048076923 0.27541262740384614 0.48098452884615384 0.3212383485576923 0.48098452884615384 0.3217887644230769 0.44451630048076923 0.27541262740384614 0.44211955048076923
11 0.2759333653846154 0.4766661802884615 0.2764541057692308 0.5169192259615385 0.3214987163461539 0.5178445504807693 0.32113772355769227 0.4785070072115385 0.2759333653846154 0.4766661802884615
11 0.32444961057692306 0.5172276490384615 0.2773220240384615 0.5163022884615385 0.2781031322115385 0.556555298076923 0.32340811298076927 0.556555298076923 0.3234380072115384 0.5180498605769231 0.32444961057692306 0.5172276490384615
11 0.27879746875 0.5548588485576923 0.2793182283653846 0.5923357956730769 0.32358171153846155 0.5923357956730769 0.3230609543269231 0.5557841899038461 0.27879746875 0.5548588485576923
11 0.2321906418269231 0.3222858966346154 0.23193027163461538 0.36068818509615386 0.2769748846153846 0.36300157451923076 0.2764764543269231 0.32483923557692307 0.2321906418269231 0.3222858966346154
11 0.23028121875000002 0.3614593125 0.23028121875000002 0.39801088942307694 0.2763673076923077 0.4021750096153846 0.27612926682692307 0.3618380649038461 0.23028121875000002 0.3614593125
11 0.22915293028846154 0.3963143894230769 0.22863217307692307 0.4370300625 0.27549938942307695 0.43888076442307694 0.27552150240384615 0.3999560793269231 0.22915293028846154 0.3963143894230769
11 0.2763673341346154 0.43641317788461537 0.23054159375 0.43595049038461536 0.23054159375 0.47527813942307695 0.27506546875 0.47759152884615386 0.27586868990384616 0.43695493750000003 0.2763673341346154 0.43641317788461537
11 0.2311491418269231 0.4738901081730769 0.2311491418269231 0.5136804447115385 0.2767144951923077 0.5155311466346154 0.2758903269230769 0.4751493822115384 0.2311491418269231 0.4738901081730769
11 0.2786238894230769 0.55069475 0.27758239182692307 0.5141431442307692 0.2322774110576923 0.5132177860576923 0.23164113221153848 0.5123010384615385 0.23357927884615387 0.5511573846153847 0.2786238894230769 0.55069475
11 0.27966538701923077 0.589559673076923 0.27940499759615384 0.5511573846153847 0.23359425721153848 0.5499167788461539 0.23383964663461537 0.5881716610576923 0.27966538701923077 0.589559673076923
11 0.28122763701923076 0.6250317235576923 0.28122763701923076 0.5884801370192307 0.23554739663461538 0.5884197019230769 0.2356622860576923 0.6231810048076922 0.28122763701923076 0.6250317235576923
11 0.28200874519230773 0.6634339423076923 0.28200874519230773 0.6264196850961539 0.23697976201923077 0.6246459158653846 0.23774526201923077 0.6629712716346153 0.28200874519230773 0.6634339423076923
11 0.1853233966346154 0.3227485793269231 0.1853233966346154 0.3620762235576923 0.23140950480769232 0.36531496634615385 0.2315545528846154 0.32599664423076924 0.1853233966346154 0.3227485793269231
11 0.18376118509615386 0.3599170456730769 0.1832404375 0.39739398317307695 0.23088877403846153 0.4020207644230769 0.23057801682692308 0.3641146754807692 0.18376118509615386 0.3599170456730769
11 0.18219891346153846 0.3981651346153846 0.18141779326923077 0.43795544471153847 0.22880577163461538 0.4416568677884615 0.22829934375 0.40354293269230773 0.18219891346153846 0.3981651346153846
11 0.18523662259615387 0.4345624591346154 0.18497625240384613 0.4734274350961538 0.23080198317307693 0.4762034975961538 0.23062129326923075 0.4392697524038462 0.18523662259615387 0.4345624591346154
11 0.1853233966346154 0.47466125 0.18428190865384617 0.5112128365384615 0.2311491153846154 0.5158396009615385 0.23025246875 0.4781193052884615 0.1853233966346154 0.47466125
11 0.18575734615384618 0.5115212884615384 0.18653846394230772 0.5494608894230769 0.23236419471153846 0.5526996394230769 0.2328849326923077 0.5147600408653846 0.18575734615384618 0.5115212884615384
11 0.18714601923076923 0.5483813581730769 0.18714601923076923 0.5867836129807692 0.23297174999999998 0.589559673076923 0.23324709855769232 0.55223159375 0.18714601923076923 0.5483813581730769
11 0.18957617548076922 0.5857040408653846 0.18957617548076922 0.6250316874999999 0.23436040865384616 0.6264197379807693 0.2350266466346154 0.5894610769230769 0.18957617548076922 0.5857040408653846
11 0.19348177884615386 0.6236436586538462 0.19322139903846153 0.6606579158653846 0.238266 0.6629713052884616 0.238266 0.6273450625 0.19348177884615386 0.6236436586538462
11 0.6985646418269231 0.25606928125 0.6993457716346154 0.2963222716346154 0.7425677379807692 0.29447155288461535 0.7424266225961538 0.25763888942307694 0.6985646418269231 0.25606928125
11 0.7439563870192308 0.2579199663461539 0.7444771274038462 0.2195176778846154 0.7001305264423077 0.22002314903846154 0.70047403125 0.2574572956730769 0.7439563870192308 0.2579199663461539
11 0.7461261538461539 0.2247613846153846 0.7463865432692308 0.18635909615384616 0.7033424591346153 0.18603244230769228 0.7029041874999999 0.22105996153846152 0.7461261538461539 0.2247613846153846
11 0.747948798076923 0.18589638221153845 0.7487298870192307 0.14980748557692308 0.7062890504807692 0.14795676442307693 0.7055079206730769 0.1849710216346154 0.747948798076923 0.18589638221153845
11 0.7500317548076924 0.14872791346153846 0.7505525336538461 0.11078829567307692 0.7065976658653846 0.11006944471153846 0.7068097884615384 0.14826524278846154 0.7500317548076924 0.14872791346153846
11 0.7039456778846154 0.07115220913461538 0.7039456778846154 0.11047984855769231 0.7474280336538462 0.11279323798076923 0.7478738701923077 0.07596411778846154 0.7039456778846154 0.07115220913461538
11 0.70611546875 0.03136187259615385 0.7053343413461538 0.07068951442307693 0.7485563485576924 0.07439094471153845 0.7491976201923076 0.03765507692307692 0.70611546875 0.03136187259615385
11 0.7057249927884615 0.0006169302884615385 0.7054646442307693 0.03471668990384615 0.7499884783653846 0.03934347115384615 0.7504997019230769 0.002468783653846154 0.7057249927884615 0.0006169302884615385
11 0.655733329326923 0.2578817740384615 0.655733329326923 0.2972094230769231 0.6989552956730769 0.295821375 0.6991323533653847 0.26003008653846155 0.655733329326923 0.2578817740384615
11 0.7000835697115384 0.26281698076923077 0.7006043076923076 0.22487737980769232 0.6561202716346154 0.22376275721153846 0.6563408245192307 0.26142896634615387 0.7000835697115384 0.26281698076923077
11 0.6580766730769232 0.18539554326923074 0.6575559350961538 0.2233351610576923 0.7023401586538461 0.22657389423076923 0.7023875600961538 0.18830906490384616 0.6580766730769232 0.18539554326923074
11 0.6596388774038461 0.14976934134615386 0.6593784879807691 0.18724626923076923 0.7023401057692307 0.18909702403846154 0.7030385504807692 0.15358686778846153 0.6596388774038461 0.14976934134615386
11 0.7037287812499999 0.15347071634615383 0.7047702596153846 0.11645645913461539 0.6600265216346154 0.11423496875 0.6599860360576923 0.15254535576923078 0.7037287812499999 0.15347071634615383
11 0.6601596418269231 0.07589503365384616 0.6593785552884615 0.11522267548076924 0.7039023870192308 0.11661070673076922 0.7046012644230769 0.07839355288461539 0.6601596418269231 0.07589503365384616
11 0.6605068413461539 0.039497670673076926 0.6597257139423077 0.07697459134615385 0.7039891971153847 0.08113871153846154 0.7045579879807692 0.041973411057692304 0.6605068413461539 0.039497670673076926
11 0.7052910120192308 0.04103993269230769 0.7052910120192308 0.0003242403846153846 0.6609381442307692 0.0012731490384615385 0.6605067884615384 0.03826384375 0.7052910120192308 0.04103993269230769
11 0.6563408629807692 0.26220008653846155 0.6139000072115385 0.2612747427884615 0.6131188774038462 0.2987516730769231 0.6560805144230769 0.30060239182692305 0.6565107884615385 0.2619190096153846 0.6563408629807692 0.26220008653846155
11 0.6140735528846154 0.18786310096153847 0.6130320552884615 0.2248773581730769 0.6572955576923077 0.22719074759615385 0.6574007451923076 0.18961921394230769 0.6140735528846154 0.18786310096153847
11 0.614681048076923 0.1496150769230769 0.6136395504807692 0.1866293341346154 0.6581634038461538 0.18894272355769232 0.6580084567307692 0.1525058173076923 0.614681048076923 0.1496150769230769
11 0.6591181658653846 0.15408763942307693 0.6593785552884615 0.11661069471153847 0.6157340769230769 0.1155451875 0.6151150504807692 0.15269959134615385 0.6591181658653846 0.15408763942307693
11 0.617458420673077 0.07574079807692308 0.6169376826923076 0.11460576682692307 0.6612011466346155 0.11645648798076923 0.6610464158653847 0.07904866346153847 0.617458420673077 0.07574079807692308
11 0.6170244663461539 0.03749270432692308 0.6167640961538462 0.07728302403846153 0.6599861033653845 0.07728302403846153 0.6599861033653845 0.040731447115384616 0.6170244663461539 0.03749270432692308
11 0.6185867091346153 0.0006168822115384615 0.6185867091346153 0.037955375 0.6610276081730769 0.040731447115384616 0.6616541802884615 0.0024687355769230767 0.6185867091346153 0.0006168822115384615
11 0.5712855216346153 0.25973250721153845 0.5712855216346153 0.3009108389423077 0.6139867692307692 0.3009108389423077 0.6138891706730769 0.2630382259615385 0.5712855216346153 0.25973250721153845
11 0.5723270192307692 0.22518589423076923 0.5718062620192308 0.2626628389423077 0.614247139423077 0.26405085336538464 0.6145402139423077 0.2271968341346154 0.5723270192307692 0.22518589423076923
11 0.5713723052884615 0.18832586538461538 0.5700704375 0.22626551682692309 0.6130320552884615 0.22904154567307694 0.6141064735576923 0.19019801201923076 0.5713723052884615 0.18832586538461538
11 0.615462235576923 0.15300798557692308 0.5719798798076924 0.14884389182692306 0.5717194903846153 0.18909688461538463 0.6149414975961538 0.19048493269230768 0.6154302211538462 0.15312266586538462 0.615462235576923 0.15300798557692308
11 0.5731081225961538 0.1121381298076923 0.5728477524038461 0.1496150769230769 0.6158093677884615 0.15331649759615384 0.6165904975961538 0.11537687980769232 0.5731081225961538 0.1121381298076923
11 0.5732817475961538 0.07527809615384616 0.5727609879807692 0.11460574519230769 0.6165037331730769 0.11738180769230769 0.6164067836538462 0.07846993509615384 0.5732817475961538 0.07527809615384616
11 0.5729173461538462 0.03710037259615385 0.5729173461538462 0.07539582932692307 0.6166272692307693 0.07848417307692308 0.6173617163461539 0.03965898557692308 0.5729173461538462 0.03710037259615385
11 0.6180146033653846 0.04018946875 0.6183615 0.0037470144230769232 0.5744798076923077 0.0027766346153846157 0.5739577836538461 0.03771879567307693 0.6180146033653846 0.04018946875
11 0.5295543653846153 0.003744769230769231 0.5288605528846154 0.03956954086538462 0.5746518677884616 0.04327554326923077 0.5746518677884616 0.003744769230769231 0.5295543653846153 0.003744769230769231
11 0.5292072307692307 0.04018871634615385 0.5288603197115385 0.07663119471153847 0.5722233149038461 0.07910184375000001 0.57274375 0.04120219471153846 0.5292072307692307 0.04018871634615385
11 0.5715295192307692 0.11924801923076923 0.5729171394230769 0.08033487980769231 0.527604860576923 0.077775125 0.5278196105769231 0.11677733413461538 0.5715295192307692 0.11924801923076923
11 0.5722238365384615 0.11615891105769231 0.5278201177884616 0.11615891105769231 0.52816703125 0.15383669471153846 0.5715300120192308 0.15692503846153846 0.5725700120192307 0.11774387259615385 0.5722238365384615 0.11615891105769231
11 0.5715302475961539 0.1915152451923077 0.5722240721153846 0.1532197764423077 0.5282122836538462 0.15184917548076923 0.5281672524038462 0.19027990144230772 0.5715302475961539 0.1915152451923077
11 0.5697957283653846 0.22919305288461536 0.5715302475961539 0.19089758653846156 0.5277782572115385 0.19042944711538462 0.5267796442307693 0.22857539423076922 0.5697957283653846 0.22919305288461536
11 0.5712090721153846 0.2655141394230769 0.5715295288461538 0.2273609783653846 0.5270237596153846 0.22810748557692306 0.5273060913461538 0.2655141394230769 0.5712090721153846 0.2655141394230769
11 0.5270415769230768 0.26402525721153847 0.5267442355769231 0.3021442475961539 0.570454125 0.30320309375 0.5709329471153846 0.2644601826923077 0.5270415769230768 0.26402525721153847
11 0.5266446009615385 0.3082303725961539 0.5275366466346154 0.2695819591346154 0.48234001442307695 0.26481707692307693 0.48281303365384615 0.2663108677884615 0.4820426610576923 0.30187720432692305 0.5266446009615385 0.3082303725961539
11 0.5275366466346154 0.2699364567307692 0.5266446009615385 0.23128805528846152 0.48281303365384615 0.2267172908653846 0.4817453197115385 0.2641127115384615 0.5275366466346154 0.2699364567307692
11 0.5262974134615385 0.23243443269230768 0.5268921201923077 0.19484489423076923 0.4817218004807692 0.19029721875 0.48050609615384615 0.22714012740384615 0.5262974134615385 0.23243443269230768
11 0.5277315745192308 0.19691472115384615 0.5283262788461538 0.15667800240384616 0.48360675721153845 0.15326013461538462 0.48223759855769227 0.19056155288461538 0.5277315745192308 0.19691472115384615
11 0.5274342836538461 0.15756191826923077 0.5283263317307691 0.1199723485576923 0.48249073798076925 0.11498928365384614 0.48164296875 0.1527970360576923 0.5274342836538461 0.15756191826923077
11 0.5280289903846154 0.1205892451923077 0.528623673076923 0.08247028365384615 0.4828627620192308 0.07856914182692307 0.4822376514423077 0.11476551923076922 0.5280289903846154 0.1205892451923077
11 0.5270870985576923 0.08291223557692308 0.5279791466346154 0.04373438942307692 0.48251557692307695 0.039592459134615385 0.48189046634615385 0.0797356514423077 0.5270870985576923 0.08291223557692308
11 0.5276817524038462 0.04373438942307692 0.5288711177884615 0.006674259615384616 0.48288754807692313 0.0038781730769230772 0.48278246153846155 0.04161666105769231 0.5276817524038462 0.04373438942307692
11 0.43416094471153843 0.26774950961538463 0.43267421394230765 0.3058684783653846 0.47638410336538467 0.3058684783653846 0.4769103293269231 0.26838400240384613 0.43416094471153843 0.26774950961538463
11 0.43416094471153843 0.2324525480769231 0.43475563942307693 0.2695127139423077 0.47816819951923073 0.2711009615384615 0.4783984230769231 0.23191933413461538 0.43416094471153843 0.2324525480769231
11 0.4758986201923077 0.23444576201923079 0.4765230552884615 0.19701504086538463 0.43408043269230767 0.19731140865384617 0.43343757932692306 0.23518699519230768 0.4758986201923077 0.23444576201923079
11 0.47559732211538464 0.19950506009615385 0.47611807932692307 0.1597147235576923 0.4327264278846154 0.1613391610576923 0.43185459615384614 0.19811702884615384 0.47559732211538464 0.19950506009615385
11 0.4757709206730769 0.16141121875000003 0.47603129086538465 0.12393429086538463 0.43198859615384616 0.12542134134615385 0.43254891586538463 0.16002318750000002 0.4757709206730769 0.16141121875000003
11 0.4332432788461539 0.0875369278846154 0.43220178125 0.12501385576923077 0.4764652668269231 0.12593921634615385 0.4773444471153846 0.08726508894230768 0.4332432788461539 0.0875369278846154
11 0.47620484375 0.08630313942307694 0.4769859519230769 0.04882621875 0.4317714759615384 0.049572963942307695 0.43194136057692306 0.08769117067307691 0.47620484375 0.08630313942307694
11 0.47655200240384615 0.05160226923076923 0.4768123918269231 0.013199971153846154 0.4315074110576923 0.011811939903846155 0.4309866514423077 0.013662651442307692 0.43124704086538457 0.0511395889423077 0.47655200240384615 0.05160226923076923
11 0.43003199038461537 0.0485177451923077 0.43003199038461537 0.010578127403846154 0.386028875 0.010115447115384616 0.38628926442307693 0.04990577644230769 0.43003199038461537 0.0485177451923077
11 0.4316810168269231 0.047283930288461534 0.3879382908653846 0.04635857211538462 0.3866364230769231 0.04820930048076923 0.3874353004807692 0.048741639423076924 0.3874175336538462 0.08568621874999999 0.43089990865384614 0.08429818990384616 0.4316810168269231 0.047283930288461534
11 0.4321149663461539 0.12331738461538462 0.43159422596153846 0.08584045432692308 0.38785148076923076 0.08676581490384616 0.3873307427884616 0.1256307764423077 0.4321149663461539 0.12331738461538462
11 0.43168102403846154 0.15878938221153846 0.43142065384615386 0.12177512259615385 0.38845903605769233 0.12270046634615385 0.3884772596153846 0.12314471875 0.3881986682692308 0.16202811538461537 0.43168102403846154 0.15878938221153846
11 0.4329828894230769 0.19549516826923077 0.43272252163461544 0.15663020673076922 0.3894538221153846 0.15836923798076924 0.3895005336538461 0.19642052884615382 0.4329828894230769 0.19549516826923077
11 0.4334168317307692 0.232972125 0.43315646394230767 0.1964205576923077 0.38967408653846153 0.1950325096153846 0.38943215625000005 0.19552089423076924 0.3891533485576923 0.232972125 0.4334168317307692 0.232972125
11 0.43419796875 0.26967793509615384 0.43419796875 0.23266367788461537 0.3911247019230769 0.23317482692307692 0.3904552235576923 0.27014060817307695 0.43419796875 0.26967793509615384
11 0.43341683894230765 0.3065379711538462 0.43445833653846155 0.2685983701923077 0.39047366105769227 0.26959496875 0.39071559134615386 0.3065379711538462 0.43341683894230765 0.3065379711538462
11 0.3907426778846154 0.30735728125 0.3907426778846154 0.2675669254807692 0.3481343149038461 0.27075237740384617 0.3475206899038461 0.3087452956730769 0.3907426778846154 0.30735728125
11 0.3907426778846154 0.2706514711538462 0.3907426778846154 0.23178647596153848 0.3475206899038461 0.23317452403846153 0.3474832716346154 0.23286637980769231 0.34778106009615384 0.27250215624999996 0.3907426778846154 0.2706514711538462
11 0.3903955168269231 0.23209494711538461 0.38883328125000005 0.19415534615384616 0.34583402884615383 0.1978739254807692 0.34665279326923076 0.23533369711538463 0.3903955168269231 0.23209494711538461
11 0.39004833894230767 0.19492645913461537 0.3890068605769231 0.15837487259615385 0.34578485576923074 0.161613625 0.34555178605769227 0.16079867307692305 0.34578485576923074 0.19862791586538459 0.39004833894230767 0.19492645913461537
11 0.3436151081730769 0.1232113341346154 0.3443962163461538 0.161613625 0.38813896153846156 0.16115095192307693 0.38713189903846157 0.12086811778846154 0.3436151081730769 0.1232113341346154
11 0.38877010096153847 0.12187544711538462 0.38812967307692303 0.08538550240384615 0.3440177259615385 0.08617890625 0.34425964903846157 0.12472622596153847 0.38877010096153847 0.12187544711538462
11 0.38775556971153846 0.08652581971153846 0.38871623557692303 0.048895536057692306 0.3419642355769231 0.048895536057692306 0.34324511538461533 0.05003585096153847 0.34324511538461533 0.08709597836538462 0.38775556971153846 0.08652581971153846
11 0.38612750240384613 0.04951241826923077 0.3864477163461538 0.01074182451923077 0.3413736586538461 0.009872735576923078 0.34225750240384617 0.051222882211538465 0.38612750240384613 0.04951241826923077
11 0.30458296875 0.2746699663461538 0.30298187259615383 0.3111599230769231 0.3478125384615385 0.31173009134615387 0.34762349519230773 0.27292877884615385 0.30458296875 0.2746699663461538
11 0.34645081971153846 0.27220234134615384 0.3467710336538462 0.2345720673076923 0.3025114783653846 0.23627311778846155 0.3029010360576923 0.27277248798076925 0.34645081971153846 0.27220234134615384
11 0.3465316826923077 0.23575908653846153 0.3452508004807692 0.19755864423076924 0.3011491370192308 0.19985295192307692 0.30202123076923076 0.23918001201923078 0.3465316826923077 0.23575908653846153
11 0.34391603125000003 0.19926915384615385 0.34359581490384616 0.16163888221153846 0.2988522548076923 0.1635282139423077 0.2997258173076923 0.19926915384615385 0.34391603125000003 0.19926915384615385
11 0.3426351730769231 0.16168560817307692 0.3426351730769231 0.12519564182692308 0.2974842692307692 0.12690611538461538 0.29716405528846157 0.1639662403846154 0.3426351730769231 0.16168560817307692
11 0.3409801610576923 0.1244852716346154 0.3409801610576923 0.08628481971153847 0.29655534375000003 0.08750807451923077 0.2971101610576923 0.1244852716346154 0.3409801610576923 0.1244852716346154
11 0.3413542932692308 0.08804206490384615 0.3410340793269231 0.050981937500000005 0.29644840865384614 0.05037570432692307 0.2968438389423077 0.09032266346153846 0.3413542932692308 0.08804206490384615
11 0.29582928125 0.013921802884615385 0.2961494951923077 0.05098194951923077 0.3406599471153846 0.05212224519230769 0.34102649759615383 0.01333868028846154 0.29582928125 0.013921802884615385
11 0.30391559375 0.31519776682692313 0.3042358076923077 0.2781376394230769 0.260737875 0.2785314278846154 0.26036581009615384 0.31405749278846157 0.30391559375 0.31519776682692313
11 0.3023145 0.27690385096153847 0.3032751658653846 0.2409840408653846 0.25812427403846155 0.23984372596153847 0.2579333870192308 0.24097285336538463 0.25844448798076924 0.27918446153846155 0.3023145 0.27690385096153847
11 0.30042013461538464 0.23984377163461537 0.30234144471153845 0.2039239639423077 0.25667798317307694 0.20536036298076923 0.25655012259615384 0.24041392067307693 0.30042013461538464 0.23984377163461537
11 0.3002774831730769 0.20373863942307693 0.2999572692307692 0.16553822115384614 0.25432759134615385 0.16628190625 0.25448617548076924 0.20487895673076922 0.3002774831730769 0.20373863942307693
11 0.2973146971153846 0.16729536298076922 0.2969944831730769 0.12852477403846155 0.2528854735576923 0.12986171875 0.25216381490384615 0.1695759951923077 0.2973146971153846 0.16729536298076922
11 0.29667426682692305 0.1290014471153846 0.2973146971153846 0.09365181730769231 0.2520841899038462 0.09230314182692309 0.25216381490384615 0.1290014471153846 0.29667426682692305 0.1290014471153846
11 0.2989322019230769 0.09184707932692307 0.2957136009615385 0.054170805288461535 0.25216381490384615 0.05360065865384615 0.25168355048076924 0.05341539663461538 0.25216381490384615 0.09123093028846153 0.2989322019230769 0.09184707932692307
11 0.29704837500000003 0.05649817307692308 0.2967281610576923 0.01829773317307692 0.25237789423076923 0.015570752403846155 0.25253794711538463 0.055928014423076926 0.29704837500000003 0.05649817307692308
11 0.2602770480769231 0.3155359086538461 0.2615579278846154 0.27847576201923074 0.2166138533653846 0.2744486370192308 0.21544638221153845 0.31154481490384617 0.2602770480769231 0.3155359086538461
11 0.21283074038461539 0.23804145913461536 0.2121903125 0.2751015841346154 0.25702096634615385 0.27624187740384615 0.25718556009615384 0.2401652451923077 0.21283074038461539 0.23804145913461536
11 0.25606035096153845 0.24084548557692306 0.25638056490384614 0.2043554639423077 0.2109094591346154 0.20264500240384614 0.21122967307692309 0.2391349807692308 0.25606035096153845 0.24084548557692306
11 0.20736008173076922 0.16567842067307692 0.20639942788461538 0.20444903125 0.2505896658653846 0.20387886298076924 0.2515503076923077 0.16738890625 0.20736008173076922 0.16567842067307692
11 0.20666576442307694 0.13032876682692307 0.20634555048076922 0.1656783966346154 0.25085599038461537 0.16795902884615385 0.2521376730769231 0.12967102884615384 0.20666576442307694 0.13032876682692307
11 0.20736008173076922 0.09269848557692308 0.20736008173076922 0.1297586105769231 0.2525109759615385 0.13203924278846155 0.25323263221153847 0.09263401682692307 0.20736008173076922 0.09269848557692308
11 0.25146947115384616 0.09255822836538462 0.25146947115384616 0.05435780769230769 0.20611740865384617 0.055170750000000005 0.20535792307692308 0.09198806971153847 0.25146947115384616 0.09255822836538462
11 0.20794664423076922 0.016867759615384614 0.20698597836538463 0.05620852884615384 0.2514964423076923 0.05848912740384615 0.2513363894230769 0.018559930288461538 0.20794664423076922 0.016867759615384614
11 0.68995690625 0.4768570625 0.68995690625 0.4373752019230769 0.6450520745192307 0.4399691370192308 0.6448255096153847 0.47747398076923075 0.68995690625 0.4768570625