11 0.26231468990384615 0.04028100961538462 0.2624356730769231 0.002012627403846154 0.2187434158653846 0.003708579326923077 0.21936600240384616 0.03899105769230769 0.26231468990384615 0.04028100961538462
11 0.30539290865384616 0.04118376201923077 0.3067901923076923 0.036714276442307694 0.3060216706730769 0.00244834375 0.26268331971153847 0.0019677067307692308 0.26221680048076923 0.04180451923076923 0.30539290865384616 0.04118376201923077
11 0.34907804567307693 0.036564557692307695 0.35012602163461537 0.03246754326923077 0.3495670961538462 0 0.30601865144230767 0.00005473317307692308 0.30646086538461537 0.03706115144230769 0.34907804567307693 0.036564557692307695
11 0.3514320336538462 0.035646194711538466 0.39146423557692306 0.03490129567307692 0.3932807019230769 0.030680132211538463 0.3932108389423077 0 0.34954962740384615 0.0005764543269230769 0.3500347451923077 0.033908069711538466 0.3514320336538462 0.035646194711538466
11 0.3952702451923077 0.03413456009615385 0.4350928461538462 0.03425869230769231 0.4364202644230769 0.030285834134615386 0.43690931250000004 0 0.39337406971153843 0.00005473317307692308 0.3931044447115385 0.03189980769230769 0.3952702451923077 0.03413456009615385
11 0.43893539423076927 0.03475531490384615 0.4779196105769231 0.03550021634615385 0.48043473076923077 0.032023961538461536 0.48036487019230767 0.00036522115384615385 0.4369050432692308 0.0005764543269230769 0.4367696009615385 0.03227226442307692 0.43893539423076927 0.03475531490384615
11 0.2610398653846154 0.07720891586538461 0.2611796129807692 0.04157731009615385 0.21709807451923077 0.041444485576923075 0.2173747283653846 0.07770553365384615 0.2610398653846154 0.07720891586538461
11 0.30561326442307696 0.07832629567307693 0.30526392307692307 0.04170146875 0.2616072740384615 0.04179229807692308 0.2613193269230769 0.07820214182692307 0.30561326442307696 0.07832629567307693
11 0.3483535865384615 0.07330997836538461 0.3501700384615385 0.06908883173076923 0.3503097860576923 0.03656101923076923 0.3067843533653846 0.03705761778846154 0.3052360721153846 0.04127057932692308 0.3054569375 0.07455151201923077 0.3483535865384615 0.07330997836538461
11 0.35303448798076925 0.07355828605769231 0.3956516466346154 0.07169602163461539 0.39544205769230767 0.03457458653846154 0.3511147860576923 0.03692291586538461 0.35135773076923077 0.07107525961538462 0.35303448798076925 0.07355828605769231
11 0.3972829735576923 0.07288730048076923 0.4379439711538462 0.07028011057692309 0.43892206971153847 0.06531403365384615 0.43857273076923076 0.034648516826923076 0.3958196298076923 0.03483603846153846 0.3955363677884615 0.07077671875 0.3972829735576923 0.07288730048076923
11 0.44143716346153844 0.07239070913461539 0.4846831153846154 0.07239070913461539 0.4846831153846154 0.035641728365384616 0.4404266514423077 0.03553166346153846 0.440109764423077 0.07040427644230769 0.44143716346153844 0.07239070913461539
11 0.44255501201923075 0.11016571875 0.4834954375 0.10929665384615385 0.4847529855769231 0.10358567067307692 0.4846132668269231 0.07254768990384616 0.44072011778846154 0.07292156490384614 0.4403193341346154 0.10805514663461538 0.44255501201923075 0.11016571875
11 0.4848228461538462 0.14556543269230768 0.4846132668269231 0.10918892548076922 0.4410135865384615 0.11065927884615386 0.4408083846153846 0.14618619471153846 0.4848228461538462 0.14556543269230768
11 0.44178650240384615 0.18257914182692309 0.48440368990384614 0.18208251682692306 0.48412421875 0.146202625 0.44023100721153846 0.14648402163461538 0.44038921875000003 0.18121345192307692 0.44178650240384615 0.18257914182692309
11 0.44255501201923075 0.21922036298076925 0.48440368990384614 0.21760640625 0.48412421875 0.1829680048076923 0.44120923076923074 0.18352611057692308 0.4408782668269231 0.2159924110576923 0.44255501201923075 0.21922036298076925
11 0.4436728173076923 0.2558616153846154 0.4832858365384615 0.25486838461538464 0.4848228461538462 0.25201289182692305 0.4846831153846154 0.21861602163461538 0.4419262139423077 0.21973339182692309 0.4412974350961539 0.2531302572115385 0.4436728173076923 0.2558616153846154
11 0.4436728173076923 0.290888875 0.48391464182692306 0.29175793990384613 0.48663931250000003 0.2884058389423077 0.4862899951923077 0.2548848100961539 0.4428344663461538 0.2556297211538462 0.44262485817307695 0.2884058389423077 0.4436728173076923 0.290888875
11 0.4000076875 0.2906405673076923 0.4405289302884615 0.2907647115384615 0.4422755504807692 0.2870401514423077 0.4422755504807692 0.25662293750000004 0.4406686610576923 0.25401574759615386 0.3987543028846154 0.25500168990384614 0.3984706634615385 0.28939903846153847 0.4000076875 0.2906405673076923
11 0.44325364903846154 0.32891220673076926 0.4844515480769231 0.3270080216346154 0.4847529855769231 0.29030094471153844 0.4417961658653846 0.2915220576923077 0.44164675961538463 0.32481518028846157 0.44325364903846154 0.32891220673076926
11 0.44185636778846155 0.3274223822115384 0.44185636778846155 0.29030094471153844 0.3989499471153846 0.29117424519230767 0.3988898605769231 0.32804314423076925 0.44185636778846155 0.3274223822115384
11 0.39952565384615385 0.32891267548076925 0.39924618269230766 0.29054972115384614 0.35620155048076924 0.2916959639423077 0.35613996153846156 0.3301541778846154 0.39952565384615385 0.32891267548076925
11 0.3561207596153846 0.33089910336538464 0.35549199759615385 0.2924119975961538 0.31237710817307696 0.29308721634615387 0.3130145264423077 0.3316439975961538 0.3561207596153846 0.33089910336538464
11 0.35591116346153845 0.29276803125 0.3556317091346154 0.2553983028846154 0.3116871177884616 0.2573847379807692 0.3121062956730769 0.29425785096153845 0.35591116346153845 0.29276803125
11 0.3539549663461538 0.2556137788461538 0.35402484855769234 0.2188647980769231 0.30973590384615385 0.22074210576923076 0.3100802331730769 0.25846927644230766 0.3539549663461538 0.2556137788461538
11 0.3513001418269231 0.21946913221153846 0.3524179519230769 0.2146272139423077 0.35185905528846156 0.1833409375 0.3083336274038461 0.18445830528846155 0.30882267548076925 0.22021406490384615 0.3513001418269231 0.21946913221153846
11 0.35109055288461544 0.18243901923076924 0.35060150240384613 0.14643496394230768 0.30631211778846157 0.14770136778846155 0.30679662259615387 0.18541868028846153 0.35109055288461544 0.18243901923076924
11 0.35060150240384613 0.14593836057692308 0.3498329927884616 0.10968600721153846 0.30621429567307695 0.111181 0.3061678365384615 0.14792479086538463 0.35060150240384613 0.14593836057692308
11 0.3056787860576923 0.11103525 0.35011245192307694 0.10892468028846153 0.34945180288461536 0.07326937740384615 0.3052596009615385 0.073541375 0.3056787860576923 0.11103525
11 0.3059227788461538 0.1139874375 0.3052940216346154 0.07835583653846154 0.2610203389423077 0.07761704086538461 0.2610000961538462 0.11560142788461537 0.3059227788461538 0.1139874375
11 0.2605110456730769 0.113118375 0.2605110456730769 0.07723847115384615 0.2169024302884615 0.07900829326923077 0.2171253533653846 0.11361500000000001 0.2605110456730769 0.113118375
11 0.2167760360576923 0.1493871514423077 0.2616987403846154 0.15013208413461537 0.2616987403846154 0.11636274759615385 0.2603355817307692 0.11361568990384616 0.21656643990384616 0.11400385817307691 0.2167760360576923 0.1493871514423077
11 0.26141927403846155 0.1514977403846154 0.30522416346153847 0.1514977403846154 0.3062721225961539 0.14553845913461538 0.30543171634615385 0.1146591298076923 0.26155900961538464 0.11586614663461538 0.26141927403846155 0.1514977403846154
11 0.30515428125 0.1878906875 0.3069707596153846 0.1830487451923077 0.30634196875 0.15163831490384616 0.2619007403846154 0.1529185625 0.26197819471153844 0.1890080504807692 0.30515428125 0.1878906875
11 0.2607206418269231 0.18739406249999999 0.2610000961538462 0.15114170192307694 0.2167067860576923 0.15048387259615387 0.2167760360576923 0.1864008605769231 0.2607206418269231 0.18739406249999999
11 0.259952125 0.22279378125000002 0.2602315793269231 0.1865414254807692 0.2161478076923077 0.18655738461538462 0.2164267139423077 0.22192472836538463 0.259952125 0.22279378125000002
11 0.2661001875 0.22564927403846152 0.30780911778846154 0.22502851682692307 0.3088570769230769 0.22043489182692305 0.30857762740384614 0.18765878605769232 0.2639550120192308 0.1892650264423077 0.26421384134615383 0.2234145528846154 0.2661001875 0.22564927403846152
11 0.2643535721153846 0.25957559375 0.26428371153846153 0.2236956875 0.2206196826923077 0.22282898317307692 0.22061856490384615 0.2592031346153846 0.2643535721153846 0.25957559375
11 0.26589059134615384 0.29732482451923076 0.2663796418269231 0.26331656971153844 0.2649823581730769 0.26000265865384614 0.22228266346153847 0.2595232596153846 0.22159666346153847 0.29472701682692304 0.26589059134615384 0.29732482451923076
11 0.26861531250000004 0.2624381298076923 0.3085776634615385 0.26070000240384616 0.31025437740384615 0.25585807211538464 0.3099050576923077 0.22717897836538462 0.30822831971153847 0.22370272596153845 0.26574379086538463 0.22625736057692308 0.2658207451923077 0.26070000240384616 0.26861531250000004 0.2624381298076923
11 0.2695235216346154 0.2989436754807692 0.3106037091346154 0.29757799759615383 0.31242015384615385 0.2914945600961538 0.3116516682692308 0.2609531875 0.26777008653846157 0.26196518509615385 0.26763719471153846 0.2962123413461538 0.2695235216346154 0.2989436754807692
11 0.26770706009615386 0.3343361658653846 0.26889474759615384 0.32912177403846155 0.26945365625 0.3005668533653846 0.2679865072115385 0.2974630384615385 0.22502168990384613 0.29673925240384613 0.22502001682692307 0.33247388461538463 0.26770706009615386 0.3343361658653846
11 0.31175424038461536 0.3336377091346154 0.31297251201923076 0.32891703365384617 0.31248758894230766 0.2983255120192308 0.31021267067307695 0.29694223798076924 0.2692889110576923 0.2974637788461539 0.2694101370192308 0.3338719903846154 0.31175424038461536 0.3336377091346154
11 0.39550374038461544 0.1082979783653846 0.3965798076923077 0.10472853846153847 0.39636459375000005 0.07426083173076924 0.3950015793269231 0.07069139423076923 0.35249125721153846 0.07344776682692308 0.35282021634615385 0.11008269711538461 0.39550374038461544 0.1082979783653846
11 0.43668079326923076 0.10727814182692308 0.4396220024038462 0.10179649759615385 0.43983723557692306 0.08726379326923077 0.43983723557692306 0.06979903365384615 0.3963855745192308 0.07219778846153846 0.39636459375000005 0.10970026923076923 0.43668079326923076 0.10727814182692308
11 0.43876118028846156 0.14349930528846155 0.43983723557692306 0.14056726923076923 0.4396220024038462 0.11009955528846153 0.43711121394230773 0.10729500240384615 0.39665153365384614 0.10895223798076924 0.3965080576923077 0.14579394471153845 0.43876118028846156 0.14349930528846155
11 0.35274847836538464 0.14604891826923078 0.3967950096153846 0.14413670673076923 0.39568246153846154 0.10791144711538461 0.35224631971153847 0.10958964423076924 0.35274847836538464 0.14604891826923078
11 0.39686943750000003 0.18034101442307693 0.3966542235576923 0.14451916346153845 0.35289866105769235 0.1468393317307692 0.35354026923076926 0.18391045192307692 0.39686943750000003 0.18034101442307693
11 0.35547715865384616 0.2195110985576923 0.39686943750000003 0.21734392307692307 0.3977302620192308 0.21364700240384618 0.39744331730769233 0.18394417548076922 0.3958651201923077 0.18024726201923078 0.35411415384615386 0.18407165865384614 0.3543293677884615 0.2177263798076923 0.35547715865384616 0.2195110985576923
11 0.35641021875 0.25467163701923073 0.39624755288461533 0.2538333028846154 0.39829182692307696 0.24973476201923078 0.39829182692307696 0.21843691826923078 0.3967192980769231 0.21703969711538462 0.35495565384615385 0.21937474759615386 0.3549949399038462 0.25159774278846153 0.35641021875 0.25467163701923073
11 0.3989732668269231 0.2895214326923077 0.39871116826923075 0.25598802644230767 0.39734832211538457 0.25319357451923075 0.3557629879807692 0.25525622596153846 0.3558860384615385 0.29212958653846155 0.3989732668269231 0.2895214326923077
11 0.3962296394230769 0.17909963221153846 0.39789419711538465 0.18221927644230768 0.4400149158653846 0.1794854591346154 0.4394166153846154 0.14434066826923078 0.3968809831730769 0.144889625 0.3962296394230769 0.17909963221153846
11 0.39926928125 0.21747515625000002 0.43965305528846155 0.21721793990384614 0.4413176394230769 0.21464575721153847 0.4415347355769231 0.18365098798076923 0.43994254086538465 0.18043575721153846 0.3979708966346154 0.1823683125 0.39760471634615385 0.21606046634615383 0.39926928125 0.21747515625000002
11 0.5366861850961538 0.030772754807692308 0.5378441274038461 0.02459950721153846 0.5376993990384615 0.000035194711538461535 0.4928204639423077 0.00005269951923076923 0.4931180120192308 0.02665725 0.5366861850961538 0.030772754807692308
11 0.5355282139423078 0.06654707211538462 0.5361795793269231 0.06178852403846154 0.5359624663461539 0.030536533653846155 0.49180712259615383 0.02563797355769231 0.4915258076923077 0.06320323557692308 0.5355282139423078 0.06654707211538462
11 0.5344426466346154 0.10476093990384615 0.5355282139423078 0.10090266586538463 0.5360348197115384 0.0720942548076923 0.5341531538461538 0.06772154567307692 0.4907937788461538 0.06419003365384615 0.4912363269230769 0.10064546634615384 0.5344426466346154 0.10476093990384615
11 0.4414263461538462 0.2524965048076923 0.4418300600961539 0.21937613221153845 0.4402152283653846 0.21710434134615383 0.39901156009615385 0.21795171634615385 0.3982295144230769 0.2554857235576923 0.4414263461538462 0.2524965048076923
11 0.534735954326923 0.14191295673076923 0.5356106682692308 0.13724978365384616 0.5356779423076923 0.10831429807692308 0.5343322524038462 0.10400984375000001 0.4911496754807692 0.1005441826923077 0.49073169951923074 0.1384454639423077 0.534735954326923 0.14191295673076923
11 0.5339958293269231 0.17971228846153847 0.5352742403846154 0.17445129326923076 0.5353415192307692 0.14515710576923077 0.5333229735576923 0.14288530288461537 0.4910554639423077 0.13906591346153846 0.49039527884615386 0.1737339014423077 0.5339958293269231 0.17971228846153847
11 0.5337900120192308 0.21607547115384615 0.5356066995192308 0.2111731875 0.5359431105769231 0.18056372596153844 0.5345301298076923 0.17900934615384617 0.49152651923076923 0.17557781249999999 0.4910641514423077 0.21248843990384614 0.5337900120192308 0.21607547115384615
11 0.4913332980769231 0.24957036298076923 0.5333862860576923 0.2529182716346154 0.5337227259615385 0.2176456706730769 0.4898307259615385 0.2130946298076923 0.48924746875 0.24765729086538463 0.4913332980769231 0.24957036298076923
11 0.4928808485576923 0.2865327475961538 0.5331844350961539 0.2905980528846154 0.5342610048076923 0.2855761923076923 0.5345301298076923 0.25544502403846153 0.5328480240384615 0.25317322596153846 0.4905844110576923 0.25010898798076925 0.4902567331730769 0.28366311778846154 0.4928808485576923 0.2865327475961538
11 0.5349338557692308 0.3272175552884615 0.5352029927884615 0.2927819158653846 0.53264615625 0.2909883990384615 0.49152651923076923 0.28678837259615386 0.4910641514423077 0.3215978413461539 0.5349338557692308 0.3272175552884615
11 0.5809235600961539 0.028301079326923075 0.5811254158653847 0 0.5379724206730769 0.00022019951923076924 0.5381304326923076 0.026268432692307695 0.5809235600961539 0.028301079326923075
11 0.6246586802884615 0.025909728365384615 0.6245913894230769 0 0.5811209447115384 0.00038768509615384614 0.5809908629807692 0.02292052403846154 0.6246586802884615 0.025909728365384615
11 0.53927428125 0.06263295432692308 0.5807889951923078 0.06430690865384615 0.5820001177884616 0.05892635336538461 0.5817309807692308 0.02891473798076923 0.5809908629807692 0.028316889423076922 0.5383995721153846 0.025566829326923078 0.5370538774038461 0.029871290865384613 0.5371245216346154 0.030032668269230768 0.5371211586538461 0.05725239903846154 0.53927428125 0.06263295432692308
11 0.5373903028846153 0.09985027884615386 0.5797124350961538 0.1016438125 0.5807217259615385 0.09698063942307693 0.5805198701923077 0.06744731730769231 0.5789723004807692 0.06505594711538462 0.538265 0.06266458413461538 0.536276625 0.06537216826923077 0.536111889423077 0.09817632451923078 0.5373903028846153 0.09985027884615386
11 0.5799142884615385 0.13848661778846155 0.5798470072115385 0.1030944326923077 0.5369865913461539 0.1004639326923077 0.5363810264423077 0.1365735144230769 0.5799142884615385 0.13848661778846155
11 0.5785685913461539 0.17712133653846152 0.5799142884615385 0.17233860817307692 0.579376014423077 0.13969650721153845 0.537323014423077 0.13718557692307692 0.5357113605769231 0.14074077163461537 0.5359100336538462 0.17365387499999999 0.5785685913461539 0.17712133653846152
11 0.5380631466346154 0.21134022355769233 0.5790395865384615 0.21325331490384616 0.579106889423077 0.17594803846153845 0.5359773221153846 0.1736762451923077 0.5359100336538462 0.20859015625 0.5380631466346154 0.21134022355769233
11 0.5368520192307693 0.24866130048076923 0.5793087451923077 0.24949827884615386 0.5793087451923077 0.21362781971153846 0.5369865913461539 0.2119538653846154 0.5351460961538461 0.21443451442307693 0.5350353341346155 0.24363943990384615 0.5368520192307693 0.24866130048076923
11 0.5372557355769231 0.2853845264423077 0.5780303125 0.285982375 0.5784340264423077 0.2499923581730769 0.5368520192307693 0.24819884375 0.5352403076923077 0.25178384375 0.5352371850961538 0.2815583389423077 0.5372557355769231 0.2853845264423077
11 0.5780975985576923 0.3220040096153846 0.5778284615384616 0.28541615625 0.5346750432692308 0.28745831730769233 0.5348334807692308 0.3217490528846154 0.5780975985576923 0.3220040096153846
11 0.6241876875 0.06454573557692309 0.6260716610576923 0.05904559855769231 0.625869810096154 0.027479608173076923 0.6240531274038462 0.025925221153846153 0.5814977884615384 0.023165750000000002 0.5821347067307692 0.06082859615384616 0.6241876875 0.06454573557692309
11 0.58422053125 0.0992447548076923 0.6223710168269231 0.10079915384615384 0.6246586802884615 0.09780993990384615 0.6243895504807693 0.0633743173076923 0.5822692548076923 0.06038510576923077 0.58046146875 0.0655312139423077 0.5808562740384615 0.09625556490384615 0.58422053125 0.0992447548076923
11 0.6238512884615385 0.13740282451923075 0.6238512884615385 0.10117365865384616 0.5819328509615385 0.09794532451923077 0.579896204326923 0.10171658413461539 0.58038528125 0.13513102884615386 0.6238512884615385 0.13740282451923075
11 0.6221018725961538 0.17496303846153843 0.6231111394230768 0.16982159615384618 0.6236494014423077 0.14028826442307693 0.6214963076923077 0.13765777403846152 0.5805871370192308 0.13466855528846156 0.5797077836538461 0.1395683701923077 0.5797797379807692 0.17281080528846154 0.6221018725961538 0.17496303846153843
11 0.6214963076923077 0.2121645408653846 0.6227747067307692 0.20762095913461537 0.6229092884615385 0.17737019951923075 0.6210925841346153 0.1753375576923077 0.5801834302884615 0.17187006971153848 0.5793309399038461 0.17658272836538463 0.5796451514423077 0.20989275 0.6214963076923077 0.2121645408653846
11 0.58038528125 0.24591439903846152 0.6222364206730769 0.24699050961538463 0.621563576923077 0.21159832932692307 0.580250733173077 0.20920696153846155 0.5792367283653846 0.2112522860576923 0.5789050192307692 0.24316432932692308 0.58038528125 0.24591439903846152
11 0.6211598870192307 0.24820199759615386 0.5797124350961538 0.2468867403846154 0.5782994567307692 0.24951724759615385 0.5780303125 0.28203978125 0.6213617259615384 0.2840724350961538 0.6211598870192307 0.24820199759615386
11 0.5777611754807692 0.2885122740384615 0.5783667596153846 0.3204369807692308 0.6206215889423077 0.3204369807692308 0.6206215889423077 0.28432739423076925 0.5784830432692307 0.2824337427884615 0.5777611754807692 0.2885122740384615
11 0.6631406249999999 0.28301214423076926 0.6214913245192307 0.2818164639423077 0.6204820625 0.28588178846153844 0.6203474927884615 0.31840430769230765 0.6633424879807692 0.31828475961538466 0.6631406249999999 0.28301214423076926
11 0.6223660384615385 0.24522860817307693 0.6208857596153846 0.2500113341346154 0.6212894783653845 0.2809794855769231 0.6627369014423077 0.2822947307692308 0.6642171730769231 0.27918596153846154 0.663813483173077 0.24606558413461538 0.6223660384615385 0.24522860817307693
11 0.6218277475961538 0.24364260096153847 0.6642171730769231 0.24627310336538463 0.6650246009615385 0.24184906250000002 0.6650246009615385 0.21040264903846154 0.6234087788461539 0.20823754086538462 0.6212221947115384 0.21291358173076924 0.6218277475961538 0.24364260096153847
11 0.6237790192307693 0.20787589663461536 0.6654282908653847 0.20907159375 0.6666394447115385 0.20584323557692308 0.6661684495192308 0.17272286298076922 0.6246537091346155 0.17128805048076925 0.6226550937499999 0.17306552644230772 0.6225678822115385 0.20476712259615384 0.6237790192307693 0.20787589663461536
11 0.6666394447115385 0.17342445432692305 0.6665721418269231 0.13815185096153845 0.6243508870192307 0.1370560841346154 0.6235098701923077 0.17198964903846156 0.6666394447115385 0.17342445432692305
11 0.623375298076923 0.13383157932692308 0.6248555721153846 0.13526640384615385 0.6653610120192308 0.13729906009615384 0.66697584375 0.13299460096153848 0.6666394447115385 0.10059163461538462 0.6252592788461538 0.09927638701923078 0.6237117211538461 0.10095034134615385 0.623375298076923 0.13383157932692308
11 0.6245864350961539 0.09649468990384615 0.6262685528846154 0.0982882235576923 0.6668412716346155 0.10067957451923076 0.6681869735576923 0.09673382211538462 0.667917829326923 0.06325475 0.6258582572115384 0.06085005288461538 0.6243172860576922 0.06421129326923078 0.6245864350961539 0.09649468990384615
11 0.66778328125 0.06311937259615384 0.6687252692307692 0.057977930288461536 0.6681869735576923 0.028205463942307694 0.6665048485576922 0.026172802884615383 0.6258582572115384 0.02400318028846154 0.6260666899038461 0.061804105769230774 0.66778328125 0.06311937259615384
11 0.668052423076923 0.02496130048076923 0.6683215552884616 0 0.6247277283653846 0.0005551706730769231 0.6249228509615385 0.02340693028846154 0.668052423076923 0.02496130048076923
11 0.6704299831730769 0.0222718125 0.70945515625 0.02502187980769231 0.7118101250000001 0.02119568990384615 0.7116755769230768 0.00003212980769230769 0.6682658918269231 0 0.6680077283653846 0.019521735576923074 0.6704299831730769 0.0222718125
11 0.6703626971153847 0.062088014423076925 0.712079266826923 0.062088014423076925 0.7121465697115384 0.02585885576923077 0.6698244158653845 0.022630509615384615 0.6685485240384617 0.026180495192307692 0.6682095841346154 0.055631322115384615 0.6703626971153847 0.062088014423076925
11 0.6701608365384615 0.09976779567307692 0.7109354230769231 0.10024605288461538 0.7122138389423077 0.09295239903846153 0.7121465697115384 0.06760395432692308 0.7106662860576923 0.06341906971153846 0.6695552788461538 0.06114726682692308 0.6680774687500001 0.06386479567307692 0.6684787235576923 0.09546333173076924 0.6701608365384615 0.09976779567307692
11 0.6688151418269231 0.13661060096153846 0.7097242980769232 0.1375671466346154 0.7110699927884615 0.13206699759615384 0.7108681370192307 0.10289237980769231 0.7087823124999999 0.10074014182692308 0.6690170024038462 0.09822921153846154 0.6673237836538461 0.10087915384615384 0.6674021610576923 0.1332626923076923 0.6688151418269231 0.13661060096153846
11 0.7121465697115384 0.17596433653846155 0.7130212548076924 0.1378220985576923 0.6678890480769231 0.1375585408653846 0.6674694471153846 0.17249684855769232 0.7121465697115384 0.17596433653846155
11 0.7096570192307692 0.20935547115384615 0.7095897331730769 0.17611552403846156 0.6682768629807693 0.17312632692307692 0.6666643076923078 0.17457289903846154 0.6665947427884615 0.20732282211538464 0.7096570192307692 0.20935547115384615
11 0.6677385889423076 0.24440476682692308 0.7083786153846153 0.24631785576923076 0.7087823124999999 0.20961042067307692 0.667334875 0.20757776682692308 0.6658164110576923 0.21024737019230771 0.6655854735576923 0.24177425240384617 0.6677385889423076 0.24440476682692308
11 0.7059563509615384 0.28186122596153845 0.70763846875 0.27731762740384613 0.7074366274038462 0.24646903846153848 0.666392889423077 0.24383854326923077 0.6643070649038462 0.24862126923076922 0.6642148293269231 0.2474292139423077 0.6642397764423078 0.2809046706730769 0.7059563509615384 0.28186122596153845
11 0.7054853557692307 0.31822574278846155 0.7057544927884615 0.28307270913461535 0.6653836225961538 0.27984437259615386 0.6632727211538462 0.28343865865384615 0.6632977884615384 0.31810619471153845 0.7054853557692307 0.31822574278846155
11 0.7501624591346154 0.31703007692307694 0.7494223221153846 0.28092048557692306 0.7089168822115385 0.27924653125 0.7061386129807693 0.28343865865384615 0.70642734375 0.3165517884615384 0.7501624591346154 0.31703007692307694
11 0.7095897331730769 0.2795894302884615 0.7512390288461539 0.2795894302884615 0.7511717499999999 0.242882 0.7106662860576923 0.24228415384615387 0.7080228293269231 0.24575435576923077 0.7080421754807692 0.27671978365384614 0.7095897331730769 0.2795894302884615
11 0.7122811177884615 0.24237209375 0.7546705432692308 0.2442851826923077 0.7541322596153847 0.20697992548076924 0.7140305432692308 0.20554511057692307 0.7110375721153847 0.2070651418269231 0.7104644302884615 0.23818720913461539 0.7122811177884615 0.24237209375
11 0.7562181057692308 0.20588800721153847 0.7560835240384616 0.17145237259615384 0.7134870528846153 0.17021826923076924 0.7133576923076923 0.20481189182692308 0.7562181057692308 0.20588800721153847
11 0.7156453581730768 0.16950763942307695 0.7577656586538463 0.1708228966346154 0.7576310865384616 0.13674597115384615 0.7145233701923076 0.1327014543269231 0.7138959543269231 0.16759456730769232 0.7156453581730768 0.16950763942307695
11 0.7139798653846154 0.02073758653846154 0.7548455144230769 0.024217641826923077 0.7551598485576924 0.0003480961538461538 0.7118579927884615 0 0.7118579927884615 0.01920138701923077 0.7139798653846154 0.02073758653846154
11 0.7569673629807692 0.059422432692307695 0.7571245384615384 0.023810658653846153 0.7139798653846154 0.020458954326923077 0.7132725841346154 0.05788624759615384 0.7569673629807692 0.059422432692307695
11 0.7561815096153846 0.09826473557692307 0.7565744254807693 0.06153570673076923 0.7129630649038461 0.0579654375 0.71272246875 0.0953319951923077 0.7561815096153846 0.09826473557692307
11 0.7140584615384615 0.1330570408653846 0.7531165625 0.1358501201923077 0.754609735576923 0.13068291826923079 0.7545311658653847 0.09814354326923078 0.7121723557692307 0.09521081009615386 0.7115436418269231 0.13040361778846155 0.7140584615384615 0.1330570408653846
11 0.19545066826923077 0.38080226442307696 0.2409257235576923 0.38327650240384614 0.2405245360576923 0.3444854254807692 0.1952353485576923 0.34334934615384616 0.19545066826923077 0.38080226442307696
11 0.28626087259615385 0.3817081610576923 0.2858040072115385 0.34253751682692307 0.24072083173076922 0.3418093485576923 0.24126206009615384 0.3794756346153846 0.28626087259615385 0.3817081610576923
11 0.28785981490384616 0.3873909471153846 0.3321733605769231 0.38678206971153845 0.3306886298076923 0.3490321370192308 0.2864564254807692 0.34834808173076925 0.28614664182692306 0.38454955288461534 0.28785981490384616 0.3873909471153846
11 0.3345558173076923 0.38628715625 0.37784144951923077 0.38608418749999995 0.3758998725961539 0.34671059615384614 0.3309127019230769 0.34777949519230766 0.3313579326923077 0.3826339519230769 0.3345558173076923 0.38628715625
11 0.3794403918269231 0.3838516730769231 0.42192657211538465 0.3834457620192308 0.4227260432692308 0.37898070432692305 0.42192657211538465 0.34468104326923077 0.37632846875 0.345220860576923 0.37704197836538456 0.3797925336538462 0.3794403918269231 0.3838516730769231
11 0.425092764423077 0.3853809471153846 0.4682641875 0.38497503605769234 0.46723630288461543 0.3464132668269231 0.42280854326923073 0.34661623557692306 0.4225801201923077 0.3815247668269231 0.425092764423077 0.3853809471153846
11 0.5149761754807692 0.3863957331730769 0.5137198389423077 0.3484428413461539 0.46987854807692303 0.34806378846153846 0.46974891826923076 0.38558393269230773 0.5149761754807692 0.3863957331730769
11 0.5592537187500001 0.3864755336538461 0.5584542475961538 0.3481167235576923 0.5139122692307693 0.34831968990384615 0.5150543653846154 0.3864755336538461 0.5592537187500001 0.3864755336538461
11 0.6036364831730769 0.3865320360576923 0.6027097259615385 0.34898277884615386 0.5588739086538461 0.34865340625 0.5588296370192307 0.3881789471153846 0.6036364831730769 0.3865320360576923
11 0.6058810600961538 0.3878008317307692 0.6488364567307693 0.3869773870192308 0.648095048076923 0.3492634423076923 0.6037431899038461 0.34837835576923076 0.6039811923076923 0.38368360336538465 0.6058810600961538 0.3878008317307692
11 0.6506923918269231 0.38735936538461535 0.6922856754807692 0.3865515697115385 0.6918311009615384 0.3492314783653846 0.6483394375 0.34843132211538463 0.6485104519230769 0.3849359735576923 0.6506923918269231 0.38735936538461535
11 0.6948362355769231 0.3859876394230769 0.7369295600961538 0.3859876394230769 0.73615678125 0.34866755048076925 0.6921929975961538 0.3480918653846154 0.6926088341346154 0.38291801201923076 0.6948362355769231 0.3859876394230769
11 0.6958362932692308 0.42260208653846154 0.7386114591346153 0.42171350240384614 0.738065983173077 0.3859282259615385 0.69406346875 0.38568588221153843 0.6944271201923077 0.42171350240384614 0.6958362932692308 0.42260208653846154
11 0.6975182067307693 0.45978139182692307 0.7387023822115384 0.45816580288461534 0.7385660120192308 0.4218958485576923 0.6947453197115384 0.42262286298076923 0.6947907836538462 0.4576003485576923 0.6975182067307693 0.45978139182692307
11 0.6996092355769231 0.4952694663461538 0.7424298581730769 0.4943001153846154 0.7419752884615385 0.4594841923076923 0.6976091201923077 0.45924185336538464 0.69783640625 0.4915536177884615 0.6996092355769231 0.4952694663461538
11 0.699972891826923 0.5317924519230769 0.7424298581730769 0.5309846610576924 0.7423389591346155 0.49584561057692306 0.6976545817307692 0.49592639182692305 0.6976091201923077 0.5291267331730769 0.699972891826923 0.5317924519230769
11 0.6992001201923077 0.5679222091346154 0.7416570889423078 0.5672759879807692 0.7410206899038462 0.5318946009615385 0.6976030889423076 0.5329826057692307 0.6973363822115384 0.5650141634615384 0.6992001201923077 0.5679222091346154
11 0.6927941826923077 0.6048962692307692 0.7336780120192308 0.6040406971153847 0.7344403100961538 0.6000480216346153 0.7344001971153846 0.5676075408653847 0.6922324831730768 0.56717975 0.6902115625 0.5700936634615384 0.6903066490384616 0.6016165673076923 0.6927941826923077 0.6048962692307692
11 0.6923929663461539 0.6401362235576923 0.7337983774038462 0.6395658365384616 0.7344804278846154 0.6361435504807692 0.7341193461538461 0.603631764423077 0.6917510240384614 0.6038456586538461 0.690747983173077 0.6050577235576923 0.6903800961538462 0.6053480384615384 0.6903868894230769 0.6371417187499999 0.6923929663461539 0.6401362235576923
11 0.7316719254807692 0.6755281947115385 0.7315916923076924 0.6397272908653846 0.6918713870192307 0.64008378125 0.6880768269230769 0.6421004735576923 0.6883808173076923 0.6758133942307692 0.7316719254807692 0.6755281947115385
11 0.2372206923076923 0.4227607451923077 0.23958057692307694 0.41789612259615383 0.23920299759615385 0.3837599831730769 0.19394034615384617 0.3822502740384615 0.19403474038461538 0.4189864783653846 0.2372206923076923 0.4227607451923077
11 0.2356159639423077 0.4600951346153846 0.2379758653846154 0.4573273413461539 0.23764548076923075 0.4252880072115385 0.235144 0.4221008485576923 0.1919982091346154 0.41992841105769235 0.19205243509615383 0.4569079663461538 0.2356159639423077 0.4600951346153846
11 0.23821184374999999 0.4984470961538462 0.2397221754807692 0.49542767548076927 0.2389198076923077 0.45927859375 0.1939146826923077 0.4574061298076923 0.1938459447115385 0.4949244471153846 0.23821184374999999 0.4984470961538462
11 0.23830625 0.5352893461538462 0.23986376682692306 0.5326892860576924 0.23967497355769232 0.5001467259615384 0.23750388942307693 0.4972950576923077 0.1944433653846154 0.49547127403846153 0.19441231730769232 0.5327731730769231 0.23830625 0.5352893461538462
11 0.23995817067307693 0.5721316009615385 0.2410909230769231 0.5695315504807692 0.2409965096153846 0.5389180480769231 0.23863663461538462 0.5346405504807692 0.19483987740384615 0.5335364158653846 0.19502589423076921 0.5695315504807692 0.23995817067307693 0.5721316009615385
11 0.19814094711538463 0.6073802740384615 0.2400997716346154 0.6093932091346154 0.24156289903846154 0.6058705552884616 0.24137409855769232 0.5752570649038462 0.2397221754807692 0.5719021634615384 0.1955668173076923 0.5703092259615384 0.1954978653846154 0.6034382644230769 0.19814094711538463 0.6073802740384615
11 0.20068962019230768 0.6438031634615384 0.24236525 0.6452289855769231 0.2432620144230769 0.6429644375 0.2434508076923077 0.6131896610576922 0.24080773317307694 0.6082411778846154 0.19781056249999998 0.6066475985576922 0.1978577548076923 0.640280514423077 0.20068962019230768 0.6438031634615384
11 0.20262473557692307 0.6794601081730769 0.24623547355769232 0.6823956466346155 0.24581068509615384 0.6481756201923077 0.2428844375 0.6449884663461538 0.20065538701923075 0.6449122091346153 0.20078402163461537 0.6764406923076923 0.20262473557692307 0.6794601081730769
11 0.24246754326923078 0.4188020841346154 0.28603109134615384 0.4187181995192307 0.28607828846153843 0.3857562764423077 0.2839071923076923 0.38097554086538465 0.2411460048076923 0.3806400504807692 0.23977789663461538 0.3839779951923077 0.24020204807692308 0.41410521875 0.24246754326923078 0.4188020841346154
11 0.2404380360576923 0.45849599519230766 0.2828688293269231 0.45782502403846154 0.28414316826923075 0.4533797644230769 0.28428476442307693 0.42444372596153845 0.2819720745192308 0.4194952427884615 0.2405796298076923 0.4183210264423077 0.23812576201923077 0.422160625 0.23840853365384615 0.45588486057692307 0.2404380360576923 0.45849599519230766
11 0.24100440865384615 0.4971723557692308 0.2831520168269231 0.49633363461538466 0.2846151490384615 0.49432068028846154 0.28400157451923075 0.4623652283653846 0.28220806009615385 0.45867483413461535 0.23918312740384615 0.4590509182692308 0.23949408173076922 0.49549490384615386 0.24100440865384615 0.4971723557692308
11 0.24218435817307693 0.5343501009615385 0.28371838701923074 0.53426621875 0.2850871370192308 0.5322532884615385 0.28485113701923076 0.5013042956730769 0.28296322596153844 0.4968590480769231 0.23984398076923077 0.49758600240384615 0.23996606009615384 0.5319177860576922 0.24218435817307693 0.5343501009615385
11 0.24308111057692308 0.5712762163461538 0.2848039375 0.5722826899038462 0.28678624278846154 0.56909553125 0.2865974543269231 0.5391530168269231 0.28466234375 0.5342045408653846 0.2412317716346154 0.5352986923076923 0.24157078365384616 0.5680051971153847 0.24308111057692308 0.5712762163461538
11 0.2443554519230769 0.6084539591346154 0.28603109134615384 0.6078668509615385 0.28711662740384614 0.6043442019230769 0.28697503365384613 0.5765823846153846 0.28532311057692306 0.5714661538461538 0.24156219951923077 0.5725414399038461 0.24218435817307693 0.6049313100961539 0.2443554519230769 0.6084539591346154
11 0.24680973798076922 0.6445302620192308 0.28787180528846157 0.6450390625 0.28975970432692305 0.6413486682692308 0.28942931971153846 0.611993264423077 0.2873998269230769 0.6072964014423077 0.2454881995192308 0.6072964014423077 0.24407344230769232 0.6101366442307692 0.24454424278846154 0.6409237548076923 0.24680973798076922 0.6445302620192308
11 0.24690412980769233 0.6804594254807692 0.2891461418269231 0.68222075 0.29042048076923077 0.6788658461538462 0.29079805528846153 0.6495943197115385 0.28900453846153845 0.6442264687500001 0.2463849519230769 0.6435554879807692 0.24548958173076924 0.6462884110576923 0.24548819711538464 0.6761819254807692 0.24690412980769233 0.6804594254807692
11 0.29211959134615384 0.6853240504807693 0.3338406514423077 0.6853240504807693 0.33525658413461534 0.6832272235576924 0.33469022115384617 0.651439516826923 0.3332270841346154 0.6493427019230769 0.2907296778846154 0.6487892139423077 0.2907036706730769 0.6807949302884615 0.29211959134615384 0.6853240504807693
11 0.2915986514423077 0.6486501057692308 0.33365188221153846 0.6484823701923077 0.33549257211538464 0.6454629447115384 0.3351150024038461 0.6163591586538462 0.3321887283653846 0.6116622932692308 0.2897107451923077 0.6124171490384616 0.28999392788461537 0.6431867283653846 0.2915986514423077 0.6486501057692308
11 0.28956915384615384 0.6128172379807693 0.3312447788461539 0.6120623942307692 0.332283125 0.608372 0.33185834374999995 0.5781778581730769 0.33001764663461536 0.5762487908653846 0.28715702403846155 0.5763009615384616 0.28744525240384616 0.6077848942307692 0.28956915384615384 0.6128172379807693
11 0.28810602163461535 0.5761538221153846 0.3309616033653846 0.5755667139423077 0.33185834374999995 0.5710375961538461 0.33115038942307695 0.5400664326923077 0.32926247115384616 0.5384728533653846 0.28682659855769227 0.5394106682692308 0.28645410096153845 0.5728827980769231 0.28810602163461535 0.5761538221153846
11 0.28697326923076927 0.5392166129807692 0.32864891346153846 0.5377069110576923 0.3304424254807692 0.5357778389423077 0.3297816586538461 0.5032352692307692 0.3282241153846154 0.5016416850961538 0.28504229567307693 0.5014630096153846 0.2850853605769231 0.5351907307692307 0.28697326923076927 0.5392166129807692
11 0.2853213485576923 0.5012840144230769 0.3280825264423077 0.5012840144230769 0.32935687740384617 0.4986000865384615 0.3289792980769231 0.466980125 0.32742175721153843 0.4642123317307692 0.2840510144230769 0.4633978653846154 0.2841414086538462 0.4963355360576923 0.2853213485576923 0.5012840144230769
11 0.2865012932692308 0.4632675480769231 0.32968726201923076 0.4641062764423077 0.33115038942307695 0.46016425961538465 0.33034802884615383 0.42854429326923077 0.3288848846153846 0.42695070913461536 0.284910125 0.42639008653846155 0.2852269591346154 0.4582351947115385 0.2865012932692308 0.4632675480769231
11 0.28777563701923076 0.42516719951923077 0.33020642307692305 0.42617367548076923 0.33242472355769226 0.4231542620192308 0.3317639639423077 0.3915342956730769 0.3297816586538461 0.38742453846153846 0.2863597067307692 0.38742453846153846 0.28631249999999997 0.4198832259615385 0.28777563701923076 0.42516719951923077
11 0.33341587740384615 0.4637705216346154 0.37494493028846154 0.4620930817307692 0.37654965625 0.4585704326923077 0.37565288461538465 0.4251891346153846 0.33053181971153844 0.4259439855769231 0.3311031947115385 0.4594930192307692 0.33341587740384615 0.4637705216346154
11 0.33435484374999996 0.4243383076923077 0.3783903629807692 0.4243383076923077 0.3775408100961538 0.3887763245192308 0.3759360817307692 0.38684725480769233 0.33364687259615383 0.3866795072115385 0.3321495504807693 0.3891473365384615 0.33284450721153847 0.42190599519230765 0.33435484374999996 0.4243383076923077
11 0.3312869879807692 0.5014615913461539 0.3733874038461539 0.500287375 0.3749921153846154 0.4965969783653846 0.3740009615384615 0.4659834759615385 0.3722074495192308 0.4624608269230769 0.3294462716346154 0.46455764182692305 0.32977665624999997 0.49860990865384613 0.3312869879807692 0.5014615913461539
11 0.33246693269230765 0.5388798509615385 0.37452013942307694 0.5383766177884616 0.3762192716346154 0.5356926971153846 0.3757944759615385 0.5044920841346154 0.37376498317307694 0.5006339519230769 0.3304313317307692 0.502402889423077 0.3311453966346154 0.5351055889423078 0.33246693269230765 0.5388798509615385
11 0.3329389134615385 0.575386608173077 0.3751809086538461 0.575386608173077 0.3766440360576923 0.5715284783653846 0.3763608629807692 0.5409149759615385 0.37461454567307695 0.5383988028846154 0.33208934615384617 0.5383988028846154 0.33129043990384616 0.5404680336538461 0.33194775721153846 0.5717800961538462 0.3329389134615385 0.575386608173077
11 0.33492121874999997 0.6123127427884616 0.37584167788461537 0.6116417548076923 0.3766440360576923 0.6092094591346154 0.3763608629807692 0.5785120817307692 0.3749921153846154 0.5753249278846154 0.3315701706730769 0.5756604158653846 0.3320421538461539 0.6095449495192308 0.33492121874999997 0.6123127427884616
11 0.3364787451923077 0.647309798076923 0.3782959591346154 0.6484001298076923 0.37999509134615383 0.6439548870192309 0.37938151682692306 0.6149349735576923 0.37654965625 0.6119994326923077 0.3348740120192308 0.6127542836538461 0.33496840865384614 0.6446258749999999 0.3364787451923077 0.647309798076923
11 0.3373283028846154 0.6849796850961538 0.37834317067307693 0.6850635432692307 0.3795703100961539 0.6821280024038461 0.37909831971153846 0.6511790240384615 0.3779183894230769 0.6487467187499999 0.3359595625 0.6474886322115385 0.3347268774038462 0.6500815480769231 0.3350628052884615 0.6808699278846154 0.3373283028846154 0.6849796850961538
11 0.3815526153846154 0.684392576923077 0.4238355985576923 0.68372159375 0.42341081009615383 0.6523532403846153 0.42204206971153846 0.6484112259615386 0.38074402644230765 0.6472370096153846 0.37907012500000004 0.6499640649038461 0.3789567283653846 0.6802828197115385 0.3815526153846154 0.684392576923077
11 0.42265565144230766 0.6484001298076923 0.42454355288461537 0.6444581201923077 0.4242131706730769 0.6140123725961538 0.42123970913461534 0.6109090889423077 0.37994167067307694 0.6120833052884616 0.3793879182692308 0.6140136490384616 0.37965847836538463 0.6475614158653846 0.42265565144230766 0.6484001298076923
11 0.37918650480769234 0.6123966057692308 0.42010696634615385 0.611474016826923 0.4214285048076923 0.6076997403846154 0.42123970913461534 0.5788475769230769 0.41939899519230767 0.5755765408653846 0.3783369399038462 0.5745700697115385 0.37634799278846154 0.5770058701923078 0.3766378269230769 0.6096288076923077 0.37918650480769234 0.6123966057692308
11 0.37904491346153846 0.5753027475961539 0.42048456009615387 0.5750511274038461 0.42279725240384614 0.5720317067307692 0.42204206971153846 0.541837576923077 0.41958778846153844 0.5381471802884615 0.37909210576923075 0.5378116947115384 0.37681058894230773 0.5405855168269231 0.37772337500000003 0.5716123533653846 0.37904491346153846 0.5753027475961539
11 0.3782425456730769 0.5382088629807693 0.41954060336538457 0.5379572499999999 0.4215229086538462 0.5344346009615385 0.4209093269230769 0.5031501298076922 0.4187382259615384 0.500466204326923 0.3772513918269231 0.5009694375 0.3758853942307692 0.5035777379807692 0.37649622836538466 0.5347701033653846 0.3782425456730769 0.5382088629807693
11 0.3766378269230769 0.5012827451923078 0.4189742139423077 0.5001085288461539 0.4202485576923077 0.4966697548076923 0.4196349831730769 0.46555302403846155 0.4171335072115384 0.4624497379807692 0.37621304086538465 0.4630368461538461 0.3742993485576923 0.46539511057692307 0.37503309615384617 0.49792784375 0.3766378269230769 0.5012827451923078
11 0.41935180769230773 0.4620920625 0.4216645 0.45856941586538463 0.4214757139423077 0.4280397908653846 0.4199181730769231 0.42325905288461535 0.3789977091346154 0.42359453846153844 0.37641407692307693 0.42826984615384617 0.3767794134615385 0.46251142307692306 0.41935180769230773 0.4620920625
11 0.3808384278846154 0.42239814663461533 0.4231276370192308 0.4222414831730769 0.4248739375 0.4197253052884615 0.4240715793269231 0.3852536754807692 0.42204206971153846 0.38391171394230766 0.3808384278846154 0.38391171394230766 0.3786609783653846 0.38679763701923076 0.3792336971153846 0.4172819134615385 0.3808384278846154 0.42239814663461533
11 0.4681481057692308 0.6817925216346155 0.4677705360576923 0.6453079471153846 0.4246789639423077 0.6452240697115385 0.42346682451923073 0.649376639423077 0.42459076442307697 0.6817925216346155 0.4681481057692308 0.6817925216346155
11 0.4272276442307692 0.6449613653846153 0.46866728365384613 0.6451291033653846 0.46980002884615385 0.6411870889423077 0.4693752644230769 0.6086445264423077 0.46578823076923076 0.6074703100961538 0.4251981466346154 0.6091477644230769 0.42533973317307694 0.6409354735576923 0.4272276442307692 0.6449613653846153
11 0.4241125961538461 0.6094610649038461 0.46555222596153845 0.6082868485576923 0.4664961850961538 0.6049319447115384 0.4656938245192308 0.5722216370192308 0.4227438557692308 0.5717184014423077 0.42120808173076923 0.5746561706730768 0.42137512019230766 0.6046803365384615 0.4241125961538461 0.6094610649038461
11 0.42458456971153846 0.5722833245192308 0.4677705360576923 0.5715284783653846 0.46739295673076925 0.5369729639423076 0.46489145673076926 0.5349600240384615 0.42373500961538463 0.5352955120192308 0.4221332764423077 0.5388232427884615 0.42297984855769233 0.5684251947115384 0.42458456971153846 0.5722833245192308
11 0.42401819471153845 0.5361120576923077 0.4651746466346154 0.5347701033653846 0.46654339423076924 0.5301570961538462 0.4660242091346154 0.49795002884615386 0.42264946634615386 0.4981177692307692 0.4211419975961539 0.5015804927884615 0.4218943028846154 0.53284103125 0.42401819471153845 0.5361120576923077
11 0.42231908173076926 0.4988504326923077 0.4656466225961538 0.49708910817307694 0.4649858533653846 0.4613593918269231 0.4224134711538462 0.46035292307692305 0.4200185456730769 0.4629279254807692 0.4201479783653846 0.49448906249999997 0.42231908173076926 0.4988504326923077
11 0.4257173149038461 0.4609178461538462 0.4673457475961538 0.46075010096153846 0.46866728365384613 0.4577306778846154 0.4680537259615385 0.42359453846153844 0.42567011778846153 0.42267194471153846 0.42299238461538463 0.4268600264423077 0.4234990192307692 0.45647260336538464 0.4257173149038461 0.4609178461538462
11 0.4274164423076923 0.4238239759615385 0.46909207451923074 0.4234127475961538 0.4705080072115385 0.4206449543269231 0.4699416201923077 0.38717979086538457 0.4671097668269231 0.38449121875000003 0.4266140769230769 0.385078326923077 0.4249088605769231 0.38691512259615385 0.4254813245192308 0.4199658389423077 0.4274164423076923 0.4238239759615385
11 0.47272630048076925 0.45890838221153846 0.5134993990384615 0.46259878365384616 0.5150097283653846 0.45790191346153847 0.5149153245192308 0.42795940625 0.51227225 0.4246044975961538 0.47272051923076924 0.4221721971153846 0.47077207211538463 0.42427535576923076 0.4705080072115385 0.45697932451923073 0.47272630048076925 0.45890838221153846
11 0.4720125576923077 0.42248549278846154 0.5130746081730769 0.4244145697115385 0.5152929182692307 0.4210596610576923 0.5149153245192308 0.39069778605769234 0.5129802283653846 0.3870073918269231 0.47073821153846157 0.38549768990384614 0.47073821153846157 0.4203048076923077 0.4720125576923077 0.42248549278846154
11 0.47531640384615387 0.5063185913461539 0.5202014735576923 0.5093380048076923 0.5214286225961539 0.5056476033653846 0.5217590072115385 0.4732727884615385 0.5201542716346154 0.4700017524038461 0.4760243629807693 0.46572425240384613 0.4741307379807692 0.4665699591346154 0.47390046153846155 0.5032153052884616 0.47531640384615387 0.5063185913461539
11 0.4687087139423077 0.5315025432692309 0.5110923028846154 0.5353606947115385 0.5132634014423076 0.5315025432692309 0.5133578076923077 0.5090246971153847 0.47508041105769233 0.505585920673077 0.473758875 0.5031536177884616 0.4737116706730769 0.4953534615384615 0.46918068509615385 0.4953534615384615 0.4687087139423077 0.5315025432692309
11 0.4703134326923077 0.5672433677884615 0.5114226875 0.571353125 0.5131218197115385 0.5695079278846154 0.5135937860576922 0.5389783028846155 0.5115642788461539 0.5356233942307692 0.47073821153846157 0.5317652620192308 0.4690421682692308 0.5343588125 0.46885030048076926 0.5631336105769231 0.4703134326923077 0.5672433677884615
11 0.4706910192307693 0.6055953293269231 0.5108091129807693 0.607608266826923 0.5124138413461539 0.6039178774038462 0.5128386298076923 0.5748140841346154 0.5104787283653847 0.5717108004807693 0.4703134326923077 0.5683558966346154 0.46851348557692307 0.5711316201923077 0.4682367355769231 0.6011500817307692 0.4706910192307693 0.6055953293269231
11 0.4726261225961539 0.6410956201923077 0.5122250456730769 0.6445343846153846 0.5136409975961539 0.6415149831730769 0.5141601658653846 0.6103982451923077 0.5112338942307693 0.6077143269230769 0.4706910192307693 0.6051142692307692 0.47026623557692304 0.6379923365384615 0.4726261225961539 0.6410956201923077
11 0.47333409375 0.6776023725961539 0.51387696875 0.6809572764423077 0.515104125 0.6776023725961539 0.51557609375 0.6468211322115385 0.5128858149038462 0.6443049567307693 0.47253173317307695 0.6406145649038462 0.47161949759615385 0.6431499326923077 0.4711629927884615 0.6734087524038461 0.47333409375 0.6776023725961539
11 0.517133625 0.6808734134615384 0.5584714350961538 0.6812927668269231 0.5592265961538462 0.6785249807692307 0.5587546322115384 0.6456469158653846 0.5568195120192307 0.6434662355769232 0.5154340625 0.6445597524038462 0.5153873004807692 0.6780217355769231 0.517133625 0.6808734134615384
11 0.5175969471153846 0.6434440552884616 0.5572430793269231 0.6441989038461539 0.5598389447115385 0.6409278749999999 0.5591309735576924 0.608553048076923 0.5572430793269231 0.6073788317307692 0.5154730480769231 0.6067078509615385 0.5153314471153846 0.6404246298076923 0.5175969471153846 0.6434440552884616
11 0.5154730480769231 0.6068534182692308 0.5568182860576922 0.6079437620192307 0.5581870216346154 0.6045049855769231 0.5580454230769231 0.5750657019230769 0.5557799471153846 0.5705365841346154 0.5151898557692308 0.5696978533653846 0.5138991129807692 0.5728938966346153 0.5139155168269232 0.603750125 0.5154730480769231 0.6068534182692308
11 0.5134435360576923 0.5577657572115384 0.5542696177884616 0.5587722307692308 0.5543168149038462 0.5352879110576922 0.5189656754807692 0.5341136947115385 0.5187296875 0.5223715288461539 0.5137267307692308 0.5222876538461538 0.5134435360576923 0.5577657572115384
11 0.5207119951923077 0.5345170432692308 0.5630955865384615 0.5345170432692308 0.5626708197115384 0.4989550552884615 0.5219391346153845 0.49778084134615386 0.5218447403846154 0.5066713389423076 0.5185250841346154 0.5093345048076923 0.5186352908653846 0.5302333701923077 0.5207119951923077 0.5345170432692308
11 0.522175125 0.4732762740384615 0.5220335312500001 0.4980186802884615 0.5619628413461538 0.4986896730769231 0.5639923581730769 0.49567024759615386 0.5635675769230769 0.46363092307692305 0.5619628413461538 0.46186959855769233 0.5207119951923077 0.4612824903846154 0.5195824495192307 0.4629279254807692 0.5193904567307692 0.46723744951923074 0.522175125 0.4732762740384615
11 0.519815235576923 0.4617635504807692 0.5599333485576923 0.4614280480769231 0.5613020721153846 0.45849250721153845 0.5613020721153846 0.4271241586538462 0.5588005889423078 0.4241886201923077 0.5188712812499999 0.42368538461538463 0.5164169951923077 0.428298375 0.5165425264423077 0.4287397860576923 0.5167473798076924 0.45647956490384617 0.519815235576923 0.4617635504807692
11 0.5164169951923077 0.4238309423076923 0.55776225 0.42450193028846156 0.559414170673077 0.4200566875 0.5592253870192307 0.39070127163461543 0.5568182860576922 0.38776573076923077 0.5162282067307692 0.3862560288461539 0.5149564783653846 0.3879724855769231 0.5148122788461539 0.4211470288461538 0.5164169951923077 0.4238309423076923
11 0.5613964783653846 0.6432751875 0.6018871682692308 0.6431074399038461 0.6028311274038461 0.6407590072115384 0.6025479375 0.60964228125 0.6011792067307693 0.6077970841346154 0.5601643293269231 0.6067067403846154 0.5592336418269231 0.6086093389423077 0.5595085600961538 0.6399976658653846 0.5613964783653846 0.6432751875
11 0.5600699423076922 0.6066828125 0.6012735865384615 0.6076892884615385 0.6022647403846154 0.6043343798076923 0.602170358173077 0.5727982860576923 0.6007544086538462 0.5709530913461538 0.5594563629807692 0.5711208389423077 0.5580345504807692 0.5728938966346153 0.5584180192307693 0.6022375600961538 0.5600699423076922 0.6066828125
11 0.5603059302884615 0.6798640913461539 0.6012263990384615 0.6795285913461538 0.6024535336538461 0.6745801153846155 0.6020287596153846 0.6471537764423078 0.6001408413461539 0.6435472548076924 0.5606835072115385 0.6428762740384616 0.5589597451923077 0.6447947235576923 0.5591259783653846 0.6774317764423077 0.5603059302884615 0.6798640913461539
11 0.5599283413461539 0.5709420048076923 0.6008488221153846 0.5714452331730769 0.6024535336538461 0.5667483629807692 0.6024063293269231 0.5394059038461538 0.6007072211538461 0.5352122740384615 0.5580345504807692 0.5351812067307692 0.5580876346153846 0.5674193557692307 0.5599283413461539 0.5709420048076923
11 0.6052854086538462 0.5353578437500001 0.6068901201923077 0.532590048076923 0.6071733173076923 0.5023120336538461 0.6054742019230769 0.49845389903846155 0.5644593269230769 0.49769904326923076 0.5629018028846153 0.49979585576923075 0.5628587788461539 0.49981821875 0.5632321850961538 0.5328416658653846 0.6052854086538462 0.5353578437500001
11 0.5655448774038462 0.49801234615384615 0.6061821658653846 0.4985994543269231 0.6079756778846154 0.49558004567307695 0.6075980985576923 0.46597302163461535 0.6054742019230769 0.46177938701923077 0.5635625697115384 0.46211488221153846 0.5637985576923077 0.4951606850961538 0.5655448774038462 0.49801234615384615
11 0.5636569663461539 0.46276594711538466 0.6043886370192307 0.46134012019230763 0.6058989663461538 0.45949491586538466 0.6055685817307692 0.4283781875 0.603397483173077 0.42452004807692306 0.561580264423077 0.4250232860576923 0.5613442764423077 0.45974654326923076 0.5636569663461539 0.46276594711538466
11 0.56219384375 0.4249212980769231 0.6035390913461538 0.42475355288461536 0.6044358389423077 0.42148250961538464 0.6041526658653846 0.38986255048076923 0.602170358173077 0.3878496057692308 0.5606363125 0.38759798557692304 0.5596866826923077 0.3892648221153846 0.5599283413461539 0.4213986466346154 0.56219384375 0.4249212980769231
11 0.60382228125 0.6791883413461538 0.6445033052884616 0.6789367283653847 0.6452112596153847 0.6757495745192308 0.64525846875 0.6445489711538461 0.6435121514423077 0.6427037716346155 0.6036300288461539 0.641865048076923 0.6020473725961538 0.6451471778846154 0.6020287596153846 0.6762528004807693 0.60382228125 0.6791883413461538
11 0.6464856105769231 0.6786851153846154 0.6881549783653846 0.6778463918269231 0.6881077932692308 0.6448844567307692 0.6863614663461538 0.6420327932692308 0.6475177067307692 0.6415295552884616 0.6452580649038461 0.6436198725961538 0.6452112596153847 0.6760011875 0.6464856105769231 0.6786851153846154
11 0.6478008870192308 0.6416023341346153 0.6882493822115384 0.6416862139423076 0.6897125192307693 0.6388345360576922 0.6895237259615384 0.608221045673077 0.6879189975961538 0.6062919735576923 0.6460545697115384 0.6068790817307692 0.6460073798076924 0.6374925769230769 0.6478008870192308 0.6416023341346153
11 0.6024479230769231 0.6416862139423076 0.64605865625 0.641770076923077 0.64551134375 0.6071995192307692 0.6026367139423077 0.60654359375 0.6024479230769231 0.6416862139423076
11 0.6029670985576924 0.6071085120192308 0.6457282716346153 0.6065214038461538 0.6455866826923077 0.5761595288461538 0.6438875625 0.5710433004807692 0.6046662163461538 0.5712949230769231 0.6025423197115385 0.5714626634615384 0.6024303365384616 0.571719045673077 0.6021175384615385 0.6054310721153846 0.6029670985576924 0.6071085120192308
11 0.60409984375 0.5704340168269231 0.6439819711538461 0.5706017620192307 0.6466250456730769 0.5674984759615385 0.6464834495192308 0.5367172307692308 0.6437931778846154 0.5344526658653846 0.6024964230769231 0.5360036009615384 0.6024951225961538 0.5665758653846154 0.60409984375 0.5704340168269231
11 0.6089140144230769 0.5351853413461538 0.6498344807692308 0.5340111274038462 0.6513920168269232 0.5309078317307692 0.6512976129807692 0.5019717908653847 0.6493625048076923 0.49844914423076925 0.6101411610576923 0.4987846298076923 0.6072545649038461 0.5002881586538461 0.607686875 0.5335078774038462 0.6089140144230769 0.5351853413461538
11 0.6102355528846154 0.49810256490384613 0.6529023485576922 0.49701221153846153 0.6529023485576922 0.46337930769230773 0.6503064591346154 0.461030875 0.6084441009615384 0.46304540865384614 0.6086780288461539 0.4929863293269231 0.6102355528846154 0.49810256490384613
11 0.6546958653846153 0.49701221153846153 0.6954694567307692 0.4975993197115385 0.6967437836538461 0.49466377884615387 0.6967909927884615 0.4648051394230769 0.6939591177884614 0.46077925721153845 0.652991451923077 0.4612824903846154 0.6531855216346153 0.49416054567307693 0.6546958653846153 0.49701221153846153
11 0.6534634350961538 0.5335189759615384 0.6963190192307693 0.5345254543269231 0.6964606105769231 0.500557048076923 0.6946670961538461 0.4977053798076923 0.6542658004807692 0.4972860192307692 0.6520515048076923 0.49946576442307694 0.6521418990384615 0.5302479543269231 0.6534634350961538 0.5335189759615384
11 0.6880594086538461 0.5701823942307692 0.6894753269230769 0.567917829326923 0.6899473028846154 0.53696884375 0.6888617692307691 0.5350397740384616 0.6489796442307691 0.5336139423076923 0.6466985937499999 0.5354161778846154 0.6466669543269231 0.5697630336538462 0.6880594086538461 0.5701823942307692
11 0.6475165192307692 0.6063536610576923 0.6883425841346154 0.6064375408653846 0.689852923076923 0.6029987548076924 0.6895225384615385 0.5735594831730769 0.6881537908653846 0.5702003245192308 0.6471389302884615 0.5698648341346154 0.6455090576923077 0.5745386850961538 0.6453926129807692 0.6017406754807693 0.6475165192307692 0.6063536610576923
11 0.6517643125 0.4240005913461538 0.6937703245192307 0.4242522091346154 0.6947142908653846 0.42140054807692306 0.6943839062499999 0.38910959855769234 0.692779170673077 0.386425670673077 0.6510091466346153 0.38692890865384616 0.6503332860576924 0.38961727644230765 0.6504427740384616 0.42114893028846156 0.6517643125 0.4240005913461538
11 0.6477095625 0.38692890865384616 0.6069306899038461 0.3874321466346154 0.6057979447115385 0.39137415625 0.6060811322115385 0.42022633173076923 0.6076386634615385 0.4239167283653846 0.6490268413461538 0.42458769951923075 0.6502539879807692 0.42190377644230764 0.6497385168269231 0.38832494230769227 0.6477095625 0.38692890865384616
11 0.6080634375 0.46235256009615383 0.6490311009615385 0.4618493149038461 0.6502110384615385 0.4571524495192308 0.65016384375 0.4272938125 0.6488895048076924 0.424442141826923 0.6071666802884615 0.4241905216346154 0.6058664302884615 0.4274474519230769 0.6061283269230769 0.4585782932692308 0.6080634375 0.46235256009615383
11 0.6528069206730769 0.4618493149038461 0.6940558990384615 0.4609267259615385 0.6952358293269231 0.45748793749999994 0.6946694735576924 0.4254486105769231 0.6926399567307692 0.4232679254807692 0.6520498822115385 0.4232679254807692 0.6506061923076923 0.4266250552884615 0.6511549975961538 0.4579073004807693 0.6528069206730769 0.4618493149038461
11 0.2093568389423077 0.731127485576923 0.2511535384615385 0.733476795673077 0.25135693990384617 0.7002248918269232 0.24837443028846154 0.6982404375000001 0.20854327884615384 0.6991405889423077 0.2093568389423077 0.731127485576923
11 0.2470857451923077 0.7672708485576922 0.2469840408653846 0.7336575216346154 0.20480266826923074 0.7331737884615385 0.2045771706730769 0.7688973052884616 0.2470857451923077 0.7672708485576922
11 0.24507169471153847 0.8024519447115386 0.24666840865384615 0.8001819975961539 0.2470790048076923 0.77034840625 0.24543665865384617 0.7684838004807693 0.20561005048076925 0.7680784567307692 0.2045529326923077 0.7703038125 0.2044239230769231 0.8023708725961539 0.24507169471153847 0.8024519447115386
11 0.24571825721153845 0.8371806971153847 0.24723356490384615 0.8329343653846154 0.2474084110576923 0.8047635600961538 0.2453685528846154 0.8027957451923077 0.20567876201923077 0.8026921754807692 0.20477134615384618 0.8049219495192308 0.2045131298076923 0.8374914086538462 0.24571825721153845 0.8371806971153847
11 0.24810777884615384 0.8708680504807693 0.24973966346153847 0.8657931658653847 0.2494482716346154 0.8387616298076923 0.24700044471153845 0.8358616923076923 0.20744096875 0.8377508100961539 0.2074854855769231 0.8697288028846154 0.24810777884615384 0.8708680504807693
11 0.25137156009615386 0.9052666899038461 0.25218750240384613 0.9009167836538462 0.2521292211538462 0.8738852548076923 0.25078874038461535 0.8707781802884615 0.20991244230769232 0.8718015384615385 0.20952535576923076 0.9053702692307692 0.25137156009615386 0.9052666899038461
11 0.21360506490384615 0.9396653269230769 0.25329486778846155 0.939354625 0.25469362740384616 0.9366618389423077 0.2551015985576923 0.9092160192307692 0.2536445408653846 0.9046589759615385 0.21255600240384617 0.9057982355769231 0.21255600240384617 0.9364546899038462 0.21360506490384615 0.9396653269230769
11 0.25626721634615385 0.9428896875 0.2542273605769231 0.9393683197115384 0.2140713173076923 0.9392647644230769 0.21366550721153846 0.9414281971153847 0.2134885048076923 0.973339 0.2540525264423077 0.9749961081730769 0.2559758100961539 0.9714747596153847 0.25626721634615385 0.9428896875
11 0.26203711298076926 1 0.26203711298076926 0.9761627620192308 0.21989948798076925 0.9746092211538462 0.22007432692307694 0.9991550985576924 0.26203711298076926 1
11 0.30335105528846157 1 0.3034093509615384 0.9782341394230769 0.3022437139423077 0.97657703125 0.26222106009615387 0.9766907884615385 0.2618622668269231 1 0.30335105528846157 1
11 0.2962989855769231 0.9763561923076923 0.2984553966346154 0.9721098725961539 0.2983971105769231 0.9446640456730768 0.2968235120192308 0.941764110576923 0.25929013942307694 0.9407284206730769 0.2569058028846154 0.94332353125 0.2570754423076923 0.9741812403846153 0.2962989855769231 0.9763561923076923
11 0.34420378365384613 0.9993485432692307 0.34397065384615383 0.9726277211538462 0.3043974158653846 0.9732491201923076 0.30382850961538466 0.9762555625 0.30393386778846154 0.9994521153846154 0.34420378365384613 0.9993485432692307
11 0.30457225721153847 0.973753264423077 0.3400074855769231 0.9730282788461538 0.3421056298076923 0.9698176418269231 0.34216392548076924 0.9408182884615385 0.3408817139423077 0.9385397788461538 0.3004342716346154 0.9395754615384615 0.30049254326923075 0.97282115625 0.30457225721153847 0.973753264423077
11 0.3415811033653846 0.9375939591346154 0.3434461177884615 0.9330369206730769 0.3435626826923077 0.9063160841346154 0.3415811033653846 0.9026911658653846 0.3015416153846154 0.9040375576923078 0.3017747403846154 0.9380082379807693 0.3415811033653846 0.9375939591346154
11 0.2601616610576923 0.9422682548076923 0.2990355096153846 0.9414397139423076 0.2999680168269231 0.9359505432692308 0.30008457211538464 0.9091261418269231 0.2970539302884615 0.9058119326923078 0.26010337740384615 0.9042583942307693 0.2578772403846154 0.9083604471153847 0.25818008413461535 0.9371933701923076 0.2601616610576923 0.9422682548076923
11 0.2548673100961538 0.8764744759615385 0.25493025480769227 0.9053291562500001 0.2585437091346154 0.9060541394230769 0.2606418533653846 0.9048113076923077 0.2957274038461538 0.9064684158653846 0.29741755528846153 0.9028434975961539 0.2975341298076923 0.8715656201923078 0.25638262740384615 0.8711924519230769 0.2548673100961538 0.8764744759615385
11 0.25493025480769227 0.8715519134615385 0.2950280240384615 0.8720697596153847 0.2952611538461538 0.8367526947115385 0.25440571394230765 0.8363384182692308 0.25324586298076923 0.8409005576923078 0.25289039423076926 0.8695840985576923 0.25493025480769227 0.8715519134615385
11 0.2498014735576923 0.8375538557692307 0.28931640625 0.8380717091346154 0.2905986177884615 0.8356896153846154 0.2910648557692308 0.8032742283653846 0.24886896634615382 0.8031706610576923 0.24875240625 0.8358967524038461 0.2498014735576923 0.8375538557692307
11 0.25324009134615383 0.8023278245192308 0.29450348798076925 0.8028456682692308 0.29456175721153843 0.7685643028846154 0.25370634134615383 0.7680464495192307 0.25218500240384617 0.7698137908653847 0.2518413317307692 0.7991171971153845 0.25324009134615383 0.8023278245192308
11 0.25393946634615383 0.7677220552884615 0.29048204326923077 0.7685505961538461 0.29275502884615384 0.7646149711538462 0.29298816826923074 0.736444173076923 0.2914728269230769 0.7346834999999999 0.25063451442307694 0.7344154807692308 0.25038429326923073 0.76658278125 0.25393946634615383 0.7677220552884615
11 0.2931047139423077 0.7333234038461539 0.29322129807692304 0.6995461730769231 0.2513167956730769 0.6990283317307693 0.2512585072115385 0.7325984206730769 0.2931047139423077 0.7333234038461539
11 0.3004319519230769 0.9054671850961539 0.3399468966346154 0.9034993750000001 0.34140393509615385 0.9001851490384615 0.3412873846153846 0.8717036466346154 0.3391892307692308 0.86901084375 0.3001988341346154 0.8702536778846154 0.2989431778846154 0.8720916899038461 0.29885834615384615 0.901842266826923 0.3004319519230769 0.9054671850961539
11 0.30002398076923076 0.8700328389423077 0.33948065865384613 0.8686864495192308 0.3410542451923077 0.8646472403846153 0.3409959639423077 0.8385478269230769 0.3383732884615384 0.8340943629807692 0.3001405432692308 0.8357514663461539 0.29869836298076924 0.8377089062499999 0.2987417836538462 0.8675471802884616 0.30002398076923076 0.8700328389423077
11 0.3383732884615384 0.8352199182692307 0.34006347115384616 0.8307664447115385 0.3399468966346154 0.8004206971153847 0.2983338125 0.801456389423077 0.297984125 0.8366698870192307 0.3383732884615384 0.8352199182692307
11 0.33528436538461537 0.7659047908653847 0.29512832451923077 0.7683904447115384 0.2952448894230769 0.8017397091346155 0.3356340673076923 0.8017397091346155 0.33720767067307694 0.7962505336538462 0.33729738942307697 0.7695236394230769 0.33528436538461537 0.7659047908653847
11 0.29530317307692305 0.7673410673076924 0.33598374278846155 0.7656839591346153 0.3358089158653846 0.7321275552884615 0.2938836850961538 0.7341253317307692 0.29367128846153845 0.7653732524038461 0.29530317307692305 0.7673410673076924
11 0.29466206971153847 0.7337709735576923 0.3351678004807692 0.7323210072115385 0.3349346754807693 0.6987646009615385 0.29355726682692307 0.700613 0.29291362019230766 0.7313888725961538 0.29466206971153847 0.7337709735576923
11 0.3363334302884615 0.7352209423076924 0.37625634375 0.7352209423076924 0.3773637043269231 0.7295246298076923 0.3773637043269231 0.699800298076923 0.3353388774038461 0.7010482235576923 0.3349346754807693 0.732113858173077 0.3363334302884615 0.7352209423076924
11 0.34006347115384616 0.76993028125 0.3774802596153846 0.7686874519230769 0.3778882307692308 0.7347167884615384 0.33623652884615385 0.73572115625 0.33604203846153846 0.7671339254807693 0.34006347115384616 0.76993028125
11 0.34163706490384615 0.8043289326923078 0.38185155288461536 0.8025682451923076 0.38185155288461536 0.767976170673077 0.3398271346153846 0.7695236394230769 0.3395389254807692 0.7987362043269232 0.34163706490384615 0.8043289326923078
11 0.34187034134615385 0.8388448365384615 0.38132701682692305 0.8385341274038461 0.3827257716346154 0.8343913653846153 0.38249265384615383 0.8062205697115385 0.3801031009615385 0.8030099254807692 0.3405592283653846 0.8034711971153846 0.34029674759615386 0.8356341923076923 0.34187034134615385 0.8388448365384615
11 0.3429194086538461 0.8727256466346154 0.3815018581730769 0.8727256466346154 0.3835417139423077 0.8682721634615385 0.3835417139423077 0.839894233173077 0.3821429591346154 0.838029983173077 0.34175378125000005 0.8362693125 0.3412875240384615 0.8708614014423077 0.3429194086538461 0.8727256466346154
11 0.3467659975961539 0.9090022331730769 0.38558157211538463 0.9073451298076923 0.3863392379807692 0.90113096875 0.3857564230769231 0.8727530336538462 0.3461831802884615 0.8731673100961538 0.3444762548076923 0.8770242403846154 0.3440850408653846 0.9056880216346154 0.3467659975961539 0.9090022331730769
11 0.3464745913461539 0.941640201923077 0.3854649975961539 0.9422616009615384 0.3873883100961538 0.9386366826923077 0.3869803389423077 0.9089123509615384 0.3852318677884616 0.90684096875 0.34536723798076924 0.9084980817307693 0.34519240625000003 0.9398795144230768 0.3464745913461539 0.941640201923077
11 0.3861060985576923 0.9756245576923077 0.3859312668269231 0.9422753004807691 0.3459500552884615 0.9422753004807691 0.3444762548076923 0.9446292067307692 0.3446095817307692 0.9767638317307692 0.3861060985576923 0.9756245576923077
11 0.38750485336538465 1 0.3871551802884615 0.9747061370192308 0.34472614182692307 0.9758453942307692 0.34472614182692307 0.9996663004807692 0.38750485336538465 1
11 0.38727172355769235 0.9740847283653846 0.4273625528846154 0.9729454591346154 0.4275373966346154 0.9422890024038462 0.4253226971153846 0.9391819302884615 0.38837212740384613 0.9402176225961539 0.3860130504807693 0.9423080048076924 0.3856981274038462 0.9712883509615384 0.38727172355769235 0.9740847283653846
11 0.42899443990384617 1 0.4284116153846154 0.9769846634615384 0.4264883125 0.9728418942307692 0.38714293269230765 0.9743695889423076 0.3870899375 1 0.42899443990384617 1
11 0.42940241105769233 0.9766602451923077 0.46972993990384615 0.9734496081730769 0.46949681009615385 0.9399967884615384 0.43004016586538457 0.941136048076923 0.42778207692307696 0.94332353125 0.4275373966346154 0.97127465625 0.42940241105769233 0.9766602451923077
11 0.47019620913461535 0.9996663004807692 0.47025448557692306 0.9743954254807693 0.4288162524038462 0.9761561057692307 0.42910764423076925 0.9998734278846153 0.47019620913461535 0.9996663004807692
11 0.42980702163461537 0.94091521875 0.46897229567307697 0.9401902331730769 0.47060418028846157 0.9359438894230769 0.4704875961538461 0.9054945697115385 0.43009843509615386 0.906323125 0.4290795096153846 0.9093759735576923 0.4282334230769231 0.9370831634615384 0.42980702163461537 0.94091521875
11 0.4271843629807692 0.9388438245192308 0.4285248269230769 0.9357367475961538 0.42875795432692304 0.9073588197115385 0.4266015384615385 0.9050803004807692 0.3875427139423077 0.9054589471153847 0.3874362836538462 0.9399830985576922 0.4271843629807692 0.9388438245192308
11 0.42974874038461536 0.9075522644230769 0.46920541346153843 0.9059987139423077 0.47025448557692306 0.9025809350961538 0.47002135576923076 0.8713030673076924 0.42939905048076926 0.8723387596153847 0.42834506730769234 0.875138264423077 0.4282334230769231 0.9032023533653846 0.42974874038461536 0.9075522644230769
11 0.3874945649038462 0.9046523293269231 0.42631012740384616 0.9048594567307693 0.4280003052884615 0.9001988437499999 0.42788373557692305 0.8738922956730769 0.425377625 0.8704745144230769 0.3874362836538462 0.8709923605769231 0.3861554326923077 0.8736875144230769 0.3862706514423077 0.9027880865384615 0.3874945649038462 0.9046523293269231
11 0.3866203413461538 0.8710685432692308 0.4246199639423077 0.8711720985576924 0.4264266923076923 0.8673400408653846 0.4264266923076923 0.8403085096153846 0.42392059134615384 0.835544329326923 0.3862706514423077 0.8351300480769231 0.38460494471153844 0.8375638317307692 0.38440563461538463 0.8684793149038461 0.3866203413461538 0.8710685432692308
11 0.42858310817307693 0.8730363533653847 0.46815635096153846 0.8718970841346153 0.4688557091346154 0.8678578870192308 0.4690888389423077 0.8368907283653846 0.42864139663461537 0.83771928125 0.4269577860576923 0.8411907067307692 0.4270095096153846 0.8698257115384614 0.42858310817307693 0.8730363533653847
11 0.42648496874999997 0.8393626947115386 0.46500912499999997 0.837809141826923 0.46687413942307693 0.83387353125 0.46699071634615386 0.80363134375 0.4264266923076923 0.8037349086538461 0.42499927403846155 0.8068079230769231 0.4246782403846154 0.8348056538461539 0.42648496874999997 0.8393626947115386
11 0.4256690264423077 0.8047569014423076 0.46699071634615386 0.8034105144230769 0.4669324375 0.7687148533653846 0.4257855961538462 0.7699576802884616 0.4249176682692308 0.7732955913461539 0.4243285625 0.8010284134615385 0.4256690264423077 0.8047569014423076
11 0.4233960504807692 0.801131983173077 0.4243285625 0.7698541081730769 0.42310464903846157 0.7667470384615385 0.3851632980769231 0.765918483173077 0.38199359374999997 0.7695236394230769 0.38224921634615383 0.8012355624999999 0.4233960504807692 0.801131983173077
11 0.3853381418269231 0.8352199182692307 0.4233960504807692 0.8355306394230768 0.4247365336538461 0.8334592403846154 0.4254941850961539 0.8035277764423078 0.4238622980769231 0.8000064206730768 0.38329926923076924 0.8018753725961538 0.38318172115384613 0.8333556875 0.3853381418269231 0.8352199182692307
11 0.4253193365384615 0.7708761057692308 0.4654753942307692 0.7700475528846155 0.4661164951923077 0.7332668221153846 0.42479480528846153 0.7348203533653846 0.4235303894230769 0.7397832572115385 0.42345432692307694 0.7668369110576924 0.4253193365384615 0.7708761057692308
11 0.41966601923076924 0.7361530673076923 0.46098770913461534 0.7344959591346154 0.4613373822115384 0.7017681105769231 0.42088993509615386 0.7009395528846153 0.4189605264423077 0.7051103245192307 0.4182672692307693 0.732113858173077 0.41966601923076924 0.7361530673076923
11 0.37863732451923077 0.7337709735576923 0.41756944951923075 0.7327352836538462 0.41896821153846153 0.7293174927884615 0.4188516610576923 0.6981431899038462 0.3777501490384615 0.6995974735576923 0.3771802860576923 0.7318031634615385 0.37863732451923077 0.7337709735576923
11 0.41949274759615385 0.766719639423077 0.41972587259615385 0.7366846009615385 0.41803571875 0.7333703846153846 0.3779164903846154 0.7339802572115384 0.3777048221153846 0.7676517740384615 0.41949274759615385 0.766719639423077
11 0.5207311322115384 0.7263740504807692 0.5209795552884615 0.6920487836538461 0.47949072115384617 0.6931524903846153 0.4793603629807693 0.7284104254807692 0.5207311322115384 0.7263740504807692
11 0.5178158677884616 0.7596501875 0.5176007956730769 0.7263942451923077 0.47622181971153843 0.7288210793269231 0.4761929639423077 0.7621348485576923 0.5178158677884616 0.7596501875
11 0.5176007956730769 0.7950338149038461 0.5176007956730769 0.7606310985576923 0.47622181971153843 0.7633571009615385 0.47587029326923075 0.7959894423076924 0.5176007956730769 0.7950338149038461
11 0.517063 0.8281239254807692 0.5171705528846154 0.7958235889423076 0.4759206346153846 0.7973576802884617 0.47597786057692304 0.8304174350961537 0.517063 0.8281239254807692
11 0.5174283966346154 0.8628143918269231 0.5174932139423076 0.8292959471153847 0.4761929639423077 0.8302515769230769 0.47602478365384615 0.863365826923077 0.5174283966346154 0.8628143918269231
11 0.5170167644230769 0.8960355360576924 0.5173272980769231 0.865242125 0.5158987884615385 0.863365826923077 0.4757186201923077 0.864275298076923 0.4758384639423077 0.8969184879807692 0.5170167644230769 0.8960355360576924
11 0.5162714423076923 0.9304857475961538 0.5173894086538462 0.9273953725961538 0.51769996875 0.9000234639423077 0.5160851177884616 0.8970434591346154 0.47650129326923074 0.8973601826923077 0.4759626826923077 0.93125834375 0.5162714423076923 0.9304857475961538
11 0.5168925360576924 0.9652816899038462 0.5185694951923077 0.9623016850961539 0.5188179278846154 0.9330534711538461 0.5168925360576924 0.9312875432692308 0.477701735576923 0.9316186538461538 0.4775154014423077 0.9643987235576923 0.5168925360576924 0.9652816899038462
11 0.47875758894230774 0.9986282163461537 0.5180726057692308 0.9985178389423077 0.5183210552884615 0.967282954326923 0.5167683149038461 0.9650755432692308 0.47719700480769234 0.9647667692307693 0.47677009374999996 0.9956481971153845 0.47875758894230774 0.9986282163461537
11 0.5599530144230769 0.7259734663461538 0.5623131610576924 0.723545298076923 0.5621268317307693 0.6914274543269231 0.5212006730769231 0.6920483798076924 0.5210106394230769 0.7272979158653846 0.5599530144230769 0.7259734663461538
11 0.5198802283653846 0.76126728125 0.5593492908653845 0.7599987788461539 0.5599816514423077 0.7579496250000001 0.5600213245192308 0.7287876346153846 0.5588618173076922 0.7265308990384616 0.5209845216346154 0.7275120889423078 0.5187771129807692 0.7301290384615384 0.5187759326923077 0.7587161874999999 0.5198802283653846 0.76126728125
11 0.5608371682692308 0.7600308341346154 0.5993271995192307 0.7605375264423077 0.6009904447115384 0.7564840408653846 0.6012280480769231 0.7290386274038462 0.5994222283653846 0.7256607283653846 0.5627833533653847 0.7256607283653846 0.5602725600961539 0.728113545673077 0.5597917115384615 0.7582574375 0.5608371682692308 0.7600308341346154
11 0.5609300264423077 0.7945921802884615 0.5982817211538461 0.7941699423076922 0.5999449639423077 0.7900320096153847 0.6002301033653846 0.7618265673076923 0.5986619038461538 0.7602220697115385 0.5606448918269231 0.7602220697115385 0.5587381201923077 0.7636006105769231 0.5588390865384615 0.7918898509615384 0.5609300264423077 0.7945921802884615
11 0.5191619326923077 0.7607175841346153 0.5172610841346154 0.7640954783653846 0.5171660408653846 0.7925542572115384 0.5194945817307692 0.7953410360576924 0.5574134495192308 0.793567639423077 0.5585539591346154 0.7914564495192308 0.5583669615384615 0.7602953485576923 0.5191619326923077 0.7607175841346153
11 0.5195421033653846 0.8292267788461539 0.5571789326923077 0.8288045456730769 0.5590322596153846 0.8255955528846154 0.5591273149038462 0.7964611826923077 0.5571789326923077 0.7945188966346154 0.5199222740384616 0.7953633653846153 0.5181561105769231 0.7993242596153846 0.5180689471153846 0.8265244759615384 0.5195421033653846 0.8292267788461539
11 0.51825903125 0.863703670673077 0.5566562091346154 0.8634503389423076 0.558557045673077 0.8608324711538462 0.5587946682692307 0.8323736826923077 0.5573215072115384 0.8292491225961538 0.5194470625000001 0.82899578125 0.5177568798076924 0.8323272307692308 0.517451170673077 0.8598190985576923 0.51825903125 0.863703670673077
11 0.5188768052884616 0.8988561490384614 0.55670371875 0.8977583221153846 0.5578917475961538 0.8944648774038462 0.5577967211538462 0.8658371971153845 0.5559433774038461 0.8635571153846153 0.5187817668269231 0.8637260120192308 0.5173576514423077 0.8661582331730769 0.5165007427884615 0.8949715673076923 0.5188768052884616 0.8988561490384614
11 0.5202074014423077 0.933068516826923 0.5597450793269231 0.9324773846153847 0.5596025264423077 0.899965125 0.5575115817307692 0.8978539447115386 0.5203024471153846 0.8977694903846154 0.5185553389423077 0.9004623990384615 0.5185916778846154 0.9298595240384615 0.5202074014423077 0.933068516826923
11 0.558319451923077 0.9664475889423076 0.5603628557692308 0.9629852524038461 0.560505420673077 0.9348642524038462 0.55898475 0.9317396995192309 0.5199222740384616 0.9322463846153847 0.5190211057692308 0.9363043365384616 0.5186392019230769 0.9677143100961538 0.558319451923077 0.9664475889423076
11 0.5576066346153846 0.9995733197115384 0.5590322596153846 0.9963643149038461 0.5593649086538461 0.96891890625 0.5577967211538462 0.966554375 0.5182645528846154 0.9674665384615384 0.5180214278846154 1 0.5576066346153846 0.9995733197115384
11 0.5609805504807692 0.8287260096153847 0.600065141826923 0.82810309375 0.6008830552884615 0.8244694182692308 0.6011167283653847 0.7957114639423076 0.5990719447115385 0.7943618245192308 0.5606884254807692 0.793531264423077 0.5596898990384616 0.7977044447115385 0.5594031370192307 0.8270648966346154 0.5609805504807692 0.8287260096153847
11 0.5598705120192308 0.8631176442307692 0.5982540360576923 0.8634291153846154 0.60000671875 0.8598992475961539 0.6002988197115384 0.8318680456730768 0.59807878125 0.829064923076923 0.5606300024038462 0.829064923076923 0.558994173076923 0.8316604038461539 0.5584683870192307 0.8614565480769231 0.5598705120192308 0.8631176442307692
11 0.56027946875 0.8980146514423077 0.5977866514423077 0.8974955673076923 0.5989551129807692 0.8947962596153847 0.5993056514423076 0.8648963125000001 0.59802034375 0.8628199158653846 0.5594031298076924 0.8627161033653846 0.5578318365384616 0.8656181370192308 0.5578841538461539 0.8949000889423077 0.56027946875 0.8980146514423077
11 0.5610973822115385 0.931887201923077 0.6000651274038462 0.9313681081730769 0.6007662139423077 0.9284611682692308 0.6009414783653846 0.8999108653846153 0.5996561706730769 0.8969001129807693 0.5611558100961539 0.8974192091346154 0.5600404855769231 0.9003748245192308 0.5595199831730769 0.9290840961538461 0.5610973822115385 0.931887201923077
11 0.6015841298076923 0.9640986466346154 0.6017593942307692 0.9331605024038462 0.6005325216346153 0.9312917548076923 0.5603676923076922 0.9320775745192308 0.5601626274038461 0.9647215673076922 0.6015841298076923 0.9640986466346154
11 0.5986967548076924 1 0.6001613245192308 0.9959864278846153 0.5999782716346154 0.9647547163461538 0.5589798918269231 0.9664010625 0.5587866802884616 1 0.5986967548076924 1
11 0.6438558509615385 0.9995936586538462 0.6440389278846154 0.9670606418269231 0.6422997283653846 0.9642953197115385 0.6030696658653846 0.9659453533653846 0.6025727427884615 1 0.6438558509615385 0.9995936586538462
11 0.6849559134615385 0.9982923581730769 0.6844982067307692 0.9646206538461539 0.6438558509615385 0.9641326682692307 0.6439474038461538 0.9994310144230769 0.6849559134615385 0.9982923581730769
11 0.6427410504807691 0.9641459302884615 0.6434484807692308 0.9609459110576922 0.6435128052884616 0.9306600240384615 0.6038962572115385 0.9315743149038462 0.6023661610576924 0.9354404014423078 0.6025456923076923 0.9655173629807692 0.6427410504807691 0.9641459302884615
11 0.6855732067307693 0.962774485576923 0.6851230192307691 0.961631625 0.6853159639423076 0.9310028798076923 0.6456994206730768 0.9306600240384615 0.6443290408653847 0.9344798774038462 0.6439629927884615 0.9641459302884615 0.6855732067307693 0.962774485576923
11 0.7262065384615385 0.9953461009615385 0.7256277235576923 0.9611744783653846 0.6869115673076922 0.962545920673077 0.6849411826923077 0.9642561129807692 0.6851873485576923 0.9986604158653846 0.7262065384615385 0.9953461009615385
11 0.7274928052884615 0.9611744783653846 0.7272998701923077 0.9278028629807692 0.6880048774038462 0.9286028677884615 0.68600484375 0.9311180432692308 0.6857539375 0.9628887788461539 0.7274928052884615 0.9611744783653846
11 0.687426079326923 0.9283591754807692 0.7275571033653846 0.926644889423077 0.7280716081730769 0.8941875576923077 0.6880048774038462 0.8945304182692309 0.6866351875000001 0.8978198894230769 0.686075514423077 0.926644889423077 0.687426079326923 0.9283591754807692
11 0.6453656538461539 0.9302869302884615 0.6840818125 0.9307440769230768 0.6854323822115386 0.9269726394230768 0.6855610024038461 0.896572454326923 0.6467162163461538 0.8954295961538462 0.6445822572115384 0.8991005865384616 0.6438221466346155 0.92880121875 0.6453656538461539 0.9302869302884615
11 0.6880691899038461 0.8951859134615384 0.7281359399038462 0.8943859086538463 0.7281359399038462 0.8602142788461538 0.6885836971153847 0.8611285649038461 0.6867252355769231 0.8642015576923078 0.6865257019230769 0.8930144735576923 0.6880691899038461 0.8951859134615384
11 0.6468448389423076 0.8957573317307692 0.6850465072115385 0.8963287596153846 0.6863327572115385 0.8939287475961539 0.6865257019230769 0.8627285745192308 0.6467805288461539 0.8626142932692308 0.6455727980769231 0.8654822572115385 0.6454299639423078 0.8931287427884615 0.6468448389423076 0.8957573317307692
11 0.6425426033653847 0.8622714350961539 0.6060773822115384 0.8629571466346154 0.6044695745192308 0.86730003125 0.6041480072115385 0.8953001850961539 0.6051770072115384 0.8993002091346154 0.6439507716346153 0.8980430721153846 0.6453013341346154 0.8938144783653846 0.6452126009615384 0.8654822572115385 0.6425426033653847 0.8622714350961539
11 0.6440861081730769 0.9297306177884616 0.6438931682692307 0.8987590120192308 0.6045981947115384 0.8981875793269231 0.6031732884615384 0.9010216346153845 0.6027974423076923 0.9312163389423076 0.6440861081730769 0.9297306177884616
11 0.6057558221153846 0.8629420288461538 0.6449864831730768 0.8615706057692307 0.645308045673077 0.8273989759615384 0.6054985721153846 0.8270561129807692 0.6039837307692307 0.8310634903846155 0.6036335024038462 0.8599705961538462 0.6057558221153846 0.8629420288461538
11 0.6467872355769231 0.8625991850961537 0.6866610288461538 0.8623706105769231 0.6867253581730769 0.8292275528846154 0.6474303629807692 0.8281989807692308 0.6457665120192307 0.8334647980769231 0.645308045673077 0.8589420072115386 0.6467872355769231 0.8625991850961537
11 0.6887190432692307 0.8620126346153847 0.7285228317307693 0.8600697620192308 0.72910165625 0.8281838701923078 0.689485108173077 0.8278410024038462 0.68763934375 0.830423139423077 0.6873684807692307 0.8577840360576924 0.6887190432692307 0.8620126346153847
11 0.6892278653846154 0.8277267139423077 0.7294875384615385 0.827955298076923 0.7296804711538462 0.7936693798076924 0.6906427307692307 0.7934408052884615 0.6882575649038463 0.7969648966346153 0.6876843557692307 0.824640983173077 0.6892278653846154 0.8277267139423077
11 0.6480678125 0.8280695769230769 0.6862051586538461 0.8285267187500001 0.6873627884615385 0.8252124182692308 0.6876200360576923 0.79709796875 0.6853047836538462 0.792869375 0.648518002403846 0.7925265120192309 0.6464201009615385 0.7949580793269231 0.6461628581730768 0.8238725384615384 0.6480678125 0.8280695769230769
11 0.6057745625 0.8281011370192307 0.645391108173077 0.8258153918269231 0.645391108173077 0.792786641826923 0.6058388725961539 0.7932437788461539 0.6041671418269231 0.7968048100961538 0.6037165600961538 0.824101110576923 0.6057745625 0.8281011370192307
11 0.6055173149038462 0.7933429639423076 0.6443621057692308 0.79345725 0.645391108173077 0.7892286418269231 0.6456483509615385 0.7603141971153846 0.6441048581730769 0.7590570408653845 0.606096125 0.7590570408653845 0.6042571923076923 0.7627062187500001 0.6041024350961538 0.7904858028846153 0.6055173149038462 0.7933429639423076
11 0.6478349879807692 0.7918572427884616 0.6855221442307692 0.7931143918269231 0.687194264423077 0.7883143653846154 0.687194264423077 0.7603141971153846 0.6861652836538461 0.7572284567307693 0.6475134230769231 0.7567713221153846 0.6457698245192307 0.7606250841346154 0.6459056105769231 0.7888857932692308 0.6478349879807692 0.7918572427884616
11 0.6892522908653846 0.7947144014423076 0.7295074927884616 0.7931143918269231 0.7302149326923076 0.7614570552884616 0.7293145576923077 0.7598570456730769 0.6902768100961538 0.7595141923076922 0.6885431466346154 0.7628663052884614 0.6879017259615385 0.7919715144230769 0.6892522908653846 0.7947144014423076
11 0.6889262475961538 0.7608705192307692 0.7283498509615385 0.7596133533653846 0.7289929735576923 0.7550419014423077 0.7292502283653846 0.72635603125 0.6893764350961539 0.72635603125 0.6879950552884615 0.7284475384615384 0.6872541394230769 0.7569847692307692 0.6889262475961538 0.7608705192307692
11 0.6466085841346154 0.7572133413461538 0.6857106225961539 0.7566419110576923 0.6868682475961538 0.7542418966346154 0.6873184350961539 0.7265846057692307 0.6856463052884615 0.7236131538461539 0.6467372043269232 0.7238417235576923 0.6458520769230769 0.7265264903846155 0.6452580192307693 0.7556133317307693 0.6466085841346154 0.7572133413461538
11 0.6884760600961539 0.72554090625 0.7275138052884615 0.7259980480769231 0.7281569278846154 0.6915978557692307 0.6894407475961538 0.6918264254807693 0.6871846129807693 0.6933884230769232 0.6865466802884614 0.7217694543269231 0.6884760600961539 0.72554090625
11 0.6465442692307692 0.7232551899038462 0.6845530048076923 0.7232551899038462 0.6863537620192308 0.7209694495192308 0.6865466802884614 0.6894264134615384 0.6457620264423076 0.6906669399038462 0.6451293942307692 0.7217694543269231 0.6465442692307692 0.7232551899038462
11 0.6048084326923078 0.7252304326923077 0.6036508076923077 0.7294590264423076 0.6037794350961538 0.7579163461538462 0.6051943149038461 0.7600877860576923 0.644872139423077 0.7594020528846154 0.6449515865384616 0.7242852692307692 0.6048084326923078 0.7252304326923077
11 0.6050013725961538 0.7242876514423077 0.6433316586538461 0.7247447884615384 0.6449394903846154 0.7217733461538463 0.6450680961538461 0.6905731682692308 0.6043484471153846 0.6919476370192308 0.6036508076923077 0.7228019158653846 0.6050013725961538 0.7242876514423077
11 0.6005300288461538 0.72604559375 0.6031025192307692 0.7237598485576923 0.6031025192307692 0.6909596658653846 0.5628346057692307 0.6921077259615385 0.5623283581730769 0.7255884326923077 0.6005300288461538 0.72604559375