11 0.21691475961538462 0 0.2176336971153846 0.028408911057692308 0.26023634615384617 0.02807971875 0.2598658942307692 0 0.21691475961538462 0
11 0.30441428125000003 0.032293168269230774 0.30340599759615383 0 0.25999168509615384 0.00040452884615384613 0.2602677572115385 0.03248041826923077 0.30441428125000003 0.032293168269230774
11 0.34720376923076923 0.028529783653846154 0.3473733605769231 0.0021022283653846156 0.30328795192307695 0.0024038341346153845 0.30361833894230766 0.029283298076923075 0.34720376923076923 0.028529783653846154
11 0.3467670456730769 0 0.34734399759615386 0.02411514423076923 0.35018758413461537 0.02818620673076923 0.3908666514423077 0.02551895673076923 0.39015575480769227 0 0.3467670456730769 0
11 0.4345249831730769 0.026366228365384617 0.43428181250000003 0 0.39156697596153844 0.0002809471153846154 0.39210196153846155 0.026220865384615384 0.4345249831730769 0.026366228365384617
11 0.43688648317307693 0.02706813701923077 0.47819746153846154 0.028612334134615384 0.47875037740384613 0.02440089182692308 0.4793032908653846 0 0.43536485817307696 0.0002809471153846154 0.43483278365384614 0.024962415865384616 0.43688648317307693 0.02706813701923077
11 0.25741562500000004 0.102851625 0.2579415721153846 0.06608535336538461 0.2158338173076923 0.06642878125 0.21533976201923075 0.10004741826923078 0.25741562500000004 0.102851625
11 0.2619173942307692 0.10266364182692309 0.30197711538461536 0.10219627403846153 0.30302901201923077 0.0958089110576923 0.3026783846153846 0.06636473076923077 0.2593919495192308 0.06795693509615384 0.25884935576923074 0.1011057451923077 0.2619173942307692 0.10266364182692309
11 0.30301186298076926 0.09888350240384615 0.34649025480769235 0.09763717788461539 0.34684088221153847 0.06305195192307692 0.3036009375 0.06331641586538461 0.30301186298076926 0.09888350240384615
11 0.39360515865384615 0.09850625240384615 0.39360515865384615 0.06158418509615385 0.35032273076923076 0.06332849038461538 0.3508280264423077 0.09928519471153846 0.39360515865384615 0.09850625240384615
11 0.4338205072115385 0.09810454567307691 0.4377651201923077 0.09078245432692308 0.43916765144230774 0.06616774038461538 0.43627493509615384 0.0616498485576923 0.3954866153846154 0.06401792788461538 0.3951633076923077 0.09810454567307691 0.4338205072115385 0.09810454567307691
11 0.4401587548076923 0.10126926442307692 0.48100741586538465 0.10298294230769231 0.48232228605769234 0.09846504807692308 0.48267291346153846 0.06528192548076923 0.43893154326923073 0.06387982211538462 0.43925997596153843 0.067106125 0.43875623076923076 0.0998671610576923 0.4401587548076923 0.10126926442307692
11 0.21532916586538461 0.10376797596153847 0.21559753365384615 0.13445206490384615 0.21667100721153845 0.13794973076923076 0.25643425721153845 0.13985754807692308 0.25808919230769234 0.13675734375 0.2579997331730769 0.104801375 0.25661316586538463 0.1028935576923077 0.21640799519230772 0.10075442067307692 0.21532916586538461 0.10376797596153847
11 0.26161440625 0.14064503125 0.3016283870192308 0.1403270576923077 0.3028807716346154 0.13555750961538462 0.30261240384615384 0.10654276682692307 0.3010916514423077 0.10360154326923077 0.2604338413461539 0.10399900721153846 0.2599238966346154 0.10551981490384615 0.2596910985576923 0.13786279567307694 0.26161440625 0.14064503125
11 0.3052282211538462 0.13592523076923077 0.3453492908653846 0.13560725721153846 0.34712016346153846 0.13234806971153848 0.3471648894230769 0.10206143990384617 0.3454652283653846 0.09927920192307692 0.3048521466346154 0.09983565144230769 0.30389306730769233 0.10250776682692307 0.3039758389423077 0.13361994471153846 0.3052282211538462 0.13592523076923077
11 0.3525004110576923 0.13651886538461538 0.3930300721153846 0.13564445192307692 0.3941035456730769 0.1316698269230769 0.39392463461538463 0.10162167788461537 0.3927617019230769 0.09947538221153847 0.3523722644230769 0.10011132211538462 0.3505634014423077 0.10433393269230769 0.35057710817307697 0.13357764903846153 0.3525004110576923 0.13651886538461538
11 0.3962357331730769 0.13454410096153846 0.43640471153846155 0.13438511778846154 0.4372545504807693 0.1308874519230769 0.43756764423076927 0.10203168750000001 0.43595743509615387 0.09885198798076923 0.39659674038461534 0.09789807932692307 0.3954174903846154 0.09949571394230769 0.3948044326923077 0.13406714423076924 0.3962357331730769 0.13454410096153846
11 0.44092054326923075 0.13580111298076922 0.48184671875 0.13627806730769232 0.48256237259615387 0.13278040384615386 0.48260709855769235 0.10233478605769232 0.48135471394230767 0.09963204567307692 0.44069690384615384 0.10002950721153846 0.4394496370192308 0.10401520913461539 0.4391761490384616 0.13389329567307692 0.44092054326923075 0.13580111298076922
11 0.21668068990384615 0.17407875480769233 0.2562767379807692 0.17521509615384617 0.25714446875 0.17107558173076923 0.2573728221153846 0.14258602403846155 0.25582003846153845 0.13998868509615384 0.2165893485576923 0.13877118269230768 0.21508546875 0.14097095913461538 0.21467119951923078 0.17237425 0.21668068990384615 0.17407875480769233
11 0.2636035721153846 0.1762606033653846 0.30174152884615385 0.1761794423076923 0.3032943125 0.17195876442307692 0.30320296875 0.14281987019230769 0.30137616346153845 0.14030369951923077 0.2613690865384615 0.13965436298076922 0.25991164903846153 0.14144926442307693 0.2598586201923077 0.17601710336538462 0.2636035721153846 0.1762606033653846
11 0.30774279807692306 0.17366086778846151 0.3461593389423077 0.1723621971153846 0.3478948004807692 0.16635585336538464 0.34757511298076926 0.1391649639423077 0.34547428605769226 0.13624295673076922 0.3061522572115385 0.13591828846153847 0.3048076610576923 0.13840126682692308 0.30509393028846155 0.17130703125 0.30774279807692306 0.17366086778846151
11 0.35345537019230766 0.17407635576923075 0.39305850240384616 0.17237185096153845 0.3942002620192308 0.16790767788461539 0.3940632524038462 0.13909345192307693 0.39255613221153846 0.1354409423076923 0.35254905288461535 0.13665844471153846 0.35086084134615386 0.1403595673076923 0.35117186057692307 0.17156018750000002 0.35345537019230766 0.17407635576923075
11 0.3961531995192308 0.17285401923076923 0.43666614903846157 0.17179885576923076 0.4373512019230769 0.16887684615384616 0.43698583653846157 0.13770878125 0.4357984182692308 0.13551727644230768 0.39579133413461537 0.13689711298076923 0.39479089423076924 0.1390149206730769 0.39455474519230765 0.17058135336538463 0.3961531995192308 0.17285401923076923
11 0.44031127163461536 0.1744725264423077 0.4797758413461538 0.17463485817307692 0.48123728846153846 0.17049535096153848 0.48210501923076926 0.14127529086538462 0.48082625721153843 0.13892145192307692 0.4399971105769231 0.13819094951923078 0.43879079086538464 0.14083786298076922 0.43834745192307695 0.17041418028846153 0.44031127163461536 0.1744725264423077
11 0.2190594639423077 0.212310875 0.2533063413461539 0.21374950240384616 0.25629515865384617 0.20722035817307694 0.25685556249999997 0.1754599519230769 0.2156347764423077 0.17413199038461538 0.2140189206730769 0.17746688221153845 0.21438943509615382 0.20865898317307693 0.2190594639423077 0.212310875
11 0.2638915072115385 0.2135650721153846 0.3036801514423077 0.21279043509615383 0.3049254951923077 0.20969185576923077 0.30480095673076923 0.17715680528846153 0.3026216177884615 0.17693547596153847 0.2632688389423077 0.17660348557692307 0.2616594014423077 0.17955290865384615 0.26177443028846153 0.21068782451923077 0.2638915072115385 0.2135650721153846
11 0.30914555288461537 0.2109333701923077 0.3478756586538462 0.2104907139423077 0.3499304783653846 0.20495754567307692 0.3496814014423077 0.17640637740384615 0.3475643269230769 0.17363979086538464 0.30758888221153846 0.17386111778846153 0.30635138942307694 0.17696856971153846 0.30646807451923075 0.20750280048076922 0.30914555288461537 0.2109333701923077
11 0.3539627403846154 0.20881849278846154 0.39281737740384615 0.20815451201923077 0.3951212596153846 0.20405996634615386 0.3949344591346154 0.1736275216346154 0.39294190865384615 0.17207823076923076 0.3535891370192308 0.17296354086538462 0.35203687019230767 0.174742375 0.35197019230769233 0.20660522115384616 0.3539627403846154 0.20881849278846154
11 0.3979404423076923 0.20986363461538463 0.4374800216346154 0.20853567307692306 0.43866309134615383 0.20377714182692308 0.4387253653846154 0.1760006201923077 0.43698187980769226 0.17279138221153845 0.3953776105769231 0.17244331490384615 0.39556184134615385 0.17596308653846154 0.3953874951923077 0.20709704567307693 0.3979404423076923 0.20986363461538463
11 0.43889975480769233 0.2046921346153846 0.4402354206730769 0.209357875 0.4809041610576923 0.20968529326923077 0.48164107932692307 0.20657479807692306 0.48173319711538465 0.1775980889423077 0.48048964423076923 0.17432388461538462 0.44064719711538464 0.17391460817307694 0.4394795432692308 0.17662223076923075 0.43889975480769233 0.2046921346153846
11 0.22140233173076923 0.24716494230769231 0.25848898798076925 0.24802841586538463 0.26047287740384617 0.24428669711538462 0.2605538557692308 0.2157200985576923 0.25901532451923076 0.2138492403846154 0.21881112500000002 0.2128418533653846 0.21830731730769232 0.21489759374999998 0.2176774735576923 0.24500625721153846 0.22140233173076923 0.24716494230769231
11 0.26540452163461536 0.2503067403846154 0.3051337908653846 0.2501370048076923 0.30642308173076926 0.24411152884615386 0.3062320793269231 0.21814256971153848 0.30436976923076925 0.21398413942307692 0.26478375240384616 0.21415387259615384 0.26330714182692305 0.2162843341346154 0.2633034519230769 0.24818509134615382 0.26540452163461536 0.2503067403846154
11 0.3101857235576923 0.24781957692307693 0.3491808076923077 0.24756498076923078 0.35042235096153845 0.24281249278846154 0.3502313485576923 0.2130245673076923 0.34827353125 0.21175157932692307 0.3085442596153846 0.21149698076923076 0.30785537259615386 0.21320060336538463 0.3074638870192308 0.24400061298076922 0.3101857235576923 0.24781957692307693
11 0.3547518245192308 0.24501228125000002 0.3935260673076923 0.24441822115384618 0.3953406274038462 0.23992032932692306 0.39524512259615385 0.2090291466346154 0.39458837259615387 0.20801075721153847 0.3931440504807692 0.20750156009615386 0.3539400480769231 0.20860481730769231 0.35296693509615384 0.21111475 0.3527940120192307 0.24093871875 0.3547518245192308 0.24501228125000002
11 0.3976873293269231 0.24673368509615384 0.4378742235576923 0.24622448798076924 0.43892475480769233 0.2418114639423077 0.4388292572115385 0.2147392451923077 0.4367281875 0.20990188942307691 0.39757193269230773 0.21083541586538462 0.39631185336538466 0.21270876923076923 0.3959205216346154 0.24359364663461539 0.3976873293269231 0.24673368509615384
11 0.4392936466346154 0.24238143990384617 0.44072619471153845 0.24704906490384618 0.48064647355769236 0.24713392788461538 0.48227002163461535 0.24331496153846155 0.48231777163461537 0.2131027091346154 0.4813149879807692 0.21115079326923075 0.44163346875000004 0.2105567331730769 0.4399903653846154 0.21277072115384615 0.4392936466346154 0.24238143990384617
11 0.2598202451923077 0.28462600961538465 0.2613268870192308 0.28096654086538464 0.26182910096153844 0.25392215625000003 0.2602220192307692 0.25053045192307694 0.22079823557692307 0.249280875 0.21967109375 0.25050063942307693 0.2194026826923077 0.2826424543269231 0.2598202451923077 0.28462600961538465
11 0.26756406490384615 0.2867622091346154 0.3072339591346154 0.28623475721153846 0.30837162740384616 0.28192722115384616 0.30837162740384616 0.25291730528846157 0.30609630048076925 0.2508954014423077 0.2666242548076923 0.25124703365384615 0.2649460985576923 0.2541588918269231 0.2650908798076923 0.28482821153846155 0.26756406490384615 0.2867622091346154
11 0.3114071201923077 0.282711125 0.3504368245192308 0.2833264855769231 0.35197019711538463 0.2790189543269231 0.35206912740384616 0.24930576442307692 0.34969486778846154 0.24719595432692307 0.3104701466346154 0.24745968028846152 0.30938839182692307 0.2494012451923077 0.30923071394230767 0.28112876442307694 0.3114071201923077 0.282711125
11 0.3548104783653846 0.282015125 0.3948025961538461 0.28166349278846153 0.39549509134615385 0.27744386778846153 0.39554455288461543 0.2469395 0.3938627908653846 0.24597250240384616 0.3541434278846154 0.2462362283653846 0.3530142596153846 0.24967259134615385 0.3530792451923077 0.2799053125 0.3548104783653846 0.282015125
11 0.3984130985576923 0.28149100721153847 0.4363579158653846 0.2804361009615385 0.43873217548076926 0.27683184134615385 0.43897949519230767 0.24870101201923075 0.43675362980769233 0.2452725673076923 0.3972815841346154 0.2448330216346154 0.39664426923076923 0.24695005769230768 0.39608830528846156 0.27832628846153845 0.3984130985576923 0.28149100721153847
11 0.2651900576923077 0.3219859350961538 0.26443665865384614 0.2869046610576923 0.22225218509615383 0.2866657331730769 0.22214982211538462 0.32216441586538463 0.2651900576923077 0.3219859350961538
11 0.3088900168269231 0.2882939206730769 0.26635393509615385 0.2868302596153846 0.26658295192307696 0.3234607956730769 0.3088900168269231 0.32310740384615383 0.3088900168269231 0.2882939206730769
11 0.3525928677884615 0.3208790769230769 0.35213485336538464 0.28465555048076924 0.3096474158653846 0.2838993197115385 0.3088519158653846 0.32067557932692303 0.3525928677884615 0.3208790769230769
11 0.3560039038461538 0.3199828317307692 0.3936436322115385 0.3203218245192308 0.3957417932692308 0.31512392067307693 0.39561463942307695 0.2857444423076923 0.39389796394230764 0.2826934975961538 0.3546051274038462 0.28258049759615383 0.3535059903846154 0.28450762980769234 0.353715 0.31693188701923075 0.3560039038461538 0.3199828317307692
11 0.39759290144230774 0.3172565625 0.4372036394230769 0.3172565625 0.4384116682692308 0.3126236490384615 0.4380937716346154 0.2847131442307692 0.43663141346153844 0.28132320432692304 0.39791081009615387 0.2817751971153846 0.3965549158653846 0.2838726057692308 0.39587622596153843 0.3147706081730769 0.39759290144230774 0.3172565625
11 0.44078697596153843 0.3190462283653846 0.4807156081730769 0.3201762067307692 0.4812878317307692 0.28345186298076924 0.4411684591346154 0.2832258653846154 0.4395227019230769 0.28577615865384615 0.4388795552884615 0.3175772548076923 0.44078697596153843 0.3190462283653846
11 0.44219290865384614 0.2821648365384615 0.4815493149038461 0.28284282451923076 0.48326599278846155 0.2787748966346154 0.48434686778846153 0.24702246153846152 0.44251081009615384 0.24657047115384617 0.44092890625 0.24851231009615382 0.4407305504807692 0.2806958581730769 0.44219290865384614 0.2821648365384615
11 0.5351727524038462 0.023543591346153844 0.5361894254807692 0 0.49123165384615386 0.0008218389423076922 0.49127126923076925 0.020094134615384614 0.5351727524038462 0.023543591346153844
11 0.5387035120192307 0.02144098798076923 0.5802019735576923 0.02160524519230769 0.5800171201923077 0.0005255504807692307 0.536092326923077 0.001347389423076923 0.5361156394230769 0.018320045673076924 0.5387035120192307 0.02144098798076923
11 0.6239566995192308 0.022065252403846155 0.6236794254807693 0 0.5794274591346154 0.0005752860576923077 0.5795006658653846 0.020258391826923076 0.6239566995192308 0.022065252403846155
11 0.6651465528846153 0.02462748798076923 0.6666253341346154 0.020028216346153847 0.6665329158653847 0.0015766778846153845 0.6231133557692308 0.0015766778846153845 0.6233708173076924 0.02117803125 0.6651465528846153 0.02462748798076923
11 0.669121173076923 0.021824533653846154 0.7103423557692307 0.022974348557692308 0.7114514447115384 0.01821081730769231 0.7113590264423078 0 0.6672336634615385 0.0008218389423076922 0.6674575384615384 0.019689156250000003 0.669121173076923 0.021824533653846154
11 0.7149594447115385 0.019612899038461536 0.7544829927884616 0.02227613221153846 0.7559190745192308 0.019501927884615387 0.7565434615384615 0 0.712406608173077 0.00022208173076923075 0.7130238509615385 0.01650578846153846 0.7149594447115385 0.019612899038461536
11 0.4910091730769231 0.09201846153846154 0.5314586394230769 0.09686642548076924 0.5336408870192307 0.09091035817307692 0.5345761346153846 0.06293068028846154 0.5326276995192308 0.05849825721153846 0.4913209254807693 0.053788805288461534 0.48984812019230767 0.05649750961538461 0.4894504278846154 0.08910968269230769 0.4910091730769231 0.09201846153846154
11 0.5374118966346153 0.09217798076923077 0.5770819951923077 0.09453270673076923 0.5792642355769231 0.08940771874999999 0.5793421754807693 0.06156655769230769 0.5768481826923076 0.05699562019230769 0.5353192403846154 0.05604369230769231 0.5352296562500001 0.09051582211538461 0.5374118966346153 0.09217798076923077
11 0.6250158798076922 0.09153751923076923 0.6255614447115385 0.08530442307692308 0.6259511274038462 0.0563551514423077 0.6233791971153846 0.053723403846153844 0.5839429182692307 0.050399084134615385 0.5820424086538462 0.05304795673076923 0.5817606706730769 0.0877976610576923 0.6250158798076922 0.09153751923076923
11 0.6243277115384616 0.09452388701923077 0.6646102115384616 0.09679149519230769 0.6664937139423077 0.09128444711538462 0.6660684014423077 0.0616975576923077 0.664792485576923 0.059213985576923076 0.6242669567307693 0.05673041826923077 0.6230613942307692 0.05857923076923077 0.6223834591346153 0.09214829807692307 0.6243277115384616 0.09452388701923077
11 0.6693889423076923 0.09339349519230769 0.7099793701923077 0.09544514423076923 0.7118021081730769 0.08993809375 0.7117413533653847 0.06207890625 0.7093717932692307 0.05819157692307692 0.6684209519230768 0.05581598317307693 0.6674896730769231 0.058907971153846155 0.6673231778846154 0.09069396153846153 0.6693889423076923 0.09339349519230769
11 0.7548349711538461 0.08918448798076922 0.7553210384615384 0.058301824519230765 0.7529514807692308 0.05560228605769231 0.7129727620192308 0.05268679086538462 0.7119788798076924 0.05482114663461538 0.7113322980769231 0.0869168798076923 0.7133373076923076 0.08983237740384616 0.7525261682692308 0.09317979567307691 0.7548349711538461 0.08918448798076922
11 0.49186822836538463 0.12890401682692307 0.5324854543269231 0.13393519471153847 0.5335931971153847 0.130107125 0.5344547788461539 0.09937316586538461 0.5319931274038462 0.09598258653846153 0.49119127644230764 0.0914982716346154 0.4902135264423077 0.09374823076923076 0.49008353605769234 0.12693529326923075 0.49186822836538463 0.12890401682692307
11 0.5364688942307693 0.13038020673076922 0.5772707427884616 0.1322395576923077 0.5786861947115385 0.12666150721153846 0.5780092379807692 0.09669316105769231 0.5765322475961538 0.09395882451923078 0.5359765649038462 0.0929744639423077 0.535093579326923 0.09440422836538462 0.5348072788461539 0.12666150721153846 0.5364688942307693 0.13038020673076922
11 0.6204335192307693 0.13044443749999998 0.6212815552884615 0.12336078125000001 0.6213663557692308 0.0957797283653846 0.6199246971153846 0.09171039423076924 0.5795582235576924 0.08914821634615386 0.5785421610576923 0.09243690624999999 0.5797518846153846 0.12727939663461538 0.6204335192307693 0.13044443749999998
11 0.6657928317307692 0.13027788461538461 0.6651144134615384 0.09350314903846153 0.6227974447115384 0.09124240865384615 0.62256103125 0.09435413461538461 0.6225430360576923 0.12967502403846154 0.6657928317307692 0.13027788461538461
11 0.6686114471153846 0.13052380288461538 0.7098259615384616 0.13097595192307693 0.7100803701923077 0.09811983653846154 0.7077058774038462 0.09510551201923077 0.6681874326923077 0.09299548317307692 0.6665761634615385 0.09525622596153846 0.6664065576923076 0.12735876442307692 0.6686114471153846 0.13052380288461538
11 0.7137977524038461 0.12733492067307692 0.75128090625 0.13034924519230767 0.7539098173076924 0.12552632692307691 0.7535706009615384 0.09297164182692308 0.751450516826923 0.09101233413461539 0.711656454326923 0.08902786298076923 0.7103208028846153 0.12416988221153846 0.7137977524038461 0.12733492067307692
11 0.49110214423076926 0.16705452403846152 0.5319955240384615 0.1722406875 0.5329149278846154 0.16833330288461537 0.5338343317307692 0.13757154567307692 0.5308362836538462 0.1335931201923077 0.4897613629807692 0.1299203028846154 0.48922336778846154 0.16399965865384616 0.49110214423076926 0.16705452403846152
11 0.5367738341346153 0.16745983653846153 0.5776964663461539 0.16980594471153848 0.5787720961538462 0.16441859134615383 0.5787231995192308 0.13609152644230768 0.57662084375 0.13278959855769232 0.5365782692307692 0.13026970673076924 0.5351659399038462 0.13162325721153845 0.5350137211538462 0.16459237499999999 0.5367738341346153 0.16745983653846153
11 0.5802224663461538 0.16504329567307693 0.6202650408653846 0.16712872355769232 0.6216340240384616 0.16347922355769232 0.6216340240384616 0.1327191610576923 0.6195805576923077 0.1297648028846154 0.5798313317307693 0.127071125 0.5788342475961539 0.12977143028846155 0.5782667884615385 0.16208893509615382 0.5802224663461538 0.16504329567307693
11 0.6643484110576924 0.16929935336538462 0.6643973100961538 0.13732279567307693 0.662392733173077 0.1339339735576923 0.6224968341346154 0.1321092235576923 0.6221125360576922 0.13424669471153847 0.6216167788461539 0.16643189182692308 0.6643484110576924 0.16929935336538462
11 0.49273642067307694 0.2047342548076923 0.5323910817307692 0.21031649759615384 0.5347468028846154 0.19915201201923077 0.5336998076923076 0.1707756105769231 0.4907733197115384 0.1649607764423077 0.4901432403846154 0.16825729807692308 0.4892028365384615 0.20171053365384614 0.49273642067307694 0.2047342548076923
11 0.49041111538461535 0.24177387019230767 0.5295693149038462 0.24545156971153848 0.5315590625 0.24007646875 0.5318774254807692 0.21079628365384614 0.5300468533653846 0.20825018028846154 0.4880337139423077 0.20474173076923077 0.48690916586538463 0.2390863125 0.49041111538461535 0.24177387019230767
11 0.49085804807692307 0.27781619471153846 0.5296251610576923 0.2826661850961539 0.5319527980769231 0.27710295673076923 0.531792266826923 0.24786035576923077 0.5289830576923077 0.24472212019230768 0.48933305288461537 0.24129859615384616 0.48804883894230766 0.27624707692307693 0.49085804807692307 0.27781619471153846
11 0.5331808653846154 0.27386377884615387 0.5359098149038461 0.27899906490384613 0.5754795625 0.28014024278846156 0.5764427211538462 0.2732931923076923 0.5766032451923077 0.24447853125 0.5741953509615384 0.24191088461538462 0.5340637644230769 0.24233882451923078 0.5330203413461538 0.24633293750000002 0.5331808653846154 0.27386377884615387
11 0.5332157283653847 0.23872544471153848 0.5353025697115384 0.2412930889423077 0.5773604783653846 0.2420063245192308 0.577039423076923 0.20634461298076923 0.5343524350961538 0.20536005528846155 0.5330552043269231 0.2100534278846154 0.5332157283653847 0.23872544471153848
11 0.5364670264423077 0.2030552139423077 0.5768394014423077 0.20505227163461537 0.5778025600961538 0.1957802235576923 0.5777223004807692 0.16653762259615384 0.5362262379807692 0.16511114903846155 0.5347137451923077 0.16727157932692308 0.5344604447115384 0.20134345192307693 0.5364670264423077 0.2030552139423077
11 0.53122184375 0.31997259615384616 0.5322623533653846 0.28560763942307693 0.5297477908653846 0.2826796850961538 0.48921715625 0.2795558798076923 0.48847421634615384 0.31427079807692304 0.53122184375 0.31997259615384616
11 0.5345954447115384 0.3145509038461538 0.5751374495192307 0.31621660817307695 0.5753131802884616 0.2838395048076923 0.5731458125000001 0.27967525 0.5341916923076924 0.27884239663461535 0.5324121177884615 0.28005977644230773 0.532193764423077 0.3130934158653846 0.5345954447115384 0.3145509038461538
11 0.5780343461538462 0.31604275961538464 0.616461266826923 0.31531401682692306 0.6178085552884615 0.27804391346153845 0.5754087283653846 0.27732495432692306 0.5749297331730769 0.3118785048076923 0.5780343461538462 0.31604275961538464
11 0.5764675721153846 0.2418728918269231 0.5755303341346154 0.27300071875 0.5777562836538461 0.2764362307692308 0.6169447163461539 0.27862246634615384 0.6194049759615384 0.2744582043269231 0.6194049759615384 0.24135235817307693 0.5793786947115385 0.23963976923076924 0.5764675721153846 0.2418728918269231
11 0.5792334326923076 0.2410492716346154 0.6191247908653845 0.24229854807692305 0.6201206153846154 0.2352193125 0.6199448822115384 0.20908859615384617 0.6181875528846154 0.20554897596153848 0.5784719254807692 0.20294631490384615 0.5775750625 0.2057667716346154 0.5770660649038462 0.23730143990384617 0.5792334326923076 0.2410492716346154
11 0.579036670673077 0.20204951923076922 0.6200995865384615 0.2056932403846154 0.6212125576923077 0.19965506971153849 0.6208610913461539 0.17133811538461538 0.6185765649038462 0.1679026033653846 0.5789780913461539 0.16529994471153844 0.57727934375 0.16863135096153847 0.5769278774038461 0.2001756033653846 0.579036670673077 0.20204951923076922
11 0.6691958846153846 0.16776085336538463 0.709003235576923 0.16927353846153848 0.7102472115384616 0.16543364182692308 0.7101817427884616 0.13529627884615383 0.7087413485576923 0.13378359375 0.6672447644230769 0.13246109134615386 0.6668388701923077 0.16659725 0.6691958846153846 0.16776085336538463
11 0.6213626634615385 0.1994933028846154 0.6236542043269231 0.20170415625 0.6637889206730769 0.20391499759615384 0.6652293149038461 0.19960966586538462 0.6652293149038461 0.16737781009615385 0.6227804951923077 0.1643126514423077 0.6209043533653846 0.16958865625 0.6213626634615385 0.1994933028846154
11 0.6204602788461538 0.23434923557692308 0.6221625625 0.2385382139423077 0.6619699134615384 0.24074906490384615 0.6632793701923076 0.23516376201923078 0.6636722067307693 0.2035137091346154 0.6223695360576923 0.20120409374999998 0.6199364975961538 0.20653908413461539 0.6204602788461538 0.23434923557692308
11 0.6191975985576923 0.2726169014423077 0.6211617764423077 0.27610771634615383 0.6594632548076922 0.27738768509615386 0.6614929014423077 0.27133693990384616 0.6616238509615384 0.24352678365384614 0.6598560889423077 0.23968688701923077 0.6217286706730769 0.2377151081730769 0.619132125 0.24189773557692307 0.6191975985576923 0.2726169014423077
11 0.6175607716346154 0.30823101201923075 0.621227235576923 0.3120709086538461 0.6604453341346154 0.31172182692307693 0.6612964735576923 0.27948997596153846 0.6590049350961539 0.2762318846153846 0.6199602740384615 0.2754331177884616 0.6181500264423078 0.2798390576923077 0.6175607716346154 0.30823101201923075
11 0.6613961850961538 0.30607066346153844 0.6630329975961539 0.31212140624999996 0.7018582572115384 0.3134013725961538 0.7036914927884615 0.3118886826923077 0.7042152716346154 0.28000591346153847 0.7027748725961539 0.2769805384615385 0.663818670673077 0.2757005769230769 0.661530235576923 0.27752141346153847 0.6613961850961538 0.30607066346153844
11 0.6642967475961539 0.27559590865384614 0.7044969302884615 0.27769039663461537 0.7066575264423077 0.27268689663461537 0.70678846875 0.24115320913461538 0.7052826009615385 0.23964051923076923 0.6650169471153846 0.23882599759615383 0.6625980528846154 0.24105627644230768 0.6623325673076923 0.2723378173076923 0.6642967475961539 0.27559590865384614
11 0.6639300408653847 0.23366794471153846 0.6660251634615384 0.2386714375 0.7070110216346154 0.24030049278846155 0.7081895288461539 0.23541335096153848 0.7080585793269231 0.2080686346153846 0.7074304375 0.20416791826923075 0.6663791057692308 0.20195706971153846 0.6647157139423077 0.2052759831730769 0.6639300408653847 0.23366794471153846
11 0.6647306466346153 0.20012547115384616 0.6661055721153846 0.20268540624999998 0.7067640625 0.20629257932692308 0.7081389855769231 0.20303448798076923 0.7081389855769231 0.16905722355769232 0.66696803125 0.16732091826923076 0.6653198990384616 0.1724316778846154 0.6647306466346153 0.20012547115384616
11 0.7122954495192307 0.16079616105769232 0.7151095240384616 0.1647445360576923 0.753988125 0.1671135625 0.7558394831730768 0.16369164182692308 0.7560616442307692 0.13170980048076925 0.7138630024038461 0.12823690625 0.7124435625000001 0.1367110721153846 0.7122954495192307 0.16079616105769232
11 0.7113035384615384 0.19651075721153846 0.7131548966346154 0.20190686538461539 0.7536626971153846 0.20348621634615385 0.7545513509615385 0.19861654807692306 0.7547735144230768 0.16953018749999998 0.7526259375000001 0.16637148798076923 0.7140558822115385 0.16409400721153847 0.7121181370192308 0.16821405769230768 0.7113035384615384 0.19651075721153846
11 0.7086005072115384 0.23437673317307692 0.7114145817307692 0.2399044591346154 0.7516261634615385 0.2413522043269231 0.7524407596153846 0.23727221153846154 0.7530331923076923 0.20489553365384616 0.7517002115384616 0.20200005528846152 0.7115000961538461 0.2010355889423077 0.7092669975961539 0.20436907932692308 0.7086005072115384 0.23437673317307692
11 0.7057496850961538 0.24010023798076924 0.7061199543269231 0.2701078894230769 0.7087859158653846 0.27524077884615383 0.7488493894230769 0.2760304519230769 0.7497380432692308 0.2736614278846154 0.7493677668269231 0.23931056250000002 0.7078332548076923 0.23801433653846155 0.7057496850961538 0.24010023798076924
11 0.7042344062500001 0.3095482956730769 0.7066041538461539 0.3108644182692308 0.7462232932692309 0.3133650600961539 0.7474822235576923 0.3087586201923077 0.7471860048076924 0.2779612908653846 0.7452605913461539 0.2745393653846154 0.705687610576923 0.27456082451923075 0.7041603557692308 0.2792774158653846 0.7042344062500001 0.3095482956730769
11 0.23754818028846153 0.3737251105769231 0.23686871874999998 0.3347804158653846 0.1927709735576923 0.3329690360576923 0.1927116971153846 0.36837889903846155 0.23754818028846153 0.3737251105769231
11 0.2381762091346154 0.36915222115384616 0.2822245649038461 0.3707426490384615 0.2827217307692308 0.3338093533653846 0.23802098557692306 0.33168878124999995 0.2381762091346154 0.36915222115384616
11 0.28228325 0.340984985576923 0.2825815456730769 0.37067300000000003 0.28397358894230773 0.3770347163461538 0.32633160336538464 0.3795087115384615 0.3284196754807692 0.3768579951923077 0.32653046394230767 0.34045484374999996 0.2840421298076923 0.3381807884615385 0.28228325 0.340984985576923
11 0.1944031081730769 0.4072651514423077 0.23437475721153847 0.4120364399038462 0.23507078365384615 0.3788141442307692 0.23407234855769232 0.37315928365384615 0.2012598028846154 0.36962500000000004 0.1907650216346154 0.3698804879807692 0.19053442067307694 0.3736377235576923 0.19072412740384617 0.40549801201923075 0.1944031081730769 0.4072651514423077
11 0.2396425432692308 0.4078354543269231 0.28067942788461536 0.4103669903846154 0.28223950721153845 0.4056655600961539 0.2811542379807692 0.37323778125 0.27925500721153845 0.37155009375000003 0.23821812259615383 0.3697418533653846 0.23646332211538462 0.37271437019230774 0.2363188918269231 0.4039778677884615 0.2396425432692308 0.4078354543269231
11 0.2859877932692308 0.41535403605769233 0.3277029759615384 0.41704172115384613 0.3287882572115385 0.411617 0.32838127884615387 0.38389064663461536 0.32641421875000004 0.37834537980769234 0.28490252403846156 0.3776220817307693 0.2836618870192308 0.3789718197115385 0.2835459278846154 0.41185809615384616 0.2859877932692308 0.41535403605769233
11 0.3317395841346154 0.41640653125000004 0.3731834519230769 0.4171298269230769 0.3748113605769231 0.41170510817307693 0.37392958173076923 0.3821705120192308 0.3721660096153846 0.3786745793269231 0.3303829951923077 0.37783073557692304 0.3286969615384615 0.37978108173076924 0.3291620625 0.4130311466346154 0.3317395841346154 0.41640653125000004
11 0.19147989663461537 0.4433502283653846 0.23210981009615386 0.44672560336538464 0.23285593269230767 0.4425063798076923 0.23244895673076924 0.4136950817307692 0.23061755769230768 0.40935530528846154 0.18991981971153848 0.40525662980769234 0.1882321995192308 0.40769036057692304 0.18815625240384615 0.4404570456730769 0.19147989663461537 0.4433502283653846
11 0.2379995841346154 0.4472573245192307 0.27835817307692307 0.44749842067307694 0.27991825721153846 0.44255589903846154 0.28005392067307694 0.4136240552884616 0.2774763918269231 0.40904317788461536 0.23502738461538464 0.40736990865384615 0.23515074278846154 0.44352029086538464 0.2379995841346154 0.4472573245192307
11 0.2837043774038462 0.45306903125000003 0.3256230480769231 0.45475671875 0.32657266586538464 0.44969364663461536 0.3263013509615385 0.4194357572115385 0.3244021153846154 0.41606037500000004 0.2844505048076923 0.4153370793269231 0.28178169951923077 0.41740725961538466 0.28180515384615384 0.4502963894230769 0.2837043774038462 0.45306903125000003
11 0.3295529014423077 0.45378618750000005 0.37099676923076924 0.4531834447115385 0.3718107235576923 0.44763817067307693 0.3705219663461538 0.4177419302884615 0.3690975456730769 0.4161747908653846 0.32867112019230765 0.41569258894230765 0.3267149927884615 0.41752262500000004 0.3271110360576923 0.4494464110576923 0.3295529014423077 0.45378618750000005
11 0.3753793870192308 0.45380727644230767 0.41600930288461535 0.4540483725961538 0.4182476778846154 0.4491058533653846 0.4180441875 0.4190890625 0.4151953461538461 0.4143876394230769 0.3752437307692308 0.4136643413461538 0.3735600769230769 0.4162759254807692 0.3726662091346154 0.4497085961538462 0.3753793870192308 0.45380727644230767
11 0.3787725288461538 0.41440292307692306 0.41947026682692307 0.4145234759615385 0.42136949038461535 0.40994259855769233 0.42103035096153846 0.37823811778846156 0.41858848798076925 0.37618878125 0.3766019783653846 0.37582713461538464 0.3754939038461539 0.3788008389423077 0.37605934375 0.4116302932692308 0.3787725288461538 0.41440292307692306
11 0.33021376201923075 0.37531029086538464 0.37281073798076925 0.3769979831730769 0.37220027163461544 0.3424003149038462 0.37125065384615386 0.3389043822115384 0.3289928317307692 0.3376988918269231 0.32750058413461536 0.34047152884615384 0.3283971201923077 0.3727541826923077 0.33021376201923075 0.37531029086538464
11 0.3726749927884615 0.3692129447115385 0.3740315817307692 0.3754815072115385 0.4166963822115385 0.37668700000000005 0.4177816514423077 0.3741554639423077 0.41798513942307697 0.33787011057692307 0.3746420480769231 0.3354591201923077 0.37282151201923075 0.3394507235576923 0.3726749927884615 0.3692129447115385
11 0.4186736201923077 0.3721951923076923 0.42253990625 0.37641442067307695 0.4616775673076923 0.3787048557692308 0.46337330288461537 0.3762938725961539 0.4639837692307692 0.34386609375 0.4612705889423077 0.33952631730769234 0.4194259206730769 0.3380330432692308 0.4186736201923077 0.3721951923076923
11 0.4219737403846154 0.4086865528846154 0.4232763725961538 0.41387553846153846 0.4649605721153846 0.41563181490384615 0.4664877908653846 0.4130772379807693 0.46644287740384616 0.3806660168269231 0.4652749975961538 0.3777921153846154 0.4239052283653846 0.37595600961538456 0.4218205456730769 0.3786805889423077 0.4219737403846154 0.4086865528846154
11 0.4228878245192308 0.4526724543269231 0.4638533293269231 0.45426906490384616 0.46520087980769226 0.44995821394230767 0.46479661538461536 0.41874444951923073 0.4633592331730769 0.416189875 0.4221242163461539 0.4146730913461539 0.4199263509615384 0.4175573317307692 0.4202376466346154 0.4501977043269231 0.4228878245192308 0.4526724543269231
11 0.1933580889423077 0.4841110336538461 0.23340249278846154 0.48764098798076927 0.23474798557692308 0.4809226875 0.23417134615384613 0.45154433894230767 0.23141628846153847 0.44915307932692305 0.19137188701923075 0.4456231177884616 0.1904797716346154 0.4480280048076923 0.19041082211538463 0.48046720673076926 0.1933580889423077 0.4841110336538461
11 0.2349894951923077 0.4820114735576923 0.2374882668269231 0.48611077884615383 0.27842966346153847 0.48736333894230766 0.2791344423076923 0.4839472524038462 0.27939072836538464 0.4544550360576923 0.2775967379807692 0.44978638221153844 0.2378086201923077 0.4481922139423077 0.23550939423076922 0.4504854735576923 0.2349894951923077 0.4820114735576923
11 0.27980971875 0.4842100721153846 0.28101845192307695 0.4886656057692308 0.3233240625 0.4904955576923077 0.32475663701923074 0.48755172596153845 0.3248014014423077 0.4588294230769231 0.3241746490384615 0.4545330120192308 0.2804616682692308 0.4525526658653846 0.27980971875 0.4842100721153846
11 0.327804483173077 0.4931057331730769 0.3690104711538461 0.49180957451923074 0.3705906442307692 0.48759706009615383 0.3699221081730769 0.4586495456730769 0.36767340625 0.4550851129807692 0.32683207451923074 0.4550851129807692 0.3252616971153846 0.4575848918269231 0.32598120913461537 0.48997334615384613 0.327804483173077 0.4931057331730769
11 0.3720731826923077 0.48652442548076924 0.37347102403846155 0.4918170721153846 0.41540631971153846 0.49257315625000003 0.41619641346153846 0.48998084375 0.41643951201923074 0.45822498557692304 0.4146770096153846 0.4548765817307692 0.3729240408653846 0.45498459375 0.37202349278846153 0.45726856250000003 0.3720731826923077 0.48652442548076924
11 0.4196237548076923 0.4906582932692308 0.46029651442307695 0.4907524182692308 0.46162050480769234 0.4884935048076923 0.4611438701923077 0.45668047836538467 0.45987284615384616 0.45432744471153846 0.41808793749999995 0.4532921081730769 0.41724760336538463 0.4559393269230769 0.4174524254807693 0.4877405360576923 0.4196237548076923 0.4906582932692308
11 0.19322695673076923 0.5212690384615384 0.23342308173076923 0.524280920673077 0.23480002644230769 0.5201395817307692 0.2342704326923077 0.4910560769230769 0.23209910096153846 0.4880441923076923 0.19142634134615386 0.4839969735576923 0.1902912139423077 0.48617246875000003 0.1904730721153846 0.5189160024038462 0.19322695673076923 0.5212690384615384
11 0.2387082692307692 0.5239995865384615 0.27922215144230766 0.5246584399038462 0.28012246153846154 0.5200464879807692 0.27959287259615384 0.49181007692307693 0.2775804158653846 0.48804521875 0.2363780625 0.48672752163461536 0.23537817548076923 0.48805796634615384 0.23600734375000001 0.5208935817307693 0.2387082692307692 0.5239995865384615
11 0.2831415793269231 0.5298748629807692 0.32455577163461535 0.52940425 0.32653210576923075 0.5254558245192308 0.3264986706730769 0.4970790456730769 0.3246719639423077 0.49082653846153845 0.28102320913461537 0.49119097115384613 0.2803668533653846 0.49285353365384615 0.28070545432692307 0.5260158798076924 0.2831415793269231 0.5298748629807692
11 0.3272206610576923 0.5264173653846154 0.32960383173076924 0.5275468221153846 0.3700647548076923 0.5279233100961538 0.3715476129807692 0.5232172451923077 0.3711769014423077 0.4944160985576923 0.3689526105769231 0.4909336105769231 0.32786454086538463 0.49127995673076924 0.32690290625 0.4938513701923077 0.3272206610576923 0.5264173653846154
11 0.37306729567307695 0.5272590504807693 0.3753975048076923 0.5292355985576923 0.4163417548076923 0.5289532355769231 0.41740094471153844 0.5232118365384616 0.4166065552884615 0.4946930552884616 0.41432930288461534 0.49215177884615385 0.3734486274038461 0.49311056490384614 0.37243178365384616 0.4958225120192308 0.37306729567307695 0.5272590504807693
11 0.42077757211538463 0.527843016826923 0.46147543509615385 0.5289557836538461 0.46231026201923076 0.5235155961538461 0.46231026201923076 0.4945836634615385 0.45973621394230774 0.49087443990384616 0.41980360817307694 0.49037987259615384 0.4183825552884616 0.49355445673076925 0.41813395192307695 0.5245047163461538 0.42077757211538463 0.527843016826923
11 0.46739696153846155 0.37522156250000005 0.47002736538461537 0.3805061899038461 0.5094834591346153 0.3831485 0.51165640625 0.37989642548076924 0.5114276682692307 0.34412357451923076 0.46838160096153847 0.3416090120192308 0.46739696153846155 0.37522156250000005
11 0.5109393870192307 0.34473191586538465 0.5112965456730769 0.3749465793269231 0.5132966538461539 0.38002467307692306 0.5529416129807692 0.38154810096153846 0.5550131418269231 0.3781203870192308 0.5553703076923078 0.3434623918269231 0.5121669182692308 0.34080557451923077 0.5109393870192307 0.34473191586538465
11 0.5560361514423077 0.3455061610576923 0.5557504254807693 0.37749815625 0.5573933677884615 0.3821953918269231 0.5988955576923077 0.38333796153846156 0.60025278125 0.38156063221153846 0.6003956370192308 0.34982253846153843 0.598967 0.3456331105769231 0.557012875 0.3435492067307692 0.5560361514423077 0.3455061610576923
11 0.6013429375 0.3761158389423077 0.6036287692307692 0.3810669831730769 0.6443452091346155 0.38309821874999994 0.6458452884615385 0.37827402644230773 0.6457024254807693 0.34856717307692303 0.6444880769230769 0.3443777451923077 0.601280891826923 0.34324736057692307 0.6013429375 0.3761158389423077
11 0.6458541490384615 0.3461300096153846 0.6455684158653846 0.3759638173076923 0.64785425 0.38104191105769225 0.6899993389423076 0.38193057451923074 0.690070766826923 0.34943077403846157 0.6892135793269231 0.3447335384615385 0.6470060697115384 0.3434766971153846 0.6458541490384615 0.3461300096153846
11 0.6897025504807692 0.34560966346153843 0.6897025504807692 0.3764590865384615 0.6914883629807692 0.3816641298076923 0.7341334735576923 0.3816641298076923 0.7346335024038461 0.34446709134615383 0.6912103485576923 0.3430196971153846 0.6897025504807692 0.34560966346153843
11 0.4682926370192308 0.40941035096153844 0.4700447692307692 0.41340260576923077 0.5107481875000001 0.4158778076923077 0.5121858317307693 0.41380183653846153 0.5120959831730769 0.38202346634615386 0.5105235528846154 0.3793087331730769 0.4698650625 0.37643430769230773 0.46852140625000005 0.37843605288461535 0.4682926370192308 0.40941035096153844
11 0.5119384711538462 0.4136567379807692 0.5139152355769231 0.41701023557692307 0.5547983557692308 0.4183675985576923 0.5561461514423077 0.41533348557692307 0.5562360072115384 0.38603031730769233 0.5544838725961538 0.38147914423076923 0.5135108966346154 0.37924348076923076 0.5120555192307692 0.38196509134615386 0.5119384711538462 0.4136567379807692
11 0.46768634375 0.44766282932692303 0.46966310817307694 0.4509364831730769 0.5105013004807692 0.4546093557692308 0.5122085120192308 0.4489403533653846 0.5120288076923077 0.42075501682692307 0.5092433629807692 0.41684260576923077 0.46993266826923075 0.4145270961538462 0.4684950216346154 0.4169224495192308 0.46768634375 0.44766282932692303
11 0.5142773341346154 0.44932252884615387 0.5163888798076923 0.4528357139423077 0.556822733173077 0.45451246153846153 0.5583053076923077 0.4502806706730769 0.5586647235576924 0.4194604447115384 0.5560589879807692 0.4169852451923077 0.5169279975961538 0.4165860192307692 0.5141874807692308 0.4204984302884615 0.5142773341346154 0.44932252884615387
11 0.5601263293269231 0.4188563149038461 0.6004254062500001 0.41941522596153846 0.6017732019230769 0.41454467548076923 0.6018181322115385 0.3847624350961538 0.5990326875 0.3823670817307692 0.5588683894230769 0.38148878365384614 0.55729809375 0.38325666346153847 0.5573858149038462 0.4153431225961538 0.5601263293269231 0.4188563149038461
11 0.6069760937500001 0.41832666346153846 0.6478142860576923 0.4187258942307693 0.6483534038461538 0.41385533894230775 0.648218625 0.38447232451923075 0.6453433317307693 0.3821568149038462 0.6049993245192308 0.3810389831730769 0.6038587668269231 0.3833626298076923 0.6038761634615384 0.4155320865384615 0.6069760937500001 0.41832666346153846
11 0.6475315432692308 0.4147194375 0.6493735288461538 0.4179132451923077 0.6910653245192309 0.4186318533653846 0.6920537139423076 0.4147194375 0.691649375 0.3834999903846154 0.6882798870192308 0.38086509855769235 0.6493286033653847 0.38038602884615386 0.6475764711538462 0.3841387524038461 0.6475315432692308 0.4147194375
11 0.6915751802884615 0.4144530048076923 0.6937316514423078 0.4166886706730769 0.736052420673077 0.41828557211538464 0.7353785240384615 0.3809978918269231 0.6926084903846154 0.3807583557692308 0.691485326923077 0.3844312331730769 0.6915751802884615 0.4144530048076923
11 0.5586466586538461 0.4516192548076923 0.5617323677884616 0.4549258149038462 0.6021188822115385 0.4550064591346154 0.6028449278846154 0.4504901875 0.6025272860576923 0.42121505769230766 0.599986108173077 0.4179085 0.5596263942307692 0.4178758365384615 0.5582382548076923 0.4218602379807692 0.5586466586538461 0.4516192548076923
11 0.6030297644230769 0.45197350480769233 0.6055709350961538 0.4551187668269231 0.6461389591346154 0.4554413533653846 0.6473641682692308 0.4501992524038462 0.6465927475961538 0.41995635096153844 0.6447776177884615 0.4172949735576923 0.6047571514423077 0.4179482139423077 0.60284825 0.4208434735576923 0.6030297644230769 0.45197350480769233
11 0.6480881850961538 0.45200515625 0.6506293605769231 0.45482783173076924 0.6906528485576923 0.4552310673076923 0.6926494879807692 0.44982766586538464 0.6921049495192307 0.42135901682692306 0.6897452836538461 0.41853634375 0.6495886850961539 0.4177784879807692 0.6478612956730768 0.4209557764423077 0.6480881850961538 0.45200515625
11 0.6914837259615385 0.4507954639423077 0.6937072524038462 0.45442461298076925 0.7348198149038462 0.4545859134615385 0.7357273798076923 0.44845668269230765 0.7356820048076924 0.4195041418269231 0.6938474230769232 0.41729430769230774 0.6909845673076924 0.42297199278846154 0.6914837259615385 0.4507954639423077
11 0.4713306971153846 0.4975080168269231 0.5178554663461539 0.5001785721153846 0.5177887524038461 0.46143225 0.4714088125 0.45853212019230766 0.4713306971153846 0.4975080168269231
11 0.4658646706730769 0.5245369471153846 0.5090402884615385 0.5285655504807693 0.5098367259615384 0.523992545673077 0.5102655697115385 0.5014541634615385 0.47093397355769234 0.49720780048076924 0.4701090673076923 0.48714749999999996 0.4661097283653846 0.4888239567307692 0.4658646706730769 0.5245369471153846
11 0.4657344951923077 0.558674875 0.46885896634615387 0.5621590769230769 0.507700454326923 0.5655343846153846 0.5096609038461538 0.5600903317307693 0.5101510216346153 0.5324345360576923 0.507700454326923 0.5284059399038461 0.46730455528846154 0.5248821538461539 0.46628587259615384 0.5288414615384616 0.4657344951923077 0.558674875
11 0.4197377331730769 0.5612444831730768 0.42206577403846157 0.5636398653846154 0.4629289735576923 0.564619795673077 0.4643380528846154 0.55982903125 0.4634190889423077 0.5310844254807692 0.4617036971153846 0.5281446346153846 0.42130844471153844 0.527553125 0.4190638293269231 0.5309755432692308 0.4197377331730769 0.5612444831730768
11 0.37369348798076923 0.5634447572115385 0.37694048798076923 0.5655134975961539 0.41682346153846156 0.565840139423077 0.4184163341346154 0.5611582548076923 0.4179874831730769 0.5308893149038462 0.41510806971153846 0.5288205721153847 0.3754771586538462 0.5287195649038462 0.3737547548076923 0.5337202235576923 0.37369348798076923 0.5634447572115385
11 0.32805475721153843 0.5606160576923077 0.3300152091346154 0.5649713052884615 0.37173610817307695 0.5666045216346154 0.37247127884615383 0.5603983004807692 0.37247127884615383 0.5308915240384615 0.37014324278846156 0.5287139038461539 0.32910065144230766 0.5286122524038461 0.32731958653846155 0.5348112427884616 0.32805475721153843 0.5606160576923077
11 0.1952233125 0.5577722451923077 0.23500789182692308 0.5614294903846153 0.23694099519230769 0.5553340841346154 0.23619269711538463 0.5277385216346153 0.23401015865384614 0.5248570552884615 0.19260426442307693 0.5206456875 0.1915799375 0.5218760576923077 0.19204303846153847 0.5559990384615385 0.1952233125 0.5577722451923077
11 0.23960243509615384 0.5624135697115384 0.2801353149038462 0.5631893485576923 0.2820684182692308 0.558756326923077 0.28150719230769233 0.5311607620192308 0.28026002884615386 0.5258411370192307 0.23823055528846154 0.5248437067307692 0.2369898605769231 0.5265753076923076 0.23773168509615386 0.5603078822115385 0.23960243509615384 0.5624135697115384
11 0.28561229326923077 0.5648883245192308 0.32452385576923076 0.5659965841346154 0.32714290384615385 0.561785204326923 0.32645696394230767 0.5313081802884615 0.32452385576923076 0.5264318533653847 0.2837415456730769 0.5268751538461538 0.2828116514423077 0.5292205625 0.28342975721153846 0.5634475889423076 0.28561229326923077 0.5648883245192308
11 0.1919068221153846 0.59352053125 0.19451377403846154 0.5955797283653846 0.2344291081730769 0.5985655504807692 0.23639880048076922 0.5942412524038462 0.2358194831730769 0.5642800408653846 0.23431324038461537 0.561397173076923 0.1931321826923077 0.55801934375 0.19167509615384615 0.5616030913461538 0.1919068221153846 0.59352053125
11 0.24070335096153844 0.5975773509615384 0.28090834375 0.5988128653846154 0.281951125 0.5925323389423076 0.28160353125 0.5681309399038461 0.2807345480769231 0.5641155192307692 0.27922831009615384 0.5615415336538462 0.2383281298076923 0.5602030576923077 0.23714483653846155 0.5617622067307693 0.23763294230769233 0.5952092860576923 0.24070335096153844 0.5975773509615384
11 0.2855963221153846 0.60164615625 0.3258013149038461 0.6033964735576923 0.3271916899038461 0.5969100240384615 0.32632270673076924 0.569008 0.32400541346153844 0.5659192163461538 0.2840900841346154 0.5646837019230769 0.2826466201923077 0.566452423076923 0.2829893701923077 0.5989692115384615 0.2855963221153846 0.60164615625
11 0.33098566346153846 0.6037678798076923 0.37008994471153844 0.6041797211538461 0.3718279110576923 0.5989287884615385 0.3711327235576923 0.5686586995192308 0.36945269471153847 0.5664965480769231 0.3287842403846154 0.566187670673077 0.32734336057692304 0.5698120985576923 0.32803112019230773 0.6016057307692309 0.33098566346153846 0.6037678798076923
11 0.3752486225961539 0.6045511466346154 0.41580121394230773 0.6043452211538461 0.4164384639423077 0.5967262235576923 0.4159170721153846 0.5718100240384616 0.4137735817307692 0.5671768485576923 0.37420584134615387 0.5673827692307692 0.37212703125 0.5694628052884615 0.3723520120192308 0.6012564375 0.3752486225961539 0.6045511466346154
11 0.4205210552884615 0.6004586899038462 0.46095778125 0.6009734855769231 0.4626378197115385 0.5964432716346153 0.4617108966346154 0.5661731802884615 0.45806116346153847 0.56401103125 0.41953620913461537 0.5635991899038462 0.4179236274038462 0.5663995408653846 0.4180879014423077 0.5972669423076923 0.4205210552884615 0.6004586899038462
11 0.46546237500000004 0.5933434807692307 0.46864181009615385 0.5966396754807692 0.5071129759615385 0.5999358653846154 0.5088616634615385 0.5950386658653847 0.5088616634615385 0.5670681129807693 0.5070599879807692 0.5639602740384615 0.4677493966346154 0.5601067596153846 0.46572732692307695 0.5634893894230769 0.46546237500000004 0.5933434807692307
11 0.5107501850961539 0.5972321490384616 0.5130817692307692 0.6003399927884615 0.5530896658653845 0.6011875841346154 0.5539905096153845 0.5955369639423077 0.5539905096153845 0.5671897067307692 0.551658920673077 0.5646469278846153 0.5119779615384615 0.5630087043269231 0.5104322427884616 0.5673780576923076 0.5107501850961539 0.5972321490384616
11 0.5201129495192307 0.48985140625 0.5592244350961538 0.49103356009615384 0.5616855336538461 0.48642317307692307 0.5608873413461539 0.4549779615384616 0.5587588269230769 0.45426867307692304 0.5191817259615384 0.4520225841346154 0.5173235600961539 0.4547526442307692 0.5175853389423077 0.48618674038461535 0.5201129495192307 0.48985140625
11 0.5625643221153847 0.48998883653846154 0.6029396153846154 0.4923531418269231 0.603804326923077 0.48667881730769236 0.6038708389423078 0.4573614783653846 0.6007445841346154 0.45405145913461536 0.5612340024038461 0.45428788942307696 0.5600780384615385 0.4556007668269231 0.5600367115384615 0.4875063221153846 0.5625643221153847 0.48998883653846154
11 0.6060112860576923 0.4875063221153846 0.6080732860576923 0.4912892043269231 0.6492467692307693 0.49247135336538467 0.6508431562499999 0.4853784495192308 0.6498454134615385 0.45783434134615386 0.648182514423077 0.4546425360576923 0.6072519519230769 0.45524588701923074 0.6060112860576923 0.4601986394230769 0.6060112860576923 0.4875063221153846
11 0.6515097259615386 0.4920823485576923 0.69141940625 0.4935009278846154 0.6933483774038461 0.48735374759615385 0.6926832211538462 0.458154625 0.6895569591346155 0.4562631802884616 0.6511771490384616 0.4557903221153846 0.649227375 0.4566308076923077 0.6492481826923077 0.4906637668269231 0.6515097259615386 0.4920823485576923
11 0.6954883052884615 0.4868849567307692 0.6982819831730769 0.4897221201923077 0.7395885 0.4892492596153846 0.739122891826923 0.45272080528846154 0.6961018437500001 0.4529692788461538 0.6948896610576922 0.4581586947115385 0.6954883052884615 0.4868849567307692
11 0.5186148725961538 0.52838653125 0.5607019350961538 0.5279755456730769 0.5602972548076923 0.4942750048076923 0.5584472716346154 0.4913981298076923 0.5205804783653846 0.49119263701923077 0.5178055072115385 0.4892404735576923 0.5178262091346154 0.49971768269230765 0.5161926514423076 0.5033398509615384 0.5164180216346154 0.5239684687499999 0.5186148725961538 0.52838653125
11 0.5596052740384615 0.5258167139423077 0.6034805048076923 0.5279918004807692 0.6040924278846154 0.5230978605769231 0.6040924278846154 0.49536553605769235 0.6015223317307693 0.49134162980769236 0.56132846875 0.49026302403846156 0.5595440793269231 0.4944955 0.5596052740384615 0.5258167139423077
11 0.6075096394230769 0.5293028293269231 0.6472237548076923 0.5295203413461539 0.6491819278846154 0.5229950865384615 0.6493655048076923 0.49689407451923073 0.6466118293269231 0.49221764182692307 0.6076320216346154 0.4916738701923077 0.6055625649038462 0.49288103365384617 0.6054902764423077 0.5270189927884615 0.6075096394230769 0.5293028293269231
11 0.6491221947115384 0.5242272091346154 0.6513863245192308 0.5274898365384615 0.6919571442307693 0.5289036442307693 0.6932421923076924 0.5250972451923077 0.6935481586538461 0.4934497692307692 0.6918959543269231 0.4913834399038462 0.6516707427884616 0.4903063341346154 0.6490609999999999 0.49399354086538466 0.6491221947115384 0.5242272091346154
11 0.6957606057692308 0.5245355504807692 0.69784115625 0.527580673076923 0.7392686778846154 0.5281244399038462 0.7395134447115385 0.4947368966346154 0.7372493149038462 0.49136551682692303 0.6978536225961538 0.49061424519230773 0.6954546370192307 0.4963682091346154 0.6957606057692308 0.5245355504807692
11 0.5551503822115385 0.5609149038461538 0.5570636274038462 0.5638901682692308 0.598078875 0.5658028365384615 0.5994540192307692 0.5592147572115385 0.5990354951923077 0.5345625961538462 0.5968233076923076 0.5289308509615385 0.5564381418269231 0.5285709230769231 0.5550905913461539 0.5330749639423077 0.5551503822115385 0.5609149038461538
11 0.5998418725961538 0.5601857836538462 0.60229321875 0.5646486754807692 0.6422920480769231 0.5644361586538461 0.6434878317307693 0.5600795264423077 0.6431888846153846 0.53128325 0.6410364807692308 0.5290518052884615 0.6010437283653846 0.5289584663461538 0.5991244038461538 0.5355336225961538 0.5998418725961538 0.5601857836538462
11 0.6435748918269231 0.5634419519230769 0.6845901322115384 0.5669485144230769 0.6868621177884615 0.5621668413461538 0.6868621177884615 0.5322017115384615 0.6851880240384615 0.5297577451923077 0.6448675432692308 0.5297710889423077 0.642977 0.5364520841346153 0.6435748918269231 0.5634419519230769
11 0.6941178990384615 0.5594029615384616 0.6969877716346153 0.5633345552884615 0.7378236514423077 0.5633345552884615 0.7381823846153845 0.5291190552884616 0.7366278677884615 0.5264625745192307 0.6967271201923076 0.5258905456730769 0.6945962163461539 0.529756610576923 0.6941178990384615 0.5594029615384616
11 0.554879483173077 0.5982489014423077 0.5570284471153847 0.5998157644230769 0.5982444543269231 0.6005991899038462 0.5983546610576923 0.5691640625000001 0.5963158990384616 0.5653448413461539 0.5558483966346154 0.56379259375 0.5549896875 0.5670096274038461 0.554879483173077 0.5982489014423077
11 0.5978048677884615 0.5954938004807693 0.5997334230769231 0.6001943798076923 0.6399576033653845 0.60127159375 0.6414453485576923 0.5977461586538462 0.6415004519230769 0.5710116105769231 0.6397371971153846 0.56562553125 0.5987446201923077 0.5657398124999999 0.5978048677884615 0.5954938004807693
11 0.6421824447115385 0.597222201923077 0.6442763028846153 0.6004538485576923 0.6844453822115385 0.6027062163461538 0.6854372115384616 0.5979077043269231 0.6857127235576923 0.5698021538461538 0.6837841634615385 0.5658850048076923 0.6440338605769231 0.5646278966346154 0.6421273413461539 0.5687249350961538 0.6421824447115385 0.597222201923077
11 0.6873494663461539 0.5961106875 0.6897739350961539 0.6002236947115385 0.7310450504807692 0.60071334375 0.7315960625 0.5953272596153846 0.7314307572115385 0.5681030673076923 0.7293369038461539 0.5642838461538461 0.6892045144230768 0.5638099759615385 0.6874596682692308 0.5674175673076923 0.6873494663461539 0.5961106875
11 0.6895990360576923 0.599223625 0.6877806826923076 0.6017697740384615 0.6875051778846154 0.6306587524038462 0.689156 0.6356531177884615 0.7303169134615385 0.6363386225961538 0.7314211634615385 0.6040221370192308 0.7301195528846154 0.6011464014423077 0.6895990360576923 0.599223625
11 0.6425438389423076 0.6329339254807693 0.6452438197115384 0.6362635048076922 0.6852475961538461 0.6371448629807692 0.6864047307692308 0.6331297836538461 0.68612921875 0.6040449471153846 0.6846414759615385 0.6013029399038461 0.6437089759615385 0.6018017908653847 0.6421030264423078 0.6067869495192307 0.6425438389423076 0.6329339254807693
11 0.5992486754807692 0.6042815192307692 0.5991384711538461 0.6318974278846153 0.6007364182692307 0.6354228629807692 0.6412361057692307 0.6370876466346154 0.6427789543269231 0.632289139423077 0.6430544591346153 0.6068276658653846 0.6417320216346154 0.6015395120192307 0.6003539663461539 0.6008137716346154 0.5992486754807692 0.6042815192307692
11 0.5558698149038461 0.6023750336538461 0.5560351177884615 0.6284240793269231 0.5578534711538462 0.636160454326923 0.5971960264423077 0.6376293846153847 0.599730701923077 0.6342018774038463 0.5996755985576923 0.6066838990384615 0.5985184639423077 0.6015916057692308 0.5574719567307692 0.5996401105769231 0.5558698149038461 0.6023750336538461
11 0.512420264423077 0.6324313389423076 0.51473453125 0.6373277788461539 0.5542423966346154 0.6375236370192308 0.5555648341346153 0.6335085576923076 0.5551791177884615 0.6053050793269231 0.552919951923077 0.6023672163461539 0.5128670288461539 0.6007122115384615 0.5121998557692308 0.6042278605769231 0.512420264423077 0.6324313389423076
11 0.46649999038461537 0.6305326250000001 0.4684285480769231 0.6332746298076923 0.5076608966346154 0.638464858173077 0.5095343533653847 0.6336663485576923 0.5103608774038462 0.6051690817307692 0.506724170673077 0.6008602163461538 0.4684885480769231 0.59846871875 0.4669408028846154 0.6018395024038461 0.46649999038461537 0.6305326250000001
11 0.4212840048076923 0.6056657379807693 0.4215044110576923 0.6326940721153846 0.42343296874999997 0.6372967211538462 0.46360204567307695 0.6384718653846153 0.46547550240384616 0.6361215745192308 0.46542039903846155 0.6067429519230769 0.4644836730769231 0.602727875 0.4222232884615385 0.60190478125 0.4212840048076923 0.6056657379807693
11 0.37556836538461535 0.6331611778846155 0.3772214134615384 0.638057610576923 0.41854762500000003 0.63972240625 0.4200904735576923 0.6364907524038461 0.41992516826923076 0.6072100552884615 0.4178313028846154 0.6037825528846154 0.3760109134615384 0.6036951802884615 0.37556836538461535 0.6331611778846155
11 0.3314948197115385 0.6343658725961538 0.33146842307692304 0.6389266105769231 0.3729863365384615 0.6403395264423076 0.3756863173076923 0.6374016634615385 0.37524550240384613 0.6084147524038461 0.3727659278846154 0.60391003125 0.33079057211538465 0.6036289423076924 0.3314948197115385 0.6343658725961538
11 0.2893879807692308 0.6389529951923076 0.3288407403846154 0.6400302139423076 0.33021828124999997 0.6353296346153846 0.3299978725961538 0.6077137259615385 0.32707749038461537 0.6032090024038461 0.2863049639423077 0.6027768533653846 0.28652269951923076 0.6349379158653845 0.2893879807692308 0.6389529951923076
11 0.24085878365384616 0.6308191346153845 0.24339345673076923 0.6337569951923077 0.28356253605769227 0.6356176418269232 0.28460946875 0.6316025649038461 0.28427885817307696 0.6033990865384615 0.28146867548076926 0.5992860793269231 0.24141399519230772 0.5986103605769231 0.2403077692307692 0.6024197956730769 0.24085878365384616 0.6308191346153845
11 0.19407874759615387 0.6329611009615385 0.23729954326923078 0.6357356009615385 0.23889749278846154 0.6314267379807692 0.2388423846153846 0.6014605408653846 0.2355913966346154 0.5983268197115384 0.19463331730769232 0.5964072163461538 0.1933950721153846 0.6006324711538462 0.19407874759615387 0.6329611009615385
11 0.19884679567307695 0.6683139110576923 0.2404485168269231 0.6717414230769231 0.24094443028846155 0.6655719134615385 0.24099953365384616 0.6390332187500001 0.23868526682692306 0.6355077836538462 0.19650147836538462 0.6333365985576923 0.19622925961538462 0.6672028725961539 0.19884679567307695 0.6683139110576923
11 0.241312875 0.6667692331730769 0.24346183653846154 0.6712739591346154 0.28407173076923076 0.6736242475961538 0.2856145745192308 0.6687278149038461 0.2846778485576923 0.6377823269230769 0.28319010336538464 0.6373906081730769 0.2428042283653846 0.6353504591346154 0.24153328125 0.6408181177884615 0.241312875 0.6667692331730769
11 0.28591483653846156 0.6732222620192307 0.28756788701923075 0.6764539110576924 0.3304037475961538 0.6767736177884616 0.3309460288461539 0.6712320024038461 0.3305393221153846 0.6464152211538461 0.3292514014423077 0.6396689086538461 0.28699717548076925 0.6400444423076923 0.2855291298076923 0.6439415697115384 0.28591483653846156 0.6732222620192307
11 0.33084303125 0.672086966346154 0.3333226033653846 0.6765916875 0.37349168269230765 0.6773751201923077 0.3748963774038462 0.6715934110576923 0.37469302403846155 0.6460538100961538 0.3740829591346154 0.6403917259615385 0.33216547115384615 0.6396725504807693 0.33040222115384615 0.6455482764423077 0.33084303125 0.672086966346154
11 0.37503296875 0.6721102572115385 0.37767784615384614 0.6768108365384615 0.41784692307692306 0.6774963365384615 0.4186734495192308 0.6721102572115385 0.41784692307692306 0.6446902091346154 0.41674489903846157 0.6411647716346154 0.3769420072115385 0.6391628653846154 0.37459215625 0.6448860649038461 0.37503296875 0.6721102572115385
11 0.41990405288461535 0.6711690456730769 0.4219979134615385 0.673911048076923 0.4623322956730769 0.6744006947115384 0.4635996370192308 0.6691125432692308 0.46321393028846153 0.6414966322115384 0.46161597836538465 0.6389504855769231 0.4209301754807692 0.6384665721153847 0.4194632427884616 0.6440427788461538 0.41990405288461535 0.6711690456730769
11 0.4675549783653846 0.6670039350961539 0.46959374038461543 0.6700397259615385 0.5094873125 0.6751320216346154 0.5105893485576923 0.671019014423077 0.511140360576923 0.6428155360576924 0.5083301778846153 0.638506670673077 0.46963119711538465 0.6342016033653847 0.46805089423076923 0.6382128846153846 0.4675549783653846 0.6670039350961539
11 0.5117316514423077 0.6708386875 0.5139908149038461 0.6738744807692308 0.5539394903846154 0.6759309855769231 0.5547660144230769 0.6697614735576922 0.5543803004807693 0.6421455673076923 0.5517905264423077 0.6389139158653846 0.5132506418269231 0.637941516826923 0.5116765480769231 0.6426352091346155 0.5117316514423077 0.6708386875
11 0.5571653822115384 0.6733249807692308 0.5971691538461539 0.6747939110576924 0.5984915937499999 0.6679388966346154 0.5981058846153846 0.6421836394230769 0.5952406057692308 0.6378747740384616 0.5560633509615385 0.6372871995192307 0.5547799495192307 0.6403320048076923 0.5551817235576924 0.6719539759615384 0.5571653822115384 0.6733249807692308
11 0.5985405769230769 0.6709070721153847 0.6005242355769231 0.6732573629807692 0.6400872019230769 0.6751180072115385 0.6419055552884616 0.6681650649038461 0.6415749471153845 0.6417243028846153 0.6391504711538462 0.6380030120192307 0.6004515480769231 0.6379127451923078 0.5984854783653846 0.6428994495192307 0.5985405769230769 0.6709070721153847
11 0.6414782764423077 0.6716609375 0.6438476466346154 0.6735215865384615 0.6837963221153847 0.6745008725961538 0.6844575408653846 0.6682334350961538 0.6846779447115385 0.6445346754807691 0.6834106033653846 0.6390506658653846 0.6439950120192308 0.6372959951923077 0.64175378125 0.6419885264423077 0.6414782764423077 0.6716609375
11 0.6844584399038461 0.6680157860576923 0.6872686225961538 0.6722267211538462 0.72583975 0.6728142932692307 0.72754790625 0.6674282139423077 0.7273274927884615 0.6362868701923077 0.6863429399038462 0.63663834375 0.6844033365384615 0.6415750240384616 0.6844584399038461 0.6680157860576923
11 0.2044216201923077 0.7240642211538462 0.24412670192307692 0.7255592572115385 0.24580911778846154 0.7216721754807692 0.24631384375 0.6970041802884615 0.24471555048076923 0.6899775360576924 0.2048025048076923 0.6900051586538462 0.2044216201923077 0.7240642211538462
11 0.24622942307692305 0.69243021875 0.2454723341346154 0.7175467235576923 0.24757536057692306 0.7235268413461539 0.28534565625 0.7256198846153846 0.2878692836538461 0.7230783317307693 0.28803753125 0.697961826923077 0.2872804423076923 0.6909351826923077 0.24776082692307694 0.6896187524038461 0.24622942307692305 0.69243021875
11 0.2878058701923077 0.7189225721153847 0.2892359326923077 0.7241551730769231 0.3291933677884616 0.7240056778846153 0.3295298629807692 0.697693141826923 0.3285204110576923 0.6912645144230769 0.2905818629807692 0.6894704783653847 0.2883295216346154 0.6932403894230769 0.2878058701923077 0.7189225721153847
11 0.3295648413461538 0.7206588221153846 0.33116313942307696 0.7255924230769231 0.36884931971153845 0.7270874567307692 0.37307995432692304 0.7241330649038461 0.3733880360576923 0.6934714375000001 0.3318361057692308 0.6913562307692308 0.3305917860576923 0.6947572524038462 0.3295648413461538 0.7206588221153846
11 0.3724640048076923 0.7192988485576923 0.37364169471153846 0.7246809567307693 0.41242143990384617 0.7260264831730769 0.41376738701923077 0.7234849375000001 0.41418798076923075 0.6922388004807692 0.37357712259615383 0.6920532235576923 0.3724640048076923 0.7192988485576923
11 0.41407550480769234 0.7238344254807692 0.41601028125000006 0.7287680240384616 0.4563042043269231 0.7298145360576923 0.45706129326923073 0.7014089663461539 0.4557994783653846 0.6960268581730769 0.4174403365384615 0.6936348124999999 0.4155590745192308 0.6966669399038461 0.41407550480769234 0.7238344254807692
11 0.2392933846153846 0.7596160865384616 0.24105992548076924 0.7548319951923077 0.24139640384615382 0.727921454326923 0.23979811057692307 0.7243333822115384 0.20001790625 0.7244403221153846 0.19984066586538463 0.7573735408653846 0.2392933846153846 0.7596160865384616
11 0.28788147836538464 0.7594516874999999 0.28819488701923074 0.7319731201923076 0.2876725360576923 0.7252891418269231 0.24597732451923077 0.7241771802884615 0.24512202403846153 0.7581572211538461 0.28788147836538464 0.7594516874999999
11 0.2921368918269231 0.7593267884615386 0.3304960336538461 0.7596257908653846 0.3299071923076923 0.7259876153846154 0.288868125 0.7249746081730769 0.2886038125 0.7575327524038461 0.2921368918269231 0.7593267884615386
11 0.3718450264423077 0.7625483846153845 0.3720132668269231 0.7307042451923077 0.37041496634615384 0.727415173076923 0.33118875 0.7261046394230769 0.3310463701923077 0.7615018581730768 0.3718450264423077 0.7625483846153845
11 0.4134629951923077 0.7612919543269231 0.41514541826923074 0.754713826923077 0.41514541826923074 0.7254112331730769 0.3725403966346154 0.7251931947115384 0.3729582644230769 0.7600984086538461 0.4134629951923077 0.7612919543269231
11 0.4189022355769231 0.7595896490384615 0.42125762499999997 0.7636262307692309 0.4609626971153846 0.7630282259615384 0.4609626971153846 0.7284930264423076 0.42060482692307694 0.7286745721153847 0.41898635817307694 0.7322305985576923 0.4189022355769231 0.7595896490384615
11 0.4227119086538461 0.7631529543269231 0.4206930072115385 0.7677875456730768 0.42010415865384615 0.7978376490384615 0.4618281418269231 0.7993326754807693 0.46202442307692304 0.7652747908653846 0.4227119086538461 0.7631529543269231
11 0.37775208173076924 0.7677416850961538 0.3779203197115385 0.7924096802884615 0.38136928365384615 0.7955492451923077 0.4184666129807692 0.7955492451923077 0.4193078173076923 0.7873265817307692 0.41956018028846154 0.7640041129807693 0.4173730456730769 0.7617615673076923 0.3798337980769231 0.7600668028846154 0.3775615600961538 0.7619634903846154 0.37775208173076924 0.7677416850961538
11 0.33495819230769236 0.7906910504807693 0.33697709374999996 0.7942791225961539 0.3757568485576923 0.7957741490384616 0.37609332692307695 0.7905415504807691 0.37634568990384615 0.7637805096153846 0.3751679975961538 0.7616874639423077 0.3364859278846154 0.7610418798076922 0.33495819230769236 0.7642290192307691 0.33495819230769236 0.7906910504807693
11 0.2902787235576923 0.790083329326923 0.29339120192307694 0.7933723990384615 0.33090913221153845 0.7921763725961538 0.3320027067307692 0.785299235576923 0.33141385817307695 0.7591362067307692 0.2914710480769231 0.7591611730769231 0.2902787235576923 0.7654153317307693 0.2902787235576923 0.790083329326923
11 0.24680240865384617 0.7889909543269231 0.24890543269230767 0.7919810168269231 0.28827402884615383 0.7945225625 0.2886946298076923 0.7620804134615384 0.2870963389423077 0.7602863774038462 0.2494681466346154 0.757992423076923 0.24739125721153846 0.7628279302884615 0.24680240865384617 0.7889909543269231
11 0.19977199278846153 0.790832576923077 0.2388942139423077 0.7939721418269231 0.2410813557692308 0.7914305865384615 0.2407448701923077 0.7625765096153846 0.2389783293269231 0.7595864471153846 0.19943550480769232 0.7594369471153846 0.19977199278846153 0.790832576923077
11 0.1995219591346154 0.8279099014423077 0.23964764423076923 0.8294049350961538 0.24149830528846156 0.8255178485576924 0.2416665456730769 0.7977102884615385 0.24015236778846155 0.7947202331730769 0.19995388701923078 0.7934795817307693 0.1995219591346154 0.8279099014423077
11 0.24289497596153845 0.8267849543269231 0.2459233293269231 0.8287284927884616 0.2828524110576923 0.829775016826923 0.2858147067307692 0.8272608485576923 0.2862842644230769 0.8004523653846154 0.28574292067307694 0.7942953942307691 0.2448906923076923 0.7933188870192308 0.24339970192307694 0.7986783870192308 0.24289497596153845 0.8267849543269231
11 0.3002103317307692 0.8268556875 0.3348681490384615 0.8273041971153846 0.33436342307692307 0.7945630384615385 0.33209215865384617 0.792021485576923 0.29337290384615383 0.7939896947115385 0.2934016322115385 0.8281587451923078 0.3002103317307692 0.8268556875
11 0.3354621658653846 0.8285002259615385 0.33823815625000003 0.8311912788461538 0.37491488461538464 0.8323873052884616 0.37765218509615384 0.8270440697115385 0.37788624759615386 0.8166443485576923 0.37730108894230774 0.7979248413461538 0.3364870552884615 0.7955605168269231 0.3352939278846154 0.8029352115384616 0.3354621658653846 0.8285002259615385
11 0.3786243076923077 0.8267127307692307 0.3818209014423077 0.828506766826923 0.4196753197115385 0.8286562668269231 0.41933883894230767 0.7954666009615384 0.41723581490384615 0.7947190817307692 0.3798168990384615 0.7951937379807692 0.3786243076923077 0.7999516899038461 0.3786243076923077 0.8267127307692307
11 0.4204669038461538 0.8282728100961538 0.42324289663461534 0.8324588918269231 0.4616020384615384 0.831561875 0.46185440144230766 0.8000167427884615 0.4218660913461539 0.7988498125000001 0.4204669038461538 0.8045018317307692 0.4204669038461538 0.8282728100961538
11 0.24259551923076922 0.8607804062500001 0.24259551923076922 0.8278897475961539 0.2017193341346154 0.828285076923077 0.2012921466346154 0.8603318966346154 0.24259551923076922 0.8607804062500001
11 0.2480194110576923 0.8614369110576923 0.2890704302884615 0.8630814447115385 0.2891545456730769 0.8298917788461538 0.24902886298076923 0.82839675 0.24726232211538463 0.834077860576923 0.2480194110576923 0.8614369110576923
11 0.2939678798076923 0.8604433100961538 0.29775332211538463 0.8619383461538461 0.3337570841346154 0.8619383461538461 0.3354395096153846 0.8570047475961539 0.3349347836538462 0.8278516562499999 0.2953741298076923 0.8272615072115385 0.2938837644230769 0.8333832692307692 0.2939678798076923 0.8604433100961538
11 0.33702610096153846 0.8628744326923077 0.34072742067307693 0.8657149879807692 0.3768152980769231 0.8660139951923077 0.3776565192307692 0.8597348701923077 0.37774063461538465 0.8316283028846154 0.33810042307692306 0.8314155985576923 0.3366055 0.8356648846153847 0.33702610096153846 0.8628744326923077
11 0.3790612451923077 0.860306923076923 0.38251020673076924 0.8650910144230769 0.4195234206730769 0.8656890312500001 0.4213271466346154 0.8611847115384615 0.4207852355769231 0.8365359447115384 0.4203908918269231 0.8285295745192307 0.3800877427884615 0.8276499975961538 0.3795659711538461 0.8336953822115384 0.3790612451923077 0.860306923076923
11 0.42165096153846154 0.8619060528846153 0.4247634375 0.8657931322115384 0.46144016586538467 0.8668396514423077 0.4630384567307692 0.8598130144230769 0.46287022596153843 0.8323044567307692 0.4234359759615384 0.8309721033653846 0.4220715697115385 0.8367895480769231 0.42165096153846154 0.8619060528846153
11 0.24618255528846153 0.8951596105769231 0.24574541105769232 0.8627234350961538 0.20432575240384615 0.8620436346153847 0.20383395913461538 0.8961307548076923 0.24618255528846153 0.8951596105769231
11 0.2501171081730769 0.8940355360576924 0.25164711778846155 0.8977258798076923 0.29042212259615385 0.8996681682692308 0.29118713221153847 0.8933557379807693 0.2917882139423077 0.8677175625 0.2901489110576923 0.8644156754807693 0.25100374759615385 0.8631600192307692 0.24957067307692307 0.8695627307692307 0.2501171081730769 0.8940355360576924
11 0.2937725793269231 0.89270496875 0.29666868028846155 0.8958126274038462 0.3342633028846154 0.895424170673077 0.3353561730769231 0.8910540288461538 0.33552010336538457 0.8657071947115385 0.3334983028846154 0.8625995360576924 0.2954199903846154 0.8612471490384616 0.2938272235576923 0.8663869951923077 0.2937725793269231 0.89270496875
11 0.3392888918269231 0.8973534447115384 0.34213034375 0.9003639855769231 0.37978310096153844 0.900655329326923 0.3808213197115385 0.8944400168269231 0.38087597115384614 0.8688018413461538 0.37890881009615385 0.8669566706730769 0.3409960552884615 0.8658511850961539 0.33950746153846156 0.8697729807692307 0.3392888918269231 0.8973534447115384
11 0.4228104855769231 0.8967421274038462 0.4231368485576923 0.8648409254807692 0.4205259615384615 0.8628108461538461 0.38243218990384614 0.8642868317307693 0.3825048798076923 0.8964521129807692 0.4228104855769231 0.8967421274038462
11 0.4231075745192308 0.8959600048076923 0.4263711802884615 0.9011802019230769 0.44497376923076926 0.8992951322115386 0.4645554399038462 0.8995851466346154 0.46439226923076926 0.8665238990384616 0.42467553125 0.8664053942307692 0.42269961778846155 0.8710190673076923 0.4231075745192308 0.8959600048076923
11 0.20715153846153844 0.9286840480769231 0.21057833653846153 0.93143915625 0.24802828365384616 0.9327442043269231 0.24900736778846153 0.8988129254807693 0.20834181009615385 0.897380216346154 0.20674358653846153 0.9012780120192307 0.20715153846153844 0.9286840480769231
11 0.2524337115384615 0.9283881298076923 0.25561573317307695 0.932883298076923 0.2915154639423077 0.9350583798076924 0.2933104591346154 0.9265030600961539 0.2935552307692308 0.898807014423077 0.2535919014423077 0.8963595552884616 0.2525968894230769 0.9024321490384615 0.2524337115384615 0.9283881298076923
11 0.33577461778846157 0.9302613894230769 0.3370800649038461 0.9248961875 0.33732483653846157 0.8954600745192308 0.2967445120192308 0.8954064951923077 0.2957500216346154 0.9293913557692307 0.33577461778846157 0.9302613894230769
11 0.38084175240384616 0.9345105432692308 0.3811097572115385 0.90028925 0.3412330552884616 0.9008960600961539 0.3404777860576923 0.9339305192307693 0.38084175240384616 0.9345105432692308
11 0.38215076201923076 0.9316506442307693 0.3849474423076923 0.9330553052884615 0.4222770192307692 0.9339197235576923 0.4227634014423077 0.9264641682692307 0.4227634014423077 0.9002076682692307 0.4208786826923077 0.8988029999999999 0.3832481947115385 0.8974148822115384 0.3814819927884615 0.9035572620192307 0.38215076201923076 0.9316506442307693
11 0.4242772283653846 0.9311012692307692 0.4268915120192308 0.934775016826923 0.46349152644230773 0.9342347620192307 0.46488987019230765 0.9277516754807693 0.4650114567307692 0.9016032235576923 0.4626403605769231 0.8998744014423077 0.4261752980769231 0.89929421875 0.4237908461538461 0.9052769711538461 0.4242772283653846 0.9311012692307692
11 0.24771687980769233 0.9658835673076923 0.24846137259615386 0.9602301322115385 0.24907050480769233 0.9355715048076922 0.24737846875 0.9325643509615384 0.20819920673076925 0.9320494399038461 0.20819095913461538 0.9650415625 0.24771687980769233 0.9658835673076923
11 0.2909963557692308 0.9686029975961539 0.29255303125 0.96222784375 0.2920792548076923 0.9360055024038462 0.2895073701923077 0.9344417860576922 0.25158549278846154 0.934159375 0.25133507451923076 0.9671595649038461 0.2909963557692308 0.9686029975961539
11 0.29557361778846153 0.964929266826923 0.297536375 0.9654104110576923 0.33509953365384615 0.9676958461538461 0.3363177980769231 0.9615612620192308 0.33652084134615384 0.9366620673076922 0.33523489903846154 0.9330534879807693 0.29643252163461536 0.9327698918269232 0.2957089783653846 0.9367823509615385 0.29557361778846153 0.964929266826923
11 0.33915405048076924 0.9657361899038462 0.3416582572115385 0.9687433365384616 0.37901837019230766 0.9687433365384616 0.37983054567307695 0.9634507572115385 0.37969519230769233 0.9365066995192308 0.34045356490384615 0.935925829326923 0.33915405048076924 0.9404761370192307 0.33915405048076924 0.9657361899038462
11 0.38085234375 0.9670818894230769 0.38328887259615385 0.9697281778846154 0.4205813028846154 0.9691267524038462 0.42139347836538465 0.9617893052884615 0.42139347836538465 0.940859545673077 0.42148397596153847 0.9322724783653846 0.3816929735576923 0.9339364375 0.38051393269230765 0.9412204038461538 0.38085234375 0.9670818894230769
11 0.4221818293269231 0.9654480048076923 0.4254305336538462 0.9692971538461539 0.46380587259615386 0.9692971538461539 0.4634674615384615 0.9358576514423077 0.4251732331730769 0.9345564903846154 0.42238487259615387 0.9404285216346153 0.4221818293269231 0.9654480048076923
11 0.2136000528846154 1 0.21953353846153847 0.9998644807692307 0.25588772836538465 1 0.25479345673076925 0.9677439711538462 0.21496407692307692 0.9678651826923077 0.21471876923076924 0.9962133870192308 0.2136000528846154 1
11 0.2563047956730769 0.9697781346153846 0.2560840096153846 1 0.2970467788461538 0.9997557067307692 0.29714687740384615 0.9707111201923078 0.25714473317307696 0.9697781346153846 0.2563047956730769 0.9697781346153846
11 0.29843640625 0.9981677692307692 0.3379558557692308 1 0.33960536298076927 0.9940147163461539 0.3394679014423077 0.9679970408653846 0.3361688870192308 0.9660426634615384 0.2997552403846154 0.9646546129807692 0.29795529807692306 0.9717836490384616 0.29843640625 0.9981677692307692
11 0.34036524519230765 0.9975570240384616 0.34304569471153845 0.9993892548076923 0.3813280144230769 1 0.3816716610576923 0.9692185264423077 0.37933485576923076 0.9662869567307693 0.3416100216346154 0.9671614302884616 0.3400903317307692 0.9706843100961537 0.34036524519230765 0.9975570240384616
11 0.3822386875 0.9965798389423076 0.3836132764423077 0.9981677692307692 0.4216894086538462 1 0.4230639951923077 0.9932818221153846 0.42333891586538464 0.9708064615384615 0.42100211057692305 0.9660426634615384 0.3834173629807692 0.9648403653846154 0.38251360817307695 0.9688520793269231 0.3822386875 0.9965798389423076
11 0.4241680144230769 0.9986563557692307 0.4263673557692308 1 0.4638936466346154 0.9990228028846153 0.46458094471153843 0.9947476009615385 0.4647871322115385 0.9679970360576923 0.46190201923076923 0.9671080072115384 0.42636057692307694 0.96793190625 0.42409928124999996 0.9693406658653847 0.4241680144230769 0.9986563557692307
11 0.4762601802884615 0.716381685096154 0.47708870913461543 0.7200629471153845 0.5127156658653846 0.7210936971153846 0.5176040144230769 0.7197684447115384 0.5177697259615385 0.6929688918269231 0.51718975 0.6876678822115385 0.4758285360576923 0.6882699158653847 0.4762601802884615 0.716381685096154
11 0.5168629639423077 0.71496103125 0.5186028846153846 0.7202620408653846 0.5553897884615384 0.721292798076923 0.5577096850961538 0.7186422860576923 0.5582068052884616 0.6905174807692307 0.5563011730769231 0.6875724807692307 0.5189343004807692 0.6869834759615384 0.5172904951923077 0.6887802980769231 0.5168629639423077 0.71496103125
11 0.5575905360576923 0.7159131706730769 0.5586965552884615 0.7207756009615385 0.5972326682692308 0.72108596875 0.5988043822115384 0.7179822884615384 0.5993864951923077 0.6896353413461539 0.5979312091346154 0.6869454831730769 0.55939509375 0.6867385745192307 0.5586160528846154 0.6891377860576923 0.5575905360576923 0.7159131706730769
11 0.6020718677884616 0.7203720961538462 0.6396183798076923 0.7211997451923077 0.6413647307692307 0.7155096658653846 0.6416557908653846 0.68943875 0.640316920673077 0.6864385240384615 0.6009922620192307 0.6864385240384615 0.6002090961538461 0.7187168028846155 0.6020718677884616 0.7203720961538462
11 0.6412899975961538 0.7154221009615385 0.6433274038461538 0.7189396057692308 0.6819217259615384 0.7190430649038462 0.6833188052884616 0.7126287884615384 0.6843666153846153 0.6882131682692307 0.6815142475961539 0.6852129471153846 0.6440371826923077 0.6843446201923077 0.6416392668269231 0.6893511850961538 0.6412899975961538 0.7154221009615385
11 0.6827547716346154 0.7177649831730769 0.6847921778846153 0.7221101370192307 0.7244925240384615 0.7226274134615385 0.725482125 0.6915906081730768 0.72411678125 0.6883689254807692 0.686762875 0.6870665961538461 0.6846147596153845 0.6889007548076923 0.6827547716346154 0.7177649831730769
11 0.47533463221153843 0.7543742283653846 0.5123618485576923 0.7541751201923077 0.5135942235576922 0.7482017860576923 0.5137062572115385 0.7240097860576923 0.5116336322115385 0.7207244519230769 0.4730427956730769 0.7215296658653846 0.4727578509615385 0.7519848942307692 0.47533463221153843 0.7543742283653846
11 0.5146477259615385 0.7523831153846154 0.5173925552884615 0.7552702235576922 0.55402765625 0.7547724495192308 0.5558762163461538 0.7499937836538462 0.555596139423077 0.7244080024038462 0.5541396947115385 0.7214213365384615 0.5163108317307692 0.7212307980769231 0.5149278100961538 0.7245075576923077 0.5146477259615385 0.7523831153846154
11 0.5558523653846155 0.7515812259615384 0.5584291442307692 0.7539705600961538 0.5954003461538462 0.7553643389423077 0.59724890625 0.7492914519230769 0.5973609447115384 0.724203451923077 0.5954003461538462 0.7212167860576923 0.5587743341346154 0.7206782932692307 0.5565245697115384 0.7244025600961539 0.5558523653846155 0.7515812259615384
11 0.5993297548076923 0.7502626802884615 0.602354673076923 0.753548014423077 0.6396619783653846 0.7543444591346155 0.6403341802884616 0.7480724591346154 0.6411744350961539 0.7229844591346153 0.6389897740384616 0.7195000120192308 0.6015176129807692 0.7182646322115385 0.6000579783653847 0.7219889014423077 0.5993297548076923 0.7502626802884615
11 0.6420744807692308 0.7511972235576923 0.6446369783653847 0.7535433149038462 0.6814437836538462 0.7534053125 0.6832297740384615 0.7459530288461539 0.6833074206730768 0.7223541274038462 0.6812884903846155 0.7190420024038461 0.6431476538461538 0.7190761826923077 0.6422297884615384 0.7234581658653846 0.6420744807692308 0.7511972235576923
11 0.6836821033653847 0.7547204639423076 0.6864437115384615 0.7573380865384615 0.7248607716346154 0.757774360576923 0.7249221370192308 0.7227636730769231 0.6855330673076924 0.7220141081730769 0.6841730600961539 0.72788984375 0.6836821033653847 0.7547204639423076
11 0.4715271850961538 0.7881917067307692 0.4736751009615385 0.7903730552884615 0.511171625 0.7903730552884615 0.5124603774038461 0.7845924783653846 0.5122762692307693 0.7576527860576923 0.5106193028846154 0.7557986394230769 0.47359147355769227 0.7555343942307692 0.4715271850961538 0.7586343942307692 0.4715271850961538 0.7881917067307692
11 0.5129517836538462 0.7863675096153847 0.5155906514423078 0.7886579278846154 0.5529644326923078 0.7885488629807693 0.5535781322115384 0.7836408221153845 0.5539463461538461 0.7584462139423077 0.551552951923077 0.7550651201923078 0.5144860072115385 0.7551741875 0.5132586274038462 0.7615001057692308 0.5129517836538462 0.7863675096153847
11 0.5549545384615384 0.7853950528846153 0.5576547764423077 0.7883398774038461 0.5942307644230769 0.7888852163461538 0.5953967716346154 0.7835409086538461 0.5957649879807693 0.7570374903846153 0.5939239134615385 0.7557286802884615 0.5570231971153846 0.7543206225961538 0.5551386442307693 0.7585644326923078 0.5549545384615384 0.7853950528846153
11 0.47192992788461535 0.8221671538461539 0.4744942644230769 0.824225358173077 0.5111395432692307 0.8243723701923076 0.5127112307692308 0.81775671875 0.5128766778846153 0.7946754495192307 0.5118013052884616 0.7904120264423077 0.47326265624999997 0.791018545673077 0.47226080528846154 0.7943814182692308 0.47192992788461535 0.8221671538461539
11 0.5145132403846154 0.820260329326923 0.51693096875 0.8223013533653846 0.5533782475961538 0.8223013533653846 0.5547080072115385 0.8175747788461538 0.5550102163461539 0.7912563605769231 0.5534386995192307 0.7893227620192308 0.5161279062499999 0.7890120793269231 0.5143319110576923 0.7944790240384615 0.5145132403846154 0.820260329326923
11 0.5554654951923077 0.8202635168269231 0.5577018990384615 0.8235936057692308 0.5955393774038462 0.8239158725961538 0.5963855769230769 0.8197264110576923 0.5966273557692308 0.7925486129807692 0.5945118389423076 0.7900779062500001 0.5575910721153846 0.7893345649038461 0.55582815625 0.7938376778846153 0.5554654951923077 0.8202635168269231
11 0.47217237740384616 0.8538502692307692 0.4747714350961539 0.8563209783653847 0.5112187163461539 0.8568580913461539 0.5127902427884615 0.8517018293269231 0.5126089134615385 0.8255982572115385 0.5105538461538461 0.823342391826923 0.4736933918269231 0.8227626201923077 0.47211193269230767 0.8261353629807692 0.47217237740384616 0.8538502692307692
11 0.5138263076923077 0.8548376153846153 0.5164858149038462 0.8567712139423077 0.5525704350961539 0.8583825456730769 0.5546859543269231 0.8527965985576924 0.5539606346153846 0.8252965384615384 0.5527517668269231 0.8226109831730769 0.5167393822115385 0.8229448317307693 0.5142494134615384 0.8269078701923077 0.5138263076923077 0.8548376153846153
11 0.5538185024038461 0.8542615865384615 0.5565384495192307 0.8570545625 0.5940530913461538 0.8578065144230769 0.5953828461538462 0.8518983004807693 0.5956850600961539 0.8262244134615385 0.5937508774038461 0.822679485576923 0.5567367812499999 0.8227997596153845 0.5538789471153847 0.8292322307692307 0.5538185024038461 0.8542615865384615
11 0.4712707403846154 0.8867527259615385 0.4738093557692308 0.8901902355769231 0.5111632860576922 0.8901902355769231 0.5118886057692308 0.8860007740384616 0.5117072740384615 0.8609714182692307 0.5101357572115385 0.8578561778846154 0.4730965432692308 0.8567888798076922 0.4715729591346154 0.8615085312499999 0.4712707403846154 0.8867527259615385
11 0.5131221947115384 0.88808975 0.5157212548076923 0.8910975673076924 0.5516245480769231 0.8920643653846153 0.5538609447115385 0.8850819302884615 0.553135625 0.860052576923077 0.5512618870192308 0.8589783557692308 0.5157036971153846 0.8574290336538462 0.5134848533653846 0.8612342235576923 0.5131221947115384 0.88808975
11 0.5532743798076922 0.8899090673076924 0.5572636346153846 0.8931317307692308 0.5926229423076923 0.8931317307692308 0.5942549086538461 0.888727423076923 0.5947988990384615 0.8624090072115386 0.5926833822115385 0.859938298076923 0.5557654423076923 0.8582819759615384 0.5535161538461538 0.8655242451923078 0.5532743798076922 0.8899090673076924
11 0.4720611658653846 0.9220638629807693 0.4748540793269231 0.9253212668269231 0.5108127716346154 0.9265621802884615 0.5126456177884615 0.9211331754807692 0.5128201802884615 0.8947636947115385 0.5108127716346154 0.8908858341346153 0.4741693605769231 0.8912140072115384 0.4724975625 0.8949188076923077 0.4720611658653846 0.9220638629807693
11 0.5147589278846154 0.9235101370192308 0.5170725192307692 0.9267082139423077 0.5540899975961538 0.9277361658653847 0.5548611947115385 0.92259640625 0.5553110552884616 0.8965549639423076 0.5533188004807692 0.8938137596153847 0.5161398725961539 0.89287246875 0.5148874591346154 0.8975829158653846 0.5147589278846154 0.9235101370192308
11 0.5550266610576923 0.9226075673076923 0.5571105841346153 0.9262340360576923 0.5943193533653847 0.9264655120192308 0.5954481490384615 0.9225304086538462 0.5958388822115385 0.8959877427884616 0.5934510504807693 0.8926699086538462 0.5569879831730769 0.8923656346153847 0.5552437403846153 0.8969908076923077 0.5550266610576923 0.9226075673076923
11 0.47284136298076923 0.9550138822115385 0.4755149230769231 0.9575294134615385 0.5112148293269231 0.9586474278846153 0.5132068966346154 0.9544548774038462 0.5134165841346154 0.9279020528846154 0.5106381850961539 0.9246411802884615 0.47426428125 0.924460295673077 0.4732083221153846 0.9289268990384615 0.47284136298076923 0.9550138822115385
11 0.5148384927884615 0.9589767740384616 0.5171975192307692 0.9609332980769231 0.5526877355769231 0.9614923052884615 0.5553088774038462 0.9548773942307692 0.555151608173077 0.9303742644230769 0.5529498533653846 0.92674071875 0.5168933269230769 0.9267013317307692 0.5146812259615385 0.9320512836538462 0.5148384927884615 0.9589767740384616
11 0.5561844014423077 0.9579931826923077 0.5590676538461539 0.9597633677884615 0.5952393653846154 0.9593906995192308 0.5962353942307692 0.9549186442307692 0.5964450913461539 0.928645326923077 0.594715139423077 0.9262229639423077 0.5577937211538462 0.9260915120192308 0.5559222884615385 0.9314403605769231 0.5561844014423077 0.9579931826923077
11 0.47169098798076925 0.9921373533653846 0.47342093990384615 0.9952118894230769 0.5103789903846153 0.9972615841346154 0.5120565240384616 0.9919510216346155 0.5125283269230769 0.9662367091346155 0.5101693028846154 0.963162173076923 0.47326367067307695 0.9619509879807692 0.4717434134615385 0.9658640360576923 0.47169098798076925 0.9921373533653846
11 0.5146710504807692 0.9937552475961537 0.5167679567307693 0.9964571201923077 0.5540193269230769 0.9971092884615385 0.5555920096153846 0.9898422019230769 0.5556968485576923 0.9664570889423078 0.5533902548076923 0.962357704326923 0.5172185384615384 0.9614260264423078 0.5151428533653847 0.9638483870192308 0.5146710504807692 0.9937552475961537
11 0.5544726033653846 0.9934165841346154 0.5947857139423077 0.9916464014423076 0.594733295673077 0.9624848798076923 0.5920597331730769 0.9595035096153846 0.55773471875 0.9576571802884615 0.5541580673076922 0.960062514423077 0.5544726033653846 0.9934165841346154
11 0.597526139423077 0.9917395649038461 0.5993609399038461 0.9947209399038462 0.6387639230769231 0.9951867740384616 0.6385018052884616 0.9633233894230769 0.6368767019230769 0.9596898461538461 0.5989535721153846 0.9587759302884616 0.5974212956730769 0.965093576923077 0.597526139423077 0.9917395649038461
11 0.6392478269230769 0.9964029927884616 0.6786697524038462 0.9963098293269231 0.6794560937499999 0.9911855985576923 0.6799803197115384 0.9663097980769231 0.6778834110576923 0.9615582403846153 0.6414598173076923 0.9613437259615385 0.6391429831730769 0.9664961298076923 0.6392478269230769 0.9964029927884616
11 0.6812348485576922 0.9900575120192308 0.6829648004807692 0.9926662043269231 0.7229109495192307 0.991361858173077 0.7228061105769231 0.9625730096153846 0.7210761586538462 0.95921896875 0.684545375 0.9581659423076924 0.6816542331730768 0.9633183485576923 0.6812348485576922 0.9900575120192308
11 0.6840275072115385 0.9238970384615384 0.6821402884615384 0.9272510793269231 0.6815112139423077 0.9547355793269231 0.6827693605769232 0.9581827860576924 0.7229776274038462 0.9593008004807693 0.7231873149038462 0.927996420673077 0.7222644687499999 0.9246461778846153 0.6840275072115385 0.9238970384615384
11 0.6390549807692308 0.9559684278846153 0.6412043125 0.959974641826923 0.6787914374999999 0.9590429639423077 0.6801544326923078 0.9545709110576923 0.6806786586538462 0.9288565961538461 0.6788438629807693 0.9252230528846154 0.6412043125 0.9252230528846154 0.6395267860576923 0.9293224350961539 0.6390549807692308 0.9559684278846153
11 0.5979076682692308 0.956284704326923 0.5992706610576923 0.9589865721153846 0.6374868629807692 0.9591729086538462 0.6383256225961538 0.9541418485576922 0.6387450096153846 0.929172875 0.6376965504807692 0.926005173076923 0.599482673076923 0.9259622932692307 0.5979076682692308 0.9308498966346155 0.5979076682692308 0.956284704326923
11 0.598821110576923 0.9244690817307692 0.6008655985576923 0.9259597692307693 0.6384002980769231 0.9262392740384615 0.6394487572115384 0.9224193918269231 0.6396584447115384 0.8936305432692309 0.6376663822115384 0.8928851995192308 0.60034603125 0.8934469014423077 0.5990308004807692 0.8979162620192308 0.598821110576923 0.9244690817307692
11 0.6393409999999999 0.9232860865384616 0.6417000264423076 0.926453795673077 0.6791621923076924 0.9266401274038463 0.680263076923077 0.9230997548076924 0.6807873004807692 0.8963605961538461 0.6790573485576924 0.8924475480769231 0.6426297427884615 0.8915643221153846 0.6399176490384615 0.8974786105769231 0.6393409999999999 0.9232860865384616
11 0.6818550264423078 0.9256152860576923 0.6844237403846154 0.9265469615384615 0.7215390600961539 0.9262674591346154 0.7228496346153845 0.9218885697115385 0.7231117427884615 0.8963605961538461 0.7215914879807692 0.8922612115384615 0.6835325552884615 0.892168045673077 0.6820122956730769 0.8998078028846154 0.6818550264423078 0.9256152860576923
11 0.6403421514423078 0.8901696995192308 0.6429632932692309 0.8921262235576923 0.6805276298076923 0.89361690625 0.6819430432692308 0.8868156586538463 0.6824672788461539 0.8616603533653847 0.6804227908653846 0.858678983173077 0.6424762572115384 0.8582169423076924 0.6407091129807692 0.8656665697115385 0.6403421514423078 0.8901696995192308
11 0.6411703197115385 0.8558505024038462 0.6436866129807692 0.8585523653846153 0.681693125 0.8586455360576923 0.6825843149038462 0.8531486346153846 0.6830561201923077 0.8287386706730769 0.6813785865384615 0.8244529519230769 0.6431439278846154 0.8247368052884615 0.6418518173076924 0.8311610336538462 0.6411703197115385 0.8558505024038462
11 0.5999884879807692 0.854483233173077 0.6020329759615385 0.8583031129807692 0.6399346394230769 0.8582099471153846 0.6408782475961539 0.8540173966346154 0.6414549014423077 0.8261602235576924 0.6398822187500001 0.8241105312499999 0.6025121177884615 0.8233206562500001 0.6002506057692307 0.8298869350961537 0.5999884879807692 0.854483233173077
11 0.6001653028846154 0.821244795673077 0.6395872235576923 0.823760326923077 0.6406356826923076 0.8190087692307693 0.641002639423077 0.791990108173077 0.6401114591346153 0.7886360673076923 0.6018502235576924 0.7885031466346154 0.6002177283653846 0.7936671274038462 0.6001653028846154 0.821244795673077
11 0.6424230384615384 0.8201398533653846 0.6460402091346154 0.8242392379807693 0.6824317524038462 0.8256367548076924 0.683480204326923 0.8200466875000001 0.6836374735576923 0.7935870336538462 0.6807018004807692 0.7895808173076924 0.6449550793269231 0.7885173197115385 0.6425803052884616 0.7946118798076923 0.6424230384615384 0.8201398533653846
11 0.6838660697115385 0.8211495721153846 0.6861202451923076 0.8245036129807691 0.72381221875 0.8259011298076923 0.7251752139423077 0.8201247307692309 0.7256994399038461 0.7921743918269232 0.7237598004807692 0.7909632067307691 0.6869183798076922 0.7897148461538461 0.6845475625 0.7957147644230769 0.6838660697115385 0.8211495721153846
11 0.6823844927884615 0.8557135552884615 0.6860016634615385 0.8573905745192308 0.7245323990384616 0.8566452355769231 0.7245848269230769 0.8250613485576923 0.6849115216346154 0.8227896105769231 0.6833805264423076 0.8304650793269232 0.6823844927884615 0.8557135552884615
11 0.6823706802884615 0.8883128485576923 0.6845200120192309 0.8923190576923077 0.7231555913461538 0.8907352091346153 0.72383709375 0.8598034999999999 0.7227362163461539 0.8577538100961538 0.6843992716346154 0.8571159038461539 0.6827376370192308 0.8615736850961538 0.6823706802884615 0.8883128485576923
11 0.5999465024038462 0.7847097307692308 0.6028122115384615 0.7870864903846153 0.6414037451923077 0.7894632500000001 0.6426455552884616 0.7583956514423077 0.6408306033653847 0.7539816754807693 0.6028683125 0.7534002620192308 0.6006151658653847 0.7573770384615385 0.5999465024038462 0.7847097307692308
11 0.6420634663461539 0.7830864302884616 0.6457888870192308 0.7871608701923076 0.6828520408653845 0.7881794783653846 0.6835207187500001 0.7552444326923078 0.6818012932692308 0.7532072139423077 0.6444746658653846 0.7520314471153846 0.6425410817307693 0.7566025769230769 0.6420634663461539 0.7830864302884616
11 0.684342625 0.7894155552884615 0.6873993774038462 0.7921318461538461 0.7259909110576923 0.7926411514423077 0.7262774807692308 0.7578386538461538 0.6866033798076923 0.7559011033653846 0.684342625 0.7631014687500001 0.684342625 0.7894155552884615
11 0.5100244543269231 0.5506208245192308 0.5497378004807693 0.5525997067307692 0.5509749807692308 0.5292928798076922 0.5175712307692307 0.5303922620192307 0.5143140336538461 0.516340014423077 0.5101481754807693 0.5174195913461539 0.5100244543269231 0.5506208245192308
11 0.5997313461538462 0.8896461490384616 0.6018201899038462 0.8936678918269231 0.63907125 0.8935132115384616 0.6403767764423077 0.8880993269230769 0.6407249206730768 0.861958014423077 0.6372435096153846 0.8577815889423076 0.6013586225961538 0.8569528509615385 0.5997313461538462 0.8613392788461538 0.5997313461538462 0.8896461490384616
11 0.2579122716346154 0.06616352163461539 0.25804722596153845 0.028745627403846154 0.21513683653846155 0.02964197596153846 0.21526453365384615 0.06520408173076923 0.2579122716346154 0.06616352163461539
11 0.30339418269230767 0.06952152884615384 0.30312426442307694 0.028745627403846154 0.2598923197115385 0.031442096153846154 0.25993668990384616 0.06664323076923076 0.30339418269230767 0.06952152884615384
11 0.347931375 0.06328522115384615 0.34671672355769234 0.02466803125 0.30383774759615384 0.025681711538461542 0.30406899759615386 0.06208592548076923 0.347931375 0.06328522115384615
11 0.39465419951923075 0.06064677644230769 0.3922248966346154 0.02346873798076923 0.3494032860576923 0.026401759615384615 0.35025197355769233 0.06328522115384615 0.39465419951923075 0.06064677644230769
11 0.4371117596153846 0.061846072115384614 0.43684182932692306 0.025147752403846153 0.39395625480769236 0.025681711538461542 0.3945989879807692 0.06304535576923077 0.4371117596153846 0.061846072115384614
11 0.4822107355769231 0.06328522115384615 0.4823456995192308 0.02730647596153846 0.4405343605769231 0.025681711538461542 0.43983292548076924 0.06208592548076923 0.4822107355769231 0.06328522115384615
11 0.5336434254807693 0.05824819711538461 0.5343182403846154 0.022989028846153843 0.49075770913461536 0.019561302884615384 0.49032088461538464 0.05417060336538461 0.5336434254807693 0.05824819711538461
11 0.5802276971153846 0.05704890144230769 0.5791480120192308 0.018911432692307693 0.5369307860576923 0.017761182692307694 0.5379848557692308 0.05513003125 0.5802276971153846 0.05704890144230769
11 0.6237633677884615 0.05680904807692307 0.6245731346153847 0.020110728365384616 0.5806737019230769 0.017761182692307694 0.5809806754807693 0.05417060336538461 0.6237633677884615 0.05680904807692307
11 0.66770965625 0.05656918269230769 0.6662250889423077 0.019391153846153846 0.6244166177884616 0.01848123076923077 0.6249269639423077 0.05632932692307692 0.66770965625 0.05656918269230769
11 0.7116527908653846 0.05896777163461538 0.7108430240384614 0.021070158653846153 0.6687670745192308 0.017761182692307694 0.6683302499999999 0.05656918269230769 0.7116527908653846 0.05896777163461538
11 0.7566721802884615 0.05536989663461538 0.7565372283653846 0.018191858173076923 0.7131175288461539 0.016321086538461538 0.7122699423076924 0.05369088221153846 0.7566721802884615 0.05536989663461538