11 0.1834013701923077 0.40740629567307696 0.2318308341346154 0.41203317788461535 0.2327410793269231 0.37017569951923074 0.18645834134615386 0.36728284855769233 0.1834013701923077 0.40740629567307696
11 0.2307893389423077 0.40740629567307696 0.2776565625 0.4101824254807692 0.2781773100961539 0.3685404735576923 0.2307893389423077 0.36668971875 0.2307893389423077 0.40740629567307696
11 0.27689725240384616 0.37527111778846156 0.2766231730769231 0.4171565913461538 0.32376447355769233 0.41910475240384615 0.32294224278846156 0.3777063197115385 0.27801535336538463 0.3758284591346154 0.27689725240384616 0.37527111778846156
11 0.3684390793269231 0.3786804014423077 0.32267592788461535 0.37682448076923075 0.32321631971153847 0.4171565913461538 0.3684390793269231 0.41910475240384615 0.37008354326923076 0.41764362980769226 0.3684390793269231 0.3786804014423077
11 0.36926131009615387 0.4166695504807692 0.41503222596153844 0.41861771153846156 0.4161285336538461 0.37673224038461534 0.36875000240384614 0.3753411298076923 0.36926131009615387 0.4166695504807692
11 0.18151834134615383 0.44443085096153845 0.22756333173076923 0.4488142139423077 0.22948187259615385 0.4449178918269231 0.2297559519230769 0.4108250649038461 0.18343688221153845 0.40449354086538464 0.18151834134615383 0.44443085096153845
11 0.2297559519230769 0.4454049326923077 0.27689725240384616 0.4488142139423077 0.2766231730769231 0.41033802403846154 0.2305781826923077 0.40790282211538464 0.2297559519230769 0.4454049326923077
11 0.27689725240384616 0.4546586995192308 0.32403855288461536 0.45660686057692307 0.32294224278846156 0.41764362980769226 0.27691886298076923 0.4153021418269231 0.27689725240384616 0.4546586995192308
11 0.32376447355769233 0.4556327788461539 0.3709057740384616 0.4585550216346154 0.37008354326923076 0.41861771153846156 0.32376447355769233 0.41813067067307697 0.32376447355769233 0.4556327788461539
11 0.37035762019230767 0.4171565913461538 0.3709057740384616 0.4561198197115385 0.41695076682692306 0.4580679807692307 0.41804707451923073 0.41861771153846156 0.3709429855769231 0.41627680048076926 0.37035762019230767 0.4171565913461538
11 0.17987387740384617 0.48342530048076926 0.22674110096153846 0.48780866346153845 0.22783740865384614 0.44884543269230764 0.181524125 0.4450292379807692 0.17987387740384617 0.48342530048076926
11 0.2272892548076923 0.48586050240384615 0.27470463221153846 0.4897568245192308 0.27470463221153846 0.4478713533653846 0.22812500240384617 0.4450292379807692 0.2272892548076923 0.48586050240384615
11 0.27443055528846155 0.49316610817307693 0.32157185576923075 0.4956013100961538 0.32102370192307694 0.4571251201923077 0.2741564783653846 0.4546899182692308 0.27443055528846155 0.49316610817307693
11 0.3218459326923077 0.4960883485576923 0.3678909254807692 0.4956013100961538 0.36706869230769235 0.4576121610576923 0.32132675721153847 0.45575048557692305 0.3218459326923077 0.4960883485576923
11 0.36761684615384616 0.4975494711538462 0.4139359158653846 0.49852355048076924 0.41338775961538465 0.4576121610576923 0.36734276923076925 0.45517695913461537 0.36761684615384616 0.4975494711538462
11 0.41533463461538467 0.4201022475961539 0.4616537043269231 0.42156336778846154 0.4616537043269231 0.38211309855769227 0.4153508798076923 0.37875243509615386 0.41533463461538467 0.4201022475961539
11 0.4172531778846154 0.45955251682692305 0.46329816826923076 0.46052659855769235 0.46302409134615385 0.42156336778846154 0.41754386298076923 0.42017543749999997 0.4172531778846154 0.45955251682692305
11 0.41506055769230765 0.4965675841346154 0.46137962740384614 0.4990027860576923 0.46137962740384614 0.46003955769230764 0.41478648076923075 0.4571173149038461 0.41506055769230765 0.4965675841346154
11 0.46329816826923076 0.4225374495192308 0.5090690817307693 0.42594673076923073 0.5085209278846153 0.38698350000000004 0.46387061778846156 0.38460038942307695 0.46329816826923076 0.4225374495192308
11 0.5079727716346154 0.42545968990384614 0.55319553125 0.4288689735576923 0.5534696081730769 0.38893166346153846 0.5091008798076924 0.38508771875000003 0.5079727716346154 0.42545968990384614
11 0.4638463221153846 0.46003955769230764 0.5090690817307693 0.46442292067307694 0.5085209278846153 0.42594673076923073 0.46332237259615383 0.4221247548076923 0.4638463221153846 0.46003955769230764
11 0.5074246177884615 0.46442292067307694 0.5537436850961538 0.465397 0.5534696081730769 0.4278948918269231 0.507730266826923 0.4250487307692307 0.5074246177884615 0.46442292067307694
11 0.55319553125 0.4278948918269231 0.5989664447115385 0.43130417548076927 0.5978701370192308 0.39087982451923076 0.55319553125 0.3894187019230769 0.55319553125 0.4278948918269231
11 0.5537436850961538 0.46685812259615384 0.5992405216346154 0.46880628365384613 0.5989664447115385 0.43033009375 0.5534696081730769 0.4283819326923077 0.5537436850961538 0.46685812259615384
11 0.4622018581730769 0.49802870673076927 0.5087950048076924 0.5033861490384616 0.5096172355769231 0.4639358798076923 0.4641447403846154 0.4591617908653846 0.4622018581730769 0.49802870673076927
11 0.5098913125 0.46490996153846154 0.5101653918269231 0.5014379879807692 0.5551140721153847 0.5043602307692308 0.5551140721153847 0.46637108173076924 0.5104714951923077 0.4640350865384616 0.5098913125 0.46490996153846154
11 0.5548399951923076 0.5038731899038461 0.6000627548076923 0.5058213509615385 0.5997886778846154 0.46685812259615384 0.5545659182692307 0.465397 0.5548399951923076 0.5038731899038461
11 0.5978980144230769 0.39184899038461535 0.5978980144230769 0.43081222115384615 0.6439430048076923 0.43129926201923074 0.6439430048076923 0.39331011298076923 0.5990131610576923 0.39191032932692305 0.5978980144230769 0.39184899038461535
11 0.6439430048076923 0.43129926201923074 0.6883435336538462 0.4332474230769231 0.6880694543269231 0.3942841923076923 0.6431207740384616 0.39233603125000005 0.6439430048076923 0.43129926201923074
11 0.6877953774038462 0.3942841923076923 0.6880694543269231 0.4322733413461538 0.7341144471153846 0.43422150240384616 0.7343885240384616 0.3957453149038462 0.6867324591346153 0.3923976586538461 0.6877953774038462 0.3942841923076923
11 0.5992684014423078 0.42886406009615385 0.6003647115384616 0.4683143293269231 0.6453133918269232 0.47026249038461543 0.6455874687500001 0.43129926201923074 0.59956140625 0.4304093557692308 0.5992684014423078 0.42886406009615385
11 0.6450393149038463 0.4697754495192308 0.6899879975961538 0.4712365721153846 0.6899879975961538 0.4327603822115385 0.6453399158653846 0.4328460024038462 0.6450393149038463 0.4697754495192308
11 0.6894398413461539 0.47026249038461543 0.7343885240384616 0.47026249038461543 0.7349366778846154 0.4332474230769231 0.6889254423076923 0.4333333317307692 0.6894398413461539 0.47026249038461543
11 0.5995424783653847 0.5067905192307692 0.6447652379807691 0.5053293966346154 0.6444911610576922 0.4683143293269231 0.5992684014423078 0.46734024759615383 0.5995424783653847 0.5067905192307692
11 0.6447652379807691 0.5072775600961539 0.6902620745192307 0.5077645985576923 0.6902620745192307 0.47074953125 0.6442170841346153 0.4678272884615385 0.6447652379807691 0.5072775600961539
11 0.6899879975961538 0.5072775600961539 0.7346626009615385 0.5072775600961539 0.7349366778846154 0.47026249038461543 0.6891657644230769 0.47026249038461543 0.6899879975961538 0.5072775600961539
11 0.51156365625 0.504873576923077 0.5143044302884616 0.5092569399038461 0.5143044302884616 0.539940483173077 0.5570604927884616 0.5423756850961539 0.5565123389423077 0.5029254134615384 0.5123903533653846 0.5015594519230769 0.51156365625 0.504873576923077
11 0.5565123389423077 0.5404587427884615 0.6014610192307692 0.5433809831730769 0.6014610192307692 0.5053918341346153 0.55679825 0.5049707596153846 0.5565123389423077 0.5404587427884615
11 0.6025573293269231 0.5438680240384616 0.6475060120192307 0.5448421057692308 0.6466837788461538 0.5068529567307692 0.6020285120192308 0.5064327475961539 0.6025573293269231 0.5438680240384616
11 0.6475060120192307 0.5088011177884615 0.6469578557692308 0.5443550649038461 0.6919065384615385 0.5463032259615385 0.6913583846153847 0.5078270360576923 0.6469846514423078 0.50740740625 0.6475060120192307 0.5088011177884615
11 0.6924546923076923 0.5443550649038461 0.737403375 0.5453291466346154 0.7384996826923077 0.5073399975961539 0.6913583846153847 0.5078270360576923 0.6924546923076923 0.5443550649038461
11 0.5123858870192307 0.578447891826923 0.52252675 0.5789349302884615 0.5556901057692307 0.5774738100961538 0.5556901057692307 0.5419198629807692 0.5151266610576923 0.5404587427884615 0.5137562740384616 0.5497125096153846 0.5101973725961538 0.5512670552884615 0.5104673461538461 0.5711422860576923 0.5123858870192307 0.578447891826923
11 0.6003647115384616 0.5799090120192308 0.6003647115384616 0.5424069038461539 0.5559758798076924 0.5410331370192307 0.5554160288461538 0.5769867692307693 0.6003647115384616 0.5799090120192308
11 0.6003647115384616 0.5803960528846154 0.6453133918269232 0.5813701322115384 0.6453133918269232 0.5438680240384616 0.6012061442307692 0.542982454326923 0.6003647115384616 0.5803960528846154
11 0.6447652379807691 0.5813701322115384 0.6905361514423076 0.5833182956730769 0.6910843052884614 0.5463032259615385 0.6461622836538462 0.5444444423076923 0.6447652379807691 0.5813701322115384
11 0.6921806153846154 0.58088309375 0.7368552187499999 0.5833182956730769 0.737677451923077 0.5443550649038461 0.6916324615384616 0.5424069038461539 0.6921806153846154 0.58088309375
11 0.505533954326923 0.5740957451923077 0.505533954326923 0.6028311274038461 0.5466455552884615 0.6038052091346153 0.5471937091346154 0.5775050288461538 0.51156365625 0.5765309471153846 0.5099191923076923 0.5716605432692308 0.509649125 0.5619883028846154 0.5071784182692307 0.5628938173076923 0.505533954326923 0.5740957451923077
11 0.5499344831730769 0.6140330576923076 0.5948831634615385 0.6169552980769232 0.5954313197115385 0.5799402307692307 0.5504934254807693 0.5785575024038462 0.5499344831730769 0.6140330576923076
11 0.5948831634615385 0.6164682596153847 0.6398318461538461 0.6184164206730769 0.64038 0.5814013509615384 0.5957236875 0.5795321610576922 0.5948831634615385 0.6164682596153847
11 0.6387355360576923 0.6184164206730769 0.683958295673077 0.6193905 0.6845064495192308 0.5833495144230769 0.6398574591346153 0.5819688100961539 0.6387355360576923 0.6184164206730769
11 0.6910843052884614 0.6179293798076924 0.7354848341346153 0.6193905 0.7363070649038461 0.5823754326923077 0.6905361514423076 0.5794531899038462 0.6910843052884614 0.6179293798076924
11 0.5047117235576923 0.6495870048076923 0.5496604038461539 0.6515351658653846 0.5496604038461539 0.6125719350961538 0.5063596514423077 0.6107212451923076 0.5047117235576923 0.6495870048076923
11 0.5510261009615385 0.6146764014423077 0.5499344831730769 0.6510481250000001 0.5943350096153847 0.6534833269230769 0.5946090865384616 0.6169552980769232 0.5510261009615385 0.6146764014423077
11 0.5946090865384616 0.6164682596153847 0.5940609326923076 0.6525092451923077 0.6384614591346154 0.6554314879807692 0.6381873822115385 0.6184164206730769 0.5951754423076923 0.6155945408653847 0.5946090865384616 0.6164682596153847
11 0.6381873822115385 0.6534833269230769 0.6834101418269231 0.6554314879807692 0.6834101418269231 0.6184164206730769 0.6382127235576923 0.618518516826923 0.6381873822115385 0.6534833269230769
11 0.6836842187500001 0.6534833269230769 0.7286328990384615 0.6554314879807692 0.7289069783653847 0.6203645817307692 0.6951954663461539 0.6203645817307692 0.6913583846153847 0.6159812187499999 0.6842323725961539 0.6164682596153847 0.6836842187500001 0.6534833269230769
11 0.5057973437500001 0.6486562836538461 0.5060714230769231 0.6866454326923077 0.5504719495192307 0.6876195120192308 0.5504719495192307 0.6510914855769231 0.5063596514423077 0.6492202716346154 0.5057973437500001 0.6486562836538461
11 0.5055232668269231 0.7246345817307692 0.5501978725961538 0.7260957019230769 0.5493756394230769 0.6881065528846153 0.5052491899038462 0.6866454326923077 0.5055232668269231 0.7246345817307692
11 0.5501978725961538 0.6871324711538461 0.5943243221153847 0.6890806346153846 0.5945983990384616 0.6535266875 0.5507675480769231 0.6516569182692307 0.5501978725961538 0.6871324711538461
11 0.5493756394230769 0.7265827427884616 0.5932280120192307 0.7275568221153846 0.5932280120192307 0.6905417548076923 0.5502193004807693 0.6877192956730769 0.5493756394230769 0.7265827427884616
11 0.5945983990384616 0.6895676730769231 0.6389989254807692 0.6915158365384616 0.6387248485576923 0.6549878076923077 0.5951754423076923 0.65311890625 0.5945983990384616 0.6895676730769231
11 0.6387248485576923 0.6905417548076923 0.6806586802884615 0.6929769567307692 0.6828512980769231 0.691028795673077 0.6828512980769231 0.6554748485576922 0.6390350913461538 0.6536062355769231 0.6387248485576923 0.6905417548076923
11 0.6839476081730769 0.6895676730769231 0.7280740576923077 0.6915158365384616 0.7286222115384615 0.6554748485576922 0.6839476081730769 0.6530396466346153 0.6839476081730769 0.6895676730769231
11 0.5929539350961538 0.7265827427884616 0.6370803846153846 0.7285309038461538 0.6373544615384615 0.691028795673077 0.5932280120192307 0.6890806346153846 0.5929539350961538 0.7265827427884616
11 0.6370803846153846 0.7285309038461538 0.6814809110576923 0.7290179447115384 0.6803846033653845 0.692002875 0.6379386009615384 0.6891812860576922 0.6370803846153846 0.7285309038461538
11 0.6809327572115385 0.7285309038461538 0.7256073629807692 0.7285309038461538 0.7256073629807692 0.691028795673077 0.6806586802884615 0.6900547139423078 0.6809327572115385 0.7285309038461538
11 0.4652338990384616 0.5433931249999999 0.5140196634615385 0.5482635288461538 0.5140196634615385 0.50832621875 0.4666118461538461 0.5010721225961539 0.4652338990384616 0.5433931249999999
11 0.4597523533653846 0.5716414663461539 0.5047010360576923 0.5765118701923077 0.5063455 0.5662840216346153 0.5066195769230769 0.5502116899038462 0.5003157980769231 0.5487505697115385 0.4649598221153846 0.5443672043269231 0.4649598221153846 0.53170415625 0.46084866346153847 0.5321911971153847 0.4597523533653846 0.5716414663461539
11 0.5052491899038462 0.57505075 0.46007304086538464 0.5717577980769231 0.45920419951923075 0.572615548076923 0.45920419951923075 0.6067083725961538 0.5049751129807692 0.6135269375 0.5052491899038462 0.57505075
11 0.45893012259615384 0.6442104807692307 0.5036047259615384 0.6505420072115384 0.5041528798076923 0.6125528581730769 0.4600328990384615 0.6082845985576923 0.45893012259615384 0.6442104807692307
11 0.4600264302884615 0.6817125913461539 0.5047010360576923 0.6875570745192309 0.5052491899038462 0.6490808846153846 0.46058114423076923 0.6443469759615384 0.4600264302884615 0.6817125913461539
11 0.4603005072115384 0.7187588774038461 0.5057973437500001 0.7255774423076923 0.5055232668269231 0.6871012524038461 0.46140351201923074 0.682358673076923 0.4603005072115384 0.7187588774038461
11 0.1815225264423077 0.5205140793269231 0.22811567067307692 0.5268456033653846 0.22784159375000002 0.4873953341346154 0.181524125 0.48304093509615387 0.1815225264423077 0.5205140793269231
11 0.22674528365384614 0.5239233605769231 0.2730643533653846 0.5283067259615385 0.27443474038461535 0.487882375 0.2278508798076923 0.48645224038461543 0.22674528365384614 0.5239233605769231
11 0.2730643533653846 0.5307419254807693 0.3188352668269231 0.5331771274038462 0.3188352668269231 0.49518797836538464 0.27333843028846155 0.49129165625 0.2730643533653846 0.5307419254807693
11 0.3188352668269231 0.5341512091346154 0.3657024903846154 0.535612329326923 0.3654284134615385 0.49518797836538464 0.31910934375 0.49567501923076923 0.3188352668269231 0.5341512091346154
11 0.3654284134615385 0.535612329326923 0.41147340384615383 0.53804753125 0.41147340384615383 0.49859726201923077 0.3654605288461538 0.49717348798076927 0.3654284134615385 0.535612329326923
11 0.4111993269230769 0.4971361418269231 0.4120215576923077 0.53463825 0.45779247115384614 0.5370734519230769 0.45779247115384614 0.4981102211538462 0.41178728365384615 0.49619882932692305 0.4111993269230769 0.4971361418269231
11 0.1815225264423077 0.5589902692307692 0.22811567067307692 0.5648347524038462 0.22811567067307692 0.5263585625 0.1809758798076923 0.5210526298076923 0.1815225264423077 0.5589902692307692
11 0.22729343990384615 0.5633736322115385 0.27388658413461536 0.5672699543269231 0.2730643533653846 0.5263585625 0.22867325 0.5254385961538461 0.22729343990384615 0.5633736322115385
11 0.2730643533653846 0.5692181153846154 0.3199315769230769 0.5726273990384615 0.31910934375 0.5336641682692307 0.2736293894230769 0.5298245600961539 0.2730643533653846 0.5692181153846154
11 0.32047973076923075 0.5716533173076923 0.3659765673076923 0.5740885192307692 0.36652472115384616 0.5351252908653846 0.32023026682692307 0.5332358653846154 0.32047973076923075 0.5716533173076923
11 0.3657024903846154 0.5731144399038461 0.4122956346153846 0.5750626009615385 0.4122956346153846 0.5360993701923077 0.3662506442307692 0.5360993701923077 0.3657024903846154 0.5731144399038461
11 0.4120215576923077 0.5726273990384615 0.4583406274038462 0.5736014783653846 0.4583406274038462 0.535612329326923 0.4123355288461538 0.5346978533653846 0.4120215576923077 0.5726273990384615
11 0.1807002932692308 0.5964923774038462 0.22784159375000002 0.6018498221153846 0.2286638269230769 0.5648347524038462 0.181524125 0.5576023365384615 0.1807002932692308 0.5964923774038462
11 0.2286638269230769 0.6008757403846153 0.2747088173076923 0.6042850240384615 0.2752569711538462 0.5711662764423078 0.2730643533653846 0.566295875 0.22867325 0.5634502908653846 0.2286638269230769 0.6008757403846153
11 0.27443474038461535 0.6081813461538462 0.32075380769230766 0.6101295072115385 0.31965749759615386 0.5716533173076923 0.2747258798076923 0.5692982451923077 0.27443474038461535 0.6081813461538462
11 0.31965749759615386 0.6101295072115385 0.36679879807692306 0.6120776682692308 0.3657024903846154 0.572140358173077 0.32023026682692307 0.571734891826923 0.31965749759615386 0.6101295072115385
11 0.3657024903846154 0.5750626009615385 0.36652472115384616 0.6115906274038462 0.41339194471153845 0.6120776682692308 0.4122956346153846 0.5745755600961538 0.36600877644230767 0.5727095504807692 0.3657024903846154 0.5750626009615385
11 0.41284379086538464 0.6111035889423077 0.45943693509615385 0.6111035889423077 0.4580665504807693 0.5731144399038461 0.4125697139423077 0.5726273990384615 0.41284379086538464 0.6111035889423077
11 0.1815225264423077 0.5955182956730769 0.18042621634615383 0.6354556057692308 0.22756751682692308 0.6403260096153847 0.2286638269230769 0.60136278125 0.181524125 0.594639375 0.1815225264423077 0.5955182956730769
11 0.22893790384615384 0.6388648894230768 0.2747088173076923 0.6398389711538462 0.2747088173076923 0.6033109423076923 0.2297601346153846 0.5999016586538461 0.22893790384615384 0.6388648894230768
11 0.2752569711538462 0.6451964134615384 0.32047973076923075 0.6481186562500001 0.32075380769230766 0.6096424663461538 0.2747258798076923 0.60633528125 0.2752569711538462 0.6451964134615384
11 0.31965749759615386 0.6461704951923076 0.3657024903846154 0.6490927379807693 0.3657024903846154 0.6101295072115385 0.32023026682692307 0.6102339158653846 0.31965749759615386 0.6461704951923076
11 0.3657024903846154 0.6101295072115385 0.3657024903846154 0.6481186562500001 0.41092525 0.6510408990384615 0.4111993269230769 0.61305175 0.3662828990384615 0.6102339158653846 0.3657024903846154 0.6101295072115385
11 0.41037709375 0.6120776682692308 0.41092525 0.6471445745192308 0.45669616346153846 0.6471445745192308 0.4572443173076923 0.6115906274038462 0.4123355288461538 0.6116959038461538 0.41037709375 0.6120776682692308
11 0.1828929110576923 0.6729577163461538 0.22921198076923074 0.6773410793269231 0.2297601346153846 0.6398389711538462 0.18262061778846156 0.6355750480769231 0.1828929110576923 0.6729577163461538
11 0.23058236778846153 0.6749058774038462 0.27662735817307693 0.6802633221153845 0.27635328124999997 0.6486056971153846 0.2747088173076923 0.6403260096153847 0.22949561778846156 0.6394736826923076 0.23058236778846153 0.6749058774038462
11 0.2771755120192308 0.6826985216346154 0.2884126826923077 0.6861078052884615 0.2985535432692308 0.6851337235576923 0.31143517788461533 0.6851337235576923 0.32075380769230766 0.6861078052884615 0.3229464254807692 0.6783151586538462 0.3226723485576923 0.6490927379807693 0.31910934375 0.645683454326923 0.27719298557692307 0.6472709543269232 0.275805125 0.6676002716346154 0.2771755120192308 0.6826985216346154
11 0.3681691850961538 0.6856207644230768 0.36871734134615386 0.6836726033653846 0.3678951081730769 0.6490927379807693 0.3659765673076923 0.6466575360576924 0.36378394951923076 0.6505538581730769 0.32242325 0.6472709543269232 0.3229464254807692 0.6846466850961538 0.3681691850961538 0.6856207644230768
11 0.41339194471153845 0.6875689254807693 0.4142141778846154 0.6812374014423077 0.4139400985576923 0.6490927379807693 0.4106511706730769 0.6481186562500001 0.36792763461538464 0.6477582836538461 0.3681691850961538 0.6861078052884615 0.41339194471153845 0.6875689254807693
11 0.4599850913461539 0.6856207644230768 0.4599850913461539 0.6476316153846154 0.45751839423076923 0.6466575360576924 0.41370614423076923 0.6482456129807692 0.41476233173076926 0.6851337235576923 0.4599850913461539 0.6856207644230768
11 0.18481145432692306 0.7114339038461538 0.2316786754807692 0.717278389423077 0.2316786754807692 0.6783151586538462 0.18481360096153845 0.6721247548076923 0.18481145432692306 0.7114339038461538
11 0.27690143509615384 0.717278389423077 0.2777236682692308 0.6797762812499999 0.2747088173076923 0.6783151586538462 0.23168860096153845 0.6765107187499999 0.2319527548076923 0.7153302283653846 0.27690143509615384 0.717278389423077
11 0.3229464254807692 0.7211747115384616 0.3223982716346154 0.6851337235576923 0.27691886298076923 0.6808966850961539 0.27690143509615384 0.7211747115384616 0.3229464254807692 0.7211747115384616
11 0.36652472115384616 0.7250710360576923 0.36762103125 0.6841596442307692 0.32187500240384614 0.6857699783653846 0.3223982716346154 0.7221487932692308 0.36652472115384616 0.7250710360576923
11 0.41284379086538464 0.7250710360576923 0.4125697139423077 0.6851337235576923 0.36683114423076923 0.6867446370192307 0.36734695432692305 0.7255580745192307 0.41284379086538464 0.7250710360576923
11 0.4583406274038462 0.7245839951923077 0.45779247115384614 0.6856207644230768 0.4122956346153846 0.6836726033653846 0.4125697139423077 0.7250710360576923 0.4583406274038462 0.7245839951923077
11 0.21401026442307694 0.06551226682692307 0.25967576201923076 0.06907140865384616 0.26047691105769233 0.029209028846153846 0.21682692788461538 0.026495723557692308 0.21401026442307694 0.06551226682692307
11 0.25887461298076925 0.06693592548076922 0.3037389639423077 0.07120689423076923 0.3037389639423077 0.03134451201923077 0.26049680048076923 0.027920225961538463 0.25887461298076925 0.06693592548076922
11 0.30293781490384614 0.06480043990384615 0.347001016826923 0.06907140865384616 0.3490038894230769 0.029209028846153846 0.3041666706730769 0.026495723557692308 0.30293781490384614 0.06480043990384615
11 0.3466004423076923 0.06622409615384615 0.39186536778846154 0.06907140865384616 0.39226594230769235 0.027785372596153844 0.3478021658653846 0.02564988701923077 0.3466004423076923 0.06622409615384615
11 0.3902630673076923 0.06764775240384616 0.4343262692307693 0.06835958173076923 0.43552799278846155 0.029920855769230766 0.39190705528846154 0.02720797596153846 0.3902630673076923 0.06764775240384616
11 0.4343262692307693 0.06978323798076923 0.4787900456730769 0.07263055048076923 0.4795911947115385 0.033479997596153846 0.43597756971153845 0.03148147836538461 0.4343262692307693 0.06978323798076923
11 0.21240796634615386 0.10328479086538461 0.25727231490384617 0.10470844951923076 0.25847403846153844 0.06911703605769232 0.21402243990384615 0.06210825961538462 0.21240796634615386 0.10328479086538461
11 0.2576728894230769 0.10613210576923077 0.3021366658653846 0.10897941826923077 0.30333838942307695 0.0719643485576923 0.25847403846153844 0.06626972355769231 0.2576728894230769 0.10613210576923077
11 0.3025372403846154 0.10328479086538461 0.347001016826923 0.10470844951923076 0.347001016826923 0.06769337980769231 0.30376603125 0.06780626682692308 0.3025372403846154 0.10328479086538461
11 0.3930670913461538 0.1054202764423077 0.3930670913461538 0.06698155288461538 0.3902630673076923 0.06626972355769231 0.3490384663461539 0.06780626682692308 0.3490038894230769 0.1054202764423077 0.3930670913461538 0.1054202764423077
11 0.43793143990384614 0.10613210576923077 0.4375308653846154 0.0719643485576923 0.43472684375 0.06698155288461538 0.39230769711538466 0.06780626682692308 0.39186536778846154 0.1068439326923077 0.43793143990384614 0.10613210576923077
11 0.4835969399038461 0.10897941826923077 0.4831963653846154 0.07481166346153846 0.4795911947115385 0.0705406923076923 0.4379807740384616 0.07207976923076923 0.4375308653846154 0.10897941826923077 0.4835969399038461 0.10897941826923077
11 0.21120624278846153 0.14029986057692306 0.25687174038461535 0.14243534375 0.25727231490384617 0.1039966201923077 0.21241987740384616 0.10128204807692308 0.21120624278846153 0.14029986057692306
11 0.2564711658653846 0.1431471730769231 0.3021366658653846 0.14385900240384616 0.3021366658653846 0.10826758894230769 0.2572916706730769 0.10555555288461539 0.2564711658653846 0.1431471730769231
11 0.30173609134615387 0.14029986057692306 0.347001016826923 0.14172351682692308 0.347001016826923 0.10470844951923076 0.3021634663461538 0.10341880048076924 0.30173609134615387 0.14029986057692306
11 0.347001016826923 0.14172351682692308 0.3934676658653846 0.14172351682692308 0.3934676658653846 0.1039966201923077 0.34943910817307694 0.10698005528846154 0.347001016826923 0.14172351682692308
11 0.3930670913461538 0.1431471730769231 0.4375308653846154 0.1410116875 0.4367297163461539 0.10613210576923077 0.3943109014423077 0.1048433028846154 0.3930670913461538 0.1431471730769231
11 0.43713029086538463 0.14528265865384615 0.48279579086538466 0.1474181418269231 0.48279579086538466 0.10897941826923077 0.43878205528846154 0.10840455528846153 0.43713029086538463 0.14528265865384615
11 0.21240796634615386 0.13821000240384615 0.21080566826923078 0.17522507211538463 0.25687174038461535 0.1802078677884615 0.25687174038461535 0.14034548798076923 0.21161859374999997 0.13760683653846154 0.21240796634615386 0.13821000240384615
11 0.2556700168269231 0.17949604086538462 0.30173609134615387 0.1823433533653846 0.3021366658653846 0.14248097115384614 0.25689103125 0.14401709134615384 0.2556700168269231 0.17949604086538462
11 0.30133551682692306 0.17664872836538462 0.3466004423076923 0.17736055528846156 0.347001016826923 0.14034548798076923 0.3021634663461538 0.13831908653846153 0.30133551682692306 0.17664872836538462
11 0.34860331490384616 0.17807238461538463 0.3930670913461538 0.17878421153846155 0.3938682403846154 0.14034548798076923 0.3490038894230769 0.14105731490384615 0.34860331490384616 0.17807238461538463
11 0.39266651682692305 0.17949604086538462 0.4367297163461539 0.1802078677884615 0.43713029086538463 0.14248097115384614 0.39350962019230773 0.1418803389423077 0.39266651682692305 0.17949604086538462
11 0.4367297163461539 0.1816315264423077 0.48239521634615384 0.18447883894230768 0.4831963653846154 0.14746376923076923 0.4383814158653846 0.14544159375000001 0.4367297163461539 0.1816315264423077
11 0.20960394471153845 0.21152831009615386 0.25526944230769233 0.21579928125 0.25727231490384617 0.17807238461538463 0.2104166706730769 0.17464387259615383 0.20960394471153845 0.21152831009615386
11 0.2564711658653846 0.21579928125 0.30173609134615387 0.2165111081730769 0.30173609134615387 0.1802078677884615 0.2564903894230769 0.17962962740384616 0.2564711658653846 0.21579928125
11 0.3009349423076923 0.21508745192307693 0.34579929326923076 0.21295196875 0.347001016826923 0.17736055528846156 0.3009349423076923 0.17807238461538463 0.3009349423076923 0.21508745192307693
11 0.34860331490384616 0.21437562500000001 0.39186536778846154 0.21508745192307693 0.39266651682692305 0.17736055528846156 0.3482027403846154 0.17736055528846156 0.34860331490384616 0.21437562500000001
11 0.39226594230769235 0.2165111081730769 0.4359285673076923 0.21579928125 0.4367297163461539 0.17807238461538463 0.39186536778846154 0.17807238461538463 0.39226594230769235 0.2165111081730769
11 0.4367297163461539 0.21864659374999998 0.4795911947115385 0.22007025 0.4815940673076923 0.1823433533653846 0.4367297163461539 0.1802078677884615 0.4367297163461539 0.21864659374999998
11 0.20920336778846152 0.2493008341346154 0.25406771875 0.25357180528846157 0.2548688677884615 0.2137094230769231 0.21001603125 0.2131054110576923 0.20920336778846152 0.2493008341346154
11 0.25727231490384617 0.25214814903846156 0.30293781490384614 0.25641911778846155 0.3037389639423077 0.21726856490384616 0.2572916706730769 0.21666666346153846 0.25727231490384617 0.25214814903846156
11 0.30293781490384614 0.25072449278846154 0.34740159134615384 0.25072449278846154 0.3478021658653846 0.21442125240384616 0.3029647475961538 0.21452991346153846 0.30293781490384614 0.25072449278846154
11 0.3478021658653846 0.25072449278846154 0.3934676658653846 0.25143631971153846 0.3934676658653846 0.21584490865384615 0.34863782451923075 0.21595441346153846 0.3478021658653846 0.25072449278846154
11 0.3930670913461538 0.21726856490384616 0.39226594230769235 0.25143631971153846 0.4367297163461539 0.25357180528846157 0.4367297163461539 0.21513307932692308 0.3931089783653846 0.21666666346153846 0.3930670913461538 0.21726856490384616
11 0.43632914182692306 0.21726856490384616 0.4367297163461539 0.25499546153846153 0.48039234374999995 0.25499546153846153 0.4815940673076923 0.22011587740384617 0.4367788509615385 0.21595441346153846 0.43632914182692306 0.21726856490384616
11 0.21280854086538462 0.2856497019230769 0.2576728894230769 0.2884970144230769 0.2592751875 0.2685658245192308 0.2576728894230769 0.25148194711538463 0.21201923557692307 0.25014244711538464 0.21280854086538462 0.2856497019230769
11 0.25887461298076925 0.29134432932692306 0.3045401129807692 0.28920884375 0.30413953846153846 0.2529056033653846 0.25887461298076925 0.25219377644230767 0.25887461298076925 0.29134432932692306
11 0.3037389639423077 0.2877851875 0.3482027403846154 0.2877851875 0.3490038894230769 0.25148194711538463 0.30376603125 0.2508546995192308 0.3037389639423077 0.2877851875
11 0.3490038894230769 0.28707335817307694 0.3938682403846154 0.2884970144230769 0.39426881490384613 0.2500582908653846 0.34943910817307694 0.2508546995192308 0.3490038894230769 0.28707335817307694
11 0.39226594230769235 0.28920884375 0.4367297163461539 0.2884970144230769 0.43632914182692306 0.2529056033653846 0.3939102620192308 0.2522791995192308 0.39226594230769235 0.28920884375
11 0.43512741826923074 0.29134432932692306 0.48079291826923076 0.29134432932692306 0.47999176923076925 0.2564647451923077 0.4367788509615385 0.2551282019230769 0.43512741826923074 0.29134432932692306
11 0.21360968990384616 0.32124111538461536 0.25887461298076925 0.3248002548076923 0.25887461298076925 0.28707335817307694 0.21402243990384615 0.2878917355769231 0.21360968990384616 0.32124111538461536
11 0.26047691105769233 0.3248002548076923 0.3061424110576923 0.32764756971153847 0.30494068750000003 0.28920884375 0.26049680048076923 0.29074073798076927 0.26047691105769233 0.3248002548076923
11 0.30534126201923073 0.3240884278846154 0.3490038894230769 0.3233765985576923 0.3498050384615385 0.2884970144230769 0.30536859375 0.2857549831730769 0.30534126201923073 0.3240884278846154
11 0.3482027403846154 0.3240884278846154 0.3934676658653846 0.3248002548076923 0.3934676658653846 0.2877851875 0.35024038942307695 0.2871794855769231 0.3482027403846154 0.3240884278846154
11 0.39266651682692305 0.3240884278846154 0.43713029086538463 0.32693574038461537 0.43793143990384614 0.2899206730769231 0.39350962019230773 0.28860398557692307 0.39266651682692305 0.3240884278846154
11 0.43713029086538463 0.32693574038461537 0.4815940673076923 0.3290712259615385 0.48239521634615384 0.29205615625000003 0.43758013221153846 0.29145299038461536 0.43713029086538463 0.32693574038461537
11 0.21561256250000002 0.3596798389423077 0.26047691105769233 0.3632389807692308 0.26207921153846153 0.3255120841346154 0.21682692788461538 0.3227920216346154 0.21561256250000002 0.3596798389423077
11 0.2612780625 0.36181532451923076 0.30494068750000003 0.3653744639423077 0.3069435600961538 0.32764756971153847 0.2620993629807692 0.32492877163461537 0.2612780625 0.36181532451923076
11 0.30494068750000003 0.3240884278846154 0.30534126201923073 0.3625271514423077 0.3502056129807692 0.3646626370192308 0.3502056129807692 0.3240884278846154 0.30616987740384616 0.32564102403846157 0.30494068750000003 0.3240884278846154
11 0.3490038894230769 0.3625271514423077 0.3934676658653846 0.3625271514423077 0.3934676658653846 0.3226647716346154 0.3490038894230769 0.3226647716346154 0.3490038894230769 0.3625271514423077
11 0.3934676658653846 0.3632389807692308 0.4359285673076923 0.3653744639423077 0.43632914182692306 0.3255120841346154 0.39350962019230773 0.32564102403846157 0.3934676658653846 0.3632389807692308
11 0.43512741826923074 0.3653744639423077 0.4795911947115385 0.36608629326923076 0.48239521634615384 0.3283593966346154 0.4363782091346154 0.32492877163461537 0.43512741826923074 0.3653744639423077
11 0.4904501778846154 0.06488746875 0.5365162524038462 0.07058209615384615 0.5361156778846154 0.030719713942307693 0.49205247596153845 0.024313259615384615 0.4904501778846154 0.06488746875
11 0.5353145288461538 0.06488746875 0.580579454326923 0.06844661057692308 0.5801788798076923 0.030719713942307693 0.5361378245192308 0.025783473557692307 0.5353145288461538 0.06488746875
11 0.5801788798076923 0.06559929807692308 0.6238415048076923 0.07058209615384615 0.6238415048076923 0.03000788701923077 0.5797783052884615 0.025736915865384617 0.5801788798076923 0.06559929807692308
11 0.6222392067307693 0.06488746875 0.6679047067307693 0.07129392307692307 0.66830528125 0.03356702644230769 0.6242788509615385 0.026495723557692308 0.6222392067307693 0.06488746875
11 0.6663024086538462 0.06773478365384615 0.7115673341346154 0.07058209615384615 0.7115673341346154 0.03499068269230769 0.6683493629807693 0.030769228365384614 0.6663024086538462 0.06773478365384615
11 0.7107661850961539 0.06773478365384615 0.7548293846153846 0.07342940865384616 0.7560311105769231 0.036414341346153845 0.712019235576923 0.030769228365384614 0.7107661850961539 0.06773478365384615
11 0.48964902884615386 0.10119070913461538 0.5337122307692308 0.10759716346153847 0.534913954326923 0.07058209615384615 0.49006410817307694 0.06495726201923077 0.48964902884615386 0.10119070913461538
11 0.5361156778846154 0.10261436538461538 0.5801788798076923 0.10617350721153847 0.580579454326923 0.06987026682692307 0.5353145288461538 0.06559929807692308 0.5361156778846154 0.10261436538461538
11 0.5793777307692308 0.10261436538461538 0.6242420793269231 0.10759716346153847 0.6250432283653846 0.06987026682692307 0.5802083389423077 0.06566951442307692 0.5793777307692308 0.10261436538461538
11 0.6238415048076923 0.10474985096153847 0.6671035576923077 0.10973264903846153 0.66830528125 0.07200575240384616 0.6238782091346154 0.06566951442307692 0.6238415048076923 0.10474985096153847
11 0.6663024086538462 0.10759716346153847 0.7115673341346154 0.11044447596153846 0.7115673341346154 0.07200575240384616 0.6675480817307692 0.06923076682692307 0.6663024086538462 0.10759716346153847
11 0.7115673341346154 0.10474985096153847 0.7560311105769231 0.11044447596153846 0.7564316850961539 0.07342940865384616 0.7124198774038462 0.06923076682692307 0.7115673341346154 0.10474985096153847
11 0.48764615625 0.13820577884615384 0.53331165625 0.14461223317307692 0.5341128052884615 0.10759716346153847 0.48886218509615387 0.10199430048076923 0.48764615625 0.13820577884615384
11 0.5337122307692308 0.13891760576923076 0.5769742836538462 0.14461223317307692 0.57897715625 0.14176491826923077 0.57897715625 0.10688533653846154 0.5345352620192307 0.10270655048076922 0.5337122307692308 0.13891760576923076
11 0.5781760072115385 0.13891760576923076 0.6222392067307693 0.14461223317307692 0.6234409302884616 0.10617350721153847 0.5781760072115385 0.10190253846153846 0.5781760072115385 0.13891760576923076
11 0.6234409302884616 0.14247674759615386 0.6667029831730769 0.1460358894230769 0.6667029831730769 0.10830899278846154 0.6234775697115384 0.1048433028846154 0.6234409302884616 0.14247674759615386
11 0.6667029831730769 0.14390040384615385 0.710365610576923 0.14817137259615384 0.7115673341346154 0.11044447596153846 0.6671474399038462 0.1048433028846154 0.6667029831730769 0.14390040384615385
11 0.7115673341346154 0.14247674759615386 0.7548293846153846 0.15030685817307693 0.7568322596153846 0.11115630528846153 0.7111667596153846 0.10474985096153847 0.7115673341346154 0.14247674759615386
11 0.48724558173076926 0.17450901923076925 0.5337122307692308 0.18162730048076922 0.5329110817307693 0.14461223317307692 0.4884615432692308 0.1368945841346154 0.48724558173076926 0.17450901923076925
11 0.53331165625 0.1773563317307692 0.5777754326923077 0.1823391298076923 0.5781760072115385 0.14461223317307692 0.5345352620192307 0.14045583894230768 0.53331165625 0.1773563317307692
11 0.5773748581730769 0.17593267548076924 0.6218386322115385 0.1823391298076923 0.6218386322115385 0.14461223317307692 0.5786057740384616 0.13903133653846153 0.5773748581730769 0.17593267548076924
11 0.6210374831730768 0.17877998798076922 0.6651006850961539 0.18447461298076923 0.6651006850961539 0.14674771634615386 0.6218750048076923 0.14330484134615384 0.6210374831730768 0.17877998798076922
11 0.6655012596153846 0.17949181490384614 0.7099650360576923 0.18447461298076923 0.7095644615384615 0.14745954567307692 0.6655448774038462 0.14259259134615385 0.6655012596153846 0.17949181490384614
11 0.7095644615384615 0.14318857692307693 0.7095644615384615 0.17877998798076922 0.7500224903846154 0.18447461298076923 0.7532270865384615 0.1823391298076923 0.7532270865384615 0.14745954567307692 0.71161859375 0.14259259134615385 0.7095644615384615 0.14318857692307693
11 0.48684500721153845 0.2129933701923077 0.5321099326923077 0.2186879951923077 0.5325105072115385 0.1809610985576923 0.4868589783653846 0.17321937019230768 0.48684500721153845 0.2129933701923077
11 0.5321099326923077 0.2129933701923077 0.5769742836538462 0.21726433894230768 0.5769742836538462 0.18167292788461537 0.5329326971153846 0.176068375 0.5321099326923077 0.2129933701923077
11 0.5757725600961539 0.21370519951923078 0.6202363341346153 0.2186879951923077 0.6210374831730768 0.18167292788461537 0.5766025697115384 0.176068375 0.5757725600961539 0.21370519951923078
11 0.6206369086538461 0.21584068269230772 0.664700110576923 0.22153531009615385 0.6651006850961539 0.18452024038461537 0.6206730817307692 0.17891737740384617 0.6206369086538461 0.21584068269230772
11 0.6655012596153846 0.2186879951923077 0.7099650360576923 0.22153531009615385 0.7099650360576923 0.18452024038461537 0.6655448774038462 0.1824786298076923 0.6655012596153846 0.2186879951923077
11 0.7123684831730769 0.2165525120192308 0.7548293846153846 0.22082348076923075 0.7564316850961539 0.18452024038461537 0.71161859375 0.1810541298076923 0.7123684831730769 0.2165525120192308
11 0.48604385817307694 0.2500084375 0.5321099326923077 0.25570306490384614 0.5325105072115385 0.21726433894230768 0.48725962019230773 0.21381766105769232 0.48604385817307694 0.2500084375
11 0.5321099326923077 0.25143209615384615 0.5761731346153847 0.25427940865384613 0.5769742836538462 0.2186879951923077 0.5329326971153846 0.2131054110576923 0.5321099326923077 0.25143209615384615
11 0.5757725600961539 0.25143209615384615 0.6202363341346153 0.25499123557692305 0.6202363341346153 0.2165525120192308 0.5769742836538462 0.21228154326923077 0.5757725600961539 0.25143209615384615
11 0.6186340360576923 0.25285575240384617 0.6626972379807692 0.25570306490384614 0.6642995360576923 0.2186879951923077 0.6194351850961539 0.21512885576923077 0.6186340360576923 0.25285575240384617
11 0.6634983870192308 0.2535675793269231 0.7075615889423077 0.2578385480769231 0.7079621634615385 0.22224713701923077 0.664342954326923 0.22022791826923077 0.6634983870192308 0.2535675793269231
11 0.710365610576923 0.2535675793269231 0.7540282355769231 0.2578385480769231 0.7548293846153846 0.21939982451923076 0.71161859375 0.21595441346153846 0.710365610576923 0.2535675793269231
11 0.48323983653846153 0.28702350721153846 0.5289053365384615 0.2934299615384615 0.5305076346153846 0.25570306490384614 0.48565705528846154 0.2487179471153846 0.48323983653846153 0.28702350721153846
11 0.5305076346153846 0.2891589927884616 0.5749714086538462 0.28987081971153844 0.575371985576923 0.25499123557692305 0.5317307740384616 0.25014244711538464 0.5305076346153846 0.2891589927884616
11 0.575371985576923 0.28702350721153846 0.6178328870192308 0.2927181322115385 0.6190346105769231 0.25499123557692305 0.5758012860576923 0.25156694951923075 0.575371985576923 0.28702350721153846
11 0.6182334615384615 0.2877353341346154 0.6622966634615385 0.2920063052884615 0.6634983870192308 0.25712672115384616 0.6198718004807693 0.25156694951923075 0.6182334615384615 0.2877353341346154
11 0.6622966634615385 0.28987081971153844 0.7063598653846154 0.29414178846153843 0.7067604399038461 0.25641489182692306 0.6622966634615385 0.2535675793269231 0.6622966634615385 0.28987081971153844
11 0.7075615889423077 0.28987081971153844 0.7520253629807693 0.29556544471153845 0.7528265120192308 0.25712672115384616 0.7083627379807692 0.25214392307692307 0.7075615889423077 0.28987081971153844
11 0.4856432836538461 0.28702350721153846 0.4828392620192308 0.3233267475961539 0.5289053365384615 0.33115685817307694 0.5301070600961538 0.2927181322115385 0.48565705528846154 0.2871794855769231 0.4856432836538461 0.28702350721153846
11 0.5305076346153846 0.3254622307692308 0.5737696850961538 0.32759771634615387 0.5741702596153846 0.28987081971153844 0.5301070600961538 0.2884471634615385 0.5305076346153846 0.3254622307692308
11 0.5733691105769231 0.32475040384615383 0.6170317379807693 0.32688588701923077 0.6174323125 0.29129447596153846 0.575371985576923 0.2884471634615385 0.5733691105769231 0.32475040384615383
11 0.6162305889423076 0.32475040384615383 0.6602937908653845 0.3290213725961539 0.6610949399038462 0.2927181322115385 0.6170673124999999 0.2878917355769231 0.6162305889423076 0.32475040384615383
11 0.6598932163461538 0.3254622307692308 0.7047575673076923 0.33115685817307694 0.7043569927884616 0.2927181322115385 0.6599359014423077 0.2871794855769231 0.6598932163461538 0.3254622307692308
11 0.7047575673076923 0.3254622307692308 0.7492213413461539 0.3304450288461539 0.7496219158653846 0.29414178846153843 0.7047575673076923 0.2891589927884616 0.7047575673076923 0.3254622307692308
11 0.48444156009615386 0.36105364423076924 0.5297064855769231 0.36817192548076927 0.5305076346153846 0.3297332019230769 0.48605769711538466 0.32350427163461537 0.48444156009615386 0.36105364423076924
11 0.5289053365384615 0.3639009567307693 0.5737696850961538 0.36746009855769235 0.5733691105769231 0.32759771634615387 0.5301070600961538 0.32475040384615383 0.5289053365384615 0.3639009567307693
11 0.5729685360576923 0.3631891274038462 0.6170317379807693 0.36817192548076927 0.6170317379807693 0.32617406009615385 0.5729685360576923 0.3240385745192308 0.5729685360576923 0.3631891274038462
11 0.6158300144230769 0.3639009567307693 0.6590920673076923 0.3695955817307693 0.659492641826923 0.32830954567307696 0.6158653894230769 0.32564102403846157 0.6158300144230769 0.3639009567307693
11 0.6590920673076923 0.3646127836538462 0.7031552668269231 0.3688837548076923 0.7035558413461539 0.3297332019230769 0.6590920673076923 0.32475040384615383 0.6590920673076923 0.3646127836538462
11 0.7019535432692308 0.3646127836538462 0.7460167451923077 0.36746009855769235 0.745616170673077 0.3290213725961539 0.7019535432692308 0.3254622307692308 0.7019535432692308 0.3646127836538462
11 0.19157569471153846 0.765698233173077 0.23563889663461537 0.769257375 0.23644004567307692 0.7293949927884615 0.19238782451923075 0.7280626754807693 0.19157569471153846 0.765698233173077
11 0.23443717307692308 0.7685455456730769 0.2780998004807692 0.769257375 0.2797020985576923 0.7315304783653847 0.2364583389423077 0.7301994278846154 0.23443717307692308 0.7685455456730769
11 0.2772986514423077 0.7706810312500001 0.3217624254807693 0.7721046875 0.32136185096153846 0.7343777908653847 0.2780998004807692 0.7343777908653847 0.2772986514423077 0.7706810312500001
11 0.3642233293269231 0.774240173076923 0.3650244783653846 0.7372251033653847 0.3213942355769231 0.7344729326923077 0.3209612764423077 0.772816514423077 0.3642233293269231 0.774240173076923
11 0.40668423317307695 0.774240173076923 0.4074853822115384 0.7365132764423077 0.36506410817307694 0.7366096850961538 0.3634221802884615 0.774240173076923 0.40668423317307695 0.774240173076923
11 0.45114800721153847 0.778511141826923 0.45114800721153847 0.7407842451923077 0.4062836586538462 0.7400724158653845 0.4058830841346154 0.7799347980769231 0.45114800721153847 0.778511141826923
11 0.1859676514423077 0.8005778173076923 0.23123257692307692 0.8041369567307692 0.232834875 0.7664100625000001 0.18798077403846153 0.7636752115384616 0.1859676514423077 0.8005778173076923
11 0.2340365985576923 0.769257375 0.23443717307692308 0.8012896442307693 0.2772986514423077 0.8055606153846154 0.2789009495192308 0.769257375 0.23525641586538462 0.7686609663461539 0.2340365985576923 0.769257375
11 0.2780998004807692 0.8034251298076923 0.32216300000000003 0.8055606153846154 0.32216300000000003 0.772816514423077 0.2785256466346154 0.77150996875 0.2780998004807692 0.8034251298076923
11 0.3209612764423077 0.8055606153846154 0.3646239038461539 0.8084079278846155 0.3646239038461539 0.774240173076923 0.3217624254807693 0.7713928581730769 0.3209612764423077 0.8055606153846154
11 0.3634221802884615 0.8069842716346154 0.4070848076923077 0.8091197548076923 0.40828653125 0.778511141826923 0.40668423317307695 0.772816514423077 0.3646634663461539 0.7729344711538462 0.3634221802884615 0.8069842716346154
11 0.4098888293269231 0.8048487860576923 0.4110905528846154 0.8119670697115384 0.4551537548076923 0.8141025528846153 0.45435260576923076 0.8112552403846155 0.4551537548076923 0.7770874855769231 0.41193910817307694 0.7786324759615385 0.4098888293269231 0.8048487860576923
11 0.18516650240384613 0.8368810576923077 0.23003085336538462 0.8368810576923077 0.23123257692307692 0.8020014735576922 0.18677885096153846 0.8014245 0.18516650240384613 0.8368810576923077
11 0.23483774759615386 0.8375928846153846 0.2789009495192308 0.8418638533653847 0.2797020985576923 0.8041369567307692 0.23485577403846153 0.8035612524038461 0.23483774759615386 0.8375928846153846
11 0.2780998004807692 0.8404401971153846 0.3229641490384615 0.8404401971153846 0.32256357451923073 0.8055606153846154 0.2793269278846154 0.8042735024038462 0.2780998004807692 0.8404401971153846
11 0.32496702403846156 0.8432875120192308 0.3678285 0.8468466514423076 0.36822907451923076 0.8084079278846155 0.32456644951923075 0.8084079278846155 0.32496702403846156 0.8432875120192308
11 0.3678285 0.8098315841346154 0.36742792548076925 0.8439993389423077 0.4110905528846154 0.8439993389423077 0.4122922764423077 0.8183735216346153 0.41068997836538457 0.8076960985576923 0.3682692355769231 0.8085470072115384 0.3678285 0.8098315841346154
11 0.4110905528846154 0.8411520264423077 0.41149112740384614 0.8482703076923077 0.4551537548076923 0.8482703076923077 0.4563554783653846 0.8126788966346153 0.4110905528846154 0.8126788966346153 0.4110905528846154 0.8411520264423077
11 0.18516650240384613 0.8739417524038462 0.22963027884615383 0.8718062668269231 0.23123257692307692 0.8369266850961539 0.18597756971153848 0.8384615360576924 0.18516650240384613 0.8739417524038462
11 0.23003085336538462 0.8739417524038462 0.27449462980769235 0.8746535817307692 0.2760969278846154 0.8397739975961538 0.2320512860576923 0.8370370360576923 0.23003085336538462 0.8739417524038462
11 0.2809038221153846 0.8383503413461538 0.2813043966346154 0.8746535817307692 0.32576817307692313 0.8746535817307692 0.3253675985576923 0.8383503413461538 0.28133013221153846 0.8391737860576923 0.2809038221153846 0.8383503413461538
11 0.32416587259615387 0.8760772379807692 0.32616874759615383 0.8803482067307692 0.3678285 0.8824836923076924 0.36822907451923076 0.8789245504807692 0.3686296490384615 0.8454686225961539 0.32496702403846156 0.8419094807692308 0.32416587259615387 0.8760772379807692
11 0.36903022355769227 0.8760772379807692 0.4118917019230769 0.8789245504807692 0.4122922764423077 0.8483159350961539 0.4110905528846154 0.8426213100961538 0.3686296490384615 0.8419094807692308 0.36903022355769227 0.8760772379807692
11 0.4110905528846154 0.8775008942307692 0.4118917019230769 0.8831955192307692 0.45475318028846157 0.8824836923076924 0.4559549038461539 0.847604108173077 0.41149112740384614 0.846180451923077 0.4110905528846154 0.8775008942307692
11 0.18756994951923078 0.9088669639423077 0.2316331514423077 0.9081551346153846 0.232834875 0.8718518942307691 0.1891826971153846 0.8747863221153847 0.18756994951923078 0.9088669639423077
11 0.23483774759615386 0.9102906201923078 0.27930152403846153 0.9095787908653846 0.2797020985576923 0.8754110360576923 0.23485577403846153 0.8733618221153846 0.23483774759615386 0.9102906201923078
11 0.28210554567307694 0.9088669639423077 0.3253675985576923 0.9095787908653846 0.3265693221153846 0.8746992091346153 0.28210554567307694 0.8768346923076924 0.28210554567307694 0.9088669639423077
11 0.3253675985576923 0.9152734182692307 0.36903022355769227 0.9166970745192308 0.3694307980769231 0.8796820048076923 0.32620192788461544 0.880484329326923 0.3253675985576923 0.9152734182692307
11 0.36903022355769227 0.9145615889423078 0.41269285096153846 0.9166970745192308 0.41309342548076927 0.8853766322115385 0.41149112740384614 0.8775465216346153 0.3694307980769231 0.8761228653846154 0.36903022355769227 0.9145615889423078
11 0.4122922764423077 0.9124261057692308 0.41389457451923073 0.9195443870192308 0.4563554783653846 0.9181207307692307 0.45675605288461535 0.8818174903846153 0.4118917019230769 0.8818174903846153 0.4122922764423077 0.9124261057692308
11 0.18917224759615386 0.9252390120192308 0.187169375 0.94018740625 0.19077454567307692 0.9437465480769232 0.23443717307692308 0.942322889423077 0.23483774759615386 0.9095787908653846 0.2340365985576923 0.9074433076923077 0.1895833389423077 0.9089743557692308 0.18917224759615386 0.9252390120192308
11 0.23483774759615386 0.9394755769230769 0.23644004567307692 0.944458375 0.28010267307692305 0.9465938605769231 0.2813043966346154 0.9095787908653846 0.2364583389423077 0.910398858173077 0.23483774759615386 0.9394755769230769
11 0.28050324759615386 0.9316454663461537 0.2813043966346154 0.9458820312499999 0.32576817307692313 0.9451702043269231 0.3265693221153846 0.9102906201923078 0.2821314158653846 0.9089743557692308 0.28050324759615386 0.9316454663461537
11 0.3277710456730769 0.9138497620192307 0.3277710456730769 0.9280863269230769 0.32737047115384615 0.9522884855769231 0.37103309615384616 0.9508648293269231 0.37223481971153843 0.9152734182692307 0.3285721947115385 0.9152734182692307 0.3277710456730769 0.9138497620192307
11 0.37023194711538465 0.9515766586538461 0.41309342548076927 0.950153 0.41349400000000003 0.9159852451923077 0.3702724399038461 0.9139601129807692 0.37023194711538465 0.9515766586538461
11 0.41269285096153846 0.94872934375 0.41349400000000003 0.9530003149038462 0.4575572019230769 0.9530003149038462 0.4575572019230769 0.9166970745192308 0.41349400000000003 0.9166970745192308 0.41269285096153846 0.94872934375
11 0.19238259134615385 0.9793502115384616 0.2364457908653846 0.9786383822115384 0.23804808894230767 0.9530125649038462 0.2364457908653846 0.9430469711538462 0.19038462019230767 0.9452991442307692 0.19238259134615385 0.9793502115384616
11 0.23884923798076924 0.9807738677884615 0.2821112908653846 0.9843330072115385 0.2837135889423077 0.9458942836538462 0.23844866346153845 0.945182454326923 0.23884923798076924 0.9807738677884615
11 0.28251186538461537 0.9487415961538462 0.2821112908653846 0.9800620384615384 0.32697564182692307 0.9829093509615384 0.3281773653846154 0.9480297692307692 0.3257739182692308 0.9430469711538462 0.2821378245192308 0.9460113942307693 0.28251186538461537 0.9487415961538462
11 0.3281773653846154 0.9864684927884616 0.37103884134615384 0.9871803221153846 0.37143941586538465 0.9501652524038462 0.32700962019230767 0.9502848990384615 0.3281773653846154 0.9864684927884616
11 0.3702376923076923 0.9857566658653846 0.4134997451923077 0.9857566658653846 0.41470146875 0.9537243942307693 0.41390031971153846 0.9501652524038462 0.37103884134615384 0.9501652524038462 0.3702376923076923 0.9857566658653846
11 0.4134997451923077 0.9871803221153846 0.4567617980769231 0.9878921490384616 0.45836409615384616 0.9523007379807692 0.4139487235576923 0.9517093990384615 0.4134997451923077 0.9871803221153846
11 0.5112758677884616 0.7351281850961539 0.4692307740384616 0.7351851826923077 0.46841438942307695 0.7707190528846154 0.5112758677884616 0.7700072259615385 0.5112758677884616 0.7351281850961539
11 0.5096735697115384 0.7728545384615385 0.5529356225961538 0.7728545384615385 0.5533361971153846 0.7358394711538462 0.5116987235576923 0.7337606826923077 0.5096735697115384 0.7728545384615385
11 0.5529356225961538 0.7358394711538462 0.5517338990384615 0.7728545384615385 0.594595375 0.7735663653846154 0.5949959495192307 0.7358394711538462 0.5529647475961539 0.7358974326923077 0.5529356225961538 0.7358394711538462
11 0.5949959495192307 0.7379749543269232 0.5941948004807692 0.7749900240384615 0.6374568533653846 0.7749900240384615 0.6374568533653846 0.7372631274038461 0.5949959495192307 0.7379749543269232
11 0.6366557043269231 0.7756950913461539 0.679116608173077 0.7742714350961539 0.6815200552884615 0.7386800240384616 0.6383012860576923 0.7373219350961538 0.6366557043269231 0.7756950913461539
11 0.67871603125 0.7771187475961538 0.7211769350961539 0.7806778894230769 0.7231798076923077 0.7436628221153847 0.6815705168269232 0.7401709375000001 0.67871603125 0.7771187475961538
11 0.4639995625 0.8063032836538462 0.5068695480769231 0.8077273629807693 0.5076706971153846 0.7714241225961539 0.4652012860576923 0.7707118725961538 0.4639995625 0.8063032836538462
11 0.5076621899038462 0.806302860576923 0.5497225168269231 0.8077265168269231 0.5509242403846154 0.7735587620192308 0.5084633389423077 0.7714232764423077 0.5076621899038462 0.806302860576923
11 0.5493219423076924 0.8077265168269231 0.5917828461538461 0.8098620024038462 0.5921834206730769 0.7742705913461538 0.5505609014423076 0.7743589711538461 0.5493219423076924 0.8077265168269231
11 0.5941862932692308 0.7742705913461538 0.5933851442307693 0.809150173076923 0.6366471971153846 0.8105738293269231 0.6374483461538462 0.7764060745192308 0.5946314158653846 0.7743589711538461 0.5941862932692308 0.7742705913461538
11 0.6362466201923076 0.8084383461538462 0.6787075240384616 0.8098620024038462 0.6803098221153847 0.7799652163461539 0.6799092475961538 0.7742705913461538 0.6375000048076923 0.7743589711538461 0.6362466201923076 0.8084383461538462
11 0.6795086730769231 0.8141329711538461 0.7215690024038461 0.8134211442307693 0.7223701514423078 0.7792533870192307 0.679967954326923 0.7772079759615385 0.6795086730769231 0.8141329711538461
11 0.46319841346153845 0.8426517283653846 0.5056593149038462 0.8405162427884616 0.5064604639423077 0.8056366610576924 0.46359898798076926 0.8063484879807692 0.46319841346153845 0.8426517283653846
11 0.5052587403846154 0.8426517283653846 0.54812021875 0.8426517283653846 0.5489213677884616 0.8070603173076923 0.506490389423077 0.8064102548076922 0.5052587403846154 0.8426517283653846
11 0.5469184951923076 0.8426517283653846 0.5901805480769231 0.8433635576923078 0.5921834206730769 0.8091958004807692 0.54812021875 0.8056366610576924 0.5469184951923076 0.8426517283653846
11 0.5941862932692308 0.8440753846153846 0.6366471971153846 0.8454990408653846 0.6366471971153846 0.8084839735576923 0.5938301322115385 0.8113960096153847 0.5941862932692308 0.8440753846153846
11 0.6370477716346153 0.8440753846153846 0.6791080985576923 0.8469226971153846 0.6799092475961538 0.8084839735576923 0.6370993629807693 0.8092592572115385 0.6370477716346153 0.8440753846153846
11 0.6795086730769231 0.8483463533653846 0.7215690024038461 0.8504818389423078 0.723571875 0.8141785985576924 0.68036859375 0.8128205096153847 0.6795086730769231 0.8483463533653846
11 0.46359898798076926 0.8440753846153846 0.46319841346153845 0.87610765625 0.5056593149038462 0.8775313124999999 0.5060598894230769 0.8412280721153846 0.46322115865384617 0.8427350408653846 0.46359898798076926 0.8440753846153846
11 0.5068610384615385 0.8433635576923078 0.5060598894230769 0.876819483173077 0.5485207932692308 0.878243139423077 0.5493219423076924 0.8419398990384616 0.5072916706730769 0.8420227908653846 0.5068610384615385 0.8433635576923078
11 0.5477196442307692 0.8775313124999999 0.5905811225961538 0.878243139423077 0.5909816971153846 0.8426517283653846 0.5485207932692308 0.8412280721153846 0.5477196442307692 0.8775313124999999
11 0.5933851442307693 0.8775313124999999 0.6366471971153846 0.881090451923077 0.6374483461538462 0.8433635576923078 0.5942307740384616 0.8420227908653846 0.5933851442307693 0.8775313124999999
11 0.6370477716346153 0.881090451923077 0.6799092475961538 0.8832259375 0.6799092475961538 0.8454990408653846 0.6370993629807693 0.8434472908653846 0.6370477716346153 0.881090451923077
11 0.6787075240384616 0.8825141105769231 0.7219695769230768 0.88464959375 0.7239724495192307 0.8483463533653846 0.679967954326923 0.847720795673077 0.6787075240384616 0.8825141105769231
11 0.46359898798076926 0.9095635817307692 0.5052587403846154 0.9116990673076923 0.5060598894230769 0.87610765625 0.46282051682692305 0.8754985745192307 0.46359898798076926 0.9095635817307692
11 0.5044575913461539 0.9109872379807692 0.5465179206730769 0.9145463798076924 0.5489213677884616 0.878243139423077 0.5060897475961539 0.8762108245192307 0.5044575913461539 0.9109872379807692
11 0.5461173461538462 0.9138345528846153 0.5897799735576923 0.9152582091346153 0.5905811225961538 0.87895496875 0.5469551322115385 0.8783475769230769 0.5461173461538462 0.9138345528846153
11 0.5921834206730769 0.9152582091346153 0.6354454711538462 0.9145463798076924 0.6366471971153846 0.8796667956730769 0.5934294927884616 0.8790598269230769 0.5921834206730769 0.9152582091346153
11 0.6350448966346154 0.9173936923076924 0.6783069495192307 0.9173936923076924 0.6783069495192307 0.8832259375 0.6366987235576923 0.880484329326923 0.6350448966346154 0.9173936923076924
11 0.6775058004807692 0.9173936923076924 0.7207678533653846 0.9188173485576924 0.7215690024038461 0.88464959375 0.6783653894230769 0.882621079326923 0.6775058004807692 0.9173936923076924
11 0.4623972644230769 0.9451549951923077 0.5036564423076924 0.9465786514423077 0.5052587403846154 0.9109872379807692 0.46241987740384616 0.9096866081730769 0.4623972644230769 0.9451549951923077
11 0.5032558677884615 0.9465786514423077 0.5469184951923076 0.9472904783653846 0.5465179206730769 0.9138345528846153 0.5048581658653846 0.9124108966346154 0.5032558677884615 0.9465786514423077
11 0.5457167716346154 0.9480023076923078 0.5885782500000001 0.9494259639423077 0.5893793990384615 0.9152582091346153 0.5469184951923076 0.9124108966346154 0.5457167716346154 0.9480023076923078
11 0.5917828461538461 0.9522732764423077 0.6350448966346154 0.9515614495192307 0.6350448966346154 0.9152582091346153 0.5926282091346153 0.9160968629807692 0.5917828461538461 0.9522732764423077
11 0.6350448966346154 0.9522732764423077 0.6775058004807692 0.9515614495192307 0.6783069495192307 0.9166818653846154 0.6346955168269232 0.9168091153846153 0.6350448966346154 0.9522732764423077
11 0.677906375 0.9223764903846153 0.6771052259615384 0.9522732764423077 0.7199667043269231 0.9515614495192307 0.7207678533653846 0.9173936923076924 0.6783653894230769 0.9168091153846153 0.677906375 0.9223764903846153
11 0.4619966899038461 0.9793683774038461 0.5036564423076924 0.9822156899038461 0.5052587403846154 0.9551662163461538 0.5052587403846154 0.9452006225961539 0.4620192355769231 0.9445868918269231 0.4619966899038461 0.9793683774038461
11 0.5052587403846154 0.9473361057692308 0.5052587403846154 0.9822156899038461 0.5477196442307692 0.9850630024038461 0.5485207932692308 0.9480479350961539 0.5056891081730769 0.9467236442307693 0.5052587403846154 0.9473361057692308
11 0.5469184951923076 0.9843511754807692 0.5893793990384615 0.9850630024038461 0.5901805480769231 0.9501834182692307 0.54812021875 0.9480479350961539 0.5469184951923076 0.9843511754807692
11 0.5901805480769231 0.9850630024038461 0.6338431730769231 0.9879103149038462 0.6342437475961538 0.9537425600961539 0.5914262860576923 0.9509971490384616 0.5901805480769231 0.9850630024038461
11 0.6334425985576922 0.9857748317307693 0.6763040769230769 0.9871984879807693 0.6763040769230769 0.9537425600961539 0.6342948774038462 0.9509971490384616 0.6334425985576922 0.9857748317307693
11 0.6759035024038462 0.9864866586538461 0.7195661298076923 0.9864866586538461 0.7199667043269231 0.9516070769230769 0.6763040769230769 0.9516070769230769 0.6759035024038462 0.9864866586538461