11 0.2619791658653846 0.0828703701923077 0.2619791658653846 0.042129629807692304 0.21718749999999998 0.04537037019230769 0.2169270841346154 0.08333333413461538 0.2619791658653846 0.0828703701923077
11 0.2598958341346154 0.12083333413461537 0.26015625 0.08009259375000001 0.21614583413461538 0.08240740625 0.21614583413461538 0.11851851923076924 0.2598958341346154 0.12083333413461537
11 0.2591145841346154 0.15555555528846154 0.2591145841346154 0.11712962980769231 0.215625 0.11944444471153846 0.2153645841346154 0.15555555528846154 0.2591145841346154 0.15555555528846154
11 0.2578125 0.19120370432692307 0.259375 0.15601851923076923 0.215625 0.15277777884615384 0.215625 0.18981481490384616 0.2578125 0.19120370432692307
11 0.2578125 0.22870370432692308 0.2583333341346154 0.19212962980769233 0.2145833341346154 0.19074074038461536 0.2143229158653846 0.22731481490384614 0.2578125 0.22870370432692308
11 0.2557291658653846 0.2666666658653846 0.2578125 0.22916666586538462 0.21354166586538462 0.22777777884615386 0.21354166586538462 0.2638888894230769 0.2557291658653846 0.2666666658653846
11 0.2598958341346154 0.30370370432692306 0.2614583341346154 0.2634259254807692 0.21614583413461538 0.2638888894230769 0.21640625000000002 0.3 0.2598958341346154 0.30370370432692306
11 0.2609375 0.33888888942307693 0.2622395841346154 0.30231481490384615 0.21770833413461538 0.2990740745192308 0.21744791586538462 0.3361111105769231 0.2609375 0.33888888942307693
11 0.2645833341346154 0.3777777788461538 0.26640625 0.34027777884615384 0.22135416586538462 0.33518518509615386 0.2205729158653846 0.37453703605769234 0.2645833341346154 0.3777777788461538
11 0.3052083341346154 0.08379629567307692 0.30546875 0.04398148076923077 0.2609375 0.042592593750000005 0.2614583341346154 0.08333333413461538 0.3052083341346154 0.08379629567307692
11 0.3046875 0.12314814903846154 0.3049479158653846 0.0828703701923077 0.2583333341346154 0.08148148076923077 0.2578125 0.1203703701923077 0.3046875 0.12314814903846154
11 0.3052083341346154 0.1583333341346154 0.303125 0.11805555528846154 0.25859375 0.11898148076923078 0.2598958341346154 0.12222222115384616 0.2596354158653846 0.15694444471153846 0.3052083341346154 0.1583333341346154
11 0.3041666658653846 0.19629629567307694 0.3059895841346154 0.15601851923076923 0.2588541658653846 0.1546296298076923 0.2598958341346154 0.19537037019230769 0.3041666658653846 0.19629629567307694
11 0.3046875 0.23287037019230766 0.30546875 0.19212962980769233 0.259375 0.19259259375 0.2591145841346154 0.23240740625 0.3046875 0.23287037019230766
11 0.3065104158653846 0.26759259375 0.3049479158653846 0.22638888942307694 0.2598958341346154 0.22777777884615386 0.2611979158653846 0.2689814807692308 0.3065104158653846 0.26759259375
11 0.3057291658653846 0.3046296298076923 0.3075520841346154 0.2648148149038462 0.2625 0.2662037043269231 0.2625 0.3060185192307692 0.3057291658653846 0.3046296298076923
11 0.3083333341346154 0.3412037043269231 0.3075520841346154 0.3004629639423077 0.2645833341346154 0.30138888942307696 0.2630208341346154 0.3416666658653846 0.3083333341346154 0.3412037043269231
11 0.3083333341346154 0.37592592548076925 0.3088541658653846 0.3375 0.2651041658653846 0.3416666658653846 0.265625 0.3777777788461538 0.3083333341346154 0.37592592548076925
11 0.3505208341346154 0.07916666586538461 0.35 0.04120370432692307 0.3059895841346154 0.038888889423076924 0.3046875 0.04629629567307692 0.3052083341346154 0.08055555528846153 0.3505208341346154 0.07916666586538461
11 0.3479166658653846 0.11620370432692308 0.3486979158653846 0.07777777884615385 0.3046875 0.08148148076923077 0.3052083341346154 0.11944444471153846 0.3479166658653846 0.11620370432692308
11 0.34843749999999996 0.1546296298076923 0.3486979158653846 0.11712962980769231 0.3026041658653846 0.11574074038461538 0.3049479158653846 0.15648148076923077 0.34843749999999996 0.1546296298076923
11 0.34921875 0.1916666658653846 0.34843749999999996 0.15138888942307693 0.3049479158653846 0.15138888942307693 0.3033854158653846 0.19351851923076924 0.34921875 0.1916666658653846
11 0.3486979158653846 0.22916666586538462 0.34895833413461536 0.18935185096153845 0.3036458341346154 0.19074074038461536 0.3046875 0.2296296298076923 0.3486979158653846 0.22916666586538462
11 0.35026041586538464 0.2625 0.35 0.22638888942307694 0.3067708341346154 0.2254629639423077 0.3052083341346154 0.2625 0.35026041586538464 0.2625
11 0.3505208341346154 0.30231481490384615 0.3505208341346154 0.26435185096153846 0.30625 0.2648148149038462 0.3083333341346154 0.30277777884615387 0.3505208341346154 0.30231481490384615
11 0.3515625 0.3370370360576923 0.35286458413461536 0.2995370360576923 0.3075520841346154 0.2990740745192308 0.3088541658653846 0.33888888942307693 0.3515625 0.3370370360576923
11 0.3518229158653846 0.37453703605769234 0.3520833341346154 0.3356481490384615 0.3080729158653846 0.33333333413461536 0.3083333341346154 0.37453703605769234 0.3518229158653846 0.37453703605769234
11 0.39299242307692306 0.08038720432692308 0.39322916586538464 0.04166666586538462 0.34943181730769235 0.044612795673076924 0.3496685600961538 0.08080808173076924 0.39299242307692306 0.08038720432692308
11 0.39488636298076923 0.11700336778846153 0.39464962019230765 0.07786195192307692 0.35085227163461535 0.07870370432692307 0.3513257572115384 0.11616161538461538 0.39488636298076923 0.11700336778846153
11 0.39607007692307694 0.15404040384615386 0.3951231057692308 0.11405723798076924 0.3501420456730769 0.11489899038461539 0.3515625 0.15740740625 0.39607007692307694 0.15404040384615386
11 0.4375 0.08122895673076923 0.43702651442307694 0.040824915865384614 0.3920454543269231 0.041245790865384616 0.39299242307692306 0.08080808173076924 0.4375 0.08122895673076923
11 0.4375 0.11784511778846155 0.4377367427884616 0.07996632932692307 0.39299242307692306 0.07996632932692307 0.3951231057692308 0.1203703701923077 0.4375 0.11784511778846155
11 0.48342803125 0.12121212019230769 0.48366477163461535 0.08080808173076924 0.44010416586538464 0.07828282932692308 0.4403409086538461 0.08417508413461539 0.4393939399038462 0.12079124519230769 0.48342803125 0.12121212019230769
11 0.48058712019230765 0.08333333413461538 0.48011363701923077 0.04292929326923077 0.4346590913461539 0.043771043269230765 0.43655303125 0.08164983173076923 0.48058712019230765 0.08333333413461538
11 0.43844696875 0.15361952884615385 0.4377367427884616 0.11616161538461538 0.3951231057692308 0.11489899038461539 0.3953598485576923 0.15656565625000002 0.43844696875 0.15361952884615385
11 0.39583333413461536 0.19191919230769233 0.39607007692307694 0.1519360264423077 0.3501420456730769 0.14983164903846152 0.35061553125 0.19023568990384615 0.39583333413461536 0.19191919230769233
11 0.3953598485576923 0.22685185096153845 0.3953598485576923 0.18560606009615382 0.35085227163461535 0.18686868750000002 0.35037878846153847 0.22811447836538462 0.3953598485576923 0.22685185096153845
11 0.39583333413461536 0.2626262620192308 0.3934659086538461 0.22053872115384615 0.35085227163461535 0.2234848485576923 0.3517992427884616 0.2647306394230769 0.39583333413461536 0.2626262620192308
11 0.39488636298076923 0.30050505048076925 0.39583333413461536 0.2588383846153846 0.3515625 0.25968013461538464 0.35250946875 0.3030303028846154 0.39488636298076923 0.30050505048076925
11 0.39630681730769235 0.33712121153846153 0.39725378846153847 0.2958754206730769 0.35250946875 0.29503367067307695 0.3515625 0.33922558894230764 0.39630681730769235 0.33712121153846153
11 0.39488636298076923 0.3728956225961539 0.39583333413461536 0.33459595913461543 0.35061553125 0.3329124567307692 0.35250946875 0.37626262740384614 0.39488636298076923 0.3728956225961539
11 0.43844696875 0.19191919230769233 0.43844696875 0.15319865384615386 0.39417613701923077 0.1510942764423077 0.39488636298076923 0.15740740625 0.39488636298076923 0.1927609423076923 0.43844696875 0.19191919230769233
11 0.4391571971153846 0.2285353533653846 0.43797348557692306 0.18897306490384616 0.39488636298076923 0.18813131249999998 0.39488636298076923 0.22979798076923078 0.4391571971153846 0.2285353533653846
11 0.43986742307692306 0.2643097644230769 0.43963068269230765 0.2230639735576923 0.39488636298076923 0.2230639735576923 0.3937026514423077 0.26346801442307693 0.43986742307692306 0.2643097644230769
11 0.4824810600961538 0.23148148076923075 0.4827178028846154 0.19107743990384615 0.4375 0.1885521875 0.4389204543269231 0.23358585817307692 0.4824810600961538 0.23148148076923075
11 0.48342803125 0.1944444447115385 0.4841382572115384 0.15614478124999998 0.44105113701923077 0.15404040384615386 0.44010416586538464 0.19402356971153845 0.48342803125 0.1944444447115385
11 0.43986742307692306 0.30092592548076924 0.4389204543269231 0.2588383846153846 0.39417613701923077 0.25968013461538464 0.39630681730769235 0.3030303028846154 0.43986742307692306 0.30092592548076924
11 0.43844696875 0.3396464639423077 0.4391571971153846 0.2975589230769231 0.3955965913461539 0.2962962956730769 0.3953598485576923 0.3404882163461539 0.43844696875 0.3396464639423077
11 0.4393939399038462 0.37415825 0.4393939399038462 0.33333333413461536 0.39464962019230765 0.3324915817307692 0.3939393942307692 0.37415825 0.4393939399038462 0.37415825
11 0.48342803125 0.2647306394230769 0.48319128846153847 0.2293771033653846 0.44152462019230765 0.22811447836538462 0.43844696875 0.23316498317307693 0.43986742307692306 0.26683501682692307 0.48342803125 0.2647306394230769
11 0.4827178028846154 0.3030303028846154 0.48342803125 0.26304713701923077 0.43797348557692306 0.2626262620192308 0.43868371153846153 0.3038720528846154 0.4827178028846154 0.3030303028846154
11 0.48484848557692306 0.3404882163461539 0.48532196875 0.3017676778846154 0.4375 0.3030303028846154 0.4393939399038462 0.3409090913461539 0.48484848557692306 0.3404882163461539
11 0.4824810600961538 0.375420875 0.4815340913461539 0.33375420913461534 0.4391571971153846 0.3350168341346154 0.4389204543269231 0.37626262740384614 0.4824810600961538 0.375420875
11 0.4829545456730769 0.15824915865384614 0.48342803125 0.11742424278846153 0.43986742307692306 0.11489899038461539 0.43868371153846153 0.15656565625000002 0.4829545456730769 0.15824915865384614
11 0.5364583341346154 0.08164983173076923 0.53811553125 0.04166666586538462 0.4940814399038462 0.037037036057692305 0.49266098557692306 0.07617845192307691 0.5364583341346154 0.08164983173076923
11 0.5355113629807693 0.11700336778846153 0.5355113629807693 0.07659932692307693 0.49171401442307694 0.07070706971153846 0.4905303028846154 0.07828282932692308 0.49124053125 0.11405723798076924 0.5355113629807693 0.11700336778846153
11 0.5345643942307692 0.15614478124999998 0.5357481057692308 0.11321548798076922 0.4888731057692308 0.10732323317307692 0.4891098485576923 0.11363636298076923 0.4893465913461539 0.14898989903846155 0.5345643942307692 0.15614478124999998
11 0.5345643942307692 0.1927609423076923 0.5352746201923076 0.1519360264423077 0.4907670456730769 0.14351851923076925 0.4891098485576923 0.18602693509615384 0.5345643942307692 0.1927609423076923
11 0.5331439399038461 0.2302188557692308 0.5343276514423076 0.1872895625 0.4902935600961538 0.1805555552884615 0.4905303028846154 0.18686868750000002 0.48958333413461536 0.22390572355769228 0.5331439399038461 0.2302188557692308
11 0.5340909086538461 0.2643097644230769 0.5343276514423076 0.2234848485576923 0.4893465913461539 0.21632996634615387 0.48958333413461536 0.22811447836538462 0.4907670456730769 0.26136363701923077 0.5340909086538461 0.2643097644230769
11 0.5307765144230769 0.3034511778846154 0.53219696875 0.26220538701923074 0.4872159086538461 0.2554713798076923 0.4872159086538461 0.26178451201923075 0.4872159086538461 0.2979797980769231 0.5307765144230769 0.3034511778846154
11 0.5326704543269231 0.34259259375 0.5336174230769231 0.3000841754807692 0.48816287980769235 0.2908249158653846 0.48816287980769235 0.2979797980769231 0.4874526514423077 0.33585858653846157 0.5326704543269231 0.34259259375
11 0.53219696875 0.3766835024038461 0.5333806826923077 0.3354377115384616 0.4888731057692308 0.3295454543269231 0.4872159086538461 0.3720538725961538 0.53219696875 0.3766835024038461
11 0.5804924230769231 0.08122895673076923 0.5819128798076924 0.03745791346153846 0.5383522716346154 0.034511783653846155 0.5369318173076923 0.07786195192307692 0.5804924230769231 0.08122895673076923
11 0.5814393942307692 0.11742424278846153 0.5807291658653846 0.07407407451923077 0.5340909086538461 0.07070706971153846 0.5345643942307692 0.07744107692307692 0.5364583341346154 0.11616161538461538 0.5814393942307692 0.11742424278846153
11 0.5807291658653846 0.1519360264423077 0.5807291658653846 0.11153198557692308 0.5350378798076924 0.11111111057692308 0.5355113629807693 0.15361952884615385 0.5807291658653846 0.1519360264423077
11 0.5788352283653846 0.19065656490384614 0.5795454543269231 0.14688552163461538 0.5331439399038461 0.1506734014423077 0.5348011370192307 0.18897306490384616 0.5788352283653846 0.19065656490384614
11 0.5776515144230769 0.22769360336538463 0.57907196875 0.18560606009615382 0.5343276514423076 0.1805555552884615 0.5336174230769231 0.22601010096153845 0.5776515144230769 0.22769360336538463
11 0.6257102283653846 0.08080808173076924 0.6261837115384616 0.03914141346153846 0.5809659086538461 0.0361952860576923 0.5821496201923076 0.07659932692307693 0.6257102283653846 0.08080808173076924
11 0.6245265144230768 0.11489899038461539 0.6247632572115385 0.07533669951923078 0.5826231057692308 0.07196969711538462 0.5804924230769231 0.07659932692307693 0.5804924230769231 0.11447811538461537 0.6245265144230768 0.11489899038461539
11 0.5785984855769231 0.2647306394230769 0.5795454543269231 0.22264309855769232 0.5340909086538461 0.21969696875 0.5326704543269231 0.26346801442307693 0.5785984855769231 0.2647306394230769
11 0.57717803125 0.29924242307692306 0.5776515144230769 0.25757575721153847 0.5338541658653846 0.2554713798076923 0.5340909086538461 0.2979797980769231 0.57717803125 0.29924242307692306
11 0.5776515144230769 0.33712121153846153 0.5783617427884615 0.2967171706730769 0.53219696875 0.29377104326923076 0.5326704543269231 0.2996633004807692 0.5326704543269231 0.33838383894230767 0.5776515144230769 0.33712121153846153
11 0.57717803125 0.3733164975961539 0.5767045456730769 0.3329124567307692 0.5317234855769231 0.33122895673076924 0.53219696875 0.33838383894230767 0.5319602283653846 0.375420875 0.57717803125 0.3733164975961539
11 0.62405303125 0.15277777884615384 0.6245265144230768 0.10900673317307692 0.5819128798076924 0.10732323317307692 0.5800189399038461 0.11279461298076923 0.5809659086538461 0.1510942764423077 0.62405303125 0.15277777884615384
11 0.6238162884615384 0.19107743990384615 0.6245265144230768 0.14772727163461538 0.5793087115384615 0.14351851923076925 0.5785984855769231 0.1506734014423077 0.5785984855769231 0.1877104375 0.6238162884615384 0.19107743990384615
11 0.6216856057692308 0.2285353533653846 0.6233428028846154 0.18518518509615384 0.5795454543269231 0.1805555552884615 0.578125 0.18939393990384618 0.5776515144230769 0.22264309855769232 0.6216856057692308 0.2285353533653846
11 0.6690340913461538 0.07954545432692309 0.6683238629807692 0.03872053846153846 0.6247632572115385 0.03324915865384615 0.6242897716346154 0.07575757692307693 0.6690340913461538 0.07954545432692309
11 0.6680871201923076 0.11742424278846153 0.6687973485576924 0.07533669951923078 0.6238162884615384 0.07028619471153846 0.6235795456730769 0.07828282932692308 0.62405303125 0.11574074038461538 0.6680871201923076 0.11742424278846153
11 0.6219223485576924 0.2643097644230769 0.6221590913461538 0.2230639735576923 0.5778882572115385 0.21801346875 0.5778882572115385 0.26178451201923075 0.6219223485576924 0.2643097644230769
11 0.6209753798076924 0.3000841754807692 0.6209753798076924 0.25799663221153846 0.5769412884615385 0.2554713798076923 0.57717803125 0.29882154807692307 0.6209753798076924 0.3000841754807692
11 0.6202651514423076 0.33670033653846154 0.6205018942307692 0.2946127956730769 0.5752840913461539 0.2925084182692308 0.5750473485576924 0.33712121153846153 0.6202651514423076 0.33670033653846154
11 0.6207386370192308 0.37079124519230766 0.6205018942307692 0.33164983173076923 0.5759943173076923 0.32828282932692304 0.5762310600961539 0.3695286201923077 0.6207386370192308 0.37079124519230766
11 0.6638257572115385 0.3354377115384616 0.66311553125 0.29335016826923077 0.6200284086538462 0.28998316586538464 0.6197916658653846 0.2962962956730769 0.6197916658653846 0.3329124567307692 0.6638257572115385 0.3354377115384616
11 0.6614583341346154 0.3720538725961538 0.6619318173076922 0.3320707067307692 0.6190814399038461 0.3278619519230769 0.6197916658653846 0.3350168341346154 0.6190814399038461 0.3703703701923077 0.6614583341346154 0.3720538725961538
11 0.6647727283653846 0.29882154807692307 0.6638257572115385 0.25757575721153847 0.6214488629807692 0.2546296298076923 0.6207386370192308 0.29924242307692306 0.6647727283653846 0.29882154807692307
11 0.6652462115384616 0.2626262620192308 0.6638257572115385 0.22053872115384615 0.6219223485576924 0.21885521875000002 0.6212121201923076 0.2592592596153846 0.6652462115384616 0.2626262620192308
11 0.6676136370192308 0.22727272836538462 0.6671401514423076 0.18560606009615382 0.6214488629807692 0.18392256009615385 0.6216856057692308 0.22685185096153845 0.6676136370192308 0.22727272836538462
11 0.6685606057692308 0.15361952884615385 0.6687973485576924 0.11069023557692306 0.6235795456730769 0.10816498317307693 0.6228693173076922 0.15235690144230768 0.6685606057692308 0.15361952884615385
11 0.6671401514423076 0.18981481490384616 0.6673768942307692 0.14856902403846153 0.6226325769230769 0.14351851923076925 0.6221590913461538 0.14983164903846152 0.6221590913461538 0.18686868750000002 0.6671401514423076 0.18981481490384616
11 0.7130681826923078 0.07996632932692307 0.7130681826923078 0.03872053846153846 0.6669034086538462 0.03282828365384615 0.6661931826923078 0.04040404086538462 0.6673768942307692 0.07533669951923078 0.7130681826923078 0.07996632932692307
11 0.7554450769230769 0.08164983173076923 0.7561553028846154 0.03998316586538461 0.7128314399038461 0.034090908653846154 0.7121212115384616 0.04040404086538462 0.7125946971153846 0.07659932692307693 0.7554450769230769 0.08164983173076923
11 0.7125946971153846 0.11700336778846153 0.71188446875 0.07491582451923076 0.6680871201923076 0.07196969711538462 0.6687973485576924 0.11447811538461537 0.7125946971153846 0.11700336778846153
11 0.7561553028846154 0.11826599278846153 0.7575757572115385 0.07954545432692309 0.7125946971153846 0.07575757692307693 0.7130681826923078 0.11237373798076923 0.7561553028846154 0.11826599278846153
11 0.7556818173076922 0.1519360264423077 0.7559185600961539 0.11195286298076924 0.7135416658653846 0.10816498317307693 0.7125946971153846 0.1464646466346154 0.7556818173076922 0.1519360264423077
11 0.7556818173076922 0.19023568990384615 0.7563920456730769 0.1510942764423077 0.7109375 0.14520201923076922 0.7114109855769232 0.1877104375 0.7556818173076922 0.19023568990384615
11 0.7102272716346154 0.15614478124999998 0.7114109855769232 0.11363636298076923 0.6685606057692308 0.11026936057692308 0.6671401514423076 0.15488215384615384 0.7102272716346154 0.15614478124999998
11 0.7107007572115385 0.19149831730769232 0.7104640144230768 0.15235690144230768 0.6647727283653846 0.15235690144230768 0.6645359855769232 0.1885521875 0.7107007572115385 0.19149831730769232
11 0.7097537884615384 0.2293771033653846 0.7104640144230768 0.1872895625 0.6669034086538462 0.18392256009615385 0.6652462115384616 0.19023568990384615 0.6666666658653846 0.22769360336538463 0.7097537884615384 0.2293771033653846
11 0.7088068173076922 0.26683501682692307 0.7095170456730769 0.22516835096153848 0.6657196971153846 0.22222222115384616 0.6652462115384616 0.26346801442307693 0.7088068173076922 0.26683501682692307
11 0.7069128798076924 0.30092592548076924 0.7071496201923076 0.2609427620192308 0.6647727283653846 0.2558922548076923 0.6638257572115385 0.2626262620192308 0.6647727283653846 0.29882154807692307 0.7069128798076924 0.30092592548076924
11 0.7062026514423076 0.33627946153846155 0.7080965913461538 0.2975589230769231 0.6645359855769232 0.29335016826923077 0.66311553125 0.33585858653846157 0.7062026514423076 0.33627946153846155
11 0.7059659086538462 0.37079124519230766 0.7057291658653846 0.33122895673076924 0.6619318173076922 0.3299663293269231 0.6609848485576924 0.3720538725961538 0.7059659086538462 0.37079124519230766
11 0.7571022716346154 0.22516835096153848 0.7573390144230768 0.1872895625 0.7130681826923078 0.18265993269230768 0.7128314399038461 0.22390572355769228 0.7571022716346154 0.22516835096153848
11 0.7552083341346154 0.2638888894230769 0.7559185600961539 0.2243265985576923 0.7135416658653846 0.21759259375 0.7135416658653846 0.21801346875 0.7130681826923078 0.22390572355769228 0.7123579543269231 0.2601010096153846 0.7552083341346154 0.2638888894230769
11 0.7528409086538462 0.3000841754807692 0.7535511370192308 0.26304713701923077 0.7092803028846154 0.2601010096153846 0.7090435600961539 0.2967171706730769 0.7528409086538462 0.3000841754807692
11 0.75 0.3379629639423077 0.7502367427884615 0.2958754206730769 0.7092803028846154 0.2925084182692308 0.7078598485576924 0.29882154807692307 0.7083333341346154 0.33627946153846155 0.75 0.3379629639423077
11 0.7487936370192307 0.3708333269230769 0.7488162884615384 0.33333333413461536 0.7073863629807692 0.33080808173076925 0.7057291658653846 0.375420875 0.7487936370192307 0.3708333269230769
11 0.23579545432692306 0.42634680048076923 0.23555871153846153 0.38636363701923077 0.18844696875 0.38383838461538466 0.18868371153846153 0.4229797980769231 0.23579545432692306 0.42634680048076923
11 0.23319128846153847 0.46170033653846154 0.23319128846153847 0.4221380480769231 0.18655303125 0.41919191826923075 0.18678977163461538 0.45875420913461534 0.23319128846153847 0.46170033653846154
11 0.23106060576923076 0.5012626274038461 0.2305871201923077 0.4600168341346154 0.1844223485576923 0.4549663293269231 0.18323863701923077 0.46212121153846153 0.1844223485576923 0.49915825 0.23106060576923076 0.5012626274038461
11 0.23319128846153847 0.5412457908653846 0.2322443173076923 0.49873737259615386 0.18821022836538462 0.4945286201923077 0.18655303125 0.5 0.18678977163461538 0.5378787884615385 0.23319128846153847 0.5412457908653846
11 0.23248106009615382 0.5770202019230769 0.23248106009615382 0.5357744110576923 0.18631628846153847 0.53072390625 0.18607954567307694 0.5370370360576924 0.18678977163461538 0.5740740745192308 0.23248106009615382 0.5770202019230769
11 0.28125 0.4259259254807692 0.28030303125 0.3834175096153846 0.2360321971153846 0.3808922548076923 0.23484848557692306 0.4225589230769231 0.28125 0.4259259254807692
11 0.28077651442307694 0.46212121153846153 0.28172348557692306 0.4221380480769231 0.23319128846153847 0.4170875432692308 0.23153409134615383 0.42424242307692306 0.2327178028846154 0.4625420865384615 0.28077651442307694 0.46212121153846153
11 0.2781723485576923 0.5025252524038462 0.27888257692307694 0.45833333413461536 0.23319128846153847 0.45580808173076925 0.23153409134615383 0.4646464639423077 0.23153409134615383 0.5033670024038461 0.2781723485576923 0.5025252524038462
11 0.27793560576923076 0.5420875432692308 0.27793560576923076 0.499579125 0.2303503798076923 0.4966329975961538 0.23153409134615383 0.5387205384615384 0.27793560576923076 0.5420875432692308
11 0.27769886298076923 0.5795454543269231 0.27769886298076923 0.5366161610576923 0.2327178028846154 0.5340909086538461 0.2320075769230769 0.5404040408653846 0.2322443173076923 0.5791245793269231 0.27769886298076923 0.5795454543269231
11 0.23295454567307694 0.6170033677884615 0.23366477163461538 0.5770202019230769 0.18655303125 0.5732323221153846 0.18631628846153847 0.6127946129807692 0.23295454567307694 0.6170033677884615
11 0.23342803125 0.65530303125 0.23390151442307694 0.611531985576923 0.18702651442307694 0.6069023557692308 0.18655303125 0.6153198653846154 0.18631628846153847 0.6515151514423076 0.23342803125 0.65530303125
11 0.23484848557692306 0.6944444447115384 0.23508522836538462 0.6523569014423077 0.1896306826923077 0.6464646466346153 0.18797348557692306 0.65572390625 0.18797348557692306 0.6910774399038462 0.23484848557692306 0.6944444447115384
11 0.23626893990384618 0.7297979807692307 0.23697916586538462 0.6885521874999999 0.19105113701923077 0.6813973052884615 0.1898674230769231 0.6893939399038461 0.1896306826923077 0.7247474735576923 0.23626893990384618 0.7297979807692307
11 0.27888257692307694 0.6186868677884616 0.2791193173076923 0.5753366995192308 0.23248106009615382 0.5728114471153846 0.23319128846153847 0.6178451177884615 0.27888257692307694 0.6186868677884616
11 0.28030303125 0.6540404038461538 0.27982954567307694 0.6153198653846154 0.23248106009615382 0.6144781153846154 0.23295454567307694 0.6540404038461538 0.28030303125 0.6540404038461538
11 0.28172348557692306 0.6936026947115385 0.28196022836538465 0.6519360264423076 0.23508522836538462 0.6477272716346154 0.23342803125 0.6548821538461538 0.234375 0.6919191923076924 0.28172348557692306 0.6936026947115385
11 0.28219696875 0.7293771033653846 0.28243371153846153 0.6877104374999999 0.2367424230769231 0.6877104374999999 0.2367424230769231 0.7276936033653846 0.28219696875 0.7293771033653846
11 0.32859848557692306 0.43223905769230775 0.32717803125 0.3909932668269231 0.28172348557692306 0.38804713701923077 0.28101325721153847 0.43223905769230775 0.32859848557692306 0.43223905769230775
11 0.32765151442307694 0.46927609374999996 0.3267045456730769 0.4276094278846154 0.28101325721153847 0.4259259254807692 0.27982954567307694 0.4335016826923077 0.28030303125 0.4709595961538462 0.32765151442307694 0.46927609374999996
11 0.32575757692307694 0.5075757572115385 0.3252840913461539 0.46759259375 0.27888257692307694 0.46632996634615387 0.2795928028846154 0.5079966322115385 0.32575757692307694 0.5075757572115385
11 0.32291666586538464 0.5467171706730769 0.32267992307692306 0.5079966322115385 0.27698863701923077 0.5075757572115385 0.2784090913461538 0.5437710432692308 0.32291666586538464 0.5467171706730769
11 0.3252840913461539 0.5854377115384616 0.3236268942307692 0.5425084182692308 0.2765151514423077 0.5387205384615384 0.2786458341346154 0.5858585865384616 0.3252840913461539 0.5854377115384616
11 0.32433712019230765 0.6224747475961538 0.3236268942307692 0.5808080817307693 0.2784090913461538 0.579966329326923 0.28077651442307694 0.6212121201923076 0.32433712019230765 0.6224747475961538
11 0.32433712019230765 0.6590909086538462 0.32457386298076923 0.6170033677884615 0.2791193173076923 0.6165824903846153 0.27793560576923076 0.6228956225961538 0.2795928028846154 0.6599326610576923 0.32433712019230765 0.6590909086538462
11 0.32717803125 0.6961279471153846 0.32717803125 0.65530303125 0.28053977163461535 0.6523569014423077 0.28125 0.6961279471153846 0.32717803125 0.6961279471153846
11 0.3278882572115384 0.734006733173077 0.32717803125 0.6914983173076923 0.28030303125 0.6910774399038462 0.28125 0.7306397307692307 0.3278882572115384 0.734006733173077
11 0.37381628846153847 0.4339225600961539 0.3721590913461539 0.3909932668269231 0.32694128846153847 0.38930976442307696 0.3262310600961538 0.43181818269230765 0.37381628846153847 0.4339225600961539
11 0.37405303125 0.46969696875 0.37428977163461535 0.4276094278846154 0.3278882572115384 0.4276094278846154 0.32717803125 0.43434343509615386 0.3283617427884616 0.46969696875 0.37405303125 0.46969696875
11 0.37073863701923077 0.5101010096153846 0.36955492307692306 0.46717171634615384 0.32552083413461536 0.46675084134615386 0.3233901514423077 0.47222222115384616 0.32552083413461536 0.5109427620192307 0.37073863701923077 0.5101010096153846
11 0.36979166586538464 0.5467171706730769 0.36955492307692306 0.5058922548076923 0.3219696971153846 0.5058922548076923 0.32433712019230765 0.5484006730769231 0.36979166586538464 0.5467171706730769
11 0.37121212019230765 0.5854377115384616 0.36931818269230765 0.5437710432692308 0.32457386298076923 0.5429292932692308 0.32291666586538464 0.5513468004807692 0.3236268942307692 0.5875420865384615 0.37121212019230765 0.5854377115384616
11 0.37073863701923077 0.6220538725961539 0.3700284086538461 0.579966329326923 0.3236268942307692 0.579966329326923 0.32291666586538464 0.5858585865384616 0.3248106057692308 0.6220538725961539 0.37073863701923077 0.6220538725961539
11 0.36979166586538464 0.6620370360576923 0.36955492307692306 0.6224747475961538 0.32291666586538464 0.6203703701923077 0.32410037980769235 0.6607744110576923 0.36979166586538464 0.6620370360576923
11 0.37263257692307694 0.6978114471153846 0.3731060600961538 0.6586700336538461 0.32575757692307694 0.6574074062499999 0.32717803125 0.6973905721153847 0.37263257692307694 0.6978114471153846
11 0.3721590913461539 0.7344276105769231 0.37263257692307694 0.6931818173076922 0.3262310600961538 0.6902356899038461 0.3267045456730769 0.7323232331730769 0.3721590913461539 0.7344276105769231
11 0.41619318269230765 0.5492424230769231 0.41453598557692306 0.5054713798076923 0.36955492307692306 0.5050505048076923 0.36931818269230765 0.5126262620192308 0.36979166586538464 0.5496633004807692 0.41619318269230765 0.5492424230769231
11 0.41974431730769235 0.4288720528846154 0.4187973485576923 0.3914141418269231 0.37428977163461535 0.38804713701923077 0.3721590913461539 0.3939393942307692 0.3721590913461539 0.4276094278846154 0.41974431730769235 0.4288720528846154
11 0.4654356057692308 0.4330808076923077 0.46519886298076923 0.39225589182692305 0.4199810600961538 0.39015151442307694 0.41927083413461536 0.43265993269230774 0.4654356057692308 0.4330808076923077
11 0.4221117427884616 0.46927609374999996 0.42069128846153847 0.4280303028846154 0.37286931730769235 0.4255050504807692 0.37286931730769235 0.46927609374999996 0.4221117427884616 0.46927609374999996
11 0.4171401514423077 0.5092592596153847 0.4173768942307692 0.4659090913461539 0.36931818269230765 0.46801346875 0.3702651514423077 0.5117845120192308 0.4171401514423077 0.5092592596153847
11 0.4656723485576923 0.46927609374999996 0.4659090913461539 0.4305555552884615 0.4190340913461539 0.43181818269230765 0.42069128846153847 0.46969696875 0.4656723485576923 0.46927609374999996
11 0.46496212019230765 0.5079966322115385 0.4642518942307692 0.46927609374999996 0.41785037980769235 0.46632996634615387 0.41666666586538464 0.4730639735576923 0.41927083413461536 0.5079966322115385 0.46496212019230765 0.5079966322115385
11 0.46164772836538465 0.5467171706730769 0.45999053125 0.5063131322115384 0.4126420456730769 0.5050505048076923 0.4124053028846154 0.5126262620192308 0.41335227163461535 0.5475589230769231 0.46164772836538465 0.5467171706730769
11 0.41666666586538464 0.5867003365384615 0.41666666586538464 0.545033670673077 0.3688446971153846 0.5446127956730769 0.3686079543269231 0.5867003365384615 0.41666666586538464 0.5867003365384615
11 0.41666666586538464 0.6233164975961538 0.4173768942307692 0.5812289567307692 0.3719223485576923 0.5808080817307693 0.37121212019230765 0.6254208750000001 0.41666666586538464 0.6233164975961538
11 0.46164772836538465 0.5850168341346154 0.46188446875 0.5441919182692307 0.4140625 0.5425084182692308 0.41619318269230765 0.5858585865384616 0.46164772836538465 0.5850168341346154
11 0.4628314399038462 0.6228956225961538 0.4623579543269231 0.5824915817307692 0.4169034086538461 0.5816498317307692 0.41477272836538465 0.5875420865384615 0.4173768942307692 0.6237373725961538 0.4628314399038462 0.6228956225961538
11 0.4157196971153846 0.6607744110576923 0.4154829543269231 0.6199494951923078 0.3702651514423077 0.6186868677884616 0.37121212019230765 0.6616161610576923 0.4157196971153846 0.6607744110576923
11 0.4185606057692308 0.6994949495192307 0.41785037980769235 0.6586700336538461 0.37073863701923077 0.65572390625 0.3705018942307692 0.6961279471153846 0.4185606057692308 0.6994949495192307
11 0.41619318269230765 0.7356902355769231 0.4169034086538461 0.6936026947115385 0.37286931730769235 0.6910774399038462 0.3721590913461539 0.6969696971153846 0.3716856057692308 0.7344276105769231 0.41619318269230765 0.7356902355769231
11 0.46164772836538465 0.6599326610576923 0.4592803028846154 0.6191077451923076 0.41642992307692306 0.6182659927884615 0.41477272836538465 0.6245791249999999 0.41500946875 0.6607744110576923 0.46164772836538465 0.6599326610576923
11 0.46354166586538464 0.6969696971153846 0.4640151514423077 0.6569865312500001 0.41808712019230765 0.6548821538461538 0.41927083413461536 0.6969696971153846 0.46354166586538464 0.6969696971153846
11 0.46354166586538464 0.735269360576923 0.4623579543269231 0.6931818173076922 0.41761363701923077 0.6914983173076923 0.41619318269230765 0.6969696971153846 0.41666666586538464 0.734006733173077 0.46354166586538464 0.735269360576923
11 0.5108901514423076 0.4389730649038462 0.5127840913461539 0.3985690240384615 0.4654356057692308 0.39730639663461537 0.4656723485576923 0.43518518509615384 0.5108901514423076 0.4389730649038462
11 0.5123106057692308 0.4755892259615385 0.5125473485576924 0.43223905769230775 0.46756628846153847 0.4276094278846154 0.4654356057692308 0.4335016826923077 0.46614583413461536 0.4730639735576923 0.5123106057692308 0.4755892259615385
11 0.5104166658653846 0.5122053870192308 0.5132575769230769 0.46969696875 0.4668560600961538 0.46717171634615384 0.46638257692307694 0.5067340072115385 0.5104166658653846 0.5122053870192308
11 0.5175189399038461 0.5606060600961539 0.5182291658653846 0.5155723894230769 0.46780303125 0.5101010096153846 0.46803977163461535 0.5538720528846154 0.5175189399038461 0.5606060600961539
11 0.5094696971153846 0.5883838389423077 0.5094696971153846 0.5488215480769231 0.4637784086538461 0.5441919182692307 0.46496212019230765 0.5837542091346154 0.5094696971153846 0.5883838389423077
11 0.5089962115384615 0.6245791249999999 0.5111268942307692 0.5862794615384616 0.46448863701923077 0.579966329326923 0.4637784086538461 0.6203703701923077 0.5089962115384615 0.6245791249999999
11 0.5075757572115385 0.6607744110576923 0.50875946875 0.6199494951923078 0.46496212019230765 0.6136363629807693 0.46496212019230765 0.65614478125 0.5075757572115385 0.6607744110576923
11 0.5094696971153846 0.7003366995192307 0.5108901514423076 0.65530303125 0.46661931730769235 0.6494107740384615 0.4640151514423077 0.6548821538461538 0.46330492307692306 0.6936026947115385 0.5094696971153846 0.7003366995192307
11 0.5099431826923077 0.7356902355769231 0.5120738629807693 0.6931818173076922 0.4659090913461539 0.6868686875 0.46496212019230765 0.7302188557692308 0.5099431826923077 0.7356902355769231
11 0.5568181826923077 0.4385521875 0.5575284086538461 0.39772727163461535 0.5134943173076923 0.3930976442307692 0.5099431826923077 0.3981481490384615 0.5104166658653846 0.4360269350961538 0.5568181826923077 0.4385521875
11 0.5572916658653846 0.47727272836538465 0.5570549230769231 0.4335016826923077 0.5125473485576924 0.4305555552884615 0.5118371201923076 0.4747474735576923 0.5572916658653846 0.47727272836538465
11 0.5587121201923076 0.514309764423077 0.5591856057692308 0.4726430985576923 0.5130208341346154 0.46717171634615384 0.5123106057692308 0.5101010096153846 0.5587121201923076 0.514309764423077
11 0.5613162884615385 0.5530303028846154 0.5606060600961539 0.5105218846153846 0.5170454543269231 0.5071548822115385 0.51467803125 0.5505050504807693 0.5613162884615385 0.5530303028846154
11 0.5596590913461539 0.5862794615384616 0.5603693173076923 0.5479797980769231 0.5172821971153846 0.5433501682692308 0.51467803125 0.5479797980769231 0.5149147716346154 0.5871212115384615 0.5596590913461539 0.5862794615384616
11 0.5506628798076924 0.6136363629807693 0.5513731057692308 0.5778619519230769 0.5104166658653846 0.5715488221153846 0.5085227283653846 0.5791245793269231 0.5085227283653846 0.609006733173077 0.5506628798076924 0.6136363629807693
11 0.5539772716346154 0.6611952860576923 0.55374053125 0.6207912451923078 0.5089962115384615 0.6191077451923076 0.5080492427884615 0.6595117836538461 0.5539772716346154 0.6611952860576923
11 0.5553977283653846 0.6986531995192308 0.55563446875 0.6582491586538463 0.5104166658653846 0.65572390625 0.5108901514423076 0.6986531995192308 0.5553977283653846 0.6986531995192308
11 0.5544507572115385 0.735269360576923 0.5551609855769231 0.6923400673076923 0.5106534086538461 0.6906565649038462 0.5099431826923077 0.6978114471153846 0.5101799230769231 0.7314814807692307 0.5544507572115385 0.735269360576923
11 0.6013257572115385 0.4410774399038461 0.6010890144230769 0.39772727163461535 0.5544507572115385 0.3964646466346154 0.5549242427884615 0.43686868749999996 0.6013257572115385 0.4410774399038461
11 0.6472537884615384 0.44065656490384614 0.6465435600961539 0.4002525264423077 0.6013257572115385 0.3989898990384615 0.60250946875 0.44023568990384615 0.6472537884615384 0.44065656490384614
11 0.6908143942307692 0.44318181730769235 0.6910511370192308 0.3998316490384616 0.6451231057692308 0.3985690240384615 0.6477272716346154 0.44276094230769225 0.6908143942307692 0.44318181730769235
11 0.6022727283653846 0.4764309759615385 0.6020359855769231 0.43518518509615384 0.5568181826923077 0.43139730528846154 0.5549242427884615 0.4747474735576923 0.6022727283653846 0.4764309759615385
11 0.6029829543269231 0.5151515144230769 0.6032196971153846 0.47180134615384617 0.5568181826923077 0.4705387211538462 0.5575284086538461 0.5117845120192308 0.6029829543269231 0.5151515144230769
11 0.6053503798076924 0.5526094278846154 0.6044034086538461 0.5096801346153846 0.5608428028846154 0.5084175096153847 0.5591856057692308 0.514309764423077 0.5606060600961539 0.5530303028846154 0.6053503798076924 0.5526094278846154
11 0.6041666658653846 0.5892255889423077 0.6041666658653846 0.5471380480769231 0.5589488629807693 0.5441919182692307 0.5582386370192307 0.5862794615384616 0.6041666658653846 0.5892255889423077
11 0.5994318173076923 0.6266835024038462 0.5982481057692308 0.5824915817307692 0.5565814399038461 0.5808080817307693 0.5539772716346154 0.5867003365384615 0.5535037884615385 0.6237373725961538 0.5994318173076923 0.6266835024038462
11 0.5984848485576924 0.6641414134615384 0.5987215913461539 0.6233164975961538 0.5520833341346154 0.6212121201923076 0.5546875 0.6599326610576923 0.5984848485576924 0.6641414134615384
11 0.5989583341346154 0.7007575769230769 0.5989583341346154 0.6569865312500001 0.5527935600961539 0.65572390625 0.5535037884615385 0.6994949495192307 0.5989583341346154 0.7007575769230769
11 0.5980113629807693 0.7356902355769231 0.5991950769230769 0.6927609423076924 0.5542140144230769 0.6910774399038462 0.5532670456730769 0.7331649831730769 0.5980113629807693 0.7356902355769231
11 0.6432291658653846 0.7369528629807692 0.6401515144230768 0.6931818173076922 0.5968276514423076 0.6923400673076923 0.5956439399038461 0.6986531995192308 0.5968276514423076 0.7348484855769232 0.6432291658653846 0.7369528629807692
11 0.6477272716346154 0.4785353533653846 0.6470170456730769 0.43686868749999996 0.6022727283653846 0.43686868749999996 0.6022727283653846 0.47727272836538465 0.6477272716346154 0.4785353533653846
11 0.6936553028846154 0.47979798076923075 0.6929450769230769 0.4364478125 0.6463068173076922 0.4339225600961539 0.6477272716346154 0.4781144783653846 0.6936553028846154 0.47979798076923075
11 0.7362689399038461 0.44234006730769226 0.7346117427884615 0.4015151514423077 0.6924715913461538 0.3981481490384615 0.6898674230769231 0.40319865384615383 0.6910511370192308 0.44023568990384615 0.7362689399038461 0.44234006730769226
11 0.7376893942307692 0.4806397307692307 0.7365056826923078 0.43728956249999995 0.6910511370192308 0.4356060600961538 0.6903409086538462 0.4419191923076923 0.6908143942307692 0.4781144783653846 0.7376893942307692 0.4806397307692307
11 0.7381628798076924 0.514309764423077 0.7374526514423076 0.4755892259615385 0.6922348485576924 0.4747474735576923 0.6934185600961539 0.514309764423077 0.7381628798076924 0.514309764423077
11 0.6496212115384616 0.514730639423077 0.6489109855769232 0.4755892259615385 0.6020359855769231 0.4734848485576923 0.6027462115384615 0.47979798076923075 0.6041666658653846 0.515993266826923 0.6496212115384616 0.514730639423077
11 0.6936553028846154 0.515993266826923 0.6934185600961539 0.4739057235576923 0.6491477283653846 0.4726430985576923 0.64938446875 0.5180976442307692 0.6936553028846154 0.515993266826923
11 0.6500946971153846 0.5521885528846154 0.64938446875 0.5084175096153847 0.6036931826923077 0.5088383846153847 0.6060606057692308 0.5521885528846154 0.6500946971153846 0.5521885528846154
11 0.6496212115384616 0.5875420865384615 0.6484375 0.5454545456730769 0.6022727283653846 0.5454545456730769 0.6036931826923077 0.5892255889423077 0.6496212115384616 0.5875420865384615
11 0.6439393942307692 0.62584175 0.6434659086538462 0.5850168341346154 0.5977746201923076 0.5845959591346154 0.5980113629807693 0.59259259375 0.5987215913461539 0.6262626274038462 0.6439393942307692 0.62584175
11 0.6434659086538462 0.6632996634615385 0.6422821971153846 0.6203703701923077 0.5975378798076924 0.6207912451923078 0.5984848485576924 0.6624579134615385 0.6434659086538462 0.6632996634615385
11 0.6429924230769231 0.6994949495192307 0.6437026514423076 0.6595117836538461 0.5996685600961539 0.6574074062499999 0.5989583341346154 0.6978114471153846 0.6429924230769231 0.6994949495192307
11 0.6950757572115385 0.5530303028846154 0.6946022716346154 0.5113636370192307 0.6496212115384616 0.5088383846153847 0.6500946971153846 0.5534511778846154 0.6950757572115385 0.5530303028846154
11 0.7410037884615384 0.5534511778846154 0.7398200769230769 0.5109427620192307 0.6950757572115385 0.5113636370192307 0.6964962115384616 0.5534511778846154 0.7410037884615384 0.5534511778846154
11 0.6950757572115385 0.5904882163461539 0.69436553125 0.5488215480769231 0.64938446875 0.5467171706730769 0.6486742427884615 0.5530303028846154 0.6486742427884615 0.5892255889423077 0.6950757572115385 0.5904882163461539
11 0.6870265144230768 0.6262626274038462 0.6875 0.5845959591346154 0.6439393942307692 0.5837542091346154 0.6434659086538462 0.6262626274038462 0.6870265144230768 0.6262626274038462
11 0.7410037884615384 0.5883838389423077 0.7395833341346154 0.5475589230769231 0.6953125 0.5467171706730769 0.6941287884615384 0.5530303028846154 0.6950757572115385 0.5892255889423077 0.7410037884615384 0.5883838389423077
11 0.7405303028846154 0.625 0.7402935600961539 0.5837542091346154 0.6938920456730769 0.5824915817307692 0.6941287884615384 0.5900673389423077 0.69436553125 0.6237373725961538 0.7405303028846154 0.625
11 0.6870265144230768 0.6641414134615384 0.6863162884615384 0.6228956225961538 0.6410984855769232 0.6212121201923076 0.6420454543269231 0.6632996634615385 0.6870265144230768 0.6641414134615384
11 0.6882102283653846 0.6994949495192307 0.6882102283653846 0.6586700336538461 0.64157196875 0.6569865312500001 0.6410984855769232 0.6999158245192307 0.6882102283653846 0.6994949495192307
11 0.6875 0.736111110576923 0.6856060600961539 0.6948653197115384 0.6410984855769232 0.6927609423076924 0.6408617427884615 0.7365319855769231 0.6875 0.736111110576923
11 0.7331912884615384 0.6620370360576923 0.7331912884615384 0.6220538725961539 0.6879734855769232 0.6207912451923078 0.6879734855769232 0.6624579134615385 0.7331912884615384 0.6620370360576923
11 0.7327178028846154 0.6982323221153847 0.7317708341346154 0.65614478125 0.6872632572115385 0.65530303125 0.68655303125 0.6632996634615385 0.6872632572115385 0.6969696971153846 0.7327178028846154 0.6982323221153847
11 0.7296401514423076 0.734006733173077 0.7303503798076924 0.6936026947115385 0.6841856057692308 0.6944444447115384 0.6853693173076922 0.7356902355769231 0.7296401514423076 0.734006733173077
11 0.24088541586538462 0.7827932091346154 0.2413194447115385 0.7430555552884616 0.19856770913461538 0.7426697524038463 0.1983506947115385 0.7808641971153846 0.24088541586538462 0.7827932091346154
11 0.23654513942307692 0.8171296298076923 0.2374131947115385 0.7789351850961539 0.19314236057692308 0.7762345673076924 0.19270833413461538 0.7816358028846154 0.1924913197115385 0.8175154326923076 0.23654513942307692 0.8171296298076923
11 0.23611111057692308 0.8522376538461539 0.23654513942307692 0.815972221153846 0.1924913197115385 0.8109567908653846 0.19184027884615384 0.8163580240384616 0.19162326442307692 0.8526234567307692 0.23611111057692308 0.8522376538461539
11 0.23502604086538462 0.8877314807692307 0.23589409615384616 0.8506944447115384 0.19118923557692308 0.8483796298076923 0.1922743052884615 0.8541666658653846 0.1922743052884615 0.888888889423077 0.23502604086538462 0.8877314807692307
11 0.23697916586538462 0.9251543221153846 0.23763020913461538 0.8854166658653846 0.19487847115384616 0.8834876538461539 0.19357638942307692 0.8904320985576923 0.19379340384615384 0.9255401225961539 0.23697916586538462 0.9251543221153846
11 0.23958333413461538 0.9598765432692308 0.24045138942307692 0.9216820985576923 0.19769965384615384 0.920138889423077 0.19661458413461538 0.9259259254807692 0.19596354086538462 0.9591049375 0.23958333413461538 0.9598765432692308
11 0.2845052091346154 0.9259259254807692 0.2845052091346154 0.8877314807692307 0.24045138942307692 0.88580246875 0.24045138942307692 0.923611110576923 0.2845052091346154 0.9259259254807692
11 0.24088541586538462 0.9953703701923077 0.2413194447115385 0.9571759254807692 0.1983506947115385 0.9525462956730769 0.19748263942307692 0.9918981490384616 0.24088541586538462 0.9953703701923077
11 0.28667534615384616 0.9606481490384616 0.28667534615384616 0.9220679014423077 0.2413194447115385 0.9205246923076923 0.24153645913461538 0.9598765432692308 0.28667534615384616 0.9606481490384616
11 0.2877604158653846 0.9976851850961539 0.2888454855769231 0.95794753125 0.24587673557692308 0.954861110576923 0.2452256947115385 0.9614197524038463 0.24435763942307692 0.9957561730769231 0.2877604158653846 0.9976851850961539
11 0.2834201394230769 0.784722221153846 0.2849392355769231 0.7480709879807693 0.2413194447115385 0.7449845673076924 0.2411024302884615 0.7824074062499999 0.2834201394230769 0.784722221153846
11 0.2829861105769231 0.8194444447115384 0.28363715384615384 0.7789351850961539 0.23893229086538462 0.7770061730769231 0.23871527884615384 0.8163580240384616 0.2829861105769231 0.8194444447115384
11 0.2842881947115385 0.8553240745192308 0.2853732644230769 0.8152006177884614 0.24045138942307692 0.8132716057692307 0.240234375 0.8541666658653846 0.2842881947115385 0.8553240745192308
11 0.2803819447115385 0.8912037043269231 0.2814670144230769 0.8510802475961537 0.23763020913461538 0.8491512355769231 0.2371961802884615 0.8908179014423077 0.2803819447115385 0.8912037043269231
11 0.32682291586538464 0.7854938269230769 0.327907985576923 0.746913579326923 0.2845052091346154 0.7438271610576923 0.28363715384615384 0.7831790120192307 0.32682291586538464 0.7854938269230769
11 0.3289930552884615 0.8202160504807693 0.328342014423077 0.7816358028846154 0.2842881947115385 0.7793209879807693 0.2829861105769231 0.8194444447115384 0.3289930552884615 0.8202160504807693
11 0.32769097115384616 0.8533950625 0.328342014423077 0.8144290120192307 0.2840711802884615 0.8136574062499999 0.2842881947115385 0.8209876538461539 0.2845052091346154 0.8549382716346153 0.32769097115384616 0.8533950625
11 0.33072916586538464 0.8873456778846154 0.33051215384615384 0.8495370360576923 0.28754340384615384 0.8495370360576923 0.2873263894230769 0.8587962956730769 0.2873263894230769 0.8865740745192308 0.33072916586538464 0.8873456778846154
11 0.3309461802884615 0.9224537043269231 0.3311631947115385 0.8838734567307692 0.2881944447115385 0.8823302475961537 0.28862847115384616 0.8896604927884616 0.2884114591346154 0.9243827163461538 0.3309461802884615 0.9224537043269231
11 0.33072916586538464 0.9594907403846153 0.3311631947115385 0.9212962956730769 0.2888454855769231 0.9189814807692307 0.2884114591346154 0.9598765432692308 0.33072916586538464 0.9594907403846153
11 0.33246527884615384 0.9945987644230769 0.33268229086538464 0.9567901225961539 0.2897135408653846 0.9552469134615384 0.28949652884615384 0.9606481490384616 0.2892795144230769 0.9961419759615384 0.33246527884615384 0.9945987644230769
11 0.369357639423077 0.7858796298076923 0.37044270913461536 0.7496141971153846 0.32552083413461536 0.7492283942307693 0.3253038197115385 0.784722221153846 0.369357639423077 0.7858796298076923
11 0.369357639423077 0.8209876538461539 0.36957465384615384 0.7827932091346154 0.32769097115384616 0.78125 0.3272569447115385 0.8225308653846154 0.369357639423077 0.8209876538461539
11 0.41145833413461536 0.7862654326923076 0.412326389423077 0.7492283942307693 0.36957465384615384 0.7457561730769231 0.3680555552884615 0.784722221153846 0.41145833413461536 0.7862654326923076
11 0.45442708413461536 0.7889660504807693 0.455078125 0.753472221153846 0.41145833413461536 0.7507716057692307 0.4112413197115385 0.7870370360576923 0.45442708413461536 0.7889660504807693
11 0.458767360576923 0.8275462956730769 0.458984375 0.784722221153846 0.41644965384615384 0.7839506177884614 0.416232639423077 0.82330246875 0.458767360576923 0.8275462956730769
11 0.412326389423077 0.8186728389423077 0.412326389423077 0.7804783942307693 0.37044270913461536 0.7785493822115386 0.36848958413461536 0.787808641826923 0.369140625 0.8179012355769231 0.412326389423077 0.8186728389423077
11 0.416015625 0.8568672836538462 0.41644965384615384 0.8186728389423077 0.3739149302884615 0.8148148149038461 0.372829860576923 0.8557098774038461 0.416015625 0.8568672836538462
11 0.372829860576923 0.8572530865384616 0.373046875 0.8182870360576923 0.3292100697115385 0.8175154326923076 0.330295139423077 0.8240740745192308 0.33051215384615384 0.8580246923076923 0.372829860576923 0.8572530865384616
11 0.3741319447115385 0.8935185192307693 0.37434895913461536 0.8514660504807693 0.33138020913461536 0.8518518509615384 0.33072916586538464 0.8915895072115384 0.3741319447115385 0.8935185192307693
11 0.37456597115384616 0.9301697524038463 0.374782985576923 0.8892746923076923 0.332248264423077 0.8869598774038461 0.3311631947115385 0.8935185192307693 0.3309461802884615 0.9286265432692308 0.37456597115384616 0.9301697524038463
11 0.3758680552884615 0.965663579326923 0.37651909615384616 0.9247685192307693 0.33355034615384616 0.9228395072115384 0.33333333413461536 0.9290123461538461 0.3331163197115385 0.9637345673076924 0.3758680552884615 0.965663579326923
11 0.37738715384615384 1 0.37651909615384616 0.962191358173077 0.334201389423077 0.9606481490384616 0.333984375 0.9992283942307693 0.37738715384615384 1
11 0.416232639423077 0.8900462956730769 0.4168836802884615 0.8530092596153847 0.37434895913461536 0.8510802475961537 0.373263889423077 0.8587962956730769 0.37456597115384616 0.8896604927884616 0.416232639423077 0.8900462956730769
11 0.41840277884615384 0.9286265432692308 0.417751735576923 0.888888889423077 0.37456597115384616 0.8912037043269231 0.374782985576923 0.9293981490384616 0.41840277884615384 0.9286265432692308
11 0.4188368052884615 0.9629629639423077 0.41840277884615384 0.923611110576923 0.377170139423077 0.9239969134615384 0.376736110576923 0.965277778846154 0.4188368052884615 0.9629629639423077
11 0.420138889423077 1 0.420138889423077 0.9602623461538461 0.3758680552884615 0.9606481490384616 0.376953125 1 0.420138889423077 1
11 0.46137152884615384 1 0.4620225697115385 0.9614197524038463 0.41927083413461536 0.9614197524038463 0.4190538197115385 0.9992283942307693 0.46137152884615384 1
11 0.46223958413461536 0.962191358173077 0.4618055552884615 0.9270833341346154 0.4188368052884615 0.92669753125 0.419704860576923 0.9637345673076924 0.46223958413461536 0.962191358173077
11 0.4609375 0.9293981490384616 0.45941840384615384 0.8881172836538462 0.4171006947115385 0.8904320985576923 0.41796875 0.9305555552884616 0.4609375 0.9293981490384616
11 0.45963541586538464 0.8614969134615384 0.46028645913461536 0.8213734567307692 0.4168836802884615 0.819058641826923 0.41666666586538464 0.8256172836538462 0.41644965384615384 0.8603395072115384 0.45963541586538464 0.8614969134615384
11 0.45963541586538464 0.8942901225961539 0.45963541586538464 0.8568672836538462 0.415798610576923 0.8537808653846154 0.41731770913461536 0.8946759254807692 0.45963541586538464 0.8942901225961539
11 0.517361110576923 0.7824074062499999 0.5167100697115384 0.7445987644230769 0.4735243052884615 0.7442129639423077 0.472439235576923 0.7827932091346154 0.517361110576923 0.7824074062499999
11 0.51171875 0.815586420673077 0.511935764423077 0.7793209879807693 0.4696180552884615 0.778163579326923 0.47005208413461536 0.8179012355769231 0.51171875 0.815586420673077
11 0.5112847211538462 0.8510802475961537 0.511935764423077 0.8121141971153846 0.46875 0.8121141971153846 0.46831597115384616 0.8522376538461539 0.5112847211538462 0.8510802475961537
11 0.5108506947115384 0.8869598774038461 0.5110677091346154 0.846836420673077 0.468532985576923 0.846836420673077 0.468532985576923 0.8873456778846154 0.5108506947115384 0.8869598774038461
11 0.5542534711538462 0.8885030865384616 0.5536024302884616 0.8499228389423077 0.5121527788461538 0.8479938269230769 0.5110677091346154 0.888888889423077 0.5542534711538462 0.8885030865384616
11 0.5104166658653846 0.9220679014423077 0.511501735576923 0.8842592596153847 0.4696180552884615 0.8827160504807693 0.46875 0.9216820985576923 0.5104166658653846 0.9220679014423077
11 0.5108506947115384 0.9567901225961539 0.5112847211538462 0.9174382716346153 0.468532985576923 0.9166666658653846 0.46723090384615384 0.9560185192307693 0.5108506947115384 0.9567901225961539
11 0.5101996538461538 0.9938271610576923 0.5106336802884616 0.9540895072115384 0.4676649302884615 0.9506172836538462 0.466579860576923 0.9575617283653847 0.46744791586538464 0.9899691346153846 0.5101996538461538 0.9938271610576923
11 0.5531684038461538 0.9953703701923077 0.552951389423077 0.9540895072115384 0.5110677091346154 0.9529320985576923 0.5112847211538462 0.9922839495192307 0.5531684038461538 0.9953703701923077
11 0.552734375 0.9598765432692308 0.552734375 0.9193672836538462 0.5106336802884616 0.9174382716346153 0.509548610576923 0.9583333341346154 0.552734375 0.9598765432692308
11 0.552517360576923 0.9224537043269231 0.5533854158653846 0.8850308653846154 0.5106336802884616 0.8823302475961537 0.5104166658653846 0.8881172836538462 0.509765625 0.9228395072115384 0.552517360576923 0.9224537043269231
11 0.5533854158653846 0.8541666658653846 0.5540364591346154 0.8136574062499999 0.51171875 0.8117283942307693 0.5104166658653846 0.8526234567307692 0.5533854158653846 0.8541666658653846
11 0.5542534711538462 0.8198302475961537 0.5557725697115384 0.7789351850961539 0.511501735576923 0.7793209879807693 0.5112847211538462 0.784722221153846 0.511935764423077 0.8194444447115384 0.5542534711538462 0.8198302475961537
11 0.5575086802884616 0.7831790120192307 0.5581597211538462 0.7453703701923077 0.5160590288461538 0.746913579326923 0.515407985576923 0.7824074062499999 0.5575086802884616 0.7831790120192307
11 0.599392360576923 0.7835648149038461 0.6000434038461538 0.7472993822115386 0.556423610576923 0.7445987644230769 0.5562065961538462 0.7808641971153846 0.599392360576923 0.7835648149038461
11 0.5963541658653846 0.8171296298076923 0.5963541658653846 0.7797067908653846 0.5538194447115384 0.7770061730769231 0.554470485576923 0.8179012355769231 0.5963541658653846 0.8171296298076923
11 0.5950520841346154 0.8537808653846154 0.595703125 0.8136574062499999 0.5538194447115384 0.8121141971153846 0.552951389423077 0.8533950625 0.5950520841346154 0.8537808653846154
11 0.595703125 0.8885030865384616 0.5961371538461538 0.8518518509615384 0.5533854158653846 0.8510802475961537 0.5533854158653846 0.8896604927884616 0.595703125 0.8885030865384616
11 0.5944010408653846 0.9255401225961539 0.5948350697115384 0.8842592596153847 0.5518663197115384 0.8834876538461539 0.5520833341346154 0.8896604927884616 0.552517360576923 0.92669753125 0.5944010408653846 0.9255401225961539
11 0.59375 0.9610339495192307 0.5944010408653846 0.9205246923076923 0.5518663197115384 0.9197530865384616 0.5512152788461538 0.9259259254807692 0.552734375 0.9606481490384616 0.59375 0.9610339495192307
11 0.595920139423077 0.9945987644230769 0.595920139423077 0.95794753125 0.55078125 0.9552469134615384 0.5514322908653846 0.9930555552884616 0.595920139423077 0.9945987644230769
11 0.6432291658653846 0.7839506177884614 0.643012153846154 0.7461419759615384 0.5980902788461538 0.7476851850961539 0.5989583341346154 0.7839506177884614 0.6432291658653846 0.7839506177884614
11 0.6844618052884616 0.784336420673077 0.685763889423077 0.7457561730769231 0.6436631947115384 0.7445987644230769 0.642361110576923 0.7835648149038461 0.6844618052884616 0.784336420673077
11 0.725043403846154 0.7854938269230769 0.726345485576923 0.7492283942307693 0.687065971153846 0.7453703701923077 0.683810764423077 0.7839506177884614 0.725043403846154 0.7854938269230769
11 0.6419270841346154 0.8175154326923076 0.642578125 0.7797067908653846 0.6000434038461538 0.777777778846154 0.599392360576923 0.7831790120192307 0.5989583341346154 0.8182870360576923 0.6419270841346154 0.8175154326923076
11 0.6412760408653846 0.8541666658653846 0.642578125 0.8152006177884614 0.5985243052884616 0.8132716057692307 0.5985243052884616 0.8541666658653846 0.6412760408653846 0.8541666658653846
11 0.640407985576923 0.8892746923076923 0.6417100697115384 0.850308641826923 0.5987413197115384 0.8499228389423077 0.5985243052884616 0.8885030865384616 0.640407985576923 0.8892746923076923
11 0.6414930552884616 0.9232253076923077 0.6417100697115384 0.8827160504807693 0.599826389423077 0.8800154326923076 0.5985243052884616 0.88580246875 0.5980902788461538 0.923611110576923 0.6414930552884616 0.9232253076923077
11 0.6397569447115384 0.9606481490384616 0.640190971153846 0.9189814807692307 0.599609375 0.9185956778846154 0.5989583341346154 0.9259259254807692 0.5985243052884616 0.9625771610576923 0.6397569447115384 0.9606481490384616
11 0.685546875 0.9270833341346154 0.685112846153846 0.8861882716346153 0.6397569447115384 0.8873456778846154 0.640407985576923 0.92669753125 0.685546875 0.9270833341346154
11 0.68359375 0.9610339495192307 0.6825086802884616 0.9209104927884616 0.640625 0.9193672836538462 0.6397569447115384 0.9625771610576923 0.68359375 0.9610339495192307
11 0.640190971153846 0.9953703701923077 0.640407985576923 0.9540895072115384 0.5983072908653846 0.9552469134615384 0.5972222211538462 0.962191358173077 0.5961371538461538 0.9972993822115386 0.640190971153846 0.9953703701923077
11 0.683376735576923 0.9953703701923077 0.6827256947115384 0.9564043221153846 0.6393229158653846 0.9591049375 0.6397569447115384 0.9938271610576923 0.683376735576923 0.9953703701923077
11 0.683159721153846 0.819058641826923 0.6827256947115384 0.778163579326923 0.6419270841346154 0.778163579326923 0.642144096153846 0.8202160504807693 0.683159721153846 0.819058641826923
11 0.7254774302884616 0.8225308653846154 0.7272135408653846 0.7831790120192307 0.685546875 0.7804783942307693 0.6844618052884616 0.7862654326923076 0.685112846153846 0.8206018509615384 0.7254774302884616 0.8225308653846154
11 0.726996528846154 0.8564814807692307 0.7276475697115384 0.8182870360576923 0.685112846153846 0.8163580240384616 0.6848958341346154 0.8225308653846154 0.685112846153846 0.8580246923076923 0.726996528846154 0.8564814807692307
11 0.6848958341346154 0.8549382716346153 0.685112846153846 0.8152006177884614 0.6417100697115384 0.8140432091346154 0.642361110576923 0.8202160504807693 0.642361110576923 0.85455246875 0.6848958341346154 0.8549382716346153
11 0.68359375 0.8912037043269231 0.685329860576923 0.8522376538461539 0.642361110576923 0.8491512355769231 0.642361110576923 0.8564814807692307 0.6419270841346154 0.8919753076923077 0.68359375 0.8912037043269231
11 0.726128471153846 0.8915895072115384 0.726779514423077 0.8518518509615384 0.684027778846154 0.8518518509615384 0.683376735576923 0.8912037043269231 0.726128471153846 0.8915895072115384
11 0.7256944447115384 0.9247685192307693 0.726345485576923 0.8885030865384616 0.6848958341346154 0.8854166658653846 0.684027778846154 0.9259259254807692 0.7256944447115384 0.9247685192307693
11 0.7265625 0.9209104927884616 0.6842447908653846 0.9212962956730769 0.6822916658653846 0.962191358173077 0.726345485576923 0.9594907403846153 0.7265625 0.9209104927884616
11 0.724392360576923 0.993441358173077 0.7254774302884616 0.9567901225961539 0.683810764423077 0.9556327163461538 0.683159721153846 0.9614197524038463 0.6827256947115384 0.9945987644230769 0.724392360576923 0.993441358173077