11 0.4022410384615384 0.2595622548076923 0.35618613942307686 0.2625950408653846 0.35618613942307686 0.2929228509615385 0.35575971634615383 0.2989884230769231 0.40309393269230764 0.2989884230769231 0.4022410384615384 0.2595622548076923
11 0.49051293028846155 0.30657034375000003 0.4892336586538461 0.26486964903846155 0.4461637716346154 0.2641114326923077 0.44229523317307695 0.2664652980769231 0.4436051850961539 0.30505395192307694 0.49051293028846155 0.30657034375000003
11 0.5375309879807693 0.3819078846153846 0.53877475 0.3429872139423077 0.4938747716346154 0.3363530072115385 0.49312851682692305 0.33701643509615387 0.49380312259615383 0.3392931201923077 0.4935016370192308 0.3735045673076923 0.5375309879807693 0.3819078846153846
11 0.5376553605769231 0.3434294951923077 0.5385260024038462 0.3049511033653846 0.49474541346153844 0.29986489423076923 0.4942371514423077 0.30109867548076924 0.49312851682692305 0.3385644134615384 0.5376553605769231 0.3434294951923077
11 0.5384016153846154 0.3071625096153846 0.5391478846153845 0.2693475408653846 0.4936260240384615 0.2631556177884615 0.4929350673076923 0.26483324278846154 0.4921335024038462 0.30030717067307694 0.5384016153846154 0.3071625096153846
11 0.4897703365384615 0.3434294951923077 0.4900190985576923 0.303403125 0.44424848557692304 0.30384540625 0.44519201201923075 0.3057283052884615 0.4451191201923077 0.3418815288461538 0.4897703365384615 0.3434294951923077
11 0.48753156009615384 0.37925420913461544 0.488277826923077 0.3414392235576923 0.4447459927884615 0.34011239182692304 0.4441069423076923 0.3419937355769231 0.44288034134615384 0.37770621875 0.48753156009615384 0.37925420913461544
11 0.4709894620003289 0.4359902497298134 0.5170088286341497 0.44085534250951797 0.5173819626432785 0.4003866809681683 0.4706163412365235 0.398617556321003 0.4714506930775112 0.401021514409854 0.4709894620003289 0.4359902497298134
11 0.5622819399038461 0.4412976129807692 0.5616600600961539 0.40171352403846156 0.5165113221153846 0.40016553365384616 0.5161555552884616 0.3994783052884615 0.5161381995192308 0.4397496346153846 0.5622819399038461 0.4412976129807692
11 0.5159484783653846 0.43770681971153846 0.5168844543269231 0.47724647355769234 0.5615356850961539 0.47901558653846155 0.5612869254807692 0.4398737908653846 0.5159484783653846 0.43770681971153846
11 0.5161381995192308 0.47768875480769235 0.5175063365384616 0.4396526394230769 0.4729794927884615 0.43545099038461543 0.47188472115384617 0.4357437355769231 0.4713625961538461 0.4719391105769231 0.5161381995192308 0.47768875480769235
11 0.5158894399038462 0.5166094134615384 0.5171332163461538 0.47658306971153847 0.4709894615384615 0.47171797596153847 0.4706163413461538 0.4719391105769231 0.4712336802884615 0.4747097860576923 0.4706163413461538 0.5113020625 0.5158894399038462 0.5166094134615384
11 0.5223570264423076 0.5625096057692308 0.5229789206730769 0.5204929663461538 0.5224814110576923 0.5193872692307692 0.5217351442307693 0.5167335817307692 0.4738501346153846 0.5123107836538462 0.473477 0.5151856033653845 0.47383784615384617 0.5167622548076923 0.473477 0.5563176826923077 0.5223570264423076 0.5625096057692308
11 0.5646450913461538 0.5541062764423077 0.5647694783653846 0.5158490192307692 0.520988889423077 0.5136376322115385 0.5198447908653846 0.5148332427884615 0.5211132620192308 0.5507891730769231 0.5646450913461538 0.5541062764423077
11 0.5632769567307693 0.5171758629807692 0.5631525817307692 0.4778129158653846 0.5168844543269231 0.47427467307692306 0.517023610576923 0.47741040384615385 0.5173819615384615 0.5143010432692308 0.5632769567307693 0.5171758629807692
11 0.4238507139423077 0.5103205168269231 0.4696213269230769 0.5116473677884615 0.47024320673076925 0.47272669471153844 0.4698700721153846 0.47228441346153843 0.4234775793269231 0.4725055552884615 0.4238507139423077 0.5103205168269231
11 0.46601439903846154 0.548577766826923 0.46626315865384615 0.5098782427884616 0.41912439663461537 0.5081091177884616 0.4194975240384615 0.5105416586538462 0.41958437259615383 0.512132625 0.41974627884615384 0.5494623413461539 0.46601439903846154 0.548577766826923
11 0.4658900264423077 0.5870561466346154 0.46638753365384616 0.5459240913461538 0.41962190625 0.5468086538461538 0.41980138701923075 0.5491696634615384 0.41999503365384616 0.5861715961538462 0.4658900264423077 0.5870561466346154
11 0.5116606322115385 0.6617045552884615 0.5129044086538461 0.6232261778846154 0.4687506850961538 0.6179188028846153 0.46819548557692303 0.6193857115384614 0.46676065384615384 0.657060608173077 0.5116606322115385 0.6617045552884615
11 0.5127800216346153 0.6258798509615384 0.5137750360576923 0.5876225961538462 0.4698700721153846 0.5823152331730769 0.4694975673076923 0.5835060817307692 0.4681288028846154 0.620793625 0.5127800216346153 0.6258798509615384
11 0.4671337884615384 0.6238895817307692 0.4668850408653846 0.5851900552884616 0.42049254086538457 0.5843054927884616 0.4204524302884615 0.5858208966346153 0.4208656682692308 0.6238895817307692 0.4671337884615384 0.6238895817307692
11 0.41962190625 0.6620498581730769 0.4650193846153846 0.6611652956730769 0.46526814423076923 0.6231291826923078 0.4192487716346154 0.6211389230769231 0.41958437259615383 0.6236295384615385 0.41999503365384616 0.6578481947115384 0.41962190625 0.6620498581730769
11 0.5129044086538461 0.7383431995192308 0.5148944254807692 0.69699 0.46887505769230764 0.6919037716346155 0.4687506850961538 0.6925671995192307 0.46906354086538465 0.6950029951923077 0.4685019375 0.7299398822115385 0.5129044086538461 0.7383431995192308
11 0.5131531538461538 0.7000859567307691 0.5143969158653846 0.6605018701923077 0.46924819230769227 0.6565213509615385 0.46862951201923075 0.6579659591346154 0.4681288028846154 0.695220875 0.5131531538461538 0.7000859567307691
11 0.46601439903846154 0.7352472451923078 0.4661387740384615 0.6965477307692307 0.42011941346153847 0.69566315625 0.4208864567307692 0.6961604038461539 0.4202437860576923 0.7343626826923076 0.46601439903846154 0.7352472451923078
11 0.4680044302884615 0.6987591249999999 0.4685019375 0.6602807283653847 0.4226069447115384 0.6580693293269231 0.42235818990384616 0.6593961730769231 0.4226069447115384 0.6978745624999999 0.4680044302884615 0.6987591249999999
11 0.5606650432692308 0.7009705192307693 0.55942128125 0.6622709927884615 0.5146456778846153 0.6596173076923078 0.5139854158653846 0.6614381802884615 0.5143969158653846 0.6978745624999999 0.5606650432692308 0.7009705192307693
11 0.5589237740384616 0.6989802596153846 0.5120759326923077 0.6970381538461539 0.5133343725961539 0.6984752187500001 0.5142725432692308 0.737016358173077 0.5576799975961538 0.7381220649038462 0.5584262668269231 0.7352472451923078 0.5589237740384616 0.6989802596153846
11 0.5583018918269231 0.6653669615384616 0.5581775072115385 0.6273308461538462 0.5581775072115385 0.6244560240384616 0.5131531538461538 0.6235714639423077 0.5131531538461538 0.6264462836538461 0.5129003461538462 0.6267159591346154 0.5131531538461538 0.6609441514423077 0.5583018918269231 0.6653669615384616
11 0.47210885096153843 0.4728236730769231 0.4722332379807692 0.43346072596153845 0.42447259375 0.43191274278846153 0.42372633413461536 0.4350087091346154 0.42500972115384617 0.43535793509615384 0.4247213485576923 0.4714968293269231 0.47210885096153843 0.4728236730769231
11 0.4699944591346154 0.43434528125 0.46974569951923073 0.39542461778846155 0.42397508653846155 0.39454005528846153 0.42305659615384617 0.39600608173076923 0.4240994663461538 0.43346072596153845 0.4699944591346154 0.43434528125
11 0.4243609206730769 0.43230087259615385 0.42386341346153844 0.3916110889423077 0.3782171802884615 0.3893996826923077 0.3777006923076923 0.3906048485576923 0.37796842788461543 0.4325220192307692 0.4243609206730769 0.43230087259615385
11 0.42585344471153846 0.47077926442307694 0.4261021923076923 0.4296471971153846 0.3775952932692308 0.4287626466346154 0.3775952932692308 0.4311951634615384 0.37726666586538465 0.4330431201923077 0.37871468990384616 0.4694524326923077 0.42585344471153846 0.47077926442307694
11 0.42224651682692305 0.5115932283653846 0.4226196514423077 0.47024000480769235 0.3757296442307692 0.4680285985576923 0.3756052692307692 0.4706822860576923 0.3755305552884615 0.4708517620192308 0.37635153125000004 0.5122566322115385 0.42224651682692305 0.5115932283653846
11 0.420380875 0.5491870576923077 0.4195102331730769 0.5098240913461539 0.37386399278846155 0.5102663725961538 0.3739883725961538 0.5118143509615385 0.3739883725961538 0.5502927548076924 0.420380875 0.5491870576923077
11 0.4205052475961538 0.5866838966346154 0.42100275480769234 0.5477632235576924 0.3739883725961538 0.5462152451923077 0.3735774302884615 0.5472406490384615 0.37510776201923074 0.5877896033653847 0.4205052475961538 0.5866838966346154
11 0.42224651682692305 0.6248441634615385 0.4218733846153846 0.5845966466346154 0.3757296442307692 0.5845966466346154 0.3750965264423077 0.58543509375 0.3756052692307692 0.6237384663461539 0.42224651682692305 0.6248441634615385
11 0.42013211298076925 0.662659125 0.42013211298076925 0.6224116225961538 0.37324211298076926 0.6221904759615384 0.37361524038461535 0.6235173317307693 0.3737396201923077 0.6602265841346154 0.42013211298076925 0.662659125
11 0.4226196514423077 0.7001559879807692 0.4228683990384615 0.6612353052884615 0.3758540240384616 0.6576970600961538 0.37610277644230766 0.6583604831730769 0.3762271514423077 0.6583604831730769 0.37635153125000004 0.6581393485576924 0.37639861057692303 0.6614381802884615 0.37672465865384613 0.6981657163461539 0.4226196514423077 0.7001559879807692
11 0.42087838221153845 0.7364229615384615 0.42100275480769234 0.6963965913461538 0.3749833822115385 0.6957331754807693 0.3749833822115385 0.6988291322115384 0.37531354086538465 0.7004042307692308 0.3759783966346154 0.7353172644230769 0.42087838221153845 0.7364229615384615
11 0.40241105769230767 0.3376710913461538 0.40241105769230767 0.2994138341346154 0.3585060961538461 0.30007726201923074 0.35773541586538465 0.2995554639423077 0.3580085865384615 0.33744994471153844 0.40241105769230767 0.3376710913461538
11 0.40166480288461537 0.3765917620192308 0.4017891754807692 0.3352385504807692 0.3585060961538461 0.33568083173076924 0.3579524302884615 0.33736410817307694 0.35701358653846155 0.37614948076923077 0.40166480288461537 0.3765917620192308
11 0.3580085865384615 0.37681288461538465 0.35838172115384614 0.33545968509615387 0.3139792524038461 0.3365653942307692 0.31389861057692303 0.33852151442307693 0.31373049759615385 0.3759283341346154 0.3580085865384615 0.37681288461538465
11 0.3580085865384615 0.3392190576923077 0.3582573485576923 0.30007726201923074 0.31447675961538457 0.2991926995192308 0.3145496514423077 0.30225608173076923 0.31373049759615385 0.3387767884615384 0.3580085865384615 0.3392190576923077
11 0.3572623317307692 0.30339436057692304 0.3581329735576923 0.2629257091346154 0.3134817427884615 0.2638102716346154 0.3133573701923077 0.26358913221153846 0.31281354086538465 0.2640616370192308 0.3124867355769231 0.30206752163461537 0.3572623317307692 0.30339436057692304
11 0.35589418269230766 0.22940937740384618 0.35514792788461536 0.19203670192307692 0.31149171875000004 0.19203670192307692 0.3112944423076923 0.1919165769230769 0.30975044230769233 0.2300728173076923 0.35589418269230766 0.22940937740384618
11 0.3580085865384615 0.2656763798076923 0.35763546634615384 0.22852483413461538 0.31149171875000004 0.227419125 0.31124296634615384 0.2298516658653846 0.3112944423076923 0.23049682211538464 0.31161609375 0.26611866105769233 0.3580085865384615 0.2656763798076923
11 0.35514792788461536 0.15785695432692307 0.35601856971153845 0.12004198557692308 0.3117404735576923 0.11783058653846154 0.3112944423076923 0.11899990865384616 0.31049670432692306 0.15763581971153845 0.35514792788461536 0.15785695432692307
11 0.35514792788461536 0.19213366826923076 0.3556454375 0.15476099759615383 0.3103723317307692 0.15453985096153847 0.30999236057692303 0.15449373557692309 0.3103723317307692 0.19323937740384614 0.35514792788461536 0.19213366826923076
11 0.40228668509615384 0.19235482692307693 0.4020379375 0.15542441346153846 0.3580085865384615 0.15498213221153845 0.35730138701923075 0.15603694711538463 0.3572623317307692 0.19434508653846153 0.40228668509615384 0.19235482692307693
11 0.35912797596153845 0.15608782451923078 0.40216231009615383 0.15608782451923078 0.4026598173076923 0.11827286778846154 0.3578842139423077 0.11849400721153845 0.3581329735576923 0.12026312740384615 0.35863048076923076 0.1602894951923077 0.35912797596153845 0.15608782451923078
11 0.40154043028846154 0.22928522596153847 0.4011672956730769 0.19058570192307694 0.35751107932692305 0.1925759735576923 0.35730138701923075 0.1938455889423077 0.35763546634615384 0.22906409134615385 0.40154043028846154 0.22928522596153847
11 0.3565160769230769 0.0835266923076923 0.39979914663461535 0.08330554567307692 0.39992353365384614 0.044384875 0.35527230288461537 0.04460600961538462 0.35665034615384617 0.045311637019230765 0.35589418269230766 0.08131527403846153 0.3565160769230769 0.0835266923076923
11 0.35614294471153846 0.08441124278846154 0.3565160769230769 0.04327916586538461 0.3124867355769231 0.0435003125 0.31172847115384617 0.044925836538461536 0.31223798076923076 0.08219983653846154 0.35614294471153846 0.08441124278846154
11 0.40241105769230767 0.12168694711538461 0.4017891754807692 0.08210286057692308 0.35763546634615384 0.08188172596153846 0.35686736057692303 0.08350608173076922 0.3562673173076923 0.12124466586538461 0.40241105769230767 0.12168694711538461
11 0.35601856971153845 0.12058125 0.3571379591346154 0.08055488221153848 0.3124867355769231 0.08011260576923077 0.31161609375 0.08121829807692307 0.31074545913461543 0.12102353125000001 0.35601856971153845 0.12058125
11 0.44391769471153847 0.08403264903846154 0.44391769471153847 0.043121716346153846 0.4001371105769231 0.043342858173076926 0.39961909615384617 0.044154230769230765 0.3993908557692307 0.08425379567307692 0.44391769471153847 0.08403264903846154
11 0.4868276538461539 0.08867659375 0.48782267067307694 0.04665996153846154 0.4434201995192308 0.043121716346153846 0.4432958125 0.04356399759615385 0.44279830528846154 0.08558063221153846 0.4868276538461539 0.08867659375
11 0.49080770192307693 0.12538587259615383 0.49118083653846156 0.0884554423076923 0.4910564615384615 0.08580176682692307 0.44478833653846156 0.08513834615384616 0.4445395889423077 0.08491721153846155 0.4450370961538462 0.08668633413461538 0.44475798557692303 0.08774990865384616 0.44541021634615385 0.12383788221153846 0.49080770192307693 0.12538587259615383
11 0.44553460336538464 0.1216264639423077 0.4450370961538462 0.08204238942307693 0.4015052548076923 0.08137897355769232 0.4009211802884615 0.08196287259615385 0.40088337259615386 0.12295331971153846 0.44553460336538464 0.1216264639423077
11 0.4459077235576923 0.12251103846153846 0.44649409615384617 0.12401534134615384 0.4458236899038462 0.16076828365384616 0.49031019471153847 0.16076828365384616 0.49031019471153847 0.12383788221153846 0.4459077235576923 0.12251103846153846
11 0.4456589759615385 0.15789346153846154 0.44553460336538464 0.12052077884615384 0.4027490240384616 0.12029963221153846 0.40178923557692303 0.1217005264423077 0.40162963461538465 0.15944145192307693 0.4456589759615385 0.15789346153846154
11 0.4459077235576923 0.19494801923076924 0.4456589759615385 0.15646963942307693 0.3995152307692308 0.1571330673076923 0.4010077524038461 0.15801761778846152 0.4002614927884615 0.19450575 0.4459077235576923 0.19494801923076924
11 0.4890664326923077 0.2345321298076923 0.48919080528846154 0.19671715625000002 0.4457833509615385 0.19539032451923077 0.44475798557692303 0.19577460096153845 0.4449127091346154 0.23408983653846155 0.4890664326923077 0.2345321298076923
11 0.4898126875 0.19782285336538463 0.49018582211538464 0.16000788942307692 0.44528584375 0.1575753485576923 0.44497499759615383 0.15950916826923076 0.44528584375 0.19760171634615384 0.4898126875 0.19782285336538463
11 0.44541021634615385 0.30431542307692305 0.44553460336538464 0.26627932451923075 0.4017540072115385 0.26517362740384615 0.40070416586538465 0.2652190456730769 0.40162963461538465 0.30431542307692305 0.44541021634615385 0.30431542307692305
11 0.40237589663461537 0.2660581778846154 0.44541021634615385 0.2676061682692308 0.44528584375 0.22802208173076924 0.4011321274038462 0.22868549759615384 0.40178923557692303 0.22933941586538462 0.4017540072115385 0.26849073076923075 0.40237589663461537 0.2660581778846154
11 0.44404208173076926 0.3770977307692308 0.4445395889423077 0.3370713605769231 0.4015052548076923 0.33795591105769235 0.40027013701923075 0.3408363293269231 0.40051024519230766 0.37599202163461537 0.44404208173076926 0.3770977307692308
11 0.4455368076923077 0.23029633173076924 0.4450393149038462 0.1913756610576923 0.40076121634615386 0.19358707932692307 0.39993263701923076 0.1947899423076923 0.40001496153846156 0.2311808942307692 0.4455368076923077 0.23029633173076924
11 0.4888199038461538 0.2714284230769231 0.4895661442307692 0.2294117716346154 0.44628307692307695 0.230738625 0.44420346875 0.2318269783653846 0.4447905673076923 0.2709861514423077 0.4888199038461538 0.2714284230769231
11 0.40175623317307696 0.30307863942307695 0.40150747115384616 0.25973515625 0.35921940625 0.26415798076923075 0.3573979134615385 0.2619195721153846 0.3577268822115384 0.30440547115384614 0.40175623317307696 0.30307863942307695
11 0.5816048774038461 0.38091998317307696 0.5825998942307693 0.3380187692307692 0.5355855120192308 0.3380187692307692 0.5357833317307692 0.3421664855769231 0.53608303125 0.38047771394230767 0.5816048774038461 0.38091998317307696
11 0.5833461610576923 0.34023018749999995 0.5835949086538462 0.3008672235576923 0.5393168245192308 0.3008672235576923 0.5380730625 0.30042495432692307 0.5375755408653846 0.34067245673076924 0.5833461610576923 0.34023018749999995
11 0.49634584615384614 0.2634931201923077 0.49584834134615385 0.2633162139423077 0.5398279230769231 0.26968505288461536 0.5410219423076923 0.23182585096153846 0.4962463485576923 0.22457245432692308 0.4961468389423077 0.22651848557692308 0.4960841658653846 0.22791597596153845 0.4957488317307692 0.26367003846153847 0.49634584615384614 0.2634931201923077
11 0.4962463485576923 0.19085982692307693 0.5406239350961538 0.19616718028846153 0.5413204495192308 0.15724651201923076 0.49654484375 0.15123150721153847 0.4962577764423077 0.15291597596153844 0.4960473389423077 0.1899752596153846 0.4962463485576923 0.19085982692307693
11 0.5393304182692308 0.23243417548076922 0.5411214399038461 0.1956364495192308 0.4955498341346154 0.18749849278846156 0.49525132692307694 0.18820614423076923 0.4955633317307692 0.19057029807692308 0.4951518293269231 0.2265960673076923 0.5393304182692308 0.23243417548076922
11 0.5403254278846154 0.1587393966346154 0.541817954326923 0.12229550240384615 0.5429124735576922 0.12088020913461538 0.541718454326923 0.11911107932692308 0.4962463485576923 0.11521901442307692 0.4964313870192308 0.11680486538461538 0.49634584615384614 0.15537806490384615 0.5403254278846154 0.1587393966346154
11 0.54331046875 0.08256785096153846 0.4972413581730769 0.07885269471153845 0.4974403557692308 0.08026799519230769 0.49712583173076924 0.08192832211538462 0.49753986538461537 0.11830409375 0.5414199471153845 0.12131162019230769 0.5424173557692308 0.12226650721153846 0.54331046875 0.08256785096153846
11 0.5441064807692307 0.08522153365384615 0.5442059903846154 0.046123954326923074 0.49813686778846156 0.04258570913461539 0.4986883317307692 0.04427400240384616 0.49893287980769235 0.08132946875 0.5441064807692307 0.08522153365384615
11 0.5427012355769231 0.08297192548076923 0.5879743389423078 0.08474104086538461 0.5878748389423077 0.04440507451923077 0.5440942572115385 0.04334359855769231 0.54348 0.04458264423076923 0.5434972427884616 0.0806720673076923 0.5427012355769231 0.08297192548076923
11 0.5425022307692308 0.11835434375000001 0.5886708509615385 0.12065419951923076 0.5874768341346154 0.08173353365384615 0.5449897668269231 0.0797875 0.54348 0.08100239663461539 0.5428007379807692 0.11693904326923077 0.5425022307692308 0.11835434375000001
11 0.5871783365384615 0.08297192548076923 0.6323519375 0.08456413221153847 0.6318544326923077 0.04405125 0.5872778365384616 0.04175139182692308 0.5867803317307693 0.04104374278846154 0.5867803317307693 0.08120280048076924 0.5871783365384615 0.08297192548076923
11 0.6317549326923076 0.12030038461538463 0.6316554230769231 0.08208735817307693 0.5882728461538462 0.07943367548076924 0.5876758413461538 0.07961059375 0.5871783365384615 0.11853126923076923 0.6317549326923076 0.12030038461538463
11 0.6302624086538462 0.15800441346153848 0.6307599134615385 0.11784535336538463 0.5856858125 0.11536858413461538 0.5861883317307692 0.11680486538461538 0.5864818245192308 0.15358160576923077 0.6302624086538462 0.15800441346153848
11 0.5854868149038461 0.15818131971153845 0.5866808221153846 0.1187299158653846 0.5411092163461538 0.11643006009615385 0.5412087139423076 0.11713770432692307 0.5413966658653846 0.11927400240384614 0.5407112091346155 0.15446616346153846 0.5854868149038461 0.15818131971153845
11 0.5854868149038461 0.1948021298076923 0.5860838173076923 0.1560583653846154 0.5406117067307693 0.15322778125 0.5407022211538461 0.15384190384615384 0.540014701923077 0.19179462259615385 0.5854868149038461 0.1948021298076923
11 0.5404127091346154 0.2280616081730769 0.5838947908653845 0.23142294951923076 0.5850888076923076 0.19338683173076923 0.5401142019230769 0.18914093990384614 0.540355 0.18964437259615385 0.5398156995192308 0.2266463076923077 0.5404127091346154 0.2280616081730769
11 0.58369578125 0.3045093942307692 0.5839942884615384 0.2639965264423077 0.5401142019230769 0.26470417067307694 0.5389201875 0.26488107932692306 0.5386216802884616 0.3032710120192308 0.58369578125 0.3045093942307692
11 0.58369578125 0.26806549278846153 0.5845912932692308 0.22985247596153846 0.5406117067307693 0.22702188221153846 0.5405122067307693 0.22684496875000001 0.540355 0.22544684134615386 0.5397161947115385 0.26611946634615385 0.58369578125 0.26806549278846153
11 0.6269788605769231 0.3036248365384615 0.6272773677884615 0.2645272524038461 0.5821037668269231 0.2638196033653846 0.5821037668269231 0.2682424110576923 0.5823688870192307 0.26834807692307694 0.5825017740384616 0.3020326298076923 0.6269788605769231 0.3036248365384615
11 0.626182858173077 0.34130712259615387 0.62558584375 0.3020326298076923 0.5813077548076924 0.3002635144230769 0.58098 0.3019900504807692 0.5813077548076924 0.3407763798076923 0.626182858173077 0.34130712259615387
11 0.6238943221153845 0.37749652403846157 0.6245908341346154 0.33892968269230767 0.5799147403846153 0.33680673317307697 0.5799147403846153 0.33892968269230767 0.58090975 0.37749652403846157 0.6238943221153845 0.37749652403846157
11 0.6674888413461539 0.3788386778846154 0.6670908341346155 0.33797196875 0.6234097548076923 0.3377950625 0.6233411105769231 0.33840980528846154 0.6236087596153846 0.3777772019230769 0.6674888413461539 0.3788386778846154
11 0.6677873485576923 0.3410570673076923 0.6680858557692309 0.30284404086538463 0.6242057620192308 0.3010749158653846 0.6240355552884616 0.30044684134615385 0.6240067596153847 0.3385803028846154 0.6677873485576923 0.3410570673076923
11 0.6696778701923077 0.3037285985576923 0.6697773798076923 0.2665770576923077 0.6265937980769232 0.26427719951923073 0.6257977860576923 0.26498484375 0.6256982836538462 0.30160565865384614 0.6696778701923077 0.3037285985576923
11 0.7141549663461538 0.3058515480769231 0.7141549663461538 0.2676385264423077 0.6695783701923077 0.26586940625 0.6693480552884616 0.2677307908653846 0.6695783701923077 0.3046131706730769 0.7141549663461538 0.3058515480769231
11 0.7103739134615386 0.38103919951923076 0.7104734230769231 0.3412339759615385 0.6670908341346155 0.3398186754807692 0.6665702764423076 0.34026165625 0.6666928293269231 0.38015464182692305 0.7103739134615386 0.38103919951923076
11 0.7130604567307692 0.3410570673076923 0.7127619495192307 0.30443625 0.6682848533653847 0.3023133076923077 0.6681327764423077 0.3019900504807692 0.6678868461538462 0.34070324278846154 0.7130604567307692 0.3410570673076923
11 0.670672889423077 0.2680699375 0.670672889423077 0.23038765384615384 0.6269918004807693 0.2287954423076923 0.626466110576923 0.22915054567307694 0.6266932980769231 0.26506243028846155 0.670672889423077 0.2680699375
11 0.7145529735576923 0.27072362019230767 0.7153489855769231 0.23321825240384617 0.67196640625 0.23180294951923075 0.671605 0.2319283221153846 0.6704738822115384 0.2687775889423077 0.7145529735576923 0.27072362019230767
11 0.7156474927884615 0.2355956923076923 0.7170405072115386 0.19950561057692306 0.7169410096153845 0.19791340865384616 0.6728619182692307 0.19614428365384617 0.6726629086538461 0.19809031730769233 0.6722649038461538 0.2329420096153846 0.7156474927884615 0.2355956923076923
11 0.6282895504807692 0.1945575168269231 0.6285494423076923 0.19489128605769232 0.6283848221153847 0.23064215384615386 0.67206590625 0.23400347596153845 0.67206590625 0.1968519326923077 0.6282895504807692 0.1945575168269231
11 0.6717673990384616 0.1973826658653846 0.6723644134615385 0.1973826658653846 0.6728619182692307 0.15810817548076922 0.6277878125 0.1561621418269231 0.6281858173076924 0.15863891346153844 0.6285494423076923 0.1590888173076923 0.6284843197115385 0.19349060096153847 0.6717673990384616 0.1973826658653846
11 0.6743544326923078 0.15907032451923075 0.6738569278846154 0.12156494711538463 0.6274893100961538 0.11838053125 0.6297647211538462 0.11989128605769231 0.6292803317307692 0.1578319326923077 0.6743544326923078 0.15907032451923075
11 0.6750494879807692 0.04530206009615385 0.67473 0.04705177884615385 0.6741554350961538 0.08244562740384616 0.7190305384615385 0.08633769230769231 0.71863253125 0.047063201923076926 0.6750494879807692 0.04530206009615385
11 0.6752499447115384 0.04582481009615384 0.6308031177884617 0.04236634855769231 0.6305738485576923 0.08173797836538463 0.6738569278846154 0.08527621875000001 0.6742549350961539 0.08545312740384615 0.6752499447115384 0.04582481009615384
11 0.6732599230769231 0.12305781971153847 0.6747524399038463 0.12341166346153847 0.6747524399038463 0.08254495432692308 0.631568858173077 0.07953745192307693 0.6308723557692308 0.08095274759615385 0.6310713533653847 0.1200503221153846 0.6732599230769231 0.12305781971153847
11 0.7183340240384616 0.12394238701923076 0.7191300360576923 0.08555246153846154 0.7195280432692308 0.08325260336538462 0.6743544326923078 0.0813065625 0.6735147211538461 0.08161968028846153 0.6738569278846154 0.12341166346153847 0.7183340240384616 0.12394238701923076
11 0.7178365192307693 0.16038629807692306 0.7182345264423078 0.12305781971153847 0.7182345264423078 0.12199635336538463 0.6739564278846154 0.11969649759615385 0.6739564278846154 0.1214656201923077 0.6733594230769231 0.1593248125 0.7178365192307693 0.16038629807692306
11 0.7163439951923076 0.19993703125 0.7169410096153845 0.16066253125 0.6718669086538461 0.1580088485576923 0.6721258317307692 0.1590888173076923 0.6716678990384615 0.1960449591346154 0.7163439951923076 0.19993703125
11 0.6287058197115385 0.19415926201923076 0.6294977692307693 0.1541915576923077 0.5852095216346154 0.15267517067307693 0.5852704399038461 0.15364999278846153 0.5851486033653847 0.1906932331730769 0.6287058197115385 0.19415926201923076
11 0.6279138701923077 0.23104667307692306 0.6282793822115385 0.19140392067307693 0.5839302187500001 0.1888043966346154 0.5845394134615385 0.18967090625 0.5842957379807692 0.22790558894230767 0.6279138701923077 0.23104667307692306
11 0.6265681754807692 0.26997692788461536 0.6279458774038461 0.22670150480769233 0.5845479855769231 0.2242519471153846 0.5835115360576923 0.22539014663461537 0.5833998990384616 0.2679356418269231 0.6265681754807692 0.26997692788461536
11 0.7602324975961537 0.08926865384615384 0.7617250168269231 0.04916857451923077 0.7172810841346154 0.04386120192307692 0.7174319423076922 0.04446901442307693 0.7172810841346154 0.08366643509615385 0.7602324975961537 0.08926865384615384
11 0.7632175336538461 0.12570118269230768 0.763715045673077 0.08560110336538461 0.7191052836538462 0.08029374519230768 0.7188787019230769 0.07996284134615385 0.7179444278846153 0.11980411538461538 0.7632175336538461 0.12570118269230768
11 0.7615591850961538 0.16078875 0.7630517019230769 0.12245779567307692 0.7186077716346154 0.11685557451923077 0.7191680528846154 0.11854308894230768 0.7179444278846153 0.15607111538461538 0.7615591850961538 0.16078875
11 0.7635492139423078 0.23614195673076924 0.7643783894230769 0.19604187740384615 0.7177785961538461 0.19132422836538462 0.717721295673077 0.19467477644230768 0.716949420673077 0.2290654903846154 0.7635492139423078 0.23614195673076924
11 0.7600666658653845 0.19722128605769232 0.7618908485576923 0.16036459374999998 0.7171152524038462 0.15328811057692307 0.7177785961538461 0.15623664423076924 0.7171425913461539 0.15763774038461537 0.7162860769230769 0.1945676153846154 0.7600666658653845 0.19722128605769232
11 0.7594033221153846 0.3088414855769231 0.7592374903846154 0.26756198798076924 0.7154568942307692 0.26343403125 0.7142960456730769 0.26697228125 0.7148277764423077 0.26772004326923077 0.7144618870192307 0.30382897355769234 0.7594033221153846 0.3088414855769231
11 0.7600666658653845 0.27051051442307694 0.7613933533653847 0.23306411298076923 0.7186077716346154 0.22716704807692306 0.717721295673077 0.22913979807692308 0.717446923076923 0.2684465432692308 0.7600666658653845 0.27051051442307694
11 0.7565841177884616 0.34422389903846157 0.7565841177884616 0.30412381971153846 0.7123060240384615 0.3023546947115385 0.7119342572115385 0.30372827403846153 0.7116426826923077 0.34215993028846153 0.7565841177884616 0.34422389903846157
11 0.754262423076923 0.3852085673076923 0.7537649110576923 0.33862169471153847 0.710481826923077 0.33744227884615385 0.709908795673077 0.33819329567307693 0.7094868197115385 0.3843239951923077 0.754262423076923 0.3852085673076923
11 0.7430446610576923 0.4456295841346154 0.740699264423077 0.4058243485576923 0.6963501057692307 0.4054452620192308 0.6950708004807692 0.4084780264423077 0.6957104471153847 0.44676686778846153 0.7430446610576923 0.4456295841346154
11 0.6966028774038461 0.4441774735576923 0.6965126802884616 0.48397072836538463 0.7417475096153846 0.4847872475961538 0.7414030793269231 0.44477788942307694 0.6966028774038461 0.4441774735576923
11 0.6968070288461538 0.4808201466346154 0.6973163365384616 0.5204203677884616 0.7425511778846154 0.5208286274038462 0.7418623173076924 0.48143165384615383 0.6968070288461538 0.4808201466346154
11 0.7001865699957637 0.5569595251395018 0.7449621742595861 0.55634714127318 0.7450769806484493 0.5208286270339952 0.6992680944319533 0.5196038484321115 0.7004096141228308 0.5211708566062471 0.7001865699957637 0.5569595251395018
11 0.7454214110576923 0.5948380576923077 0.7457658317307693 0.5542163269230769 0.7004161826923077 0.5550328341346155 0.6998086514423077 0.555715016826923 0.7004161826923077 0.5936132884615385 0.7454214110576923 0.5948380576923077
11 0.7442733125000001 0.6310835841346154 0.7442733125000001 0.5927072524038461 0.6977755745192307 0.592094875 0.6976051274038462 0.5923959278846154 0.6991532884615383 0.6310835841346154 0.7442733125000001 0.6310835841346154
11 0.73669590625 0.6680309999999999 0.7362366682692307 0.629654670673077 0.6929535841346154 0.6284299014423076 0.6921499278846154 0.6298588052884615 0.6920351081730769 0.6676227403846154 0.73669590625 0.6680309999999999
11 0.7369255192307692 0.7052971490384615 0.73669590625 0.6659001850961539 0.6924943461538462 0.6640630240384616 0.6908870192307692 0.6659001850961539 0.6912314519230769 0.7032558629807693 0.7369255192307692 0.7052971490384615
11 0.7323331538461539 0.7418363173076923 0.7329071971153845 0.7034599855769231 0.6870983245192307 0.70243934375 0.6881900624999999 0.7031509134615385 0.6876723677884615 0.7412239230769231 0.7323331538461539 0.7418363173076923
11 0.6903149182692307 0.742671170673077 0.689281625 0.7024576875 0.6457689326923077 0.7022535528846153 0.6449208317307692 0.7027947884615385 0.645080076923077 0.7412422572115385 0.6903149182692307 0.742671170673077
11 0.6924962884615385 0.7040907139423077 0.6915778125 0.6659185192307693 0.6465725961538461 0.664897875 0.6457221129807693 0.6650455 0.6463429711538461 0.7034783197115384 0.6924962884615385 0.7040907139423077
11 0.6915778125 0.6681639399038463 0.6922666634615384 0.6306041346153847 0.6465725961538461 0.6287669783653846 0.6457221129807693 0.6294329639423076 0.6456541201923076 0.6673474230769231 0.6915778125 0.6681639399038463
11 0.6989256057692308 0.5955833966346155 0.6992700360576923 0.5559822980769231 0.6526574807692308 0.5545533966346153 0.6523326899038462 0.5550027644230769 0.6525426754807693 0.5937462403846154 0.6989256057692308 0.5955833966346155
11 0.6913481995192308 0.6321225721153846 0.6918074375000001 0.5945627475961538 0.6469170288461539 0.5929297259615385 0.6467237163461538 0.5959571802884616 0.6470318341346153 0.6308977812500001 0.6913481995192308 0.6321225721153846
11 0.7013366009615385 0.5587255024038462 0.7005329326923077 0.5185120096153846 0.6550684759615385 0.5183078846153847 0.6541500024038461 0.5197367884615385 0.6544944326923077 0.5562759471153846 0.7013366009615385 0.5587255024038462
11 0.6983515625 0.5205533076923077 0.698810798076923 0.47972743028846154 0.6526574807692308 0.4809522091346154 0.6527333317307692 0.4819970673076923 0.65334634375 0.5215739447115385 0.6983515625 0.5205533076923077
11 0.6982367548076923 0.48410366826923074 0.697777516826923 0.4438901802884615 0.6524278677884615 0.44409431009615385 0.6519320504807692 0.44496003125 0.6534611514423077 0.48369540865384614 0.6982367548076923 0.48410366826923074
11 0.6968590408653846 0.44704164423076925 0.6966294158653846 0.4066240264423077 0.6517390072115384 0.40580750721153847 0.6509304471153846 0.40685461778846155 0.6513945865384615 0.445816875 0.6968590408653846 0.44704164423076925
11 0.560188451923077 0.40150687259615386 0.5605645889423078 0.44273434855769234 0.608095608173077 0.4423260673076923 0.6068327115384615 0.40170433653846155 0.560188451923077 0.40150687259615386
11 0.6522971682692307 0.4453880096153846 0.6516083052884615 0.4047662788461538 0.60625865625 0.4031332403846154 0.6061438485576923 0.4012960769230769 0.6056846129807693 0.4453880096153846 0.6522971682692307 0.4453880096153846
11 0.6071771322115385 0.4816335360576923 0.60625865625 0.4410117836538462 0.561023826923077 0.4397870048076923 0.5609865360576923 0.4413987764423077 0.5615978701923077 0.4812252764423077 0.6071771322115385 0.4816335360576923
11 0.6077511754807692 0.5183768173076924 0.6084400384615385 0.4802046225961538 0.5628607716346153 0.4781633365384615 0.5621884591346153 0.47807968749999996 0.5624015336538462 0.5179685697115385 0.6077511754807692 0.5183768173076924
11 0.6070672067307693 0.4414305697115385 0.6077511754807692 0.4795922379807692 0.6536748677884615 0.4834706995192307 0.6541341057692308 0.4428489447115385 0.6070672067307693 0.4414305697115385
11 0.6533304495192307 0.5202139807692308 0.6534452548076923 0.48142941105769227 0.6079808004807693 0.47836744951923077 0.6076612163461539 0.4798603149038462 0.6078659951923077 0.5179685697115385 0.6533304495192307 0.5202139807692308
11 0.6099325576923077 0.5566636201923078 0.6101621706730769 0.5180831658653846 0.5638940528846154 0.5158377427884615 0.5637910240384616 0.5179657283653847 0.5645829086538462 0.5538058149038462 0.6099325576923077 0.5566636201923078
11 0.60855484375 0.5918884807692307 0.6084400384615385 0.5551451995192308 0.5625163461538462 0.5518791225961539 0.5629897427884616 0.554290514423077 0.5633200096153846 0.5898471947115385 0.60855484375 0.5918884807692307
11 0.6540193004807692 0.5939297908653847 0.6533304495192307 0.5547369447115384 0.6069475192307693 0.5553493245192308 0.6058583317307693 0.5560711418269231 0.6074067572115385 0.5941339158653846 0.6540193004807692 0.5939297908653847
11 0.6560858629807692 0.5567782259615385 0.6547081514423077 0.5173812548076924 0.6095881274038462 0.5186060360576923 0.6088631394230769 0.5193902307692307 0.6094733197115384 0.5553493245192308 0.6560858629807692 0.5567782259615385
11 0.6486232644230768 0.6300606778846153 0.6482788341346153 0.5920926177884616 0.6020107211538461 0.5922967403846153 0.6008503197115385 0.5931081778846153 0.6029291971153846 0.6288359110576922 0.6486232644230768 0.6300606778846153
11 0.6044217163461538 0.6290400336538462 0.6044217163461538 0.5904595673076923 0.5596461129807693 0.5884182932692308 0.5597846129807692 0.5899030504807692 0.559186875 0.6276111322115384 0.6044217163461538 0.6290400336538462
11 0.6037328533653846 0.6650814158653847 0.6037328533653846 0.6277257379807692 0.5588424495192308 0.6250720552884614 0.5579817283653846 0.6265839615384615 0.5580387860576923 0.6642648846153846 0.6037328533653846 0.6650814158653847
11 0.6030440048076924 0.7010081875 0.6026995721153846 0.6628359927884616 0.5583832115384616 0.6612029447115385 0.5583823701923077 0.6632648725961539 0.5584980192307692 0.6995792860576924 0.6030440048076924 0.7010081875
11 0.6474751754807693 0.703661858173077 0.6466715072115385 0.6646731658653846 0.6021255288461538 0.6642648846153846 0.60145128125 0.6636209999999999 0.6021255288461538 0.7040701298076922 0.6474751754807693 0.703661858173077
11 0.6022403341346154 0.6996043701923077 0.5570054975961539 0.6981754615384616 0.5570054975961539 0.7392054735576923 0.5579239735576923 0.7392054735576923 0.6014366778846154 0.7410426346153846 0.6022403341346154 0.6996043701923077
11 0.6020107211538461 0.7875841346153846 0.6029291971153846 0.7500243245192307 0.5614830576923077 0.7502284591346153 0.561942295673077 0.7502284591346153 0.5609865360576923 0.7512278365384616 0.5595313052884616 0.7863593581730769 0.6020107211538461 0.7875841346153846
11 0.6460974639423077 0.7869717403846154 0.6459826562500001 0.7487995408653846 0.6029291971153846 0.7496160649038461 0.6028535240384616 0.7490910841346154 0.6020107211538461 0.7863593581730769 0.6460974639423077 0.7869717403846154
11 0.64471975 0.8224902548076922 0.6450641802884616 0.7851345673076923 0.6026995721153846 0.7849304543269231 0.6020522427884616 0.7836352451923077 0.6015514831730769 0.8224902548076922 0.64471975 0.8224902548076922
11 0.5999441586538462 0.8224902548076922 0.6008626201923077 0.7851345673076923 0.5572351177884616 0.7847263197115384 0.5576943557692308 0.7855428485576923 0.5571203100961538 0.8212654759615384 0.5999441586538462 0.8224902548076922
11 0.64471975 0.857306858173077 0.64471975 0.8205635745192308 0.6022403341346154 0.8203594399038461 0.6022525625 0.8220967836538461 0.6016662908653846 0.857102733173077 0.64471975 0.857306858173077
11 0.6442605120192308 0.8924171225961538 0.644949375 0.8544490504807692 0.6016662908653846 0.8548573100961538 0.6016516009615385 0.8552164399038461 0.6016662908653846 0.8930294951923077 0.6442605120192308 0.8924171225961538
11 0.6432272307692308 0.9276419735576924 0.6442605120192308 0.8904904326923078 0.6008626201923077 0.8906945552884615 0.6016516009615385 0.8915412259615384 0.6006330096153847 0.927846108173077 0.6432272307692308 0.9276419735576924
11 0.6440308990384616 0.9647935360576922 0.6434568557692307 0.9262130697115385 0.6006330096153847 0.9264172043269231 0.6008503197115385 0.9275098870192308 0.6008626201923077 0.9631604975961537 0.6440308990384616 0.9647935360576922
11 0.642079141826923 0.9998142620192307 0.6417347115384615 0.9624585865384615 0.5995997259615384 0.9626627211538461 0.5994480745192308 0.9645469254807693 0.5994849206730769 1 0.642079141826923 0.9998142620192307
11 0.5984516370192308 0.9975688413461538 0.59868125 0.9624585865384615 0.5558574110576923 0.960825548076923 0.5561788437499999 0.961697923076923 0.5550537403846154 0.9975688413461538 0.5984516370192308 0.9975688413461538
11 0.5969591177884616 0.9622544399038462 0.5969591177884616 0.9259194182692307 0.5532167956730769 0.9251029086538461 0.5541756394230769 0.9260853870192308 0.5537908413461539 0.9614379326923077 0.5969591177884616 0.9622544399038462
11 0.5975331634615384 0.9273483317307692 0.5979924014423077 0.8897885192307692 0.5547093149038461 0.8891761274038461 0.55457628125 0.8908289759615384 0.5545945096153846 0.9255111586538463 0.5975331634615384 0.9273483317307692
11 0.59764796875 0.8554696947115384 0.5991404879807692 0.8207676995192308 0.5570054975961539 0.8187264134615385 0.556579485576923 0.8181794038461538 0.5563166490384616 0.8552655697115384 0.59764796875 0.8554696947115384
11 0.5565462620192307 0.8890615288461539 0.5984516370192308 0.8913069519230769 0.5995997259615384 0.8555843076923076 0.5570054975961539 0.853747139423077 0.5568906923076923 0.853747139423077 0.5588424495192308 0.8557884302884615 0.5567758798076923 0.8559925721153847 0.5565462620192307 0.8890615288461539
11 0.6453182307692308 0.7498730360576923 0.6451634663461537 0.7872008629807692 0.6881021201923077 0.788629766826923 0.6877576875 0.7512741009615385 0.6453182307692308 0.7498730360576923
11 0.6875280769230769 0.8214945985576924 0.6874132572115385 0.7855678293269232 0.6456227043269231 0.7853636995192308 0.6447205120192308 0.7850597451923077 0.6448190360576922 0.8221069927884616 0.6875280769230769 0.8214945985576924
11 0.6871836442307693 0.8954145216346153 0.6877576875 0.8574464615384615 0.645393079326923 0.8558134230769231 0.6449208317307692 0.8569970673076923 0.6444746033653845 0.893577360576923 0.6871836442307693 0.8954145216346153
11 0.68672440625 0.8595772764423076 0.6877576875 0.8209968221153846 0.6443597980769231 0.8201803028846153 0.6451211514423077 0.8224529086538461 0.6451634663461537 0.8577401153846154 0.68672440625 0.8595772764423076
11 0.6860355552884615 0.9309330360576923 0.6866096009615384 0.8943938798076924 0.6443597980769231 0.8929649759615385 0.6443198701923076 0.8918973533653846 0.6428672788461539 0.9307289110576923 0.6860355552884615 0.9309330360576923
11 0.6855763173076923 0.9659537668269231 0.6866096009615384 0.9281898365384615 0.6434413221153845 0.9275774471153846 0.6427173052884616 0.9278660144230769 0.6432117091346155 0.965545514423077 0.6855763173076923 0.9659537668269231
11 0.6837393677884616 1 0.6845430360576923 0.9637083509615384 0.6417191899038461 0.9624835721153846 0.6418339951923078 0.9653413774038462 0.6419160240384615 0.9663275528846154 0.6417191899038461 1 0.6837393677884616 1
11 0.7264931514423077 1 0.7272968076923078 0.9625401081730769 0.6845877788461538 0.9639690168269232 0.6847025865384615 0.9658061850961539 0.684013735576923 0.9992834014423077 0.7264931514423077 1
11 0.7271820000000001 0.9660103100961539 0.7282152836538462 0.9288587620192307 0.6853914495192307 0.9282463725961538 0.6853914495192307 0.9302876658653846 0.6855062548076922 0.9309000552884614 0.684817391826923 0.9635607524038462 0.7271820000000001 0.9660103100961539
11 0.7293633846153846 0.9301730528846155 0.729018951923077 0.8938380312499999 0.6860802980769231 0.8936338942307693 0.6863871778846153 0.8947463557692308 0.6857358677884615 0.9293565456730769 0.7293633846153846 0.9301730528846155
11 0.7303966658653847 0.8960834519230769 0.7303966658653847 0.8597484182692308 0.6882616706730769 0.8593401586538462 0.68738878125 0.8602021947115385 0.6865395360576922 0.8966958365384615 0.7303966658653847 0.8960834519230769
11 0.7308559038461537 0.8633081370192308 0.7307410841346154 0.8247276826923078 0.68791725 0.8241152980769232 0.6879897427884616 0.8253019110576924 0.68791725 0.8614709639423077 0.7308559038461537 0.8633081370192308
11 0.6872283870192307 0.8255442067307693 0.7293633846153846 0.8277896225961539 0.7299374278846155 0.7898215625 0.6875634735576923 0.7886063942307693 0.6872283870192307 0.8255442067307693
11 0.7289041466346154 0.7903193389423078 0.7300522331730769 0.754596701923077 0.6872283870192307 0.7529636634615385 0.6869881394230769 0.7547890913461538 0.6872283870192307 0.7892986971153846 0.7289041466346154 0.7903193389423078
11 0.4589004326923077 0.7897892548076922 0.45811489903846153 0.7540343870192309 0.41601011298076923 0.753196375 0.415143858173077 0.7546041730769232 0.41443904326923076 0.7897892548076922 0.4589004326923077 0.7897892548076922
11 0.4147532668269231 0.7878339134615384 0.4163243365384615 0.7478890072115385 0.37217717067307693 0.7487270216346154 0.3732030673076923 0.7497308798076923 0.3712345168269231 0.7867165721153846 0.4147532668269231 0.7878339134615384
11 0.4623567932692308 0.8277788028846154 0.46251389663461534 0.7855992451923076 0.4204091274038462 0.7869958990384615 0.41915226442307696 0.7889512548076923 0.41883805769230764 0.8252648076923077 0.4623567932692308 0.8277788028846154
11 0.4158530072115385 0.8201142620192308 0.41616723317307697 0.7824040408653846 0.37170584375 0.7851973894230769 0.37128420913461535 0.78822990625 0.3728056009615385 0.8198349278846154 0.4158530072115385 0.8201142620192308
11 0.46251389663461534 0.8614558149038462 0.4634565504807692 0.8240249519230769 0.41993779807692305 0.8220696105769231 0.4193093677884615 0.8234662812500001 0.4189951610576923 0.8606178317307692 0.46251389663461534 0.8614558149038462
11 0.4637707572115385 0.8977693822115385 0.4623567932692308 0.8606178317307692 0.4189951610576923 0.8567071346153846 0.4189951610576923 0.8941380288461538 0.41946648798076924 0.8994453798076923 0.4202520240384615 0.8958140264423077 0.4637707572115385 0.8977693822115385
11 0.4645562908653846 0.9308877379807693 0.4639278605769231 0.8940155168269232 0.42150888461538466 0.8934568461538461 0.42035219230769233 0.8949550504807693 0.4205662307692308 0.9303290673076923 0.4645562908653846 0.9308877379807693
11 0.4648705144230769 0.9674806033653846 0.4653418269230769 0.9289323822115385 0.4213517644230769 0.9283737115384615 0.4211946610576923 0.9280943846153846 0.42117456009615384 0.9300427716346154 0.42150888461538466 0.9672012908653845 0.4648705144230769 0.9674806033653846
11 0.4650276177884616 1 0.4645562908653846 0.964687264423077 0.42339415865384616 0.9632905937499999 0.42227105048076924 0.9651304903846154 0.42260862499999996 1 0.4650276177884616 1
11 0.4204091274038462 0.8881494783653847 0.3772045985576923 0.888708141826923 0.37751880528846155 0.9258596995192309 0.3789327860576923 0.9269770576923076 0.4221372980769231 0.9269770576923076 0.4204091274038462 0.8881494783653847
11 0.42355127884615384 0.964687264423077 0.42370838221153845 0.9255803725961538 0.37814723557692304 0.925021701923077 0.37923376923076924 0.9276061225961538 0.3783043557692308 0.964687264423077 0.42355127884615384 0.964687264423077
11 0.4224515216346154 0.9987661177884615 0.42260862499999996 0.9596592259615384 0.3787756658653846 0.9613352379807693 0.37813727884615383 0.96269384375 0.37908989182692304 0.9998834591346154 0.4224515216346154 0.9987661177884615
11 0.4202520240384615 0.8912221754807692 0.4207233341346154 0.8535119543269231 0.37641906490384613 0.8526739471153846 0.37563353125000004 0.8546292884615384 0.3764925432692308 0.8579180144230769 0.37641906490384613 0.8898254903846153 0.4202520240384615 0.8912221754807692
11 0.37249137740384614 0.7860354014423077 0.3743766682692308 0.7466491682692307 0.33132924519230766 0.7474871754807692 0.33132924519230766 0.7472078389423077 0.3301657884615385 0.748268891826923 0.32912974519230764 0.78463871875 0.37249137740384614 0.7860354014423077
11 0.3735911346153846 0.8203935913461537 0.37421956490384617 0.78463871875 0.3305437115384615 0.7824040408653846 0.32989166586538465 0.7853059278846154 0.3292868485576923 0.8203935913461537 0.3735911346153846 0.8203935913461537
11 0.37783302884615383 0.8569864783653846 0.37783302884615383 0.8184382572115385 0.33384296874999997 0.8192762572115384 0.33345526201923076 0.8203936466346153 0.3332145360576923 0.8553104663461538 0.37783302884615383 0.8569864783653846
11 0.3767332716346154 0.8924620168269232 0.37783302884615383 0.8544724663461539 0.3341571826923077 0.8539137956730769 0.3337293846153846 0.8545067091346153 0.3340000721153846 0.893579358173077 0.3767332716346154 0.8924620168269232
11 0.3783043557692308 0.9264183557692308 0.3787756658653846 0.888708141826923 0.3336858557692307 0.8909428341346154 0.33478561298076925 0.8934568461538461 0.33384296874999997 0.9261390432692308 0.3783043557692308 0.9264183557692308
11 0.3787756658653846 0.9655252620192307 0.3806609591346154 0.9632905937499999 0.3808180625 0.925021701923077 0.3354140360576923 0.9261390432692308 0.3359223677884616 0.9271187932692307 0.33619957932692307 0.964687264423077 0.3787756658653846 0.9655252620192307
11 0.3797183221153846 0.9994816322115384 0.38050385576923074 0.9634474230769231 0.38050385576923074 0.9623300889423076 0.3404414735576923 0.9620507475961539 0.3382419735576923 0.9612127403846155 0.33777064663461537 0.9631680817307693 0.337018858173077 0.9646431610576923 0.33667089663461536 0.9997609615384615 0.3797183221153846 0.9994816322115384
11 0.5607584254807693 0.7864131201923077 0.5617010649038462 0.7475855721153846 0.5186536562499999 0.7484235721153846 0.5193105240384616 0.7497308798076923 0.5183394326923076 0.7855751370192308 0.5607584254807693 0.7864131201923077
11 0.47692055528846156 0.7834354951923077 0.5192334975961539 0.7839662331730769 0.5190842427884615 0.7466819975961538 0.47820238221153843 0.7470693245192308 0.47692055528846156 0.7834354951923077
11 0.5158006995192308 0.8196000697115384 0.5156514519230769 0.7812543605769231 0.47311462740384613 0.7819177788461539 0.47304000240384614 0.7841734038461539 0.47323499999999996 0.7848258725961539 0.47281612740384615 0.8192020048076922 0.5158006995192308 0.8196000697115384
11 0.5145320576923077 0.8539070625 0.5149798173076923 0.8172862451923077 0.47289075240384615 0.8167555072115384 0.47245375 0.8170017980769231 0.47221911778846154 0.854305110576923 0.5145320576923077 0.8539070625
11 0.5141589278846154 0.8895408918269231 0.5143081850961538 0.8525220288461538 0.4719206129807692 0.8519912980769231 0.4719206129807692 0.8518586057692308 0.4716725 0.8517240192307691 0.4717713605769231 0.8894082091346154 0.5141589278846154 0.8895408918269231
11 0.513935048076923 0.9230517836538461 0.5140096802884615 0.887094389423077 0.4715474855769231 0.8876251274038461 0.4716221081730769 0.8876251274038461 0.47154229086538463 0.8887610576923077 0.47139823317307694 0.9238478846153846 0.513935048076923 0.9230517836538461
11 0.5125171586538462 0.9575496514423077 0.5128902860576923 0.9214595721153847 0.47027884134615383 0.9209288341346155 0.47020421394230766 0.9245113076923077 0.47065197115384616 0.9239805721153846 0.4707265985576923 0.9580803894230769 0.5125171586538462 0.9575496514423077
11 0.5129649110576924 0.9927854302884616 0.5130395432692307 0.9565626706730769 0.47065197115384616 0.9560319326923078 0.47057734615384617 0.9558992524038461 0.470500625 0.9568166129807693 0.47080122355769227 0.9922546947115385 0.5129649110576924 0.9927854302884616
11 0.5559454254807693 0.9965029807692307 0.5567663076923076 0.9600148533653846 0.5143787403846154 0.9590860649038462 0.5144533677884615 0.959882170673077 0.5143787403846154 0.9965029807692307 0.5559454254807693 0.9965029807692307
11 0.5543782788461539 0.9612090072115385 0.5549752884615384 0.9237920937499999 0.5110951971153846 0.9240574615384615 0.5126881249999999 0.9244092043269231 0.5121399591346154 0.959882170673077 0.5543782788461539 0.9612090072115385
11 0.5165826682692308 0.7838541586538461 0.5165111971153846 0.7854304879807692 0.5161464927884615 0.8201729831730769 0.5586833125 0.8210022548076924 0.5581236225961539 0.7841824182692307 0.5165826682692308 0.7838541586538461
11 0.5572840817307692 0.8185144326923077 0.5138144278846154 0.8176851562499999 0.5137211490384616 0.8540074302884615 0.5134413028846153 0.8553342740384615 0.5566310985576923 0.8551684134615385 0.5572840817307692 0.8185144326923077
11 0.5142310961538462 0.8526216923076924 0.5141875600961539 0.8890959783653846 0.5568176586538461 0.890091110576923 0.5570042307692308 0.8536029807692308 0.5142310961538462 0.8526216923076924
11 0.31465875721153846 0.37987793269230774 0.3152557716346154 0.3384804807692308 0.27127619230769234 0.33918813221153843 0.27087817548076926 0.34201871153846153 0.2698831658653846 0.3784626129807692 0.31465875721153846 0.37987793269230774
11 0.3148577764423077 0.3430801971153846 0.31426076201923075 0.3002674447115385 0.27028118028846154 0.3030980456730769 0.26968416586538463 0.30592864423076926 0.26908715144230766 0.3413110625 0.3148577764423077 0.3430801971153846
11 0.26864491826923076 0.26786846634615386 0.26805940625 0.30562146634615384 0.3133325120192308 0.30562146634615384 0.3130008509615385 0.26581623317307695 0.26864491826923076 0.26786846634615386
11 0.3121716586538461 0.2697786394230769 0.312669170673077 0.23056311298076923 0.2670643894230769 0.23056311298076923 0.26777916586538464 0.23119741105769231 0.2673960625 0.26889408653846153 0.3121716586538461 0.2697786394230769
11 0.3118399951923077 0.23203737740384614 0.3120058269230769 0.19459098317307694 0.26590354326923077 0.1925270048076923 0.2651749975961538 0.19518918028846155 0.26557187259615384 0.23174253125 0.3118399951923077 0.23203737740384614
11 0.26557187259615384 0.19531000240384613 0.31134248317307694 0.19589971153846156 0.31067913942307696 0.15815844711538463 0.26673271875000004 0.15697903124999998 0.26606938461538465 0.15874815625 0.26557187259615384 0.19442543269230766 0.26557187259615384 0.19531000240384613
11 0.26656688701923076 0.12041720192307692 0.26633240625 0.12265831490384614 0.2653051682692308 0.15992922836538462 0.3115083149038461 0.1611069903846154 0.3118399951923077 0.12277601923076922 0.26656688701923076 0.12041720192307692
11 0.3118399951923077 0.1254296971153846 0.3120058269230769 0.08473991586538461 0.26805940625 0.08297079086538463 0.26720046153846155 0.08304926201923077 0.26640105528846153 0.12307088701923076 0.3118399951923077 0.1254296971153846
11 0.31233750721153847 0.08634349038461539 0.3133325120192308 0.04535884855769231 0.2673960625 0.046243411057692314 0.26835786778846155 0.04704103125 0.2673960625 0.08398465865384616 0.31233750721153847 0.08634349038461539
11 0.27067362740384615 0.08605500240384616 0.2703419663461539 0.04241667307692308 0.22540052884615386 0.04330123557692308 0.2255663605769231 0.047134314903846154 0.2255337956730769 0.04909864423076923 0.2249030168269231 0.0845807235576923 0.27067362740384615 0.08605500240384616
11 0.26752275961538463 0.122027125 0.26768859134615386 0.08163219711538461 0.22324466826923078 0.08104249038461539 0.22350833173076923 0.08202045432692308 0.22341049999999998 0.1214374326923077 0.26752275961538463 0.122027125
11 0.2668594158653846 0.15875451442307692 0.2668594158653846 0.11865443509615384 0.2220838125 0.11659047115384615 0.22235092307692308 0.11802868509615384 0.2220838125 0.1575750985576923 0.2668594158653846 0.15875451442307692
11 0.2655327307692308 0.19561120673076923 0.26669358413461536 0.15551112740384615 0.22108880528846153 0.15433171153846154 0.22175214903846155 0.15816480528846155 0.22148286778846152 0.15918094951923076 0.22092295673076923 0.19325238942307693 0.2655327307692308 0.19561120673076923
11 0.26470355528846157 0.23086433413461538 0.2661960721153846 0.19223851682692306 0.2197621201923077 0.18958483653846156 0.22142046875000002 0.19371279567307692 0.22042546153846151 0.2290952091346154 0.26470355528846157 0.23086433413461538
11 0.2640402115384615 0.2668364711538462 0.26470355528846157 0.2270312451923077 0.21793792067307693 0.22555695913461538 0.21860126442307692 0.22791579326923078 0.2191680528846154 0.23016860336538464 0.21876709615384618 0.2656570552884615 0.2640402115384615 0.2668364711538462
11 0.2678544230769231 0.30369316586538464 0.2678544230769231 0.2653621947115385 0.22291298798076922 0.26300337740384616 0.22291298798076922 0.26447763942307695 0.22307881971153845 0.26447763942307695 0.22341049999999998 0.2638879302884615 0.22292962740384617 0.26772004326923077 0.22241547596153846 0.3019240408653846 0.2678544230769231 0.30369316586538464
11 0.2688494471153846 0.34172927403846154 0.26918111057692307 0.3016291778846154 0.22357633173076924 0.29838579086538464 0.22350833173076923 0.30115625721153844 0.22274715625000002 0.3390755961538462 0.2688494471153846 0.34172927403846154
11 0.2705077956730769 0.37816180288461543 0.2718344831730769 0.33835656730769226 0.22689304807692307 0.33481833413461537 0.2269805528846154 0.3371644879807692 0.2263955360576923 0.3746235528846154 0.2705077956730769 0.37816180288461543
11 0.28808637259615383 0.42651778125 0.28825220432692306 0.38287945192307693 0.23883321153846152 0.38228974278846156 0.24032573076923078 0.3849434375 0.24049156249999998 0.42150526923076925 0.28808637259615383 0.42651778125
11 0.24198408173076924 0.42592807211538464 0.24264742548076923 0.3831743149038462 0.19356009615384615 0.37963606490384616 0.19515185096153848 0.3819175745192308 0.19422343990384616 0.42180013221153845 0.24198408173076924 0.42592807211538464
11 0.2869255168269231 0.46236061538461537 0.28659383653846154 0.42343993750000003 0.23982821875000002 0.4199017043269231 0.24015988221153844 0.42196567548076924 0.23942268269230768 0.42358424038461534 0.23833569951923075 0.4608863389423077 0.2869255168269231 0.46236061538461537
11 0.19223340865384617 0.46265547836538456 0.19239924038461537 0.4611811995192308 0.23883321153846152 0.4656040048076923 0.23999405048076922 0.4240296442307692 0.1917358966346154 0.41724800961538466 0.19254768269230768 0.42049782211538467 0.1920675769230769 0.45675839663461537 0.19223340865384617 0.46265547836538456
11 0.28311130528846157 0.5018709879807692 0.2846038245192308 0.50128128125 0.28360880048076925 0.46059149278846157 0.23783818990384614 0.45823267548076924 0.23700901442307692 0.4608863389423077 0.23734067788461538 0.4632451706730769 0.23651150240384616 0.5015761274038462 0.28311130528846157 0.5018709879807692
11 0.1932284326923077 0.4980378918269231 0.2368431826923077 0.50128128125 0.23734067788461538 0.46000178365384614 0.19040922836538463 0.4564635336538462 0.1902433798076923 0.4617709086538462 0.1913902764423077 0.46319329567307693 0.19123840384615384 0.49715332211538465 0.1932284326923077 0.4980378918269231
11 0.3330278076923077 0.43287525240384617 0.3328619759615385 0.3886472235576923 0.2862621730769231 0.38746781490384613 0.28571898076923075 0.38706160817307694 0.28593050961538463 0.43081128124999996 0.3330278076923077 0.43287525240384617
11 0.282779625 0.5397777956730769 0.2829454567307692 0.4996776995192308 0.23700901442307692 0.4976137283653846 0.2362398125 0.4986871225961539 0.2375065264423077 0.5406623485576924 0.282779625 0.5397777956730769
11 0.19140423557692307 0.5374189615384615 0.23949653846153846 0.5388932091346154 0.2375065264423077 0.4982034350961539 0.19167519471153846 0.49526164182692306 0.19140423557692307 0.5374189615384615
11 0.23833569951923075 0.6537567884615385 0.23866736298076924 0.6133618605769231 0.19040922836538463 0.6083493653846154 0.19023286778846152 0.6103126370192308 0.1895800360576923 0.6484494447115385 0.23833569951923075 0.6537567884615385
11 0.23850153125 0.6148361394230769 0.23899904326923077 0.5753257524038461 0.1902433798076923 0.5703132548076923 0.18991171634615386 0.57149265625 0.18908254086538462 0.5703132548076923 0.18908254086538462 0.5706081009615385 0.19074089182692308 0.5741463509615385 0.19040922836538463 0.611297889423077 0.23850153125 0.6148361394230769
11 0.23767235817307691 0.5779794471153846 0.23700901442307692 0.5372896514423077 0.1920675769230769 0.5325719927884616 0.19074089182692308 0.5381742139423077 0.19167962740384617 0.5372673701923077 0.19057506009615383 0.5741463509615385 0.23767235817307691 0.5779794471153846
11 0.28344296874999997 0.5794537091346154 0.28327713701923074 0.5393536225961538 0.23800401923076922 0.5381742139423077 0.23800401923076922 0.540827891826923 0.23700901442307692 0.5794537091346154 0.28344296874999997 0.5794537091346154
11 0.28593050961538463 0.6171949567307693 0.2851013173076923 0.5785691538461538 0.23667733413461536 0.5744411971153845 0.23700901442307692 0.5747360600961539 0.23710786778846152 0.5748188100961539 0.23767235817307691 0.6163104014423078 0.28593050961538463 0.6171949567307693
11 0.23883321153846152 0.6912031875 0.24015988221153844 0.6505134158653847 0.19339426442307694 0.6463854591346153 0.19254768269230768 0.6468352692307692 0.19190174759615383 0.6856009831730769 0.23883321153846152 0.6912031875
11 0.23982821875000002 0.7268804807692307 0.24231574278846152 0.6876649711538462 0.19488678365384615 0.6829472884615384 0.19544120192307693 0.685929920673077 0.19422343990384616 0.725406233173077 0.23982821875000002 0.7268804807692307
11 0.28427214182692306 0.6537567884615385 0.28427214182692306 0.6142464302884615 0.23850153125 0.6121824615384616 0.23833569951923075 0.6118875985576924 0.23783818990384614 0.6499237235576923 0.28427214182692306 0.6537567884615385
11 0.2847696538461538 0.6919584567307692 0.28559882932692304 0.6503841057692308 0.23899904326923077 0.6497943966346154 0.23855462740384617 0.6514648990384615 0.23850153125 0.6901893317307692 0.2847696538461538 0.6919584567307692
11 0.2879205240384616 0.7296997187500001 0.28659383653846154 0.6872408125 0.2409890745192308 0.6863562283653846 0.23942268269230768 0.6885019375 0.2409890745192308 0.7270460384615384 0.2879205240384616 0.7296997187500001
11 0.24646163701923077 0.7818887932692308 0.2461299735576923 0.7417887139423077 0.20334439903846152 0.7403144350961538 0.20301271875 0.742378420673077 0.20301271875 0.7447372379807693 0.2018518798076923 0.7774660048076923 0.24646163701923077 0.7818887932692308
11 0.3328619759615385 0.6969709687500001 0.33103775961538456 0.6571657403846154 0.2860963413461538 0.6562811802884615 0.2860963413461538 0.6607039831730769 0.28485092307692306 0.6602097548076924 0.2847696538461538 0.6966761201923077 0.3328619759615385 0.6969709687500001
11 0.33153528846153846 0.7355968004807691 0.33103775961538456 0.6934327331730769 0.2864280048076923 0.6931378725961538 0.28571898076923075 0.6962179855769232 0.2860963413461538 0.7335328149038461 0.33153528846153846 0.7355968004807691
11 0.33020860336538466 0.5844662211538462 0.3285502355769231 0.5434815721153846 0.2824479615384615 0.5420073076923078 0.28195740625 0.5444690144230769 0.2837746298076923 0.5844662211538462 0.33020860336538466 0.5844662211538462
11 0.33501781971153843 0.47078205048076927 0.3331936394230769 0.4295025552884616 0.2860963413461538 0.4283231466346154 0.28571898076923075 0.43078588701923076 0.2869255168269231 0.4693077884615385 0.33501781971153843 0.47078205048076927
11 0.33103775961538456 0.5091130144230769 0.33054026442307693 0.4666541009615385 0.2824479615384615 0.46724381009615384 0.282779625 0.4746151610576923 0.28282546153846155 0.4724525552884616 0.28311130528846157 0.5064593341346154 0.33103775961538456 0.5091130144230769
11 0.32871606730769226 0.5465594158653846 0.32904774759615385 0.5064593341346154 0.282779625 0.50557478125 0.2816680528846154 0.5074319783653846 0.282779625 0.54538 0.32871606730769226 0.5465594158653846
11 0.33054026442307693 0.6213229134615385 0.32987692307692307 0.5812228341346154 0.2826137932692308 0.5803382716346154 0.282779625 0.5874147620192308 0.28340416586538464 0.5856212788461538 0.28344296874999997 0.62220746875 0.33054026442307693 0.6213229134615385
11 0.2831185432692308 0.6186774855769231 0.28427214182692306 0.660243576923077 0.33103775961538456 0.6599487307692308 0.33037443509615383 0.6192589423076923 0.2831185432692308 0.6186774855769231
11 0.37687995913461536 0.7381771394230768 0.3770931923076923 0.6957182091346154 0.3303986370192308 0.69306453125 0.3294065456730769 0.6940792091346153 0.33061184855769227 0.7355234423076923 0.37687995913461536 0.7381771394230768
11 0.37858569951923077 0.6987509951923077 0.37773282932692304 0.6570502788461539 0.3308250600961538 0.6566711923076922 0.33052261778846154 0.6563807980769231 0.32997218990384614 0.6995091706730769 0.37858569951923077 0.6987509951923077
11 0.3736817115384615 0.6615994567307693 0.37538745192307693 0.6217942235576923 0.32954576682692305 0.619140545673077 0.3294065456730769 0.6213278870192307 0.32933253125 0.661978545673077 0.3736817115384615 0.6615994567307693
11 0.3741081346153846 0.549552858173077 0.3741081346153846 0.50823125 0.32805323798076924 0.5067148581730769 0.32754642548076923 0.5095554014423077 0.3286928966346154 0.5506901610576923 0.3741081346153846 0.549552858173077
11 0.3792253557692308 0.5101267307692308 0.37538745192307693 0.46842601682692303 0.3308250600961538 0.4676678221153846 0.33015059375 0.46987286057692307 0.32933253125 0.5093685360576923 0.3792253557692308 0.5101267307692308
11 0.37858569951923077 0.43409440384615383 0.37773282932692304 0.391256375 0.33295722355769236 0.38708631490384615 0.3323827355769231 0.3885236538461539 0.33125150721153845 0.43219892307692304 0.37858569951923077 0.43409440384615383
11 0.375813875 0.6252060961538461 0.3756006634615385 0.5812307932692308 0.3261342860576923 0.5823680889423077 0.32717440144230764 0.5856136009615385 0.32911931971153846 0.6236897043269232 0.375813875 0.6252060961538461
11 0.3767446610576923 0.5858274062500001 0.3756252596153846 0.5400513942307692 0.3289840120192308 0.5433684855769231 0.3277635384615385 0.5433423221153846 0.3274914879807692 0.5858274062500001 0.3767446610576923 0.5858274062500001
11 0.5633096514423077 0.5944518701923077 0.5640559326923077 0.5500027019230769 0.5200265697115385 0.5473490144230769 0.518534048076923 0.5665881923076923 0.5185187451923077 0.5641756538461539 0.5181609278846154 0.5924616225961539 0.5633096514423077 0.5944518701923077
11 0.6460275384615385 0.6274511225961539 0.6027444567307693 0.6267877187500001 0.6012519326923077 0.658631891826923 0.6025031201923077 0.6637126923076924 0.6449081370192308 0.6652661081730769 0.6460275384615385 0.6274511225961539
11 0.6441618942307692 0.7415594134615385 0.6467737788461538 0.7010908124999999 0.6046101009615384 0.6991005288461539 0.6025031201923077 0.7065367644230769 0.6012519326923077 0.7382423581730768 0.6441618942307692 0.7415594134615385
11 0.2878604375 0.8525062860576923 0.2884031730769231 0.8163197091346154 0.2459342067307692 0.8141485168269231 0.24466022596153847 0.8150032692307693 0.24417031971153846 0.852023798076923 0.2878604375 0.8525062860576923
11 0.23942137980769232 0.8508175817307693 0.24077822596153847 0.8124598100961538 0.1976308269230769 0.81125359375 0.19660151442307694 0.8120571394230769 0.1961383076923077 0.8498526129807692 0.23942137980769232 0.8508175817307693
11 0.24023549038461536 0.8474401634615384 0.19654535576923077 0.8467164375 0.1973594591346154 0.8503350937499999 0.1963647716346154 0.8499359278846155 0.19573125240384615 0.8879691225961538 0.19586693990384615 0.8843504663461539 0.24037117067307692 0.8853154423076923 0.24023549038461536 0.8474401634615384
11 0.28324720673076925 0.8879691225961538 0.28487539903846154 0.8500938437500001 0.2406425456730769 0.8491288725961539 0.2399641153846154 0.8513000721153846 0.2396927548076923 0.8853154423076923 0.28324720673076925 0.8879691225961538
11 0.28758907692307695 0.922949485576923 0.28799613221153847 0.8862804206730769 0.2452557764423077 0.8848329543269231 0.24466022596153847 0.8844477115384616 0.24417031971153846 0.9210195312499999 0.28758907692307695 0.922949485576923
11 0.2888102283653846 0.9581710841346154 0.28948864423076925 0.9227082211538461 0.24634124759615383 0.9195720528846153 0.2459342067307692 0.9227082211538461 0.24631742307692306 0.923168252403846 0.24579851201923075 0.9564823677884615 0.2888102283653846 0.9581710841346154
11 0.2418636971153846 0.9202957908653846 0.24172800240384615 0.8848329543269231 0.1981735625 0.8838679759615384 0.19825871153846153 0.8852894639423077 0.1976308269230769 0.9202957908653846 0.2418636971153846 0.9202957908653846
11 0.24294915384615384 0.9568590625 0.244034625 0.9204312475961539 0.2007515456730769 0.9187425384615384 0.19991590865384617 0.9202221225961539 0.19871629086538461 0.9563765745192309 0.24294915384615384 0.9568590625
11 0.20278680048076922 0.9920806610576923 0.24484873557692308 0.992804375 0.2452557764423077 0.9537228942307692 0.20237975240384615 0.9537228942307692 0.20183701682692307 0.9556528485576923 0.2020465889423077 0.9568382860576924 0.20156564903846153 0.9894269807692309 0.20278680048076922 0.9920806610576923
11 0.2907097956730769 0.9937693653846154 0.2920666418269231 0.9542053822115384 0.24715535817307693 0.9554115961538462 0.24750113461538462 0.9572591610576923 0.24756239903846153 0.992804375 0.2907097956730769 0.9937693653846154
11 0.33616383173076925 0.991356923076923 0.33657087259615387 0.9556528485576923 0.2920666418269231 0.9556528485576923 0.29193094711538464 0.9583065288461537 0.29200871153846153 0.9585217860576923 0.29152390625 0.9935281153846154 0.33616383173076925 0.991356923076923
11 0.2903541610576923 0.8510579639423077 0.2907097956730769 0.8886928629807692 0.3335858197115385 0.8870041466346154 0.3337215 0.8503350937499999 0.2903541610576923 0.8510579639423077
11 0.3322289879807692 0.7843400865384615 0.3314148918269231 0.7474297764423077 0.2888102283653846 0.745499829326923 0.28845757451923076 0.7480840769230769 0.28731770192307693 0.7821688822115385 0.3322289879807692 0.7843400865384615
11 0.28799613221153847 0.7824101322115384 0.28826749278846153 0.7440523629807692 0.24457736057692306 0.7435698749999999 0.24442348317307694 0.7413500697115385 0.244034625 0.7812039158653847 0.28799613221153847 0.7824101322115384
11 0.28718202163461537 0.8173904807692308 0.28813181250000003 0.7799976899038461 0.24430600000000002 0.7787914735576924 0.24430600000000002 0.7828926201923078 0.24394999759615385 0.7834376105769232 0.24349188942307692 0.8161842644230769 0.28718202163461537 0.8173904807692308
11 0.3307364759615385 0.8188379471153847 0.33114353125 0.7804801778846154 0.2888102283653846 0.7802389399038462 0.2877473461538461 0.7809123581730769 0.28718202163461537 0.8176317307692307 0.3307364759615385 0.8188379471153847
11 0.3326360432692308 0.8522650360576923 0.33209330769230766 0.8170434423076922 0.28813181250000003 0.8163197091346154 0.2879840889423077 0.8183702716346153 0.2878604375 0.8539537524038461 0.3326360432692308 0.8522650360576923
11 0.3341285697115385 0.9228436778846153 0.3341285697115385 0.8847271610576922 0.2908454903846154 0.885933375 0.29035151442307694 0.8873938413461538 0.29016706009615384 0.9213962259615385 0.3341285697115385 0.9228436778846153
11 0.24103928605769231 0.8154173149038461 0.24186846153846153 0.7785606225961538 0.19891705528846154 0.7762018052884615 0.19804536778846152 0.7785225120192307 0.197092875 0.8142379158653846 0.24103928605769231 0.8154173149038461
11 0.3576128004807692 0.22853196875 0.3572222331730769 0.2649880096153846 0.40179882932692307 0.266757125 0.40279384134615387 0.2278364591346154 0.3576128004807692 0.22853196875
11 0.4217163509615384 0.8567551947115385 0.41997506730769235 0.8173922788461538 0.3771894951923077 0.8169499855769231 0.3769291634615385 0.818246733173077 0.37569698557692305 0.8567551947115385 0.4217163509615384 0.8567551947115385