11 0.18699731009615383 0.6738624278846154 0.23365627884615386 0.676823608173077 0.23282303365384616 0.6383276658653846 0.1820377860576923 0.6373943581730769 0.18699731009615383 0.6738624278846154
11 0.21982627163461538 0.07292955288461539 0.2640897572115385 0.07200416586538462 0.26513123317307696 0.03498883894230769 0.21831040384615383 0.034391954326923074 0.21982627163461538 0.07292955288461539
11 0.2189267860576923 0.10607511057692308 0.26423174759615387 0.10885125240384615 0.2647524855769231 0.06905980288461538 0.21923373798076923 0.06709516346153846 0.2189267860576923 0.10607511057692308
11 0.21589700240384616 0.14620306971153846 0.2606812259615384 0.14897921153846155 0.2622434423076923 0.10918774278846154 0.21490187259615384 0.10932764423076922 0.21589700240384616 0.14620306971153846
11 0.2157549278846154 0.18077876923076924 0.25949767307692306 0.18170413942307692 0.2621014086538462 0.14468881249999999 0.21593161778846154 0.1418422451923077 0.2157549278846154 0.18077876923076924
11 0.21499747596153848 0.21728932692307693 0.25874022115384615 0.22006546875 0.25978173798076926 0.1811993701923077 0.21452312499999998 0.17906787980769232 0.21499747596153848 0.21728932692307693
11 0.21272515384615384 0.25413642548076926 0.2580301153846154 0.2532110216346154 0.2585508942307692 0.21527032692307693 0.21134001923076923 0.21640073076923078 0.21272515384615384 0.25413642548076926
11 0.2175538798076923 0.29064697115384613 0.26285888221153847 0.29434848076923076 0.26390036057692307 0.25455701201923076 0.21642935096153845 0.25246894471153847 0.2175538798076923 0.29064697115384613
11 0.21854804086538462 0.28938508653846157 0.21698578365384616 0.32547504326923077 0.2617700072115384 0.32732578125 0.2638530024038462 0.2875343149038462 0.2206310360576923 0.28660894471153847 0.21854804086538462 0.28938508653846157
11 0.2647051778846154 0.33085906009615385 0.3089686634615385 0.3327097980769231 0.3089686634615385 0.2956944735576923 0.26319795432692306 0.2943241947115385 0.2647051778846154 0.33085906009615385
11 0.26238545432692306 0.29317073798076926 0.30821119471153846 0.2959468822115384 0.3076904567307692 0.25800615144230765 0.26113840384615383 0.2554567548076923 0.26238545432692306 0.29317073798076926
11 0.26143864663461536 0.2554824182692308 0.3067436466346154 0.2554824182692308 0.3067436466346154 0.21846709134615386 0.26032146634615383 0.2177467235576923 0.26143864663461536 0.2554824182692308
11 0.2577934326923077 0.22124324759615385 0.3051813918269231 0.2193924735576923 0.3051813918269231 0.18052637500000002 0.25836834134615383 0.17955229086538463 0.2577934326923077 0.22124324759615385
11 0.25689397596153846 0.18439616105769233 0.30324045432692304 0.18532152884615385 0.3053234110576923 0.14830620432692307 0.2563732355769231 0.14553006009615385 0.25689397596153846 0.18439616105769233
11 0.2618173822115385 0.15015695192307693 0.3076430841346154 0.14738080769230769 0.3076430841346154 0.10666393509615385 0.26095990384615386 0.10865461057692308 0.2618173822115385 0.15015695192307693
11 0.26177003125 0.11196388701923077 0.30707503365384614 0.11196388701923077 0.31072024519230773 0.07309783894230769 0.26247481009615387 0.07344801682692308 0.26177003125 0.11196388701923077
11 0.2611545841346154 0.08033263221153845 0.30750106490384616 0.07848189423076923 0.30750106490384616 0.03869039182692308 0.26198966586538464 0.04063762740384615 0.2611545841346154 0.08033263221153845
11 0.3065068966346154 0.07107882692307692 0.3512911610576923 0.07107882692307692 0.3518118990384615 0.0303619375 0.3060476754807692 0.03091974278846154 0.3065068966346154 0.07107882692307692
11 0.3073590721153846 0.10944013942307693 0.3526640360576923 0.10666396153846154 0.3542262908653846 0.06872326682692308 0.30794132932692303 0.0693027860576923 0.3073590721153846 0.10944013942307693
11 0.3054654182692308 0.14780146875 0.3512911610576923 0.1450252908653846 0.35024964182692303 0.10800996634615385 0.30344350961538463 0.10537101201923077 0.3054654182692308 0.14780146875
11 0.3035717932692308 0.18506916826923078 0.3514804903846154 0.1822930264423077 0.3483560168269231 0.14435229567307692 0.30285196875 0.14520727403846154 0.3035717932692308 0.18506916826923078
11 0.30546543990384617 0.21956073798076922 0.3497289254807692 0.21956073798076922 0.35024966346153846 0.17976926923076922 0.30188170673076925 0.17809910576923077 0.30546543990384617 0.21956073798076922
11 0.3052287403846154 0.2569966730769231 0.34949222596153845 0.2569966730769231 0.3505337043269231 0.21627980048076922 0.3036664855769231 0.21627980048076922 0.3052287403846154 0.2569966730769231
11 0.3070276586538462 0.29426437259615384 0.35181187980769235 0.29148823076923075 0.35181187980769235 0.25447290384615384 0.304485875 0.25516097836538465 0.3070276586538462 0.29426437259615384
11 0.30716967788461536 0.3292606610576923 0.3514331610576923 0.33018606490384617 0.3524746802884616 0.2903945625 0.3067113221153846 0.29017897836538464 0.30716967788461536 0.3292606610576923
11 0.3521906009615385 0.3290083125 0.3954126466346154 0.32715761057692305 0.3954126466346154 0.28921684375 0.3521906009615385 0.2901422139423077 0.3521906009615385 0.3290083125
11 0.35176456971153847 0.2908152091346154 0.3965488317307692 0.2898898413461538 0.39706953125 0.25194911057692304 0.3515736971153846 0.2510157355769231 0.35176456971153847 0.2908152091346154
11 0.35190656009615384 0.2564919182692308 0.3972115625 0.2564919182692308 0.39564930528846154 0.21947659134615385 0.34859078125000004 0.22014295432692307 0.35190656009615384 0.2564919182692308
11 0.3504390120192307 0.21930832692307692 0.3967854927884616 0.21838292307692309 0.3967854927884616 0.1776660841346154 0.3503780096153846 0.17877206490384617 0.3504390120192307 0.21930832692307692
11 0.3501550024038461 0.18288191346153845 0.3959807019230769 0.1847326514423077 0.39702218028846153 0.1458665889423077 0.3517865192307692 0.14510008173076924 0.3501550024038461 0.18288191346153845
11 0.3521906466346154 0.14485704086538462 0.3974956081730769 0.14578244471153845 0.39853708653846154 0.10599093990384614 0.3506972572115385 0.10566680048076924 0.3521906466346154 0.14485704086538462
11 0.35105446153846154 0.11230041346153846 0.39792167788461535 0.11137500961538462 0.3968802019230769 0.0734343125 0.35086315384615385 0.07285642307692307 0.35105446153846154 0.11230041346153846
11 0.3523326370192308 0.07276130528846153 0.3965961610576923 0.0736866923076923 0.3960753822115385 0.03296983653846154 0.3522716346153846 0.03398897115384615 0.3523326370192308 0.07276130528846153
11 0.39332963942307697 0.07772473076923078 0.43759312259615385 0.07494856971153846 0.43863460096153845 0.037007875 0.39020520673076925 0.03793324519230769 0.39332963942307697 0.07772473076923078
11 0.39550727403846153 0.11230039903846153 0.43977075961538464 0.11137499519230769 0.43872928125 0.0752850576923077 0.3932403629807692 0.0728564110576923 0.39550727403846153 0.11230039903846153
11 0.39574401442307694 0.1502411201923077 0.4400074975961538 0.14839034615384616 0.44104897596153847 0.10952428365384616 0.3962647139423077 0.10767350961538462 0.39574401442307694 0.1502411201923077
11 0.39418178605769233 0.18548981730769232 0.4394867475961538 0.18456441346153846 0.4400075264423077 0.14754908653846155 0.3962647427884616 0.1419968028846154 0.39418178605769233 0.18548981730769232
11 0.3962647427884616 0.21956071394230767 0.44104900480769227 0.21863534375 0.4400075264423077 0.18254538701923076 0.3933467884615384 0.17925648798076924 0.3962647427884616 0.21956071394230767
11 0.3939450985576923 0.22057023557692307 0.3949865769230769 0.2594362980769231 0.4408123173076923 0.2594362980769231 0.43872928125 0.22057023557692307 0.3945424471153846 0.2198471514423077 0.3939450985576923 0.22057023557692307
11 0.3948918966346154 0.2921612331730769 0.4391553798076923 0.29308660096153843 0.4391553798076923 0.2560712764423077 0.3947083725961538 0.2535191658653846 0.3948918966346154 0.2921612331730769
11 0.3951285552884615 0.32825122115384614 0.4373090841346154 0.32640044711538463 0.43939204086538464 0.29308663461538464 0.3961168509615384 0.2928710504807692 0.3951285552884615 0.32825122115384614
11 0.43863460096153845 0.3353177379807692 0.4823773870192308 0.3353177379807692 0.4823773870192308 0.2964516370192308 0.4396302475961538 0.29392123798076925 0.43863460096153845 0.3353177379807692
11 0.43915535096153846 0.29922781490384615 0.48602256971153845 0.30200395673076924 0.48498109134615386 0.2612870841346154 0.43767709374999997 0.2580416081730769 0.43915535096153846 0.29922781490384615
11 0.4383979134615385 0.2576696947115385 0.4821406177884615 0.25859506490384615 0.4821406177884615 0.21972896394230768 0.43626861298076924 0.22294218028846155 0.4383979134615385 0.2576696947115385
11 0.43787713461538463 0.19348172355769233 0.4383979134615385 0.22587013461538463 0.4826613966346154 0.22309395673076923 0.4826613966346154 0.18515326201923077 0.43735643509615385 0.18700403365384616 0.43787713461538463 0.19348172355769233
11 0.4380191706730769 0.14679195673076922 0.43958142788461535 0.18843419951923077 0.48592786778846153 0.1893595673076923 0.48592786778846153 0.14864273076923076 0.44070690384615385 0.14625749038461539 0.4380191706730769 0.14679195673076922
11 0.4395341057692308 0.152176 0.48796358173076926 0.1549521418269231 0.4874428028846154 0.11516067307692308 0.4396176730769231 0.11344708653846153 0.4395341057692308 0.152176
11 0.4401022067307692 0.0810056298076923 0.4416643846153846 0.11709556730769231 0.48592786778846153 0.11617019951923077 0.4864486466346154 0.07545332692307692 0.44070690384615385 0.0748754375 0.4401022067307692 0.0810056298076923
11 0.43631495673076925 0.07688346394230769 0.4810991394230769 0.079659625 0.4810991394230769 0.036166644230769235 0.43757069711538465 0.035334987980769235 0.43631495673076925 0.07688346394230769
11 0.49269759375 0.0737708173076923 0.5374818557692308 0.07839773317307691 0.5385233341346154 0.039531668269230776 0.49083711298076926 0.034996307692307695 0.49269759375 0.0737708173076923
11 0.49305501682692304 0.10953171394230769 0.5376711658653845 0.11364642307692309 0.5397541995192308 0.07478032451923076 0.4924584158653846 0.06725799038461538 0.49305501682692304 0.10953171394230769
11 0.4904725793269231 0.14595071875 0.5368190961538462 0.14965223076923076 0.5373397956730769 0.1107861298076923 0.49186687500000004 0.10582964663461537 0.4904725793269231 0.14595071875
11 0.48962043028846153 0.179853375 0.5338839158653846 0.18448029086538462 0.535446170673077 0.14746496634615386 0.4886711658653846 0.1434582764423077 0.48962043028846153 0.179853375
11 0.48957315865384615 0.22141149519230768 0.5348781225961539 0.22603841105769232 0.5369610769230769 0.1843961706730769 0.4901860721153846 0.1831873341346154 0.48957315865384615 0.22141149519230768
11 0.49184553365384615 0.25396814903846154 0.5366297163461539 0.25859506490384615 0.5371504951923077 0.21880359615384615 0.4905053197115385 0.21484032932692307 0.49184553365384615 0.25396814903846154
11 0.48474435336538463 0.292077125 0.5316115697115384 0.29762940865384613 0.5326531274038462 0.25876331009615383 0.48574777884615383 0.2527389783653846 0.48474435336538463 0.292077125
11 0.4882002331730769 0.3289242307692308 0.5319430192307693 0.32984967067307697 0.5335051947115385 0.2946850456730769 0.4882924471153846 0.28891442788461535 0.4882002331730769 0.3289242307692308
11 0.5333631875 0.33161621153846155 0.5771058918269231 0.3306908076923077 0.5771058918269231 0.29275011298076925 0.5309888461538461 0.28697678125 0.5333631875 0.33161621153846155
11 0.5329844975961539 0.2977976490384615 0.5777686802884616 0.29039459134615386 0.5777686802884616 0.25708081009615386 0.5332143221153847 0.2559153966346154 0.5329844975961539 0.2977976490384615
11 0.5331265048076923 0.25977285096153846 0.5768692908653846 0.25977285096153846 0.5773899903846154 0.22460829807692306 0.5328356322115385 0.2215704014423077 0.5331265048076923 0.25977285096153846
11 0.5351621610576923 0.2213273485576923 0.5789048653846154 0.22687963461538463 0.5794256442307693 0.18893893990384614 0.5350015504807693 0.18472192307692306 0.5351621610576923 0.2213273485576923
11 0.5352009519230769 0.14432617788461538 0.5356829399038461 0.1837231875 0.5804671225961539 0.18464855528846155 0.5815086009615384 0.14578245673076923 0.5352009519230769 0.14432617788461538
11 0.535824920673077 0.14578244471153845 0.5811298822115385 0.14948399038461538 0.5816506610576924 0.11154329567307693 0.5359249134615385 0.10612544951923077 0.535824920673077 0.14578244471153845
11 0.5371031370192307 0.10918775240384616 0.5813666201923077 0.1119638966346154 0.5808458413461538 0.07309781490384616 0.5386354759615385 0.07274923076923077 0.5371031370192307 0.10918775240384616
11 0.5374818557692308 0.07604220913461539 0.5838282956730769 0.07696759615384616 0.5827868173076923 0.03634232932692308 0.5370610721153846 0.03773122115384615 0.5374818557692308 0.07604220913461539
11 0.5819346706730769 0.07419143990384615 0.6272396322115384 0.07696758173076924 0.6235944206730769 0.0381015 0.5807403629807693 0.03634231730769231 0.5819346706730769 0.07419143990384615
11 0.5809878725961538 0.11120677884615385 0.624730576923077 0.11398292067307692 0.624730576923077 0.0751168389423077 0.5812254783653846 0.07245344230769231 0.5809878725961538 0.11120677884615385
11 0.5805618028846153 0.1491474735576923 0.6253460649038461 0.15099824759615385 0.6274290216346153 0.11028142788461538 0.581710625 0.11064788701923077 0.5805618028846153 0.1491474735576923
11 0.5792835865384616 0.18456440865384616 0.6245886274038461 0.18734055048076922 0.625109326923077 0.14569831009615386 0.5809531850961538 0.1423822716346154 0.5792835865384616 0.18456440865384616
11 0.5786682067307692 0.2209908485576923 0.6213694350961538 0.22191625240384616 0.6239731682692308 0.18305015384615386 0.5802304639423077 0.1811993798076923 0.5786682067307692 0.2209908485576923
11 0.5750703173076923 0.26044583413461536 0.6198545 0.26137120432692307 0.6198545 0.2234305096153846 0.5756979254807693 0.21992856971153846 0.5750703173076923 0.26044583413461536
11 0.5780054759615385 0.2958627596153846 0.6207067043269231 0.2977135336538462 0.6201859254807692 0.25792206490384617 0.575638483173077 0.2551352019230769 0.5780054759615385 0.2958627596153846
11 0.57658525 0.33245747355769234 0.6177242211538462 0.3306067716346154 0.6172034423076924 0.29266600480769234 0.5752597355769231 0.28966881490384616 0.57658525 0.33245747355769234
11 0.6153097596153846 0.33220507692307694 0.6595732451923078 0.32942893509615384 0.6616562788461539 0.2933390144230769 0.6194757524038461 0.2887120985576923 0.6153097596153846 0.33220507692307694
11 0.6195231370192308 0.29283423798076924 0.663786622596154 0.2956103798076923 0.6643074014423077 0.25766968509615384 0.6216061730769231 0.25396813942307694 0.6195231370192308 0.29283423798076924
11 0.6200912379807693 0.26170774278846154 0.6633131658653847 0.26078233894230773 0.6638339447115384 0.22654315384615384 0.6194241153846154 0.22165180528846154 0.6200912379807693 0.26170774278846154
11 0.6234050889423077 0.1875088173076923 0.6687100504807693 0.1893595889423077 0.6692308293269231 0.14864275240384617 0.6229985721153847 0.14440131009615384 0.6234050889423077 0.1875088173076923
11 0.6227896033653846 0.15158713461538462 0.6680946442307693 0.15158713461538462 0.6680946442307693 0.11549717788461539 0.6244665504807692 0.11401291586538462 0.6227896033653846 0.15158713461538462
11 0.6235944206730769 0.11507655288461538 0.6673372043269231 0.11692732451923077 0.6688993822115384 0.07621045192307693 0.6250111971153847 0.07331503365384616 0.6235944206730769 0.11507655288461538
11 0.6260088245192308 0.07713585336538462 0.6692308293269231 0.07898660817307693 0.6713137860576922 0.03836134375 0.6262537788461539 0.039750233173076924 0.6260088245192308 0.07713585336538462
11 0.2205837115384615 0.36417287259615383 0.2632849375 0.3660236442307693 0.26276419951923075 0.327157545673077 0.21906438221153846 0.32697181490384614 0.2205837115384615 0.36417287259615383
11 0.2644210961538462 0.3673696370192308 0.3118090528846154 0.36644426682692305 0.31076757451923076 0.32757823798076924 0.26447137259615383 0.32716039903846156 0.2644210961538462 0.3673696370192308
11 0.30669631490384613 0.3664443293269231 0.35512575 0.3655188894230769 0.3525220144230769 0.3266527884615385 0.3076655504807692 0.3278591826923077 0.30669631490384613 0.3664443293269231
11 0.3498709230769231 0.36509832451923074 0.3983003990384616 0.3613967067307692 0.3977796586538461 0.32438138221153845 0.3499363317307692 0.32304095673076927 0.3498709230769231 0.36509832451923074
11 0.3947498485576923 0.36610774038461535 0.44057554807692306 0.36610774038461535 0.44057554807692306 0.32816711538461535 0.3911773533653846 0.3277519903846154 0.3947498485576923 0.36610774038461535
11 0.43693038701923076 0.36913638701923074 0.48275612740384616 0.36728554326923074 0.47963161298076923 0.32656870673076926 0.43583953846153844 0.3247642043269231 0.43693038701923076 0.36913638701923074
11 0.41671593028846154 0.4265100793269231 0.4646246274038462 0.4265100793269231 0.4641038485576923 0.38671857692307693 0.4149740408653846 0.38239168269230767 0.41671593028846154 0.4265100793269231
11 0.37245240625 0.42188312740384615 0.42036110336538457 0.4200323894230769 0.4187988461538461 0.38301710096153846 0.37096334134615383 0.38146627644230774 0.37245240625 0.42188312740384615
11 0.3276681826923077 0.42188312740384615 0.3724524471153846 0.4200323894230769 0.3714109278846154 0.38301710096153846 0.3261059663461538 0.38024088701923076 0.3276681826923077 0.42188312740384615
11 0.27975944711538464 0.4200323557692308 0.32506440865384617 0.42188309375 0.3266266658653846 0.3802408509615385 0.27838512259615383 0.3840158100961538 0.27975944711538464 0.4200323557692308
11 0.23393374759615385 0.4117039278846154 0.27923874759615386 0.4135546658653846 0.2797594879807692 0.3728378293269231 0.23393374759615385 0.37098705528846154 0.23393374759615385 0.4117039278846154
11 0.19227399759615385 0.4061516442307692 0.23601674278846152 0.4117039278846154 0.23601674278846152 0.36913628125 0.19010319471153844 0.3701296706730769 0.19227399759615385 0.4061516442307692
11 0.18446281490384614 0.45056999278846155 0.23289225000000002 0.4533461706730769 0.2334129879807692 0.4117039278846154 0.18541605288461538 0.40716399278846155 0.18446281490384614 0.45056999278846155
11 0.23289226923076922 0.45056999278846155 0.2766350144230769 0.4487192548076923 0.28028022596153845 0.4061516442307692 0.2308591201923077 0.40369448557692306 0.23289226923076922 0.45056999278846155
11 0.27923874759615386 0.45612227644230774 0.3266267067307692 0.45982382451923076 0.32454371153846157 0.4200323894230769 0.2789058990384615 0.41503380528846157 0.27923874759615386 0.45612227644230774
11 0.32454371153846157 0.45704768028846154 0.3708901899038462 0.4588984903846154 0.36984867307692304 0.42095779567307695 0.3256510288461539 0.4205888389423077 0.32454371153846157 0.45704768028846154
11 0.37297314663461534 0.4607492283653846 0.41984040384615384 0.4607492283653846 0.41775736778846156 0.4172562475961538 0.3709629086538462 0.41827402644230766 0.37297314663461534 0.4607492283653846
11 0.42036118269230766 0.4598237884615385 0.46670762259615384 0.46167459615384615 0.46670762259615384 0.4237339014423077 0.4190097283653846 0.4210501322115385 0.42036118269230766 0.4598237884615385
11 0.48588053846153845 0.36871566826923075 0.5327477572115384 0.3677903701923077 0.5337893149038462 0.33170034375 0.48688050721153847 0.32920522596153845 0.48588053846153845 0.36871566826923075
11 0.5321323485576923 0.3666966177884615 0.5763958341346154 0.3694727956730769 0.5769166129807692 0.32968129326923074 0.5306661971153847 0.3271861754807693 0.5321323485576923 0.3666966177884615
11 0.5745969182692308 0.36745381009615385 0.6204226586538462 0.36745381009615385 0.6193811009615384 0.3276623052884616 0.5741795913461538 0.3274820024038462 0.5745969182692308 0.36745381009615385
11 0.6155937932692308 0.3694727956730769 0.6598572764423077 0.3685473918269231 0.6614195336538462 0.32968129326923074 0.6146631177884616 0.3295009879807692 0.6155937932692308 0.3694727956730769
11 0.6590052668269231 0.3706505384615385 0.7043102283653847 0.3687998004807692 0.7017064951923077 0.33085906971153844 0.6596445504807692 0.32998540144230765 0.6590052668269231 0.3706505384615385
11 0.6448030360576923 0.44131619471153843 0.6895872980769231 0.43946538701923077 0.6885457403846154 0.4005993221153846 0.6433593629807692 0.40532407451923075 0.6448030360576923 0.44131619471153843
11 0.59887315625 0.43761466346153843 0.6436573389423077 0.43483848557692306 0.6436573389423077 0.39967396875000005 0.5999146346153846 0.39689779086538457 0.59887315625 0.43761466346153843
11 0.5536723341346154 0.43946538701923077 0.5989772956730769 0.44224156490384614 0.5989772956730769 0.40245006009615386 0.5547138125 0.3996739543269231 0.5536723341346154 0.43946538701923077
11 0.5093046610576922 0.42873097836538465 0.5551304038461539 0.43150715625 0.554609704326923 0.39264102163461534 0.5096613701923076 0.39181077644230766 0.5093046610576922 0.42873097836538465
11 0.46545776923076926 0.43150712980769235 0.5092005552884615 0.4324324975961539 0.5123249879807692 0.3944918028846154 0.4645050456730769 0.3897252572115385 0.46545776923076926 0.43150712980769235
11 0.18654579086538461 0.48480924519230767 0.23080927403846155 0.4857346153846154 0.23185075240384614 0.4468684807692308 0.18567707211538462 0.4462865552884615 0.18654579086538461 0.48480924519230767
11 0.18706652884615385 0.5227499399038462 0.23289226923076922 0.5236753100961539 0.23185075240384614 0.48665998317307696 0.18515633173076923 0.48563840625 0.18706652884615385 0.5227499399038462
11 0.18498353365384615 0.5606906346153846 0.23080927403846155 0.5625414447115384 0.22924701682692308 0.5246007500000001 0.18437542067307694 0.5219793990384616 0.18498353365384615 0.5606906346153846
11 0.18290057692307693 0.6004820336538461 0.23133001201923076 0.6014074014423076 0.2302885360576923 0.5625413389423077 0.18385468028846155 0.5645713293269231 0.18290057692307693 0.6004820336538461
11 0.18706653846153848 0.6359551442307693 0.2323715 0.6378058822115384 0.2302885048076923 0.5998651875 0.1834642139423077 0.5963618918269231 0.18706653846153848 0.6359551442307693
11 0.23445452644230771 0.4875853533653846 0.27819723076923075 0.49036153125 0.28080096634615387 0.4496446586538462 0.23151016105769232 0.44721192548076927 0.23445452644230771 0.4875853533653846
11 0.23185075240384614 0.5301529639423077 0.27819723076923075 0.5292275937500001 0.2776764927884615 0.4912868990384615 0.23072925 0.4886438389423077 0.23185075240384614 0.5301529639423077
11 0.23133005288461536 0.5634667788461538 0.2761142764423077 0.5634667788461538 0.27715575240384616 0.526451451923077 0.22981807451923078 0.5240621418269231 0.23133005288461536 0.5634667788461538
11 0.23133001201923076 0.6014073677884615 0.2761142764423077 0.6041835456730769 0.2766350144230769 0.5662428509615385 0.2295579014423077 0.5648006177884615 0.23133001201923076 0.6014073677884615
11 0.23300797115384614 0.6352354447115385 0.2809166682692308 0.6352354447115385 0.2809166682692308 0.6000708557692308 0.23227733653846153 0.5993464519230769 0.23300797115384614 0.6352354447115385
11 0.2786601201923077 0.6437694350961538 0.3234443413461538 0.644694875 0.32240282451923075 0.6086049158653846 0.27832813461538464 0.6097339639423077 0.2786601201923077 0.6437694350961538
11 0.28028022596153845 0.6088104951923077 0.3235022331730769 0.6069597572115385 0.32402297115384615 0.5680936947115385 0.27695320673076923 0.5678115841346154 0.28028022596153845 0.6088104951923077
11 0.2761142764423077 0.5708698365384616 0.32193997596153845 0.5699444663461539 0.32089849759615385 0.5310784038461539 0.27298976201923075 0.5338545096153846 0.2761142764423077 0.5708698365384616
11 0.2761142355769231 0.5329290697115385 0.32454371153846157 0.5310783317307692 0.32193997596153845 0.49498837500000004 0.275651125 0.4939695120192308 0.2761142355769231 0.5329290697115385
11 0.2776764519230769 0.48851075721153847 0.3255851875 0.49591378124999996 0.32506444951923075 0.4570477163461538 0.2778643822115385 0.4546176971153846 0.2776764519230769 0.48851075721153847
11 0.3240229326923077 0.49868995673076927 0.37036941105769233 0.49868995673076927 0.3693278942307692 0.45427153846153845 0.3239580384615385 0.4555430649038461 0.3240229326923077 0.49868995673076927
11 0.3208096850961538 0.49441108894230773 0.32037771875 0.5366306177884616 0.36724493750000003 0.5366306177884616 0.36620342067307693 0.4940630072115385 0.3208096850961538 0.49441108894230773
11 0.3198569807692308 0.5320037379807693 0.3235022331730769 0.57642215625 0.36984867307692304 0.5727206105769231 0.3677657163461538 0.5357052836538462 0.32382820673076923 0.5367909086538462 0.3198569807692308 0.5320037379807693
11 0.3229814543269231 0.6097358990384616 0.36880719471153844 0.6078851610576923 0.3682864567307692 0.5736459423076923 0.32252612500000005 0.5717451346153847 0.3229814543269231 0.6097358990384616
11 0.32257644471153846 0.6456201802884615 0.36736066586538463 0.6474709182692308 0.3657984495192308 0.6086048533653846 0.32055928846153847 0.6074190865384616 0.32257644471153846 0.6456201802884615
11 0.3700801153846154 0.6498252524038463 0.4143436394230769 0.6526013942307693 0.41538511778846154 0.6129233365384615 0.36741926923076923 0.6110442379807692 0.3700801153846154 0.6498252524038463
11 0.3682864567307692 0.6096225168269231 0.41463293509615384 0.6059210408653846 0.41411215625 0.5707564158653846 0.3686197788461539 0.5719193870192307 0.3682864567307692 0.6096225168269231
11 0.3662034591346154 0.5735325312499999 0.4151536346153846 0.5753833052884615 0.41411215625 0.5355918365384615 0.3647139615384616 0.5355756899038462 0.3662034591346154 0.5735325312499999
11 0.36880715384615387 0.537442610576923 0.4130706394230769 0.5392933846153846 0.4141121177884616 0.49580036778846154 0.3675782620192308 0.496455875 0.36880715384615387 0.537442610576923
11 0.36880719471153844 0.5022780216346153 0.4130706778846154 0.4985764759615385 0.4151536346153846 0.4597104110576923 0.36601561298076923 0.4589547620192308 0.36880719471153844 0.5022780216346153
11 0.4156744134615385 0.49857651201923076 0.46202085336538457 0.5004272836538461 0.46202085336538457 0.46341195913461536 0.41679643028846153 0.4587227596153846 0.4156744134615385 0.49857651201923076
11 0.4146328942307692 0.5355918365384615 0.4609794134615385 0.5346664326923076 0.45785490144230767 0.49580036778846154 0.4110677908653846 0.49390902163461536 0.4146328942307692 0.5355918365384615
11 0.4161951923076923 0.5716817932692307 0.46202093269230765 0.5716817932692307 0.46254163221153843 0.5337410625 0.4131507860576923 0.5323355048076923 0.4161951923076923 0.5716817932692307
11 0.41295499519230766 0.6111647932692308 0.46034291105769226 0.6102394254807693 0.46034291105769226 0.5741494687500001 0.41381640625 0.5720722548076923 0.41295499519230766 0.6111647932692308
11 0.4130706875 0.6497224951923077 0.4583756490384615 0.6469463533653846 0.4578548701923077 0.611781764423077 0.4126308822115385 0.6127344447115385 0.4130706875 0.6497224951923077
11 0.417028375 0.6853188269230769 0.4633748125 0.6825426826923077 0.4597296009615385 0.6473782019230769 0.41502587980769234 0.6469630745192307 0.417028375 0.6853188269230769
11 0.37054299519230766 0.685092658653846 0.4163686971153846 0.685092658653846 0.41376496153846154 0.6471519278846153 0.36853318990384615 0.6504411322115384 0.37054299519230766 0.685092658653846
11 0.3260480673076923 0.6847841778846154 0.37239454807692307 0.6838587740384615 0.3713530697115385 0.6431419375 0.3267649495192308 0.6431909230769232 0.3260480673076923 0.6847841778846154
11 0.28056953125 0.6869434326923076 0.3258744927884616 0.685092658653846 0.3243122764423077 0.6462266298076924 0.2790657668269231 0.6423392812500001 0.28056953125 0.6869434326923076
11 0.23404947596153847 0.6784092451923077 0.2772714807692308 0.6784092451923077 0.2772714807692308 0.6330654927884616 0.23136658173076924 0.6365812716346154 0.23404947596153847 0.6784092451923077
11 0.46441637019230775 0.4667433798076923 0.5138873245192308 0.4667433798076923 0.5128457668269231 0.42417573317307694 0.4656772980769231 0.4227294663461538 0.46441637019230775 0.4667433798076923
11 0.5094264831730769 0.5089591201923077 0.5114918677884616 0.47174039182692307 0.4652336706730769 0.45758706971153845 0.46391625240384615 0.5000971466346154 0.5094264831730769 0.5089591201923077
11 0.5090098918269231 0.4667616418269231 0.5549221538461538 0.46933437740384615 0.5544013750000001 0.42954290865384614 0.5111793701923077 0.42769213461538463 0.5090098918269231 0.4667616418269231
11 0.5552345913461538 0.47359115865384616 0.6021018076923077 0.47451656249999996 0.6015810288461538 0.4402773798076923 0.5554687379807692 0.43744166826923075 0.5552345913461538 0.47359115865384616
11 0.6021018076923077 0.47821807451923076 0.6484482475961539 0.47821807451923076 0.6458445144230769 0.4402773798076923 0.5990885288461538 0.4351268533653846 0.6021018076923077 0.47821807451923076
11 0.6479275480769231 0.47821807451923076 0.6901079975961538 0.47544193269230767 0.692191033653846 0.43750123798076923 0.6433593629807692 0.4362842596153846 0.6479275480769231 0.47821807451923076
11 0.5567968461538462 0.5048691057692307 0.5557552884615384 0.46785377884615387 0.5099296274038462 0.46785377884615387 0.5114918052884615 0.5076452475961538 0.5567968461538462 0.5048691057692307
11 0.46724901442307687 0.5474767764423076 0.5146162860576923 0.5446605865384615 0.5177408004807693 0.5076452620192308 0.4687486057692307 0.5050822956730769 0.46724901442307687 0.5474767764423076
11 0.4627499591346154 0.5755684783653846 0.5070134423076923 0.5755684783653846 0.5080549206730769 0.5404038557692308 0.46231750240384617 0.5369371971153846 0.4627499591346154 0.5755684783653846
11 0.4612918269230769 0.6088821875 0.5060760889423077 0.6135091009615384 0.5086798221153846 0.5755684783653846 0.45981789182692306 0.5739742331730769 0.4612918269230769 0.6088821875
11 0.4605628317307692 0.6458974831730769 0.5044304399038462 0.6522051634615385 0.505347014423077 0.6135090745192308 0.45952127403846155 0.6051806466346153 0.4605628317307692 0.6458974831730769
11 0.50784659375 0.6595931923076923 0.5510685985576923 0.6586677884615385 0.5526308557692308 0.6216524615384615 0.50784659375 0.6161002475961539 0.50784659375 0.6595931923076923
11 0.5083673725961538 0.6207271634615386 0.5521100769230769 0.6225778677884615 0.5515893774038462 0.5846371370192307 0.5059895721153846 0.58211759375 0.5083673725961538 0.6207271634615386
11 0.5131582644230769 0.5470665745192307 0.5110752307692308 0.5794549855769231 0.5579424495192308 0.57667884375 0.5569009711538462 0.5424396586538461 0.5124729855769231 0.5387409975961538 0.5131582644230769 0.5470665745192307
11 0.5552345913461538 0.5124572572115385 0.6000187740384615 0.51430803125 0.6000187740384615 0.47451656249999996 0.5554687379807692 0.4733212980769231 0.5552345913461538 0.5124572572115385
11 0.5579425120192307 0.5455859783653846 0.6032474735576924 0.5446605745192308 0.6037682524038461 0.5067198798076923 0.5588268365384615 0.5097119110576923 0.5579425120192307 0.5455859783653846
11 0.5559635384615385 0.5807506298076923 0.6007478004807693 0.5835267019230769 0.601268579326923 0.5437352331730769 0.5563271634615384 0.5409619399038461 0.5559635384615385 0.5807506298076923
11 0.5510685985576923 0.6198017235576923 0.5963735600961538 0.6225778677884615 0.5958528629807692 0.5818609951923077 0.5502604038461538 0.5809601850961539 0.5510685985576923 0.6198017235576923
11 0.5505478197115384 0.6586677884615385 0.5953320841346155 0.6568170504807692 0.5958528629807692 0.6198017235576923 0.5509114471153846 0.6179972235576923 0.5505478197115384 0.6586677884615385
11 0.5932491274038462 0.6568170504807692 0.6380333100961538 0.6568170504807692 0.6375126105769231 0.6207271634615386 0.5942906057692308 0.617025545673077 0.5932491274038462 0.6568170504807692
11 0.5958528629807692 0.6244286394230769 0.6390747884615385 0.623503235576923 0.6401163461538462 0.5818609951923077 0.5945312379807692 0.5809601850961539 0.5958528629807692 0.6244286394230769
11 0.6009561274038462 0.5861178389423076 0.6467818677884616 0.5824162235576923 0.6467818677884616 0.5454008966346154 0.6005457187500001 0.5440170504807692 0.6009561274038462 0.5861178389423076
11 0.6028308509615384 0.5524338365384616 0.6481358125000001 0.5478069206730769 0.6486565913461538 0.508015451923077 0.6013789639423077 0.5096180384615384 0.6028308509615384 0.5524338365384616
11 0.5994980745192308 0.510606485576923 0.6458445144230769 0.5124572572115385 0.6453238149038462 0.47451656249999996 0.6003906129807692 0.47563611298076924 0.5994980745192308 0.510606485576923
11 0.18956611538461537 0.7123400600961538 0.2338295985576923 0.7114146201923077 0.2338295985576923 0.674399329326923 0.18869955769230767 0.6749394975961539 0.18956611538461537 0.7123400600961538
11 0.23330885336538462 0.7140057115384616 0.2765308197115385 0.7158564495192308 0.2765308197115385 0.6779157524038462 0.2331002548076923 0.6782239158653846 0.23330885336538462 0.7140057115384616
11 0.27955117548076924 0.7210386129807692 0.3238146610576923 0.722889423076923 0.32433539903846154 0.6821725504807692 0.2772665 0.681091266826923 0.27955117548076924 0.7210386129807692
11 0.3264138317307692 0.7217473221153846 0.3693233557692308 0.7232279254807692 0.3680735817307692 0.6839916875000001 0.32408922115384614 0.6806326322115385 0.3264138317307692 0.7217473221153846
11 0.3706818557692308 0.7234446586538461 0.4107793485576923 0.7234446586538461 0.4123416033653846 0.6855039278846153 0.36964037740384614 0.6836531538461539 0.3706818557692308 0.7234446586538461
11 0.41432051442307694 0.7234446009615384 0.4575424423076923 0.7206684951923077 0.4575424423076923 0.6873547163461539 0.4129681971153846 0.6858147836538462 0.41432051442307694 0.7234446009615384
11 0.19508602644230771 0.7632361057692307 0.23934951201923077 0.7641614735576923 0.23934951201923077 0.729922326923077 0.19508602644230771 0.7326984326923077 0.19508602644230771 0.7632361057692307
11 0.18987858173076924 0.7998812548076923 0.2331005480769231 0.7998812548076923 0.23205907211538462 0.7637913677884616 0.1896626346153846 0.7646232451923077 0.18987858173076924 0.7998812548076923
11 0.19008687740384617 0.8356011634615383 0.23435036298076922 0.8337503533653846 0.23382962259615384 0.7958096586538462 0.1881784110576923 0.8017542379807693 0.19008687740384617 0.8356011634615383
11 0.19039933653846156 0.87243134375 0.23205908653846155 0.8650282499999999 0.23205908653846155 0.834490579326923 0.1874497860576923 0.8339737884615384 0.19039933653846156 0.87243134375
11 0.19196152163461538 0.9079660793269231 0.23277772596153845 0.9077064687499999 0.23414201201923077 0.8672492067307692 0.19070496153846153 0.869530233173077 0.19196152163461538 0.9079660793269231
11 0.23612088942307694 0.9105570697115385 0.280384375 0.909631701923077 0.2814258533653846 0.8735417451923078 0.2373455432692308 0.8739720336538461 0.23612088942307694 0.9105570697115385
11 0.2290386971153846 0.8705805216346154 0.2769474326923077 0.8742820673076923 0.27746817307692306 0.840042920673077 0.23182517548076922 0.8399901346153846 0.2290386971153846 0.8705805216346154
11 0.23664165384615382 0.8389324206730768 0.2787073461538462 0.8419917524038462 0.28090513701923076 0.8028424639423076 0.23565214182692307 0.8023066754807692 0.23664165384615382 0.8389324206730768
11 0.23643331009615384 0.8074694375 0.28017605528846157 0.8037678894230769 0.27965531490384615 0.77323021875 0.2366151875 0.7689711706730769 0.23643331009615384 0.8074694375
11 0.2362144158653846 0.7687014254807691 0.28288393749999996 0.7665674759615384 0.28225135817307695 0.7327867716346154 0.23945380528846152 0.7345306514423077 0.2362144158653846 0.7687014254807691
11 0.2793428798076923 0.7730451730769231 0.32204410817307694 0.7711944350961539 0.3215233701923077 0.7360298461538461 0.28057401682692307 0.7349892716346154 0.2793428798076923 0.7730451730769231
11 0.28100926201923077 0.8089500552884614 0.32266900961538464 0.8070992475961538 0.32266900961538464 0.7719347283653846 0.2793764903846154 0.7704517884615385 0.28100926201923077 0.8089500552884614
11 0.28267565625 0.8405982259615384 0.3269391418269231 0.8442997019230769 0.3253768846153846 0.8063590072115385 0.2810428870192308 0.8067485889423077 0.28267565625 0.8405982259615384
11 0.28402961057692305 0.8776134951923077 0.32621009855769234 0.872061139423077 0.32568936057692305 0.8378219927884616 0.28252714182692307 0.8403133461538462 0.28402961057692305 0.8776134951923077
11 0.2844462091346154 0.9100018774038462 0.32714743749999997 0.9109272475961538 0.32714743749999997 0.8757626586538462 0.28281387259615387 0.8785077620192308 0.2844462091346154 0.9100018774038462
11 0.3272515841346154 0.91647953125 0.36943207451923077 0.91647953125 0.36943207451923077 0.8794642067307692 0.3279701971153846 0.8761929471153846 0.3272515841346154 0.91647953125
11 0.3257935240384615 0.8820552668269231 0.3684947524038461 0.8811298990384615 0.3658910168269231 0.8450399423076923 0.32351749278846154 0.8445258629807693 0.3257935240384615 0.8820552668269231
11 0.3253768846153846 0.847260798076923 0.36859889182692307 0.847260798076923 0.3691196298076923 0.8111709134615384 0.32336059615384616 0.8097096850961538 0.3253768846153846 0.847260798076923
11 0.32350222596153844 0.8111709975961539 0.36568271394230767 0.8139471033653846 0.36568271394230767 0.7769317788461538 0.3212253293269231 0.7726727307692307 0.32350222596153844 0.8111709975961539
11 0.32183581971153846 0.7765616442307692 0.36714078125000005 0.7747108365384616 0.36714078125000005 0.7404716875 0.3229440048076923 0.7403591971153846 0.32183581971153846 0.7765616442307692
11 0.36526609134615384 0.7773019399038461 0.4090087956730769 0.7754511322115385 0.4084880961538462 0.7412119831730769 0.36247537259615387 0.7387846778846154 0.36526609134615384 0.7773019399038461
11 0.36641174759615386 0.81061571875 0.4069148317307692 0.8066448485576923 0.40703006009615383 0.7754511322115385 0.3627098557692308 0.7758217139423077 0.36641174759615386 0.81061571875
11 0.3693279182692307 0.8448548677884615 0.41150840625 0.8448548677884615 0.41150840625 0.81061571875 0.36828643990384613 0.8059888028846154 0.3693279182692307 0.8448548677884615
11 0.3685878125 0.8510632956730769 0.37108738942307695 0.8821561177884616 0.41338311298076924 0.8833507836538461 0.41286233653846155 0.84448471875 0.36828247115384616 0.8432745264423077 0.3685878125 0.8510632956730769
11 0.3705777307692308 0.915184 0.4132789591346154 0.9133332620192308 0.4122374807692308 0.8781686754807693 0.3693501346153846 0.87767359375 0.3705777307692308 0.915184
11 0.4131747716346154 0.9181452379807692 0.4543138221153846 0.9190706778846154 0.45691755528846156 0.8848314591346154 0.4148184326923077 0.8829496466346154 0.4131747716346154 0.9181452379807692
11 0.41213334134615387 0.8831658221153845 0.4558760456730769 0.8831658221153845 0.45639682451923075 0.8452251274038461 0.4116125625 0.8480012355769231 0.41213334134615387 0.8831658221153845
11 0.41182088942307693 0.8454101442307693 0.45556359375 0.8481863221153846 0.45556359375 0.8120963653846154 0.4107300408653846 0.8131819903846154 0.41182088942307693 0.8454101442307693
11 0.41130011057692306 0.813021735576923 0.4534806394230769 0.8157979134615385 0.45608437259615386 0.7787825865384614 0.4107300408653846 0.7784597692307693 0.41130011057692306 0.813021735576923
11 0.4084880961538462 0.7798930024038462 0.45118932451923077 0.776191454326923 0.45118932451923077 0.7419523076923077 0.4067462067307692 0.7418398149038462 0.4084880961538462 0.7798930024038462
11 0.4622294519230769 0.7212696899038461 0.5056802139423077 0.729937375 0.502535016826923 0.6805068365384616 0.4619171033653846 0.6822234230769231 0.4622294519230769 0.7212696899038461
11 0.5081352980769231 0.6917598822115385 0.5497950480769231 0.69361065625 0.5521101177884615 0.6512647307692307 0.5078132572115385 0.6515728942307693 0.5081352980769231 0.6917598822115385
11 0.5510685985576923 0.6568170336538461 0.5500270408653847 0.6919816201923077 0.5935377548076923 0.690834514423077 0.5932490480769231 0.6531155216346154 0.5516931826923077 0.6536529735576924 0.5510685985576923 0.6568170336538461
11 0.5942906057692308 0.6938323942307693 0.6380333100961538 0.6901308461538461 0.6375125312500001 0.6540408894230769 0.5956207884615384 0.6538192067307692 0.5942906057692308 0.6938323942307693
11 0.6395955673076923 0.659593264423077 0.6385540889423077 0.6956831153846154 0.6802138389423077 0.6947577451923077 0.6802138389423077 0.6586678245192308 0.6406249326923077 0.6580478677884615 0.6395955673076923 0.659593264423077
11 0.46243751442307696 0.6843934711538461 0.5049066706730769 0.6878732620192308 0.5069896658653846 0.6508579375000001 0.4630478341346154 0.6460838221153846 0.46243751442307696 0.6843934711538461
11 0.4672283221153846 0.7724899086538461 0.5099296274038462 0.7687884326923077 0.5099296274038462 0.7382507596153847 0.4688801971153846 0.739525 0.4672283221153846 0.7724899086538461
11 0.46566610576923073 0.8104306033653846 0.5062843774038461 0.8076544951923077 0.5062843774038461 0.7715645384615384 0.4638025985576923 0.7737831466346154 0.46566610576923073 0.8104306033653846
11 0.46566610576923073 0.8428190480769231 0.5062843774038461 0.8418936802884616 0.5062843774038461 0.8095052692307692 0.46549511778846153 0.8094307740384615 0.46566610576923073 0.8428190480769231
11 0.46254163221153843 0.8372667644230769 0.46150015384615384 0.8752074591346154 0.5026391250000001 0.8752074591346154 0.5036806033653846 0.8418936802884616 0.46367272836538465 0.843227625 0.46254163221153843 0.8372667644230769
11 0.46358314903846154 0.9094466778846153 0.5052428990384615 0.9094466778846153 0.5068051538461538 0.8742820889423076 0.4631515552884615 0.8756350336538462 0.46358314903846154 0.9094466778846153
11 0.5036806033653846 0.9112973798076923 0.5453403509615384 0.9131481899038462 0.5448196538461538 0.877058233173077 0.5042013798076923 0.8761328629807692 0.5036806033653846 0.9112973798076923
11 0.5036806826923077 0.8789089711538461 0.5463819086538462 0.8807597788461539 0.5474233870192308 0.8428190144230769 0.5049485264423077 0.8457717307692308 0.5036806826923077 0.8789089711538461
11 0.5062843774038461 0.8437444519230769 0.5463818701923077 0.8446698221153847 0.5469026490384615 0.8085798653846153 0.5065107427884615 0.8098921009615385 0.5062843774038461 0.8437444519230769
11 0.5073258942307692 0.8104306394230769 0.5500271225961538 0.8085799014423076 0.54950634375 0.7715645745192308 0.5088543437499999 0.7712363293269231 0.5073258942307692 0.8104306394230769
11 0.5104503269230769 0.7706391706730769 0.5515893774038462 0.7678629927884616 0.5521100769230769 0.7364000216346154 0.5092447788461538 0.7372101850961539 0.5104503269230769 0.7706391706730769
11 0.5074038221153846 0.7271380144230769 0.5509144951923077 0.7278416971153846 0.5516673052884615 0.6910480576923077 0.5054168894230769 0.6904498485576924 0.5074038221153846 0.7271380144230769
11 0.5508365264423077 0.7269244350961538 0.5942906057692308 0.7280715240384615 0.5937698269230769 0.6938323750000001 0.5518780048076923 0.6926852524038462 0.5508365264423077 0.7269244350961538
11 0.5510685985576923 0.777116858173077 0.5916868701923077 0.777116858173077 0.5932490480769231 0.7419522716346154 0.5519529230769231 0.7413730600961539 0.5510685985576923 0.777116858173077
11 0.5481012331730769 0.8113690408653846 0.5890832163461538 0.809505233173077 0.5896039158653846 0.7724899086538461 0.5512256658653846 0.7706522019230769 0.5481012331730769 0.8113690408653846
11 0.5500271225961538 0.8437444519230769 0.5916868701923077 0.8409682740384615 0.5927283485576923 0.8076544951923077 0.5509114471153846 0.8043398149038462 0.5500271225961538 0.8437444519230769
11 0.5474233870192308 0.8418936802884616 0.5469026081730769 0.8807597427884615 0.588041579326923 0.879834375 0.5890831370192308 0.8455952259615385 0.5486981490384616 0.8464650961538461 0.5474233870192308 0.8418936802884616
11 0.5484648653846154 0.9131481899038462 0.5901246153846154 0.9131481899038462 0.5906453149038462 0.8761328629807692 0.5460939807692308 0.8784111754807692 0.5484648653846154 0.9131481899038462
11 0.5932490480769231 0.9140735576923077 0.6343880985576923 0.91222275 0.6343880985576923 0.8779836009615385 0.5923179399038461 0.879336545673077 0.5932490480769231 0.9140735576923077
11 0.5937698269230769 0.8798344086538462 0.6354295769230769 0.8816851466346154 0.6364710552884615 0.8428190841346154 0.5959635841346154 0.8460037692307693 0.5937698269230769 0.8798344086538462
11 0.5942906057692308 0.8455951899038462 0.6375126105769231 0.8474459278846154 0.6380333100961538 0.809505233173077 0.5932291538461538 0.8087346923076922 0.5942906057692308 0.8455951899038462
11 0.5932491274038462 0.8085798653846153 0.6375126105769231 0.8113560432692307 0.6369918341346155 0.7724899783653847 0.5954428846153846 0.7710043245192307 0.5932491274038462 0.8085798653846153
11 0.5932491274038462 0.736399951923077 0.59376990625 0.776191454326923 0.6364711346153846 0.7798930024038462 0.6375126105769231 0.741952235576923 0.5946615817307692 0.7413730240384615 0.5932491274038462 0.736399951923077
11 0.5932490480769231 0.7280715240384615 0.6364710552884615 0.7252954182692307 0.6359503557692308 0.690130829326923 0.5942710649038461 0.6904579903846154 0.5932490480769231 0.7280715240384615
11 0.6786515817307692 0.8104306394230769 0.6369918341346155 0.8122814471153846 0.6368489471153846 0.8490119495192308 0.6770893269230769 0.8483713341346154 0.6786515817307692 0.8104306394230769
11 0.6686391033653846 0.08061347596153846 0.7139440673076923 0.07968810817307692 0.7139440673076923 0.04174738701923077 0.6697671754807693 0.03970734134615384 0.6686391033653846 0.08061347596153846
11 0.6687338125 0.12032087259615384 0.7135179951923077 0.12217166346153846 0.7171632884615384 0.08052938701923076 0.6682991947115385 0.07503828365384616 0.6687338125 0.12032087259615384
11 0.6669348389423077 0.1559901394230769 0.7127605 0.15969168509615386 0.7127605 0.11619870673076924 0.6662396153846154 0.11304409374999999 0.6669348389423077 0.1559901394230769
11 0.6672188774038462 0.1944356346153846 0.709399326923077 0.1944356346153846 0.7120030624999999 0.15371877884615384 0.6667842596153846 0.15104995432692309 0.6672188774038462 0.1944356346153846
11 0.6658932812499999 0.22488913701923077 0.7117190216346153 0.2304414206730769 0.7127605 0.1952768677884615 0.6655885721153846 0.19077899759615385 0.6658932812499999 0.22488913701923077
11 0.664993891826923 0.26232510096153844 0.709257375 0.2604743269230769 0.7102988533653847 0.22438437019230767 0.6639078004807693 0.22175898557692308 0.664993891826923 0.26232510096153844
11 0.6636682956730768 0.2991721610576923 0.707411079326923 0.30102293509615385 0.7105355144230768 0.26030609615384614 0.6620610721153847 0.2595504471153846 0.6636682956730768 0.2991721610576923
11 0.6595496850961537 0.3349256129807693 0.7048547259615384 0.33585098317307693 0.7048547259615384 0.29791028846153844 0.661197235576923 0.2948642475961539 0.6595496850961537 0.3349256129807693
11 0.7116716923076923 0.07842622836538463 0.7554144783653847 0.08212775721153845 0.7548936995192308 0.046037826923076924 0.7137187596153846 0.04307237740384616 0.7116716923076923 0.07842622836538463
11 0.7134706105769231 0.1130019110576923 0.7551303581730769 0.11577805288461539 0.7561719158653847 0.08153887019230768 0.71382515625 0.07697586538461539 0.7134706105769231 0.1130019110576923
11 0.7108196322115384 0.1532140264423077 0.7566452932692307 0.15413937740384617 0.7587283293269231 0.12175096634615384 0.7118611105769231 0.11342252163461539 0.7108196322115384 0.1532140264423077
11 0.7119084903846153 0.1853500408653846 0.7566926730769231 0.19275311778846155 0.7587757091346153 0.15573779086538464 0.7118720889423076 0.14843933653846153 0.7119084903846153 0.1853500408653846
11 0.7110089062499999 0.22564627884615385 0.7568346466346154 0.23027319471153845 0.7568346466346154 0.19233248076923076 0.7095401586538461 0.1841303701923077 0.7110089062499999 0.22564627884615385
11 0.7096834471153847 0.2622409783653846 0.7549884086538461 0.26594249038461537 0.7544676298076923 0.22615102163461537 0.7102041442307693 0.22707639182692307 0.7096834471153847 0.2622409783653846
11 0.7077424423076923 0.29816266826923077 0.7494021923076922 0.29816266826923077 0.7494021923076922 0.26114734134615386 0.7073147403846154 0.26178385096153844 0.7077424423076923 0.29816266826923077
11 0.7052334158653846 0.3354303485576923 0.74845534375 0.33357961057692304 0.7494968990384615 0.2947135096153846 0.7045446754807692 0.2935182451923077 0.7052334158653846 0.3354303485576923
11 0.7039552427884614 0.37017427163461536 0.7471771682692308 0.3720250456730769 0.7461356899038462 0.3322335408653846 0.7026133004807692 0.33084698076923075 0.7039552427884614 0.37017427163461536
11 0.6887115336538462 0.44067168028846154 0.6913152668269231 0.4415971201923077 0.7340164951923077 0.43882090625000003 0.7340164951923077 0.40458179326923077 0.6882812379807692 0.39953703846153843 0.6887115336538462 0.44067168028846154
11 0.6902737908653845 0.4758362331730769 0.7360994519230769 0.4758362331730769 0.7360994519230769 0.4397462764423077 0.6895833221153846 0.43541666826923076 0.6902737908653845 0.4758362331730769
11 0.6444480504807693 0.5137769278846154 0.6897530120192308 0.5147022956730769 0.689232233173077 0.4758362331730769 0.6453124879807692 0.4759259278846154 0.6444480504807693 0.5137769278846154
11 0.6907944903846153 0.5119261899038462 0.7376617067307693 0.5119261899038462 0.7334957163461537 0.4758362331730769 0.6882812379807692 0.47476851923076924 0.6907944903846153 0.5119261899038462
11 0.6464268341346154 0.5489415144230769 0.6938148317307692 0.5489415144230769 0.6938148317307692 0.5137769278846154 0.6455974567307692 0.5118055552884615 0.6464268341346154 0.5489415144230769
11 0.6946480600961539 0.5494967644230769 0.7378700673076923 0.5467205865384616 0.7378700673076923 0.5106306298076922 0.69161403125 0.510971360576923 0.6946480600961539 0.5494967644230769
11 0.6460102427884615 0.5829956322115385 0.6892322475961539 0.5857717379807692 0.6897530264423076 0.5432041274038462 0.6424468677884616 0.5447239759615384 0.6460102427884615 0.5829956322115385
11 0.6924608701923076 0.5878075793269231 0.7356828750000001 0.5859568413461539 0.7356828750000001 0.5443145985576924 0.6909882307692308 0.5442129639423077 0.6924608701923076 0.5878075793269231
11 0.6392405817307693 0.6229721658653846 0.6803795528846154 0.6220467980769231 0.6829832860576922 0.5831806634615385 0.6371575456730769 0.5868822091346154 0.6392405817307693 0.6229721658653846
11 0.6914194086538461 0.621676608173077 0.735682891826923 0.6235274158653846 0.7372451490384615 0.5874374591346154 0.6891650336538462 0.5850454350961539 0.6914194086538461 0.621676608173077
11 0.6371575456730769 0.6553605769230769 0.6803795528846154 0.6572113149038461 0.6803795528846154 0.6229721658653846 0.6361979038461538 0.6194444447115385 0.6371575456730769 0.6553605769230769
11 0.6798588533653847 0.6572113149038461 0.7246430360576923 0.6590621225961539 0.7262052932692308 0.6155690745192307 0.6785156129807692 0.6148148149038462 0.6798588533653847 0.6572113149038461
11 0.6829832860576922 0.6942266418269232 0.7246430360576923 0.6914504639423077 0.7251638149038461 0.6581366850961538 0.6813795216346155 0.6571829543269231 0.6829832860576922 0.6942266418269232
11 0.6187482283653847 0.22289321875 0.667177625 0.22474400961538463 0.6676984038461539 0.18680326201923075 0.6219804375 0.18686717548076923 0.6187482283653847 0.22289321875
11 0.6391011586538462 0.7308254182692308 0.6812816875000001 0.7299000504807692 0.6828439447115385 0.69381009375 0.6381505985576923 0.6921345024038461 0.6391011586538462 0.7308254182692308
11 0.6823231658653846 0.7299000144230768 0.7224206586538462 0.727123872596154 0.7234622163461538 0.6928846875 0.6807609086538461 0.69381009375 0.6823231658653846 0.7299000144230768
11 0.6396219375 0.7733930649038462 0.6791986538461539 0.7715422908653846 0.6781571754807693 0.7382284759615385 0.6359372980769231 0.7391187355769231 0.6396219375 0.7733930649038462
11 0.6765949975961539 0.7826468605769231 0.7213791802884616 0.7789453149038461 0.7187754471153845 0.7456315336538462 0.6771156971153847 0.7437807620192308 0.6765949975961539 0.7826468605769231
11 0.6364975048076923 0.813184497596154 0.6781572548076924 0.813184497596154 0.6786780336538462 0.7743183990384614 0.6369792884615385 0.7752276538461539 0.6364975048076923 0.813184497596154
11 0.6802401298076923 0.7826468966346154 0.6786779543269231 0.8141099014423077 0.7198169254807693 0.8159606754807692 0.7192961466346154 0.7826468966346154 0.6776363966346154 0.7789453485576924 0.6802401298076923 0.7826468966346154
11 0.6797194326923077 0.8483491562500001 0.7183854423076923 0.8539366850961538 0.7187754471153845 0.8168860432692308 0.6795570913461538 0.8143475024038461 0.6797194326923077 0.8483491562500001
11 0.6338936899038461 0.8872151850961539 0.6765949182692308 0.8881405889423076 0.6776363966346154 0.8501998581730769 0.6343750432692308 0.8504564567307693 0.6338936899038461 0.8872151850961539
11 0.6755535192307692 0.8862897788461539 0.7203377836538463 0.8872151850961539 0.7203377836538463 0.852976 0.6779949134615385 0.8530005625 0.6755535192307692 0.8862897788461539
11 0.6349352475961538 0.9196036658653846 0.6765949975961539 0.9186782259615385 0.6771156971153847 0.8825883389423077 0.6342447788461538 0.88332790625 0.6349352475961538 0.9196036658653846
11 0.6751634375000001 0.9224150168269231 0.7199476995192308 0.923340420673077 0.7182547475961538 0.8816628629807692 0.675130141826923 0.8842532764423077 0.6751634375000001 0.9224150168269231
11 0.6762049158653846 0.958046360576923 0.7163024879807692 0.9571209567307692 0.7166924110576923 0.9168274519230769 0.6760417091346155 0.9201329399038461 0.6762049158653846 0.958046360576923
11 0.6739911850961539 0.9538427788461538 0.6734704855769231 0.9890073653846153 0.7146094567307693 0.9880819254807692 0.7161717115384616 0.9510666009615385 0.6753906682692308 0.9550844519230769 0.6739911850961539 0.9538427788461538
11 0.632331514423077 0.9519920048076924 0.6767256923076924 0.9589718004807692 0.67607421875 0.9149766778846153 0.6325522596153846 0.9164313942307692 0.632331514423077 0.9519920048076924
11 0.6333729134615385 0.9917835432692308 0.6734704855769231 0.99363428125 0.6734704855769231 0.9556935865384616 0.6330729591346155 0.9546204447115384 0.6333729134615385 0.9917835432692308
11 0.5917132427884615 0.9519920745192307 0.6319414302884615 0.9524940408653847 0.6338936899038461 0.9177529615384615 0.5925781129807692 0.9150420192307693 0.5917132427884615 0.9519920745192307
11 0.5894999447115384 0.9867360096153847 0.6295974375 0.9885867115384616 0.6351984471153845 0.947111375 0.5882815072115385 0.9548551274038461 0.5894999447115384 0.9867360096153847
11 0.5458874230769231 0.9501413028846154 0.5875471730769231 0.9510666706730769 0.5880679495192308 0.9159020817307693 0.5442715528846154 0.913884576923077 0.5458874230769231 0.9501413028846154
11 0.5462840288461538 0.947848233173077 0.5469290985576923 0.9862313293269231 0.5885888485576923 0.9843805216346154 0.589241108173077 0.9462132860576923 0.5491474663461539 0.9478535552884615 0.5462840288461538 0.947848233173077
11 0.5037070120192307 0.9473651249999999 0.5448459831730769 0.9519920408653846 0.5443252860576924 0.9168274879807693 0.50286553125 0.9115697620192308 0.5037070120192307 0.9473651249999999
11 0.503577141826923 0.9895120793269231 0.5509651394230769 0.9848851634615384 0.5458874615384615 0.9473650528846154 0.5046878798076923 0.9486067283653846 0.503577141826923 0.9895120793269231
11 0.4640003894230769 0.94694446875 0.5047484519230769 0.9445889471153847 0.5047484519230769 0.909424358173077 0.46315151682692307 0.9106470360576923 0.4640003894230769 0.94694446875
11 0.46152652403846156 0.981604201923077 0.5051393605769231 0.9848851634615384 0.5037070120192307 0.9455142451923078 0.4604850456730769 0.9436635072115384 0.46152652403846156 0.981604201923077
11 0.41351358413461536 0.9542129807692308 0.4577770697115385 0.9514368052884615 0.4572563293269231 0.9134960745192308 0.41304744711538466 0.9156468677884615 0.41351358413461536 0.9542129807692308
11 0.4123680625 0.9899327211538461 0.4544069206730769 0.9909811826923077 0.4566315480769231 0.9529173942307693 0.41268323076923075 0.9541644975961538 0.4123680625 0.9899327211538461
11 0.3720621778846154 0.9542129807692308 0.41163893269230767 0.9486606274038463 0.41483015865384615 0.9502643221153846 0.41274717307692305 0.9191714158653846 0.36911565384615386 0.9168042764423077 0.3720621778846154 0.9542129807692308
11 0.37122902884615383 0.985675951923077 0.4148308509615385 0.9876595384615385 0.41399766826923073 0.94768303125 0.36958458653846155 0.9515264975961538 0.37122902884615383 0.985675951923077
11 0.3302982740384615 0.9527323341346154 0.3724788028846154 0.9508815264423076 0.3729995408653846 0.9157170432692308 0.3285166514423077 0.9187958509615384 0.3302982740384615 0.9527323341346154
11 0.32877865624999997 0.9498799326923077 0.329256795673077 0.9864162475961538 0.37143728365384615 0.9845655096153846 0.3719580240384615 0.9484755528846154 0.32877865624999997 0.9498799326923077
11 0.28041073798076926 0.94495909375 0.3262364783653846 0.9468099014423077 0.3262364783653846 0.9079438028846153 0.28301447115384615 0.9079438028846153 0.28041073798076926 0.94495909375
11 0.2843684014423077 0.9797535336538462 0.32759040625 0.9806789038461539 0.3260281514423077 0.9445889471153847 0.2817985168269231 0.9469907427884615 0.2843684014423077 0.9797535336538462
11 0.23895929086538462 0.944403829326923 0.2790567836538461 0.9425530913461538 0.28061904086538464 0.9064631346153846 0.23794427403846155 0.90676315625 0.23895929086538462 0.944403829326923
11 0.24114643509615385 0.9828998605769231 0.2822854447115385 0.9810490504807692 0.2822854447115385 0.9440337259615385 0.24000201923076922 0.9455101514423077 0.24114643509615385 0.9828998605769231
11 0.19240453124999998 0.9399620456730768 0.2319812860576923 0.9436635913461539 0.23458502163461536 0.9103497764423077 0.19086186057692306 0.9085669879807692 0.19240453124999998 0.9399620456730768
11 0.19445076923076923 0.9758146466346154 0.2388551201923077 0.9773474615384615 0.23989659855769233 0.9431083124999999 0.1944813485576923 0.9371789326923078 0.19445076923076923 0.9758146466346154