11 0.25550614182692305 0.055260829326923076 0.255627125 0.01699244951923077 0.21193486778846155 0.01868840144230769 0.21255745192307693 0.05397087740384616 0.25550614182692305 0.055260829326923076
11 0.2992328004807692 0.05789203125 0.3006300841346154 0.053422543269230766 0.2998615625 0.019156610576923076 0.2565232115384615 0.018675973557692307 0.2560566923076923 0.058512786057692306 0.2992328004807692 0.05789203125
11 0.34259374519230773 0.05557742067307692 0.34364172115384617 0.051480406250000006 0.3430827956730769 0.01901286298076923 0.29953435096153846 0.019067596153846154 0.29997656490384617 0.056074012019230776 0.34259374519230773 0.05557742067307692
11 0.3455961730769231 0.054659057692307694 0.38562837499999997 0.053914158653846155 0.38744484375 0.049692995192307694 0.3873749783653846 0.01901286298076923 0.34371376682692306 0.019589314903846154 0.34419888701923074 0.05292093028846154 0.3455961730769231 0.054659057692307694
11 0.3897585216346154 0.05602815865384615 0.42958112259615383 0.05615229086538461 0.4309085408653846 0.05217943509615385 0.43139759134615385 0.02189359855769231 0.3878623461538462 0.02194833173076923 0.3875927211538462 0.053793406249999995 0.3897585216346154 0.05602815865384615
11 0.4330995336538462 0.06010578125 0.47208375240384615 0.060850682692307693 0.47459887019230773 0.05737442788461538 0.47452901201923076 0.025715687499999997 0.4323467788461538 0.022449278846153848 0.4309337403846154 0.057622728365384616 0.4330995336538462 0.06010578125
11 0.25423131730769233 0.09334104086538461 0.25437106490384614 0.057709435096153845 0.21028952644230767 0.05757661057692308 0.21056617788461537 0.09383765865384615 0.25423131730769233 0.09334104086538461
11 0.29880471634615385 0.09561071875 0.29845537259615385 0.05898589182692308 0.25479872596153846 0.05907672115384615 0.2545107764423077 0.09548656490384616 0.29880471634615385 0.09561071875
11 0.3415450384615385 0.09347517548076922 0.34336148798076926 0.08925402644230769 0.3435012355769231 0.05672621634615385 0.2999758028846154 0.05722281490384615 0.2984275216346154 0.06143577403846154 0.2986483894230769 0.0947167091346154 0.3415450384615385 0.09347517548076922
11 0.3465501875 0.09545192067307692 0.3891673461538462 0.09358965625000001 0.38895775721153847 0.05646822355769231 0.3446304831730769 0.05881655048076923 0.3448734302884615 0.09296889423076923 0.3465501875 0.09545192067307692
11 0.3901502596153846 0.09535704326923077 0.4308112548076923 0.09274985336538462 0.4317893557692308 0.08778377403846155 0.4314400168269231 0.05711825961538462 0.3886869158653846 0.05730577884615384 0.3884036514423077 0.09324646153846154 0.3901502596153846 0.09535704326923077
11 0.4359254423076923 0.09946963942307693 0.47917139182692303 0.09946963942307693 0.47917139182692303 0.06272065865384616 0.4349149278846154 0.06261059375 0.4345980408653846 0.09748320673076923 0.4359254423076923 0.09946963942307693
11 0.4363948197115385 0.1360924375 0.4773352475961538 0.135223375 0.47859279567307694 0.1295123894230769 0.4784530769230769 0.09847441105769231 0.4345599278846154 0.09884828365384615 0.43415914423076923 0.13398186538461537 0.4363948197115385 0.1360924375
11 0.47801426923076923 0.17206820673076925 0.47780468990384617 0.13569170192307692 0.43420500961538466 0.13716205528846154 0.4339998076923077 0.17268896875 0.47801426923076923 0.17206820673076925
11 0.43465375961538466 0.20792960576923078 0.47727094951923077 0.2074329831730769 0.47699147596153846 0.1715530889423077 0.4330982644230769 0.17183448798076922 0.43325647596153843 0.20656391826923076 0.43465375961538466 0.20792960576923078
11 0.4347737716346154 0.24399474759615383 0.4766224519230769 0.2423807908653846 0.47634297836538464 0.20774238942307693 0.43342799278846156 0.2083004951923077 0.43309702884615386 0.2407667956730769 0.4347737716346154 0.24399474759615383
11 0.4358916610576923 0.2817882115384615 0.47550468269230767 0.28079498076923076 0.47704168990384616 0.27793948798076923 0.47690195913461536 0.2445426201923077 0.4341450576923077 0.2456599903846154 0.43351627884615385 0.2790568533653846 0.4358916610576923 0.2817882115384615
11 0.4349189158653846 0.3156631610576923 0.47516074038461537 0.31653222596153846 0.47788541346153846 0.313180125 0.47753609375 0.2796590985576923 0.43408056490384617 0.28040400721153846 0.43387095673076925 0.313180125 0.4349189158653846 0.3156631610576923
11 0.39157806250000005 0.31426256971153843 0.4320993052884615 0.3143867139423077 0.4338459254807692 0.31066215384615387 0.4338459254807692 0.28024493990384614 0.4322390360576923 0.27763775 0.3903246778846154 0.2786236899038462 0.3900410408653846 0.3130210408653846 0.39157806250000005 0.31426256971153843
11 0.43449988701923076 0.3536866418269231 0.4756977860576923 0.3517824567307692 0.4759992235576923 0.3150753798076923 0.43304240384615383 0.31629649278846156 0.43289299759615385 0.3495896153846154 0.43449988701923076 0.3536866418269231
11 0.4331025216346154 0.3487398389423077 0.4331025216346154 0.3116184014423077 0.39019610096153845 0.3124917019230769 0.39013601682692306 0.3493606009615385 0.4331025216346154 0.3487398389423077
11 0.38979914663461535 0.35023023076923077 0.38951967548076927 0.31186727644230766 0.3464750432692308 0.31301351923076925 0.3464134543269231 0.35147173317307695 0.38979914663461535 0.35023023076923077
11 0.3476910528846154 0.35048821875 0.34706229086538465 0.3120011129807692 0.3039474014423077 0.3126763317307692 0.30458481971153845 0.35123311298076926 0.3476910528846154 0.35048821875
11 0.3468330985576923 0.3146617163461538 0.34655364423076923 0.2772919879807692 0.3026090504807692 0.2792784230769231 0.30302823076923074 0.3161515360576923 0.3468330985576923 0.3146617163461538
11 0.34455272115384616 0.2798120096153846 0.3446226033653846 0.24306302884615386 0.30033365865384615 0.24494033653846153 0.3006779879807692 0.28266750721153844 0.34455272115384616 0.2798120096153846
11 0.34222207451923076 0.24251502884615384 0.3433398870192308 0.23767311057692306 0.3427809903846154 0.20638683173076922 0.29925556009615384 0.20750419951923077 0.2997446105769231 0.24325996153846155 0.34222207451923076 0.24251502884615384
11 0.34266089903846153 0.2020280096153846 0.34217185096153846 0.16602395673076925 0.29788246634615384 0.16729036057692306 0.29836696875 0.20500767067307693 0.34266089903846153 0.2020280096153846
11 0.34282029086538457 0.1655274519230769 0.34205178125 0.12927509615384616 0.2984330841346154 0.13077008894230768 0.298386625 0.1675138798076923 0.34282029086538457 0.1655274519230769
11 0.2988702379807692 0.13177655288461537 0.34330390384615384 0.12966598076923078 0.3426432548076923 0.09401068028846155 0.2984510528846154 0.09428267548076923 0.2988702379807692 0.13177655288461537
11 0.2991142283653846 0.13242414663461538 0.2984854735576923 0.09679254326923077 0.2542117908653846 0.09605374759615384 0.25419154567307695 0.1340381346153846 0.2991142283653846 0.13242414663461538
11 0.25272983413461536 0.13097892788461538 0.25272983413461536 0.09509902403846154 0.20912121875 0.09686884615384615 0.20934414423076925 0.13147555288461538 0.25272983413461536 0.13097892788461538
11 0.2083464110576923 0.16436702884615384 0.2532691153846154 0.16511196153846155 0.2532691153846154 0.13134262259615384 0.2519059591346154 0.1285955673076923 0.20813681490384614 0.12898373557692308 0.2083464110576923 0.16436702884615384
11 0.25396228365384615 0.16993439663461538 0.2977671730769231 0.16993439663461538 0.2988151322115385 0.16397511778846155 0.29797472596153846 0.1330957860576923 0.25410201923076925 0.13430280288461538 0.25396228365384615 0.16993439663461538
11 0.29640041346153845 0.20517513221153846 0.29821689423076925 0.20033319230769228 0.2975881033653846 0.16892276201923076 0.253146875 0.17020300961538462 0.25322432932692307 0.20629249759615384 0.29640041346153845 0.20517513221153846
11 0.25229096153846153 0.20640692307692307 0.25257041586538465 0.17015456250000002 0.20827710576923078 0.16949673317307695 0.20834635576923077 0.2054137235576923 0.25229096153846153 0.20640692307692307
11 0.2508740600961538 0.2395020985576923 0.25115351442307693 0.20324974278846156 0.20706974278846155 0.2032657019230769 0.20734864663461539 0.23863304567307694 0.2508740600961538 0.2395020985576923
11 0.2573463341346154 0.24293369471153847 0.2990552644230769 0.24231293990384614 0.3001032235576923 0.23771931490384615 0.2998237764423077 0.2049432091346154 0.2552011610576923 0.20654944711538462 0.25545999038461537 0.24069897596153847 0.2573463341346154 0.24293369471153847
11 0.25430284375 0.27858840865384615 0.2542329855769231 0.2427085 0.21056895432692307 0.24184179567307693 0.21056783653846153 0.2782159471153846 0.25430284375 0.27858840865384615
11 0.25583991826923075 0.31460924519230765 0.25632896875 0.2806009903846154 0.2549316850961538 0.2772870793269231 0.21223199038461538 0.27680768028846153 0.21154599278846156 0.31201143990384617 0.25583991826923075 0.31460924519230765
11 0.25856458413461536 0.2814509423076923 0.29852693509615386 0.27971281490384614 0.30020364903846153 0.2748708846153846 0.2998543293269231 0.24619179086538462 0.29817759134615385 0.24271554086538463 0.2556930625 0.2452701730769231 0.2557700168269231 0.27971281490384614 0.25856458413461536 0.2814509423076923
11 0.26012123557692307 0.31910884615384616 0.30120142307692305 0.31774317067307695 0.3030178677884615 0.3116597307692308 0.3022493798076923 0.2811183605769231 0.25836780048076924 0.2821303557692308 0.25823490865384613 0.31637751442307693 0.26012123557692307 0.31910884615384616
11 0.25668369711538463 0.3504683028846154 0.25787138701923074 0.3452539110576923 0.2584302956730769 0.3166989903846154 0.2569631466346154 0.3135951754807692 0.21399832932692306 0.31287139182692303 0.21399665384615385 0.3486060216346154 0.25668369711538463 0.3504683028846154
11 0.3013793197115385 0.3520745144230769 0.3025975913461539 0.3473538389423077 0.3021126682692308 0.31676231971153845 0.29983775 0.3153790432692307 0.2589139903846154 0.3159005841346154 0.25903521634615384 0.35230879567307694 0.3013793197115385 0.3520745144230769
11 0.38901937019230765 0.1319200048076923 0.3900954375 0.12835056490384616 0.38988022355769225 0.09788285817307692 0.38851720913461535 0.09431342067307692 0.34600688701923077 0.09706979326923076 0.34633584615384616 0.1337047235576923 0.38901937019230765 0.1319200048076923
11 0.4305206706730769 0.13205255048076922 0.4334618822115385 0.12657090625 0.4336771129807693 0.11203820192307692 0.4336771129807693 0.0945734423076923 0.3902254519230769 0.09697219951923076 0.39020447115384616 0.13447467788461537 0.4305206706730769 0.13205255048076922
11 0.4322767956730769 0.16884979567307695 0.43335285096153847 0.16591775961538463 0.43313762019230767 0.13545004807692307 0.4306268293269231 0.13264549278846155 0.39016714903846156 0.13430273076923077 0.39002367307692304 0.17114443509615385 0.4322767956730769 0.16884979567307695
11 0.34529150240384615 0.16794253125 0.3893380336538461 0.16603031971153845 0.3882254831730769 0.1298050576923077 0.34478934375 0.13148325480769232 0.34529150240384615 0.16794253125
11 0.38941246153846154 0.2039631153846154 0.3891972475961539 0.16814126201923077 0.34544168269230774 0.1704614326923077 0.34608329326923076 0.20753255288461536 0.38941246153846154 0.2039631153846154
11 0.3476959471153846 0.2408286033653846 0.38908822596153847 0.2386614302884615 0.3899490504807692 0.23496450961538462 0.38966210576923077 0.20526168028846153 0.3880839086538461 0.20156476923076921 0.3463329423076923 0.20538916346153846 0.34654815624999996 0.23904388461538462 0.3476959471153846 0.2408286033653846
11 0.3479805528846154 0.27771753365384616 0.3878178870192308 0.2768791995192308 0.38986216105769234 0.27278065865384615 0.38986216105769234 0.24148281490384615 0.3882896322115385 0.24008559375 0.3465259879807692 0.24242064423076923 0.34656527403846155 0.27464363942307696 0.3479805528846154 0.27771753365384616
11 0.3905436298076923 0.31371963942307696 0.3902815288461538 0.28018623317307695 0.3889186826923077 0.27739177884615385 0.34733334855769227 0.27945443028846156 0.34745639903846154 0.3163277932692308 0.3905436298076923 0.31371963942307696
11 0.3894210913461539 0.2027216826923077 0.39108564903846155 0.20584132692307694 0.43320636538461543 0.2031075096153846 0.4326080649038462 0.16796271875 0.3900724350961538 0.16851167548076923 0.3894210913461539 0.2027216826923077
11 0.3914880697115385 0.2422495408653846 0.43187184375 0.24199232451923078 0.4335364278846154 0.23942014182692306 0.4337535240384615 0.20842537259615385 0.4321613317307692 0.20521014423076922 0.3901896875 0.20714269711538463 0.3898235048076923 0.2408348533653846 0.3914880697115385 0.2422495408653846
11 0.5309086201923077 0.06039886538461538 0.5326567355769231 0.044764677884615384 0.5325120072115385 0.020200367788461536 0.48763307451923077 0.020217870192307693 0.4875934110576923 0.05279677403846154 0.5309086201923077 0.06039886538461538
11 0.5303407403846154 0.09247369230769231 0.5309921057692308 0.08771514423076923 0.5307749927884615 0.05646315384615385 0.48661964903846155 0.05156459375 0.48633833413461536 0.08912985576923077 0.5303407403846154 0.09247369230769231
11 0.5282825384615385 0.13068763461538463 0.5293681057692308 0.1268293605769231 0.5298747115384616 0.09802094951923078 0.5279930456730769 0.09364824038461537 0.48463367067307694 0.09011672836538462 0.48507621875 0.1265721610576923 0.5282825384615385 0.13068763461538463
11 0.43332094230769236 0.27611865384615386 0.43372465625 0.24299828124999998 0.4321098245192308 0.24072649038461538 0.39090615384615385 0.24157386538461537 0.3901241105769231 0.279107875 0.43332094230769236 0.27611865384615386
11 0.5285758461538461 0.16841583173076924 0.5294505600961539 0.16375265865384614 0.5295178341346154 0.1348171730769231 0.5281721442307693 0.13051271875 0.4849895673076923 0.1270470576923077 0.48457159134615385 0.1649483389423077 0.5285758461538461 0.16841583173076924
11 0.52718728125 0.20679122115384616 0.5284656899038461 0.20153022355769232 0.5285329711538462 0.17223603605769233 0.5265144254807692 0.16996423317307693 0.48424691586538465 0.16614484375 0.48358672836538463 0.20081283173076925 0.52718728125 0.20679122115384616
11 0.5266571586538462 0.24200209134615386 0.5284738461538462 0.23709981009615386 0.5288102572115384 0.2064903485576923 0.5273972764423077 0.20493596874999997 0.4843936658653846 0.20150443509615384 0.48393129807692303 0.23841506009615385 0.5266571586538462 0.24200209134615386
11 0.4838763894230769 0.27549695913461536 0.5259293798076923 0.2788448677884615 0.5262658173076923 0.2435722668269231 0.4823738173076923 0.23902122596153846 0.48179056249999996 0.27358388701923075 0.4838763894230769 0.27549695913461536
11 0.4850995817307692 0.31245946874999997 0.5254031682692308 0.3165247740384615 0.5264797379807692 0.3115029110576923 0.5267488629807692 0.28137174278846155 0.5250667572115385 0.27909994471153843 0.4828031442307692 0.2760357067307692 0.4824754663461538 0.30958983894230774 0.4850995817307692 0.31245946874999997
11 0.5261799831730769 0.3548726418269231 0.5264491201923077 0.320437 0.5238922836538461 0.31864348317307695 0.4827726442307692 0.3144434591346154 0.48231027884615385 0.34925292548076925 0.5261799831730769 0.3548726418269231
11 0.5754118653846154 0.05710847596153846 0.5772716105769231 0.01949231971153846 0.53188128125 0.016611569711538463 0.5326187379807692 0.05507582692307692 0.5754118653846154 0.05710847596153846
11 0.6201196490384615 0.05817400240384615 0.6200682860576923 0.021220831730769232 0.5766232548076923 0.01776385576923077 0.5764518293269231 0.05518479807692308 0.6201196490384615 0.05817400240384615
11 0.53473525 0.09201650480769231 0.5762499615384615 0.09369045673076924 0.5774610865384615 0.08830990144230769 0.5771919495192308 0.058298288461538464 0.5764518293269231 0.05770043990384615 0.5338605384615385 0.05495037980769231 0.53251484375 0.059254838942307694 0.5325854903846154 0.05941621875 0.5325821274038461 0.08663594711538461 0.53473525 0.09201650480769231
11 0.5325271322115385 0.12981000721153846 0.574849266826923 0.13160354086538462 0.5758585552884615 0.12694036778846154 0.5756566995192307 0.09740704567307693 0.5741091298076924 0.09501567548076924 0.533401829326923 0.0926243125 0.5314134567307692 0.09533189663461537 0.53124871875 0.12813605288461538 0.5325271322115385 0.12981000721153846
11 0.5734300408653846 0.16787016826923076 0.5733627620192308 0.13247798317307694 0.5305023461538462 0.12984748317307693 0.52989678125 0.16595706490384615 0.5734300408653846 0.16787016826923076
11 0.5724083725961538 0.2082333028846154 0.5737540673076923 0.2034505745192308 0.5732157956730769 0.17080847115384618 0.5311627932692308 0.1682975408653846 0.5295511418269231 0.17185273557692307 0.5297498125 0.20476583894230768 0.5724083725961538 0.2082333028846154
11 0.5309304591346155 0.24245218750000003 0.5719068990384616 0.24436528125 0.5719742019230769 0.20706000240384614 0.5288446346153847 0.20478821153846155 0.5287773461538461 0.23970212259615384 0.5309304591346155 0.24245218750000003
11 0.5300434711538462 0.27804485096153847 0.5725001971153846 0.27888182692307695 0.5725001971153846 0.2430113701923077 0.5301780408653847 0.24133741586538462 0.5283375480769231 0.24381806490384614 0.5282267836538461 0.27302298798076924 0.5300434711538462 0.27804485096153847
11 0.5291503052884615 0.31476807692307696 0.5699248822115385 0.31536592548076925 0.5703285961538461 0.27937590625 0.5287465889423077 0.27758239423076925 0.527134875 0.28116739423076925 0.5271317524038461 0.3109418894230769 0.5291503052884615 0.31476807692307696
11 0.5703163317307692 0.35311599759615386 0.5700471947115384 0.3165281442307692 0.5268937764423077 0.31857030528846153 0.5270522139423077 0.3528610432692308 0.5703163317307692 0.35311599759615386
11 0.6193245168269231 0.0962338533653846 0.6212084903846153 0.09073371875 0.6210066394230769 0.059167728365384614 0.6191899567307693 0.05761334134615385 0.5766346177884615 0.0548538701923077 0.5772715360576923 0.09251671634615384 0.6193245168269231 0.0962338533653846
11 0.5793572235576924 0.12862830288461538 0.6175077067307692 0.13018270432692308 0.6197953725961539 0.12719348798076924 0.6195262403846153 0.09275786538461538 0.5774059471153846 0.08976865625 0.5755981610576923 0.09491476201923077 0.5759929663461538 0.1256391153846154 0.5793572235576924 0.12862830288461538
11 0.6163943798076923 0.16793858653846155 0.6163943798076923 0.13170941826923077 0.5744759423076923 0.12848108653846155 0.5724392980769231 0.13225234375 0.5729283725961538 0.16566678846153846 0.6163943798076923 0.16793858653846155
11 0.6152933245192307 0.2037704326923077 0.6163025913461537 0.1986289903846154 0.6168408533653846 0.1690956610576923 0.6146877596153846 0.16646517067307692 0.5737785889423077 0.16347594951923078 0.5728992331730769 0.16837576442307695 0.5729711899038462 0.20161819951923077 0.6152933245192307 0.2037704326923077
11 0.6146877596153846 0.245581125 0.61596615625 0.24103754086538462 0.6161007403846154 0.21078678365384615 0.6142840336538462 0.2087541418269231 0.5733748798076923 0.20528665384615385 0.5725223918269231 0.20999931249999998 0.5728366009615384 0.2433093341346154 0.6146877596153846 0.245581125
11 0.5726040697115384 0.27760246875 0.6144552115384616 0.2786785817307692 0.6137823653846154 0.2432864014423077 0.5724695216346154 0.24089503125 0.5714555192307692 0.24294035576923076 0.5711238100961539 0.27485239903846154 0.5726040697115384 0.27760246875
11 0.6143513365384615 0.27643323557692306 0.5729038870192308 0.2751179807692308 0.57149090625 0.27774848798076923 0.5712217644230769 0.3102710216346154 0.6145531754807693 0.3123036754807692 0.6143513365384615 0.27643323557692306
11 0.5696557451923077 0.3190480600961539 0.570261326923077 0.3509727668269231 0.6125161586538461 0.3509727668269231 0.6125161586538461 0.3148631802884615 0.570377610576923 0.31296952884615387 0.5696557451923077 0.3190480600961539
11 0.6556836634615385 0.3135479302884615 0.6140343629807693 0.3123522475961539 0.6130251009615384 0.31641757451923075 0.6128905288461538 0.34894009374999996 0.6558855264423078 0.34882054567307696 0.6556836634615385 0.3135479302884615
11 0.6139363028846154 0.2751883605769231 0.6124560240384616 0.27997108653846153 0.6128597427884616 0.3109392403846154 0.6543071658653846 0.31225448557692304 0.6557874375 0.30914571634615384 0.6553837475961538 0.2760253389423077 0.6139363028846154 0.2751883605769231
11 0.6143708677884615 0.2759068774038461 0.6567602932692308 0.27853737740384615 0.6575677211538462 0.27411333653846154 0.6575677211538462 0.24266692307692306 0.6159518990384616 0.24050181490384615 0.6137653149038461 0.24517785576923076 0.6143708677884615 0.2759068774038461
11 0.6169704687500001 0.24359707692307692 0.6586197403846155 0.24479277163461538 0.6598308942307691 0.24156441346153848 0.6593599014423077 0.20844404086538462 0.6178451586538463 0.2070092283653846 0.6158465432692307 0.2087867043269231 0.6157593341346155 0.24048830288461537 0.6169704687500001 0.24359707692307692
11 0.6598308942307691 0.20568872836538463 0.6597635913461539 0.170416125 0.6175423365384615 0.16932035817307692 0.6167013197115385 0.20425392307692308 0.6598308942307691 0.20568872836538463
11 0.6175393004807692 0.16609585336538463 0.6190195721153846 0.1675306778846154 0.6595250120192309 0.16956333653846153 0.66113984375 0.165258875 0.6608034447115384 0.13285590865384617 0.61942328125 0.13154066346153848 0.6178757235576923 0.13321461778846155 0.6175393004807692 0.16609585336538463
11 0.618426326923077 0.12760665384615383 0.6201084447115384 0.12940018749999999 0.6606811634615385 0.13179153846153846 0.6620268653846153 0.12784578846153846 0.6617577211538461 0.09436671394230768 0.6196981490384614 0.09196201682692308 0.6181571778846154 0.09532325721153846 0.618426326923077 0.12760665384615383
11 0.6625958629807692 0.09768816586538462 0.6635378509615385 0.0925467235576923 0.6629995528846154 0.06277425961538462 0.6613174302884615 0.06074159615384615 0.6206708389423077 0.058571975961538465 0.6208792692307692 0.09637290144230769 0.6625958629807692 0.09768816586538462
11 0.6622165649038462 0.057225598557692305 0.6622163557692308 0.021796889423076924 0.6200682860576923 0.018916163461538463 0.6190869903846153 0.055671230769230765 0.6622165649038462 0.057225598557692305
11 0.666215141826923 0.05396002884615385 0.7052403173076923 0.05671009855769231 0.7075952836538462 0.05288390865384615 0.7063099134615385 0.023525353365384617 0.6635132379807692 0.020644603365384616 0.6637928894230769 0.051209954326923074 0.666215141826923 0.05396002884615385
11 0.6651753341346154 0.09492849278846155 0.7068919038461539 0.09492849278846155 0.7069592067307693 0.05869933413461538 0.6646370504807693 0.05547098798076923 0.6633611586538462 0.059020973557692306 0.66302221875 0.08847180048076922 0.6651753341346154 0.09492849278846155
11 0.6649734735576923 0.13260824999999998 0.7057480600961538 0.13308650721153847 0.7070264735576923 0.12579285336538462 0.7069592067307693 0.10044440865384616 0.7054789230769232 0.09625952403846154 0.6643679158653846 0.09398772115384615 0.6628901057692308 0.09670525 0.6632913605769232 0.12830378365384615 0.6649734735576923 0.13260824999999998
11 0.6626549230769231 0.1677226394230769 0.7035640793269231 0.1686791875 0.7049097740384614 0.16317903605769232 0.7047079182692308 0.13400441826923076 0.7026220937500001 0.13185218028846155 0.6628567836538461 0.12934125 0.6611635649038461 0.1319911923076923 0.6612419423076923 0.16437473076923076 0.6626549230769231 0.1677226394230769
11 0.7056622139423077 0.2088047548076923 0.7065368966346154 0.17066251442307692 0.6614046923076924 0.1703989567307692 0.6609850913461539 0.20533726682692308 0.7056622139423077 0.2088047548076923
11 0.7025241658653846 0.24565277884615386 0.7024568798076923 0.21241283173076922 0.6611440096153847 0.20942363461538463 0.6595314543269232 0.21087020673076923 0.6594618894230769 0.24362013221153844 0.7025241658653846 0.24565277884615386
11 0.6612541778846153 0.28012587259615385 0.7018942043269232 0.28203896153846153 0.7022978990384616 0.24533152403846153 0.6608504639423077 0.24329887259615385 0.6593319999999999 0.24596847596153845 0.6591010600961538 0.2774953557692308 0.6612541778846153 0.28012587259615385
11 0.6991478004807692 0.3129731418269231 0.7008299182692308 0.3084295432692308 0.7006280793269231 0.2775809543269231 0.6595843389423077 0.27495045913461535 0.6574985144230769 0.27973318509615386 0.6574062788461539 0.2785411298076923 0.6574312259615385 0.3120165841346154 0.6991478004807692 0.3129731418269231
11 0.6977041730769231 0.3510661610576923 0.6979733100961538 0.31591312740384614 0.6576024375 0.31268478846153847 0.6554915384615385 0.31627907451923076 0.6555166057692308 0.35094661057692306 0.6977041730769231 0.3510661610576923
11 0.7427055240384616 0.34987050721153845 0.7419653870192308 0.3137609158653846 0.7014599471153846 0.31208696153846155 0.6986816778846153 0.31627908653846154 0.6989704086538461 0.34939221875 0.7427055240384616 0.34987050721153845
11 0.7014843004807693 0.3141582740384615 0.7431335961538461 0.3141582740384615 0.7430663173076923 0.27745084375 0.7025608533653845 0.27685299759615384 0.6999173966346154 0.2803232019230769 0.6999367427884615 0.31128862980769234 0.7014843004807693 0.3141582740384615
11 0.7054726802884616 0.28097404807692306 0.7478621057692307 0.2828871346153846 0.7473238197115385 0.24558187740384613 0.7072221057692307 0.2441470625 0.7042291346153846 0.24566709375 0.7036559903846153 0.2767891610576923 0.7054726802884616 0.28097404807692306
11 0.74973375 0.24045695192307692 0.7495991682692308 0.20602131490384615 0.7070026947115384 0.20478721153846152 0.7068733365384615 0.23938083413461536 0.74973375 0.24045695192307692
11 0.7094852500000001 0.20580494951923076 0.7516055504807693 0.20712020432692307 0.7514709783653846 0.17304327884615384 0.7083632620192308 0.16899876201923075 0.7077358461538462 0.203891875 0.7094852500000001 0.20580494951923076
11 0.7084682548076924 0.053001862980769227 0.7493339014423076 0.05648191586538461 0.7484579807692308 0.024677639423076922 0.7079309326923077 0.020644603365384616 0.7063463822115386 0.051465661057692305 0.7084682548076924 0.053001862980769227
11 0.7517798870192307 0.0974481298076923 0.7519370649038462 0.06183635817307693 0.7087923918269231 0.05848465384615385 0.708085110576923 0.09591194711538462 0.7517798870192307 0.0974481298076923
11 0.7503456490384616 0.13340975961538462 0.7507385649038463 0.09668073076923077 0.7071272043269231 0.09311046153846154 0.706886610576923 0.13047701923076924 0.7503456490384616 0.13340975961538462
11 0.708222545673077 0.16704977884615382 0.7472806466346154 0.16984285817307693 0.7487738197115384 0.16467565625 0.74869525 0.13213628125000002 0.7063364399038462 0.12920354807692308 0.7057077259615384 0.16439635817307693 0.708222545673077 0.16704977884615382
11 0.1831274278846154 0.3978664254807692 0.22860248317307694 0.40034066105769234 0.22820129326923075 0.36154958653846153 0.18291210576923078 0.3604135048076923 0.1831274278846154 0.3978664254807692
11 0.2748978966346154 0.4007631274038461 0.27444103124999997 0.3615924855769231 0.2293578557692308 0.36086431490384613 0.22989908653846153 0.39853060336538465 0.2748978966346154 0.4007631274038461
11 0.27681684615384616 0.4087211442307692 0.32113039182692305 0.40811226682692303 0.3196456610576923 0.3703623341346154 0.2754134567307692 0.3696782788461539 0.27510367307692307 0.40587975240384616 0.27681684615384616 0.4087211442307692
11 0.3238329639423077 0.4090393846153846 0.3671185985576923 0.4088364182692308 0.3651770216346154 0.3694628245192308 0.3201898509615385 0.3705317235576923 0.3206350793269231 0.4053861802884615 0.3238329639423077 0.4090393846153846
11 0.36935771634615383 0.40774150240384616 0.4118438990384616 0.4073355913461538 0.4126433701923077 0.4028705336538462 0.4118438990384616 0.36857087259615384 0.3662457932692308 0.36911068990384616 0.36695930288461537 0.4036823629807692 0.36935771634615383 0.40774150240384616
11 0.41549023798076923 0.4101240072115384 0.4586616586538461 0.40971809615384613 0.45763377403846156 0.3711563269230769 0.41320601682692304 0.3713592956730769 0.41297759375 0.40626782692307695 0.41549023798076923 0.4101240072115384
11 0.5058537692307692 0.4145515841346154 0.5045974326923077 0.3765986923076923 0.4607561394230769 0.3762196370192308 0.46062650961538465 0.41373978125 0.5058537692307692 0.4145515841346154
11 0.5501313389423077 0.41633781971153844 0.5493318677884615 0.37797900961538466 0.5047898870192308 0.3781819783653846 0.5059319831730769 0.41633781971153844 0.5501313389423077 0.41633781971153844
11 0.5948341081730769 0.4175319735576923 0.5939073533653846 0.3799827163461539 0.5500715360576923 0.37965334375 0.5500272620192308 0.4191788846153846 0.5948341081730769 0.4175319735576923
11 0.5975588197115385 0.42107598317307693 0.6405142163461538 0.4202525384615384 0.6397728076923077 0.38253859134615387 0.5954209495192307 0.3816535048076923 0.5956589519230769 0.4169587524038461 0.5975588197115385 0.42107598317307693
11 0.6428503100961538 0.42148772115384614 0.6844435937500001 0.4206799254807692 0.6839890216346153 0.3833598341346154 0.640497358173077 0.38255967788461537 0.6406683701923076 0.41906432932692306 0.6428503100961538 0.42148772115384614
11 0.6866741201923077 0.4229600336538461 0.7287674447115384 0.4229600336538461 0.7279946682692308 0.38563994230769233 0.6840308846153846 0.38506425961538465 0.6844467211538461 0.41989040625 0.6866741201923077 0.4229600336538461
11 0.6876741105769231 0.45929 0.7304492764423076 0.4584014158653846 0.7299038004807692 0.4226161418269231 0.6859012860576923 0.4223737980769231 0.6862649375000001 0.4584014158653846 0.6876741105769231 0.45929
11 0.6890359615384616 0.4944785096153846 0.7302201370192307 0.4928629230769231 0.7300837692307692 0.45659296875 0.6862630745192307 0.4573199831730769 0.6863085384615384 0.49229746875 0.6890359615384616 0.4944785096153846
11 0.6908068605769231 0.5322418125 0.733627485576923 0.5312724615384615 0.7331729158653846 0.4964565384615385 0.6888067475961539 0.4962141971153846 0.68903403125 0.5285259639423077 0.6908068605769231 0.5322418125
11 0.6910105144230769 0.5681960024038462 0.7334674807692309 0.5673882139423078 0.7333765817307693 0.5322491610576923 0.6886922067307691 0.5323299423076923 0.6886467451923076 0.5655302836538462 0.6910105144230769 0.5681960024038462
11 0.6897576249999999 0.6046101850961538 0.73221459375 0.6039639615384615 0.7315781923076923 0.5685825769230769 0.68816059375 0.569670579326923 0.6878938870192308 0.6017021394230769 0.6897576249999999 0.6046101850961538
11 0.6833516875 0.6404466249999999 0.7242355144230769 0.6395910528846154 0.7249978125 0.6355983798076923 0.724957701923077 0.6031578966346154 0.682789985576923 0.6027301081730769 0.6807690673076923 0.6056440216346154 0.6808641538461538 0.6371669254807693 0.6833516875 0.6404466249999999
11 0.6826303245192308 0.6771086057692308 0.7240357379807693 0.676538216346154 0.7247177884615384 0.6731159326923077 0.7243567067307691 0.6406041466346154 0.6819883822115386 0.6408180408653846 0.68098534375 0.6420301057692307 0.6806174543269231 0.6423204206730768 0.6806242499999999 0.6741141009615385 0.6826303245192308 0.6771086057692308
11 0.7219093677884616 0.7136381706730769 0.7218291346153846 0.677837266826923 0.682108826923077 0.6781937572115384 0.6783142668269231 0.6802104495192308 0.6786182572115386 0.7139233701923077 0.7219093677884616 0.7136381706730769
11 0.22361708173076922 0.44067815384615383 0.22597696634615383 0.43581353125 0.22559938701923077 0.4016773918269231 0.1803367355769231 0.4001676826923077 0.1804311298076923 0.4369038870192308 0.22361708173076922 0.44067815384615383
11 0.22201232692307693 0.4777281009615385 0.22437222836538462 0.4749603076923077 0.22404184375 0.4429209735576923 0.22154036298076923 0.43973381490384617 0.17839457211538462 0.437561375 0.1784487980769231 0.4745409326923077 0.22201232692307693 0.4777281009615385
11 0.22460823557692308 0.5166488509615385 0.22611856490384616 0.5136294278846154 0.22531619711538461 0.4774803485576923 0.18031107451923076 0.4756078822115385 0.18024233413461538 0.5131262019230769 0.22460823557692308 0.5166488509615385
11 0.2235823221153846 0.5529223125 0.2251398389423077 0.5503222524038461 0.22495104567307692 0.5177796923076923 0.22277996153846152 0.5149280240384615 0.1797194375 0.5131042379807692 0.17968838942307694 0.5504061394230769 0.2235823221153846 0.5529223125
11 0.22475413701923078 0.5909021610576923 0.22588688942307694 0.588302110576923 0.22579247596153845 0.5576886081730769 0.22343260096153847 0.553411110576923 0.17963584375 0.5523069783653847 0.17982186057692306 0.588302110576923 0.22475413701923078 0.5909021610576923
11 0.18193011778846155 0.6263931610576924 0.2238889423076923 0.62840609375 0.22535206971153846 0.6248834423076922 0.2251632692307692 0.5942699519230769 0.22351134615384616 0.5909150480769231 0.17935598798076924 0.5893221129807692 0.1792870360576923 0.6224511514423077 0.18193011778846155 0.6263931610576924
11 0.18480299759615385 0.6645445384615385 0.22647862740384614 0.6659703629807693 0.22737539182692307 0.6637058149038462 0.22756418509615386 0.6339310360576923 0.22492111057692307 0.6289825552884616 0.18192393990384614 0.6273889735576923 0.18197113221153846 0.6610218894230768 0.18480299759615385 0.6645445384615385
11 0.18706233173076925 0.7013537668269231 0.23067307211538463 0.7042893076923077 0.23024828365384617 0.6700692812500001 0.22732203365384615 0.6668821274038461 0.18509298557692308 0.6668058677884615 0.1852216201923077 0.6983343533653846 0.18706233173076925 0.7013537668269231
11 0.23046435096153847 0.43757266346153845 0.27402789663461535 0.43748877884615384 0.2740750961538462 0.4045268557692308 0.27190400000000003 0.3997461201923077 0.2291428125 0.3994106298076923 0.22777470192307694 0.4027485745192308 0.22819885576923077 0.4328757980769231 0.23046435096153847 0.43757266346153845
11 0.22763464182692308 0.4755601466346154 0.2700654350961539 0.4748891778846154 0.27133977403846155 0.47044391826923077 0.27148137019230767 0.44150787980769235 0.2691686778846154 0.4365593966346154 0.2277762355769231 0.43538518028846157 0.22532236778846154 0.43922477884615385 0.22560513701923077 0.4729490144230769 0.22763464182692308 0.4755601466346154
11 0.22804097596153847 0.5165117355769231 0.2701885841346154 0.5156730120192308 0.27165171634615387 0.5136600600961538 0.2710381418269231 0.4817046057692308 0.2692446298076923 0.4780142115384616 0.22621969471153847 0.4783902980769231 0.22653064903846154 0.5148342836538462 0.22804097596153847 0.5165117355769231
11 0.22842070913461537 0.5553959230769231 0.26995474038461537 0.5553120408653845 0.2713234879807692 0.553299110576923 0.27108748798076926 0.5223501201923078 0.26919957932692307 0.5179048701923077 0.2260803341346154 0.5186318245192308 0.22620241346153847 0.5529636105769231 0.22842070913461537 0.5553959230769231
11 0.22819715865384615 0.5920376081730769 0.2699199855769231 0.5930440817307692 0.27190229326923077 0.5898569230769231 0.2717135024038461 0.5599144086538461 0.2697783918269231 0.5549659326923077 0.22634781971153844 0.5560600841346154 0.22668683173076923 0.5887665889423077 0.22819715865384615 0.5920376081730769
11 0.2297657331730769 0.6297714158653847 0.27144137259615386 0.6291843076923077 0.27252690865384616 0.6256616586538463 0.27238531490384615 0.5978998413461538 0.2707333918269231 0.592783608173077 0.22697248076923077 0.5938588966346153 0.22759463701923074 0.6262487668269231 0.2297657331730769 0.6297714158653847
11 0.23157153605769232 0.6687284687499999 0.2726336033653846 0.6692372692307693 0.27452150240384615 0.6655468725961539 0.27419111778846156 0.6361914711538461 0.27216162499999996 0.6314946081730769 0.23025 0.6314946081730769 0.2288352403846154 0.6343348509615385 0.2293060408653846 0.6651219615384616 0.23157153605769232 0.6687284687499999
11 0.2316659158653846 0.7035053221153846 0.2739079254807692 0.7052666466346154 0.2751822644230769 0.7019117403846155 0.2755598389423077 0.6726402163461539 0.27376632211538465 0.6672723653846154 0.23114673798076923 0.6666013846153847 0.23025136778846156 0.6693343076923076 0.2302499831730769 0.6992278221153847 0.2316659158653846 0.7035053221153846
11 0.27655718269230767 0.7077938894230769 0.31827824278846156 0.7077938894230769 0.3196941754807692 0.7056970649038461 0.3191278125 0.6739093557692308 0.3176646754807692 0.6718125432692308 0.27516726923076923 0.6712590528846154 0.2751412620192308 0.7032647692307693 0.27655718269230767 0.7077938894230769
11 0.27636046153846155 0.6716960264423076 0.31841369471153846 0.6715282908653847 0.3202543846153846 0.6685088653846154 0.3198768149038462 0.639405079326923 0.31695054086538466 0.6347082139423077 0.27447255769230766 0.6354630697115385 0.27475574038461537 0.6662326490384616 0.27636046153846155 0.6716960264423076
11 0.27579199759615386 0.6353016634615384 0.3174676201923077 0.6345468197115385 0.31850596875 0.6308564278846155 0.31808118750000003 0.6006622860576922 0.3162404879807692 0.5987332163461538 0.2733798677884616 0.5987853870192308 0.27366809615384613 0.6302693197115385 0.27579199759615386 0.6353016634615384
11 0.27434236778846155 0.5980528389423078 0.3171979495192308 0.5974657307692308 0.31809468990384615 0.5929366129807693 0.3173867355769231 0.5619654495192308 0.31549881730769236 0.5603718701923077 0.27306294471153847 0.5613096850961539 0.27269044471153847 0.5947818149038462 0.27434236778846155 0.5980528389423078
11 0.27368974759615383 0.5602623990384615 0.3153653918269231 0.5587526971153847 0.31715890625000004 0.556823625 0.3164981370192308 0.5242810552884616 0.3149405961538462 0.5226874711538462 0.27175877403846155 0.5225087932692307 0.2718018389423077 0.5562365168269231 0.27368974759615383 0.5602623990384615
11 0.2723579014423077 0.5223298413461538 0.31511907932692307 0.5223298413461538 0.3163934302884615 0.5196459158653846 0.31601585096153845 0.48802595192307696 0.3144583100961539 0.48525815865384614 0.27108756971153847 0.4844436923076923 0.2711779639423077 0.5173813629807692 0.2723579014423077 0.5223298413461538
11 0.2741780264423077 0.48289134375000003 0.31736399278846156 0.4837300745192307 0.3188271201923077 0.4797880576923077 0.3180247620192308 0.4481680913461539 0.3165616177884615 0.44657450721153846 0.27258685576923075 0.4460138822115385 0.27290368990384617 0.47785899278846156 0.2741780264423077 0.48289134375000003
11 0.2759325288461538 0.4467818533653846 0.3183633149038462 0.4477883293269231 0.3205816153846154 0.4447689158653846 0.31992085576923074 0.4131489495192308 0.31793855048076924 0.4090391923076923 0.2745165985576923 0.4090391923076923 0.2744693918269231 0.4414978798076923 0.2759325288461538 0.4467818533653846
11 0.32221290625 0.4865227548076923 0.36374195673076926 0.48484531490384614 0.3653466850961538 0.48132266826923076 0.3644499134615385 0.44794137019230773 0.3193288485576923 0.4486962211538461 0.3199002235576923 0.4822452548076923 0.32221290625 0.4865227548076923
11 0.3236320048076923 0.4468061057692308 0.3676675264423077 0.4468061057692308 0.3668179711538461 0.41124412259615384 0.3652132427884615 0.40931505288461534 0.32292403365384614 0.40914730769230767 0.3214267115384616 0.4116151346153846 0.3221216706730769 0.44437379326923077 0.3236320048076923 0.4468061057692308
11 0.31896372115384614 0.5247826081730769 0.36106413461538456 0.5236083918269231 0.36266884615384615 0.5199179951923077 0.36167769471153843 0.48930449278846155 0.35988418028846153 0.48578184375 0.31712300240384617 0.48787866105769234 0.31745338701923076 0.5219309278846154 0.31896372115384614 0.5247826081730769
11 0.3198235360576923 0.5624852932692308 0.36187674278846155 0.5619820600961538 0.36357587500000005 0.5592981394230769 0.36315107692307697 0.5280975264423077 0.36112158413461537 0.5242393942307693 0.3177879326923077 0.5260083293269231 0.31850199759615383 0.55871103125 0.3198235360576923 0.5624852932692308
11 0.3196553774038462 0.59984525 0.36189737259615384 0.59984525 0.36336050240384615 0.5959871201923077 0.36307732932692305 0.5653736177884615 0.36133100961538467 0.5628574471153847 0.3188058125 0.5628574471153847 0.31800690625 0.5649266754807692 0.3186642235576923 0.5962387379807692 0.3196553774038462 0.59984525
11 0.32227787500000005 0.6359181538461538 0.3631983341346154 0.6352471658653845 0.3640006923076923 0.6328148701923078 0.3637175192307692 0.6021174927884615 0.3623487716346154 0.5989303389423077 0.31892682692307694 0.5992658269230768 0.31939881009615384 0.6331503605769231 0.32227787500000005 0.6359181538461538
11 0.32221321875 0.672084233173077 0.36403043269230767 0.6731745649038461 0.3657295649038461 0.6687293221153846 0.3651159903846154 0.6397094086538462 0.3622841298076923 0.6367738677884615 0.32060848557692306 0.6375287163461538 0.3207028822115384 0.6694003100961539 0.32221321875 0.672084233173077
11 0.32241430769230767 0.7097539711538462 0.3634291754807692 0.7098378293269231 0.36465631490384615 0.7069022884615385 0.3641843245192308 0.6759533125 0.36300439423076925 0.6735210048076923 0.3210455673076923 0.672262920673077 0.3198128822115385 0.6748558365384615 0.32014881009615387 0.7056442139423077 0.32241430769230767 0.7097539711538462
11 0.36728707692307694 0.7120477355769231 0.4095700600961539 0.7113767524038461 0.4091452692307692 0.6800084014423077 0.4077765288461539 0.6760663846153846 0.3664784855769231 0.6748921706730768 0.3648045865384616 0.6776192235576922 0.3646911875 0.7079379783653846 0.36728707692307694 0.7120477355769231
11 0.4100112427884615 0.6754790865384616 0.41189914423076923 0.6715370769230768 0.41156875961538464 0.6410913269230769 0.4085953004807692 0.637988045673077 0.36729726201923074 0.6391622620192308 0.3667435072115385 0.6410926057692308 0.36701406971153844 0.6746403701923077 0.4100112427884615 0.6754790865384616
11 0.3665431201923077 0.6382772548076924 0.40746358173076924 0.6373546658653846 0.40878511778846155 0.6335803894230769 0.4085963245192307 0.6047282259615385 0.40675561057692305 0.6014571899038461 0.3656935552884616 0.60045071875 0.3637046081730769 0.6028865192307692 0.3639944423076923 0.6355094567307693 0.3665431201923077 0.6382772548076924
11 0.36672164423076925 0.5991925841346154 0.4081612932692308 0.5989409639423077 0.41047398317307693 0.5959215432692307 0.4097188004807692 0.5657274134615384 0.40726451923076923 0.562037014423077 0.36676883653846154 0.56170153125 0.3644873221153846 0.5644753533653846 0.36540010576923077 0.5955021875000001 0.36672164423076925 0.5991925841346154
11 0.3662393918269231 0.5629519182692307 0.4075374495192308 0.5627003028846154 0.4095197548076923 0.55917765625 0.4089061730769231 0.5278931850961539 0.40673507451923074 0.5252092572115384 0.36524824038461534 0.5257124927884615 0.36388224278846154 0.5283207932692308 0.3644930769230769 0.55951315625 0.3662393918269231 0.5629519182692307
11 0.3652748125 0.5246037379807692 0.4076111971153846 0.5234295240384615 0.4088855408653846 0.5199907475961538 0.40827196634615387 0.48887401682692305 0.4057704903846154 0.4857707307692308 0.36485002403846156 0.48635783894230766 0.3629363317307692 0.4887161033653846 0.3636700793269231 0.5212488365384615 0.3652748125 0.5246037379807692
11 0.4079887644230769 0.48655070432692304 0.41030145673076923 0.4830280576923077 0.41011267067307694 0.4524984326923077 0.4085551298076923 0.4477176947115385 0.3676346658653846 0.44805318269230765 0.36505103365384617 0.4527284879807692 0.36541637019230766 0.48697006730769227 0.4079887644230769 0.48655070432692304
11 0.37011552163461536 0.44628797596153846 0.41240472836538467 0.4461313125 0.41415103125 0.4436151370192307 0.4133486730769231 0.40914350721153847 0.4113191634615384 0.4078015432692308 0.37011552163461536 0.4078015432692308 0.36793807211538465 0.4106874663461539 0.36851079086538463 0.44117174278846155 0.37011552163461536 0.44628797596153846
11 0.4545310072115385 0.7094475841346154 0.4541534375 0.6729630072115385 0.41106186538461537 0.6728791322115384 0.40984972596153846 0.6770316995192308 0.41097366586538464 0.7094475841346154 0.4545310072115385 0.7094475841346154
11 0.41458323557692306 0.6714641658653846 0.456022875 0.6716319038461538 0.4571556201923077 0.6676898894230768 0.4567308533653846 0.635147326923077 0.45314381971153844 0.6339731105769231 0.4125537355769231 0.6356505649038462 0.4126953221153846 0.6674382740384615 0.41458323557692306 0.6714641658653846
11 0.41114916346153846 0.6367637211538462 0.4525887932692308 0.6355895048076923 0.45353275240384616 0.6322345985576923 0.4527303918269231 0.5995242932692307 0.4097804230769231 0.5990210576923076 0.4082446490384615 0.6019588269230769 0.4084116875 0.6319829927884615 0.41114916346153846 0.6367637211538462
11 0.4129014375 0.5993015721153846 0.45608740384615387 0.5985467283653846 0.45570982451923076 0.5639912115384615 0.45320832451923077 0.5619782740384616 0.41205187740384613 0.5623137620192308 0.41045014423076925 0.5658414927884615 0.41129671875 0.5954434447115384 0.4129014375 0.5993015721153846
11 0.4128152235576923 0.5619927067307692 0.4539716754807692 0.5606507524038462 0.4553404230769231 0.5560377451923076 0.45482123798076923 0.5238306778846155 0.41144649278846157 0.5239984182692308 0.40993902403846155 0.527461141826923 0.41069132932692304 0.5587216802884616 0.4128152235576923 0.5619927067307692
11 0.41111605528846157 0.5252999182692307 0.45444359615384616 0.52353859375 0.4537828269230769 0.48780887740384615 0.41121044471153845 0.48680240865384616 0.4088155192307692 0.48937741105769234 0.40894495192307695 0.5209385480769231 0.41111605528846157 0.5252999182692307
11 0.41467434615384613 0.48679849519230767 0.45630277884615383 0.4866307475961538 0.45762431730769226 0.4836113269230769 0.4570107572115385 0.4494751875 0.41462714903846154 0.44855259375 0.41194941826923076 0.45274067548076924 0.4124560504807692 0.48235325240384613 0.41467434615384613 0.48679849519230767
11 0.4171737091346154 0.44942025480769227 0.45884934134615385 0.4490090264423077 0.46026527644230775 0.44624123317307696 0.4596988870192308 0.4127760721153846 0.45686703605769236 0.4100874975961538 0.41637134615384613 0.41067460576923076 0.4146661274038462 0.41251140144230775 0.41523859375000005 0.4455621201923077 0.4171737091346154 0.44942025480769227
11 0.46280364423076925 0.48621102403846156 0.5035767403846154 0.4899014278846154 0.5050870721153846 0.4852045552884615 0.5049926658653846 0.4552620480769231 0.5023495913461539 0.4519071394230769 0.46279786057692307 0.4494748389423077 0.46084941346153846 0.451578 0.46058535096153846 0.48428196875 0.46280364423076925 0.48621102403846156
11 0.4620899278846154 0.44978818509615387 0.5031519783653846 0.45171726201923074 0.5053702884615384 0.44836235336538466 0.5049926947115385 0.41800047836538456 0.5030575985576923 0.41431008413461534 0.46081558173076925 0.4128003822115385 0.46081558173076925 0.44760750000000005 0.4620899278846154 0.44978818509615387
11 0.4655538173076923 0.5333368413461538 0.5104388894230769 0.5363562548076923 0.5116660360576923 0.5326658533653846 0.5119964206730769 0.5002910384615384 0.5103916850961538 0.49702000240384614 0.4662617764423077 0.4927425 0.4643681538461539 0.4935882091346154 0.464137875 0.5302335528846154 0.4655538173076923 0.5333368413461538
11 0.45814590625 0.5585208221153846 0.5005294951923077 0.5623789735576923 0.50270059375 0.5585208221153846 0.502795 0.5360429783653846 0.46451760336538467 0.5326042019230769 0.4631960673076923 0.5301718966346154 0.46314886298076924 0.5223717403846154 0.45861787740384613 0.5223717403846154 0.45814590625 0.5585208221153846
11 0.4587903317307692 0.5953992307692307 0.4998995865384615 0.5995089855769231 0.50159871875 0.5976637884615384 0.5020706850961538 0.5671341658653846 0.5000411778846154 0.5637792572115384 0.4592151105769231 0.559921125 0.4575190673076923 0.562514673076923 0.4573271995192308 0.5912894735576922 0.4587903317307692 0.5953992307692307
11 0.45932803125000005 0.6328979855769231 0.499446125 0.6349109230769231 0.5010508509615385 0.6312205336538461 0.5014756418269231 0.6021167403846154 0.49911574038461537 0.5990134567307692 0.45895044471153845 0.5956585528846154 0.4571504975961539 0.5984342764423076 0.45687374759615385 0.6284527379807692 0.45932803125000005 0.6328979855769231
11 0.4609430048076923 0.6703891033653846 0.5005419278846154 0.6738278677884615 0.5019578798076924 0.67080846875 0.5024770480769231 0.6396917283653847 0.49955077644230766 0.6370078100961538 0.4590079014423077 0.6344077548076924 0.4585831153846154 0.6672858197115384 0.4609430048076923 0.6703891033653846
11 0.46117084375 0.7071802524038462 0.5017137163461538 0.7105351586538462 0.502940875 0.7071802524038462 0.5034128413461538 0.6763990144230768 0.5007225649038461 0.6738828365384616 0.46036848076923076 0.6701924447115384 0.4594562451923077 0.6727278149038463 0.45899974278846156 0.7029866346153846 0.46117084375 0.7071802524038462
11 0.5062506875 0.7115889254807691 0.5475884975961539 0.7120082788461539 0.5483436586538462 0.7092404927884615 0.5478716947115385 0.6763624278846153 0.5459365745192307 0.6741817475961539 0.504551125 0.675275264423077 0.5045043629807693 0.7087372475961539 0.5062506875 0.7115889254807691
11 0.5067140216346154 0.6755815793269231 0.54636015625 0.6763364278846153 0.5489560216346153 0.6730654014423076 0.5482480504807692 0.6406905721153847 0.54636015625 0.6395163557692308 0.5045901225961539 0.638845375 0.5044485240384615 0.67256215625 0.5067140216346154 0.6755815793269231
11 0.5042700745192308 0.6378532932692308 0.5456153149038461 0.6389436370192307 0.5469840504807693 0.6355048629807692 0.5468424519230769 0.6060655769230769 0.5445769759615385 0.6015364591346154 0.5039868846153847 0.6006977283653846 0.5026961418269231 0.6038937716346153 0.502712545673077 0.6347499999999999 0.5042700745192308 0.6378532932692308
11 0.5028807836538461 0.5899032451923077 0.5437068629807692 0.59090971875 0.5437540625 0.5674253990384616 0.5084029230769231 0.5662511826923077 0.5081669326923077 0.5545090168269231 0.5031639783653846 0.554425141826923 0.5028807836538461 0.5899032451923077
11 0.510469235576923 0.5638105168269231 0.5528528269230769 0.5638105168269231 0.5524280600961539 0.5282485312499999 0.511696375 0.5270743149038462 0.5116019807692308 0.5359648125 0.5082823245192307 0.5386279783653847 0.5083925312500001 0.5595268461538462 0.510469235576923 0.5638105168269231
11 0.5125725697115384 0.503422985576923 0.5124309783653846 0.5281653918269231 0.5523602860576923 0.5288363846153846 0.5543898028846154 0.5258169591346153 0.5539650216346154 0.4937776346153846 0.5523602860576923 0.4920163100961539 0.5111094399038462 0.49142920192307693 0.5099798966346154 0.49307463701923077 0.5097879014423077 0.4973841610576923 0.5125725697115384 0.503422985576923
11 0.5102126802884616 0.49191025480769235 0.5503307932692307 0.4915747524038461 0.5516995192307692 0.4886392139423077 0.5516995192307692 0.4572708653846154 0.5491980336538462 0.45433532451923075 0.5092687259615385 0.4538320913461539 0.5068144399038462 0.45844508173076925 0.5069399711538461 0.4588864903846154 0.5071448245192308 0.4866262716346154 0.5102126802884616 0.49191025480769235
11 0.5071345697115385 0.4536932283653846 0.5484798245192308 0.45436421875 0.5501317475961538 0.4499189735576923 0.5499429615384616 0.42056356009615387 0.5475358629807693 0.41762801682692313 0.50694578125 0.41611831730769233 0.5056740528846154 0.41783477403846153 0.5055298533653846 0.45100931730769234 0.5071345697115385 0.4536932283653846
11 0.55051359375 0.67626590625 0.5910042860576923 0.6760981586538463 0.5919482451923077 0.6737497259615384 0.5916650552884616 0.642633 0.5902963221153846 0.6407878028846153 0.5492814471153846 0.6396974615384615 0.5483507596153846 0.6416000576923077 0.5486256778846154 0.6729883846153846 0.55051359375 0.67626590625
11 0.5496671370192308 0.6391047307692308 0.59087078125 0.6401112067307693 0.5918619350961538 0.6367562980769231 0.5917675552884616 0.605220204326923 0.5903516033653846 0.6033750096153846 0.5490535576923077 0.6035427572115385 0.5476317451923077 0.6053158149038461 0.5480152163461539 0.6346594783653846 0.5496671370192308 0.6391047307692308
11 0.54846278125 0.7117172043269231 0.58938325 0.7113817043269232 0.5906103846153846 0.7064332283653846 0.5901856105769231 0.6790068894230769 0.5882976923076924 0.6754003677884615 0.548840358173077 0.6747293870192308 0.5471165961538461 0.6766478365384615 0.5472828293269231 0.7092848870192309 0.54846278125 0.7117172043269231
11 0.5496856225961538 0.6016574855769231 0.5906061033653847 0.6021607139423076 0.5922108149038462 0.5974638461538462 0.592163610576923 0.5701213870192308 0.5904645024038462 0.5659277548076923 0.5477918317307693 0.5658966875 0.5478449158653846 0.5981348389423077 0.5496856225961538 0.6016574855769231
11 0.5950427163461538 0.5660733509615384 0.5966474278846154 0.5633055528846154 0.5969306274038462 0.5330275384615384 0.5952315120192307 0.5291694062500001 0.5542166346153846 0.528414548076923 0.5526591105769231 0.530511360576923 0.5526160865384615 0.5305337235576923 0.5529894951923077 0.563557170673077 0.5950427163461538 0.5660733509615384
11 0.5565825120192307 0.5287278509615384 0.5972198028846154 0.5293149591346153 0.5990133149038461 0.5262955528846154 0.5986357355769231 0.49668852644230765 0.5965118389423076 0.4924948942307692 0.5546002067307693 0.49283038701923076 0.5548361947115384 0.5258761923076923 0.5565825120192307 0.5287278509615384
11 0.5535743052884615 0.4917750096153846 0.5943059759615384 0.4903491826923077 0.5958163076923078 0.4885039783653846 0.595485923076923 0.45738725 0.5933148221153846 0.45352911057692313 0.5514976033653846 0.4540323485576923 0.5512616153846154 0.4887556057692307 0.5535743052884615 0.4917750096153846
11 0.5530713942307692 0.45421481009615383 0.5944166418269231 0.4540470625 0.595313389423077 0.4507760216346154 0.5950302163461538 0.4191560625 0.5930479086538462 0.41714311538461535 0.5515138653846153 0.41689149759615385 0.550564235576923 0.4185583341346154 0.5508058942307692 0.4506921586538462 0.5530713942307692 0.45421481009615383
11 0.5926193100961539 0.7141698677884616 0.6333003317307693 0.7139182548076923 0.6340082884615386 0.7107311009615385 0.6340554975961539 0.6795304975961538 0.6323091802884615 0.6776852956730769 0.5924270552884615 0.6768465745192308 0.5908444014423077 0.6801287043269231 0.5908257884615384 0.7112343269230769 0.5926193100961539 0.7141698677884616
11 0.6359228028846153 0.7159418725961538 0.6775921706730769 0.7151031490384615 0.6775449855769231 0.6821412139423076 0.6757986586538463 0.6792895504807692 0.6369548990384615 0.6787863125 0.6346952572115385 0.6808766298076924 0.634648451923077 0.7132579447115385 0.6359228028846153 0.7159418725961538
11 0.6375581274038461 0.6777214975961539 0.6780066225961539 0.6778053774038462 0.6794697596153847 0.6749536995192307 0.6792809663461538 0.6443402091346153 0.6776762379807693 0.6424111370192308 0.6358118100961538 0.6429982451923077 0.6357646201923076 0.6736117403846154 0.6375581274038461 0.6777214975961539
11 0.5917250288461539 0.6758145336538461 0.6353357644230768 0.6758983966346155 0.634788451923077 0.6413278389423076 0.5919138197115384 0.6406719134615385 0.5917250288461539 0.6758145336538461
11 0.5924042908653846 0.6409524302884615 0.6351654639423077 0.6403653245192308 0.635023875 0.6100034495192308 0.6333247548076923 0.60488721875 0.5941034086538461 0.60513884375 0.591979514423077 0.6053065841346154 0.5918675288461539 0.6055629663461539 0.5915547307692308 0.6392749903846154 0.5924042908653846 0.6409524302884615
11 0.5946573052884616 0.6031403173076924 0.6345394326923077 0.6033080649038461 0.6371825072115385 0.6002047764423077 0.6370409134615385 0.56942353125 0.6343506394230769 0.5671589663461538 0.5930538846153847 0.5687099038461538 0.5930525841346154 0.5992821658653846 0.5946573052884616 0.6031403173076924
11 0.5993114471153846 0.5676072620192307 0.6402319110576923 0.566433045673077 0.6417894495192308 0.5633297500000001 0.6416950432692308 0.5343937115384615 0.6397599350961538 0.5308710625 0.6005385913461538 0.531206548076923 0.5976519975961538 0.5327100769230769 0.5980843052884615 0.5659297956730769 0.5993114471153846 0.5676072620192307
11 0.6014331923076923 0.5316621322115385 0.6440999879807693 0.5305717788461538 0.6440999879807693 0.496938875 0.6415040985576923 0.49459044230769234 0.5996417403846154 0.49660497836538464 0.5998756682692308 0.5265458966346154 0.6014331923076923 0.5316621322115385
11 0.6458935721153847 0.530856125 0.6866671634615386 0.531443233173077 0.6879414903846153 0.5285076923076922 0.6879887019230769 0.49864905288461536 0.6851568245192308 0.49462317067307693 0.6441891610576923 0.49512640384615386 0.6443832307692308 0.5280044591346154 0.6458935721153847 0.530856125
11 0.6443409735576923 0.5682160961538462 0.6871965552884615 0.5692225745192308 0.6873381466346153 0.5352541682692308 0.6855446346153846 0.5324025 0.6451433365384616 0.531983139423077 0.6429290408653846 0.5341628822115385 0.6430194350961538 0.5649450745192308 0.6443409735576923 0.5682160961538462
11 0.6779767355769231 0.6040263317307693 0.6793926538461539 0.6017617668269231 0.6798646274038462 0.57081278125 0.67877909375 0.5688837115384615 0.63889696875 0.5674578798076924 0.6366159182692308 0.5692601153846154 0.6365842788461538 0.6036069711538462 0.6779767355769231 0.6040263317307693
11 0.6375938629807693 0.6410507812499999 0.6784199254807692 0.6411346610576923 0.679930264423077 0.6376958749999999 0.6795998798076923 0.6082566033653847 0.6782311322115385 0.6048974447115385 0.6372162740384616 0.6045619543269231 0.6355863990384615 0.6092358052884616 0.6354699567307692 0.6364377956730769 0.6375938629807693 0.6410507812499999
11 0.6428019350961538 0.46011977884615385 0.6848079471153846 0.46037139663461535 0.6857519134615385 0.4575197355769231 0.6854215288461538 0.4252287860576923 0.6838167932692307 0.4225448581730769 0.6420467692307692 0.4230480961538462 0.6413709086538462 0.4257364639423077 0.6414803966346153 0.45726811778846155 0.6428019350961538 0.46011977884615385
11 0.6395474014423077 0.41935086298076923 0.5987685288461538 0.4198541009615384 0.59763578125 0.42379611057692307 0.5979189687500001 0.4526482884615385 0.5994765 0.4563386826923077 0.6408646802884616 0.45700965384615383 0.642091826923077 0.4543257307692308 0.6415763557692308 0.4207468966346154 0.6395474014423077 0.41935086298076923
11 0.5991010600961538 0.4956276730769231 0.6400687235576924 0.4951244278846154 0.6412486610576923 0.49042756249999997 0.64120146875 0.4605689254807693 0.6399271298076923 0.4577172548076923 0.5982043028846153 0.4574656346153846 0.5969040528846153 0.4607225649038461 0.5971659519230769 0.49185340625 0.5991010600961538 0.4956276730769231
11 0.6443246754807692 0.4954088581730769 0.6855736538461539 0.4944862692307692 0.6867535841346153 0.49104748076923077 0.6861872283653846 0.45900815384615384 0.6841577115384615 0.45682746874999997 0.6435676370192307 0.45682746874999997 0.6421239471153846 0.4601845985576923 0.6426727548076923 0.49146684375 0.6443246754807692 0.4954088581730769
11 0.23401740865384615 0.7567149254807692 0.23391570432692307 0.7231015985576923 0.19173433173076923 0.7226178653846154 0.1915088341346154 0.7583413822115385 0.23401740865384615 0.7567149254807692
11 0.22658594230769233 0.7921493485576924 0.22818265625 0.7898794014423077 0.2285932548076923 0.7600458100961538 0.22695090624999997 0.7581812043269232 0.18712430048076925 0.757775860576923 0.18606718269230768 0.7600012163461538 0.1859381706730769 0.7920682764423077 0.22658594230769233 0.7921493485576924
11 0.2267097548076923 0.8272158870192308 0.22822506009615384 0.8229695552884616 0.22839990865384616 0.79479875 0.2263600504807692 0.7928309350961539 0.1866702596153846 0.7927273653846154 0.18576284375000002 0.794957139423077 0.18550462740384616 0.8275265985576923 0.2267097548076923 0.8272158870192308
11 0.22629552403846154 0.8630988798076923 0.2279274110576923 0.8580239927884615 0.22763601923076923 0.8309924591346154 0.22518818990384615 0.8280925216346154 0.1856287139423077 0.8299816394230769 0.18567323076923078 0.8619596322115384 0.22629552403846154 0.8630988798076923
11 0.2289415360576923 0.8980042115384615 0.2297574783653846 0.8936543028846154 0.2296991971153846 0.8666227764423078 0.22835871875 0.8635157019230769 0.1874824182692308 0.8645390600961539 0.18709533173076925 0.8981077908653846 0.2289415360576923 0.8980042115384615
11 0.18965434615384616 0.9335006730769231 0.2293441466346154 0.933189971153846 0.23074290865384617 0.9304971850961539 0.2311508798076923 0.9030513653846154 0.22969381971153846 0.8984943221153846 0.18860528124999998 0.8996335817307692 0.18860528124999998 0.9302900360576923 0.18965434615384616 0.9335006730769231
11 0.2356355985576923 0.9367556201923077 0.23449508653846152 0.9340533028846154 0.19217351923076925 0.9341049735576923 0.19176770913461538 0.9362684062500001 0.19159070673076922 0.9681792091346153 0.23380111778846152 0.9702306418269231 0.23513171153846152 0.9666838509615385 0.2356355985576923 0.9367556201923077
11 0.23514048557692308 0.9995817932692308 0.23533056009615386 0.9707007620192307 0.19233157211538462 0.9690978125 0.19203709375000003 1 0.23514048557692308 0.9995817932692308
11 0.27893048076923077 0.9998038365384615 0.27931063942307693 0.9766652403846153 0.27718725 0.9742538677884615 0.23658904807692308 0.9726117692307692 0.23592375 1 0.27893048076923077 0.9998038365384615
11 0.2781428533653846 0.9728993605769231 0.2802992668269231 0.9686530432692309 0.28024097836538464 0.9412072139423077 0.2786673798076923 0.9383072788461538 0.24113400961538461 0.9372715913461539 0.23874967067307692 0.9398666995192309 0.23891931009615386 0.9707244110576922 0.2781428533653846 0.9728993605769231
11 0.3237108846153846 0.9992245360576923 0.32392873317307697 0.97289584375 0.2813019206730769 0.9728619278846153 0.28073301442307697 0.9758683725961539 0.28083837500000003 0.9990649230769232 0.3237108846153846 0.9992245360576923
11 0.2870645673076923 0.973753264423077 0.32249979326923073 0.9730282788461538 0.32459793750000004 0.9698176418269231 0.3246562355769231 0.9408182884615385 0.32337402403846155 0.9385397788461538 0.28292657932692306 0.9395754615384615 0.2829848533653846 0.97282115625 0.2870645673076923 0.973753264423077
11 0.32018280769230767 0.9358654951923077 0.3220478221153846 0.9313084567307693 0.3221643870192308 0.9045876201923077 0.32018280769230767 0.9009626995192307 0.28014331971153844 0.90230909375 0.2803764423076923 0.9362797740384615 0.32018280769230767 0.9358654951923077
11 0.23714224759615382 0.9376590673076923 0.27601609615384615 0.9368305264423077 0.2769486033653846 0.9313413533653846 0.2770651586538462 0.9045169519230769 0.27403451682692304 0.9012027451923077 0.2370839639423077 0.8996492043269231 0.23485782932692306 0.9037512596153847 0.2351606730769231 0.9325841802884616 0.23714224759615382 0.9376590673076923
11 0.2347658269230769 0.8712891322115385 0.23482877163461538 0.9001438125000001 0.23844222596153844 0.9008687956730769 0.2405403701923077 0.8996259639423076 0.2756259206730769 0.9012830721153846 0.2773160721153846 0.8976581538461539 0.27743264663461537 0.8663802740384615 0.23628114423076924 0.8660071057692308 0.2347658269230769 0.8712891322115385
11 0.23288353125 0.8640619855769232 0.27298130048076924 0.8645798341346154 0.27321443028846154 0.8292627692307692 0.23235899038461538 0.8288484927884615 0.23119913942307693 0.8334106298076923 0.23084367067307693 0.8620941706730769 0.23288353125 0.8640619855769232
11 0.2358602091346154 0.8306401225961538 0.2753751418269231 0.8311579735576923 0.2766573533653846 0.8287758822115384 0.27712359134615383 0.7963604951923077 0.2349277019230769 0.7962569254807692 0.23481114182692306 0.8289830192307692 0.2358602091346154 0.8306401225961538
11 0.23540815384615385 0.7948378870192307 0.27667155048076925 0.7953557307692307 0.2767298173076923 0.7610743629807692 0.2358744014423077 0.7605565120192307 0.23435306490384616 0.7623238509615384 0.2340093918269231 0.7916272572115385 0.23540815384615385 0.7948378870192307
11 0.23902548317307692 0.759655985576923 0.2755680625 0.7604845264423077 0.27784104807692306 0.7565489014423077 0.2780741875 0.7283781033653847 0.2765588461538461 0.7266174302884616 0.23572053125 0.7263494134615385 0.2354703125 0.7585167115384616 0.23902548317307692 0.759655985576923
11 0.2822758197115385 0.9020102307692308 0.3217907644230769 0.9000424206730769 0.3232478028846154 0.8967281947115384 0.3231312524038461 0.8682466923076924 0.3210330985576923 0.865553889423077 0.2820427019230769 0.8667967259615386 0.28078704567307694 0.8686347355769232 0.2807022139423077 0.8983853125000001 0.2822758197115385 0.9020102307692308
11 0.28219205528846153 0.8631190793269231 0.3216487331730769 0.8617726923076923 0.3232223221153846 0.857733483173077 0.32316403846153846 0.8316340673076923 0.3205413629807692 0.8271806033653846 0.28230861778846156 0.8288377067307693 0.2808664375 0.8307951466346153 0.2809098605769231 0.8606334206730769 0.28219205528846153 0.8631190793269231
11 0.31892028846153847 0.8306107548076922 0.3206104711538461 0.82615728125 0.32049389663461536 0.7958115312499999 0.2788808125 0.7968472235576923 0.278531125 0.8320607211538462 0.31892028846153847 0.8306107548076922
11 0.3187493221153846 0.7584148028846154 0.27859328125 0.7609004567307692 0.27870984615384614 0.7942497211538462 0.3190990264423077 0.7942497211538462 0.3206726298076923 0.788760545673077 0.3207623461538462 0.7620336514423076 0.3187493221153846 0.7584148028846154
11 0.2794165576923077 0.7627319038461539 0.32009712740384616 0.761074795673077 0.31992230048076925 0.7275183894230769 0.2779970697115385 0.7295161682692307 0.27778467307692306 0.7607640889423077 0.2794165576923077 0.7627319038461539
11 0.32450109134615385 0.7647449879807693 0.3619178774038462 0.76350215625 0.3623258485576923 0.7295314951923076 0.32067414663461535 0.7305358629807692 0.32047965865384614 0.7619486322115385 0.32450109134615385 0.7647449879807693
11 0.32250828365384615 0.7974151995192307 0.3627227716346154 0.7956545120192308 0.3627227716346154 0.7610624374999999 0.3206983557692308 0.76260990625 0.3204101442307692 0.7918224711538462 0.32250828365384615 0.7974151995192307
11 0.32501112019230766 0.8325071346153846 0.3644677932692308 0.8321964230769231 0.3658665504807692 0.8280536610576923 0.36563343028846157 0.7998828653846153 0.3632438798076923 0.7966722211538462 0.32370000721153847 0.7971334951923077 0.3234375264423077 0.8292964879807693 0.32501112019230766 0.8325071346153846
11 0.32573593990384614 0.8681163822115384 0.36431838701923075 0.8681163822115384 0.3663582451923077 0.8636629014423077 0.3663582451923077 0.83528496875 0.36495948798076927 0.8334207211538461 0.3245703125 0.8316600504807692 0.32410405288461536 0.8662521394230769 0.32573593990384614 0.8681163822115384
11 0.3269887764423077 0.9049691995192308 0.36580435096153846 0.90331209375 0.3665620168269231 0.8970979350961539 0.36597920192307687 0.8687199999999999 0.32640595913461534 0.8691342764423078 0.3246990336538461 0.8729912067307691 0.32430781971153844 0.9016549855769231 0.3269887764423077 0.9049691995192308
11 0.3283184591346154 0.9387594278846154 0.3673088653846154 0.9393808269230769 0.3692321778846154 0.9357559086538461 0.3688242067307692 0.9060315769230769 0.3670757355769231 0.9039601947115384 0.3272111057692308 0.9056173076923077 0.3270362740384615 0.9369987403846154 0.3283184591346154 0.9387594278846154
11 0.3692468341346154 0.9733199759615385 0.36907200240384613 0.93997071875 0.32909079326923074 0.93997071875 0.3276169903846154 0.942324625 0.32775031971153845 0.97445925 0.3692468341346154 0.9733199759615385
11 0.3689848677884615 1 0.36863519471153844 0.9747061370192308 0.32620615384615387 0.9758453942307692 0.32620615384615387 0.9996663004807692 0.3689848677884615 1
11 0.3720335096153846 0.9746608701923076 0.4121243389423077 0.9735216009615384 0.4122991802884615 0.9428651442307692 0.41008448076923076 0.9397580745192309 0.37313391346153846 0.9407937644230769 0.3707748341346154 0.9428841490384615 0.3704599110576923 0.9718644927884615 0.3720335096153846 0.9746608701923076
11 0.41091027884615383 1 0.4103274543269231 0.9769846634615384 0.40840415384615386 0.9728418942307692 0.36905877163461537 0.9743695889423076 0.3690057764423077 1 0.41091027884615383 1
11 0.41351579567307695 0.9772363990384616 0.45384332451923076 0.9740257620192309 0.45361019471153846 0.9405729423076923 0.41415355048076924 0.941712204326923 0.4118954615384615 0.9438996850961539 0.41165078125 0.9718508100961538 0.41351579567307695 0.9772363990384616
11 0.45298343750000003 0.9997928725961539 0.4530417163461538 0.9745219975961539 0.41160348076923076 0.9762826778846154 0.4118948725961538 1 0.45298343750000003 0.9997928725961539
11 0.4135961586538462 0.94091521875 0.45276143028846155 0.9401902331730769 0.45439331730769233 0.9359438894230769 0.45427673317307693 0.9054945697115385 0.4138875697115385 0.906323125 0.41286864663461537 0.9093759735576923 0.41202256009615384 0.9370831634615384 0.4135961586538462 0.94091521875
11 0.40967665865384617 0.9388438245192308 0.41101712259615386 0.9357367475961538 0.41125025000000004 0.9073588197115385 0.40909383413461536 0.9050803004807692 0.3700350096153846 0.9054589471153847 0.3699285793269231 0.9399830985576922 0.40967665865384617 0.9388438245192308
11 0.41224105048076926 0.9075522644230769 0.4516977235576923 0.9059987139423077 0.45274679567307696 0.9025809350961538 0.45251366586538466 0.8713030673076924 0.41189136057692305 0.8723387596153847 0.41083737499999995 0.875138264423077 0.4107257331730769 0.9032023533653846 0.41224105048076926 0.9075522644230769
11 0.3699868605769231 0.902923891826923 0.4088024230769231 0.9031310192307692 0.4104926009615385 0.8984704038461538 0.41037603125 0.8721638557692307 0.4078699206730769 0.8687460745192308 0.3699285793269231 0.8692639206730769 0.36864772836538456 0.8719590745192308 0.3687629471153846 0.9010596466346155 0.3699868605769231 0.902923891826923
11 0.3704094639423077 0.8693401754807693 0.40840908653846153 0.869443733173077 0.4102158149038461 0.865611673076923 0.4102158149038461 0.8385801442307692 0.40770971394230765 0.8338159639423076 0.3700597740384615 0.8334016826923077 0.3683940673076923 0.8358354663461539 0.36819475721153844 0.8667509471153847 0.3704094639423077 0.8693401754807693
11 0.4117238028846154 0.8724601490384616 0.4512970480769231 0.8713208798076924 0.45199640625000004 0.8672816826923077 0.45222953365384616 0.8363145240384615 0.4117820913461539 0.837143076923077 0.4100984807692308 0.8406145024038462 0.4101502043269231 0.8692495072115385 0.4117238028846154 0.8724601490384616
11 0.4109226009615385 0.8364819447115385 0.4494467596153846 0.8349283942307693 0.45131177403846157 0.83099278125 0.4514283485576923 0.8007505961538463 0.4108643245192308 0.8008541586538461 0.40943690624999995 0.8039271754807692 0.409115875 0.83192490625 0.4109226009615385 0.8364819447115385
11 0.41043079567307694 0.8018762259615385 0.4517524855769231 0.8005298389423078 0.45169420913461533 0.7658341778846154 0.41054736538461534 0.7670770024038462 0.40967943990384614 0.7704149158653847 0.40909033173076925 0.7981477379807692 0.41043079567307694 0.8018762259615385
11 0.4042672692307692 0.797098923076923 0.4051997836538461 0.7658210504807692 0.4039758677884615 0.7627139807692308 0.3660345168269231 0.7618854254807693 0.3628648125 0.7654905817307692 0.3631204375 0.7972025024038462 0.4042672692307692 0.797098923076923
11 0.36977578846153847 0.8323391442307693 0.4078336971153846 0.8326498653846154 0.40917418028846153 0.8305784663461538 0.40993183173076925 0.8006470024038461 0.40829994471153847 0.7971256466346154 0.3677369158653846 0.7989945985576923 0.3676193677884615 0.8304749134615383 0.36977578846153847 0.8323391442307693
11 0.4074873701923077 0.7656908125 0.44764342788461536 0.7648622572115384 0.4482845288461539 0.7280815264423077 0.40696283894230767 0.7296350576923077 0.40569842307692305 0.7345979639423077 0.4056223605769231 0.7616516153846155 0.4074873701923077 0.7656908125
11 0.4049029591346154 0.761534295673077 0.4051360841346154 0.7314992572115385 0.40344593028846154 0.7281850408653846 0.3633267043269231 0.7287949134615384 0.3631150336538462 0.7624664302884615 0.4049029591346154 0.761534295673077
11 0.5086668701923076 0.7592428028846154 0.5082372524038461 0.7252419350961539 0.46702782211538457 0.7262677908653846 0.4668294206730769 0.7609825384615385 0.5086668701923076 0.7592428028846154
11 0.504473076923077 0.7947366754807692 0.504473076923077 0.7603339567307692 0.4632089639423077 0.7614925985576922 0.4627425745192308 0.7956923004807692 0.504473076923077 0.7947366754807692
11 0.5040535192307692 0.8283522451923078 0.5041610745192308 0.7960519086538462 0.46214862259615386 0.7965884903846153 0.46182235576923075 0.8298533942307693 0.5040535192307692 0.8283522451923078
11 0.5035319399038461 0.8638325625000001 0.5035967572115385 0.8303141201923077 0.4613329639423077 0.8310950168269231 0.46141453125 0.8647222788461538 0.5035319399038461 0.8638325625000001
11 0.5032345072115384 0.896814545673077 0.5035450408653847 0.8660211346153847 0.50211653125 0.8641448365384616 0.4617000096153846 0.8646689807692307 0.46121061778846156 0.8979338918269231 0.5032345072115384 0.896814545673077
11 0.5011474543269231 0.93264909375 0.502265420673077 0.9295587163461538 0.5025759807692307 0.9021868100961539 0.5009611298076924 0.8992068052884614 0.4607620072115385 0.9000547620192307 0.46055809615384613 0.9338994519230769 0.5011474543269231 0.93264909375
11 0.5014117307692307 0.9680174951923076 0.5030886899038461 0.9650374903846154 0.5033371249999999 0.9357892764423077 0.5014117307692307 0.9340233485576923 0.46084357451923075 0.9344984038461538 0.46043575240384615 0.9671835336538461 0.5014117307692307 0.9680174951923076
11 0.5095052788461538 0.7595388413461539 0.5489743413461539 0.7582703389423078 0.5496067019230769 0.7562211875 0.5496463774038461 0.7270591947115383 0.5484868677884616 0.7248024591346154 0.5106095745192307 0.7257836514423077 0.5084021634615384 0.7284005985576923 0.508400985576923 0.7569877475961538 0.5095052788461538 0.7595388413461539
11 0.5511107716346154 0.7611831418269231 0.5896008052884615 0.7616898365384616 0.5912640480769231 0.7576363509615385 0.5915016538461538 0.7301909375 0.5896958317307692 0.7268130384615384 0.5530569591346154 0.7268130384615384 0.5505461634615385 0.7292658557692308 0.5500653149038461 0.7594097475961538 0.5511107716346154 0.7611831418269231
11 0.5502308028846155 0.7963205961538461 0.5875824951923077 0.7958983557692307 0.5892457403846154 0.7917604254807693 0.5895308798076923 0.7635549831730769 0.5879626778846154 0.761950483173077 0.5499456682692307 0.761950483173077 0.5480388966346154 0.7653290264423076 0.5481398605769231 0.793618266826923 0.5502308028846155 0.7963205961538461
11 0.5078123028846154 0.7612357932692307 0.5059114543269231 0.7646136875 0.5058164110576923 0.7930724663461538 0.5081449519230768 0.7958592451923077 0.5460638197115385 0.7940858485576924 0.5472043293269231 0.7919746586538461 0.5470173317307693 0.7608135576923077 0.5078123028846154 0.7612357932692307
11 0.5062492259615385 0.8298028605769231 0.5438860552884616 0.829380625 0.5457393822115384 0.8261716346153847 0.5458344375 0.7970372620192308 0.5438860552884616 0.7950949783653846 0.5066293966346154 0.7959394471153847 0.5048632307692308 0.7999003389423076 0.5047760697115384 0.8271005576923076 0.5062492259615385 0.8298028605769231
11 0.5049661514423077 0.8642798245192308 0.5433633317307692 0.8640264951923077 0.5452641682692307 0.8614086249999999 0.5455017884615384 0.8329498365384616 0.5440286274038462 0.8298252764423076 0.5061541850961538 0.8295719350961538 0.5044640024038461 0.8329033846153846 0.5041582932692308 0.8603952548076923 0.5049661514423077 0.8642798245192308
11 0.5060305817307692 0.9002874495192308 0.5438574927884615 0.8991896225961539 0.5450455240384615 0.8958961754807693 0.5449504951923078 0.8672684951923078 0.5430971514423077 0.8649884134615384 0.5059355408653846 0.8651573124999999 0.5038255625 0.8674085528846154 0.5036545192307693 0.8964028653846154 0.5060305817307692 0.9002874495192308
11 0.5042392163461538 0.9359674182692307 0.5437768942307692 0.9353762860576923 0.5436343413461538 0.9028640264423077 0.5415433966346154 0.9007528461538462 0.5043342620192308 0.900668391826923 0.5025871538461538 0.903361298076923 0.5026234927884615 0.9327584230769231 0.5042392163461538 0.9359674182692307
11 0.5441764615384616 0.9701465384615384 0.5453266105769231 0.9659311995192308 0.5454691754807692 0.9378101971153847 0.5439485072115384 0.9346856442307693 0.5048860288461539 0.9351923293269231 0.5039848629807693 0.93925028125 0.5036029591346154 0.9706602548076924 0.5441764615384616 0.9701465384615384
11 0.5473634519230769 0.8298783173076922 0.5864480432692308 0.8292554038461539 0.5872659567307692 0.8256217283653846 0.5874996298076923 0.7968637740384616 0.5854548461538461 0.7955141346153846 0.5470713269230769 0.7946835745192308 0.5460728004807692 0.7988567548076924 0.5457860360576923 0.8282172067307693 0.5473634519230769 0.8298783173076922
11 0.5475502956730769 0.8631176442307692 0.5859338197115385 0.8634291153846154 0.5876865024038461 0.8598992475961539 0.5879786033653847 0.8318680456730768 0.5857585649038461 0.829064923076923 0.5483097860576923 0.829064923076923 0.5466739567307692 0.8316604038461539 0.546148170673077 0.8614565480769231 0.5475502956730769 0.8631176442307692
11 0.5469865625 0.9014714567307693 0.5844937451923077 0.9009523725961538 0.5856622067307693 0.8982530649038462 0.5860127451923077 0.8683531201923077 0.5847274375 0.8662767211538461 0.5461102259615385 0.8661729086538461 0.5445389302884616 0.8690749423076922 0.54459125 0.8983568942307693 0.5469865625 0.9014714567307693
11 0.5461834014423077 0.9353440336538461 0.5851511466346154 0.9348249399038462 0.5858522331730769 0.931918 0.5860274975961539 0.9033676971153847 0.5847421899038461 0.9003569423076924 0.5462418293269231 0.9008760384615384 0.5451265048076923 0.9038316538461538 0.544606 0.9325409278846154 0.5461834014423077 0.9353440336538461
11 0.5874445889423077 0.9694821009615384 0.5873388942307692 0.9367586995192307 0.5861120240384615 0.9348899519230769 0.5459471947115385 0.9356757740384616 0.5456734879807692 0.9701194110576924 0.5874445889423077 0.9694821009615384
11 0.6303820985576922 0.9714329567307692 0.6310895288461539 0.9682329399038461 0.6311538533653847 0.9379470504807692 0.5908507548076923 0.938305329326923 0.5893825769230769 0.9417840120192308 0.5890563197115385 0.9724399038461539 0.6303820985576922 0.9714329567307692
11 0.672152514423077 0.9724379879807692 0.6721869783653845 0.9686866754807693 0.672379923076923 0.9380579302884615 0.6327633798076923 0.9377150745192308 0.631393 0.9415349278846155 0.6310269519230769 0.9712009807692308 0.672152514423077 0.9724379879807692
11 0.7154967259615385 0.9692405216346154 0.7153037932692308 0.93586890625 0.676008798076923 0.9366689110576923 0.674008764423077 0.9391840889423076 0.673757858173077 0.9709548245192308 0.7154967259615385 0.9692405216346154
11 0.6767269927884616 0.9370013245192308 0.7168580168269231 0.9352870384615385 0.7173725240384615 0.9028297067307692 0.6773057908653846 0.9031725673076922 0.6759361009615384 0.9064620384615385 0.6753764278846154 0.9352870384615385 0.6767269927884616 0.9370013245192308
11 0.6356390913461538 0.9372006899038462 0.6743552500000001 0.9376578365384615 0.6757058197115384 0.9338863990384615 0.6758344399038462 0.9034862115384615 0.6369896538461539 0.9023433533653846 0.6348556947115385 0.9060143461538461 0.6340955841346154 0.9357149783653846 0.6356390913461538 0.9372006899038462
11 0.6767216081730769 0.9026757524038461 0.7167883557692308 0.9018757475961539 0.7167883557692308 0.8677041201923077 0.6772361153846155 0.8686184038461539 0.6753776538461539 0.8716913990384616 0.6751781201923077 0.9005043149038462 0.6767216081730769 0.9026757524038461
11 0.6348488149038461 0.9009426514423077 0.6730504831730768 0.9015140793269231 0.674336733173077 0.8991140673076923 0.6745296802884616 0.8679138918269231 0.6347845048076923 0.8677996129807692 0.6335767740384616 0.8706675745192308 0.6334339423076922 0.8983140625 0.6348488149038461 0.9009426514423077
11 0.6295738629807693 0.8668806730769231 0.593108641826923 0.8675663846153847 0.5915008341346154 0.8719092716346153 0.5911792668269231 0.8999094230769231 0.5922082668269231 0.9039094471153846 0.63098203125 0.9026523100961538 0.6323325937500001 0.8984237163461538 0.6322438605769231 0.8700914951923077 0.6295738629807693 0.8668806730769231
11 0.6317658629807692 0.9331875721153846 0.631572923076923 0.9022159639423077 0.592277951923077 0.9016445312499999 0.5908530432692308 0.9044785865384615 0.5904771995192308 0.9346732932692308 0.6317658629807692 0.9331875721153846
11 0.5940839639423077 0.8669750625 0.633314625 0.8656036394230769 0.6336361875 0.8314320120192308 0.5938267139423077 0.8310891490384615 0.5923118725961538 0.8350965240384615 0.5919616442307692 0.8640036298076923 0.5940839639423077 0.8669750625
11 0.6354396538461539 0.8654799350961538 0.6753134447115384 0.8652513605769231 0.6753777764423077 0.8321083004807692 0.63608278125 0.8310797307692308 0.6344189302884615 0.8363455480769232 0.6339604615384615 0.8618227572115384 0.6354396538461539 0.8654799350961538
11 0.6773714615384615 0.8677740336538461 0.7171752499999999 0.8658311634615384 0.7177540745192308 0.8339452692307692 0.6781375240384615 0.8336024014423077 0.6762917596153847 0.8361845408653846 0.6760208990384615 0.8635454374999999 0.6773714615384615 0.8677740336538461
11 0.6782045865384615 0.8329120576923077 0.7184642596153845 0.833140641826923 0.7186571923076923 0.7988547235576923 0.6796194519230769 0.7986261490384615 0.6772342860576923 0.8021502403846154 0.676661076923077 0.829826326923077 0.6782045865384615 0.8329120576923077
11 0.6360718461538462 0.8303741466346154 0.6742091923076923 0.8308312884615384 0.6753668197115386 0.8275169879807692 0.6756240673076923 0.7994025384615384 0.6733088149038462 0.7951739447115386 0.6365220336538461 0.7948310817307692 0.6344241322115385 0.7972626490384616 0.6341668894230769 0.8261771105769231 0.6360718461538462 0.8303741466346154
11 0.5944269807692307 0.83040578125 0.6340435264423078 0.8281200360576922 0.6340435264423078 0.7950912860576923 0.5944912908653847 0.795548420673077 0.5928195600961538 0.799109454326923 0.5923689783653846 0.8264057548076923 0.5944269807692307 0.83040578125
11 0.5935213725961538 0.7962236875 0.6323661658653846 0.7963379759615384 0.6333951682692308 0.7921093677884615 0.6336524110576923 0.763194923076923 0.6321089182692308 0.7619377668269232 0.5941001826923077 0.7619377668269232 0.5922612500000001 0.7655869423076923 0.5921064951923077 0.7933665288461539 0.5935213725961538 0.7962236875
11 0.6374600673076922 0.7958902764423077 0.6751472235576923 0.7971474278846155 0.67681934375 0.7923473990384615 0.67681934375 0.7643472307692308 0.6757903629807692 0.7612614927884616 0.6371385024038462 0.7608043557692308 0.63539490625 0.7646581177884616 0.6355306899038461 0.7929188293269231 0.6374600673076922 0.7958902764423077
11 0.6769320192307693 0.7998997211538461 0.7171872211538461 0.7982997115384615 0.7178946610576923 0.766642375 0.7169942860576923 0.7650423653846155 0.6779565384615385 0.7646995120192308 0.676222875 0.768051625 0.6755814543269231 0.7971568341346154 0.6769320192307693 0.7998997211538461
11 0.678551298076923 0.7643274230769231 0.7179749038461539 0.7630702572115384 0.7186180264423078 0.7584988052884616 0.7188752788461539 0.7298129375000001 0.679001485576923 0.7298129375000001 0.6776201057692308 0.7319044423076922 0.6768791899038462 0.760441673076923 0.678551298076923 0.7643274230769231
11 0.6359094975961538 0.7595179350961538 0.6750115384615385 0.7589465048076923 0.6761691610576922 0.7565464927884615 0.6766193485576923 0.7288891995192308 0.6749472187500001 0.7259177475961539 0.6360381177884615 0.7261463173076923 0.6351529903846154 0.7288310865384615 0.6345589326923077 0.7579179254807692 0.6359094975961538 0.7595179350961538
11 0.5941092067307692 0.7258065384615384 0.5929515841346154 0.7300351322115385 0.5930802115384616 0.758492451923077 0.5944950913461539 0.7606638918269231 0.6341729158653846 0.7599781586538461 0.634252360576923 0.7248613749999999 0.5941092067307692 0.7258065384615384
11 0.7152240625 1 0.7153056153846153 0.9730854399038461 0.7145715264423077 0.9709112620192308 0.674808483173077 0.9722882451923076 0.6732179615384616 0.9752596153846155 0.6728616826923077 0.9995620360576923 0.7152240625 1
11 0.6712196153846153 0.9719258774038462 0.6324423028846154 0.9722882451923076 0.631259610576923 0.9740275865384616 0.6305255264423076 1 0.6720622403846155 0.9994605192307693 0.6723615264423077 0.9746798413461538 0.6712196153846153 0.9719258774038462
11 0.629342826923077 0.9717084639423077 0.5900735793269231 0.9714185697115384 0.5890947956730769 0.9740275865384616 0.588564625 1 0.6302747211538461 0.9998665841346154 0.6304439567307691 0.9746073653846155 0.629342826923077 0.9717084639423077
11 0.5861176634615385 0.9701140697115385 0.5470540600961539 0.9704039543269231 0.5463199735576922 0.974172533653846 0.5459121466346154 1 0.5877425360576923 0.9996635504807692 0.5878713173076924 0.9734478028846154 0.5861176634615385 0.9701140697115385
11 0.5446907163461538 0.9705809567307693 0.5048053245192308 0.9705084855769232 0.5040712379807692 0.9740596418269232 0.5037041947115385 1 0.5455220961538462 0.9996635504807692 0.5457510769230769 0.9737697548076922 0.5446907163461538 0.9705809567307693
11 0.5019913269230769 0.9679719447115385 0.4629675096153846 0.9676820576923078 0.4616624663461538 0.9713056850961539 0.46125463942307693 1 0.5032148028846154 0.9994975168269231 0.5037857596153846 0.97072590625 0.5019913269230769 0.9679719447115385