11 0.5180288461538461 0.06490384615384616 0.04326923076923077 0.04326923076923077
11 0.5144230769230769 0.09975961538461539 0.04567307692307692 0.042067307692307696
11 0.5132211538461539 0.13701923076923078 0.046875 0.04567307692307692
11 0.5132211538461539 0.171875 0.04807692307692308 0.04567307692307692
11 0.5132211538461539 0.20793269230769232 0.046875 0.04567307692307692
11 0.5132211538461539 0.24639423076923078 0.046875 0.04447115384615385
11 0.5108173076923077 0.28365384615384615 0.04567307692307692 0.04326923076923077
11 0.5108173076923077 0.32091346153846156 0.04567307692307692 0.04567307692307692
11 0.5108173076923077 0.35697115384615385 0.04567307692307692 0.04447115384615385
11 0.5612980769230769 0.06370192307692307 0.046875 0.042067307692307696
11 0.5612980769230769 0.0985576923076923 0.04567307692307692 0.04447115384615385
11 0.5600961538461539 0.1346153846153846 0.04447115384615385 0.042067307692307696
11 0.5588942307692307 0.171875 0.04447115384615385 0.042067307692307696
11 0.5576923076923077 0.20793269230769232 0.04447115384615385 0.042067307692307696
11 0.5576923076923077 0.24519230769230768 0.04326923076923077 0.042067307692307696
11 0.5564903846153846 0.2824519230769231 0.04447115384615385 0.042067307692307696
11 0.5552884615384616 0.31850961538461536 0.04447115384615385 0.04326923076923077
11 0.5552884615384616 0.35697115384615385 0.04447115384615385 0.04447115384615385
11 0.6045673076923077 0.0625 0.04447115384615385 0.04326923076923077
11 0.6478365384615384 0.0625 0.04326923076923077 0.04326923076923077
11 0.6045673076923077 0.0985576923076923 0.04567307692307692 0.042067307692307696
11 0.6033653846153846 0.1346153846153846 0.04326923076923077 0.04326923076923077
11 0.6021634615384616 0.17067307692307693 0.04326923076923077 0.04567307692307692
11 0.6021634615384616 0.20793269230769232 0.04326923076923077 0.04567307692307692
11 0.6009615384615384 0.24519230769230768 0.04447115384615385 0.04326923076923077
11 0.5997596153846154 0.2824519230769231 0.04326923076923077 0.046875
11 0.5997596153846154 0.3173076923076923 0.042067307692307696 0.04447115384615385
11 0.5985576923076923 0.3545673076923077 0.042067307692307696 0.039663461538461536
11 0.640625 0.3545673076923077 0.04326923076923077 0.040865384615384616
11 0.6418269230769231 0.31850961538461536 0.04326923076923077 0.038461538461538464
11 0.6430288461538461 0.28125 0.04326923076923077 0.039663461538461536
11 0.6442307692307693 0.24639423076923078 0.04567307692307692 0.039663461538461536
11 0.6442307692307693 0.21153846153846154 0.04447115384615385 0.046875
11 0.6454326923076923 0.17427884615384615 0.04326923076923077 0.04326923076923077
11 0.6466346153846154 0.13701923076923078 0.04447115384615385 0.04326923076923077
11 0.46033653846153844 0.0673076923076923 0.04447115384615385 0.038461538461538464
11 0.4639423076923077 0.10336538461538461 0.042067307692307696 0.039663461538461536
11 0.46274038461538464 0.14182692307692307 0.04447115384615385 0.038461538461538464
11 0.46274038461538464 0.17668269230769232 0.04447115384615385 0.042067307692307696
11 0.46274038461538464 0.21394230769230768 0.04447115384615385 0.038461538461538464
11 0.46274038461538464 0.25 0.04567307692307692 0.042067307692307696
11 0.46153846153846156 0.28725961538461536 0.04447115384615385 0.042067307692307696
11 0.4639423076923077 0.3233173076923077 0.04447115384615385 0.038461538461538464
11 0.46153846153846156 0.3581730769230769 0.04326923076923077 0.038461538461538464
11 0.4170673076923077 0.06490384615384616 0.04326923076923077 0.037259615384615384
11 0.4182692307692308 0.10336538461538461 0.04326923076923077 0.039663461538461536
11 0.41947115384615385 0.140625 0.04326923076923077 0.037259615384615384
11 0.41947115384615385 0.17548076923076922 0.04326923076923077 0.038461538461538464
11 0.41947115384615385 0.21033653846153846 0.04326923076923077 0.037259615384615384
11 0.41947115384615385 0.24879807692307693 0.04326923076923077 0.036057692307692304
11 0.41947115384615385 0.28365384615384615 0.04447115384615385 0.038461538461538464
11 0.41947115384615385 0.31971153846153844 0.04447115384615385 0.039663461538461536
11 0.41947115384615385 0.35697115384615385 0.04326923076923077 0.039663461538461536
11 0.6899038461538461 0.06370192307692307 0.04326923076923077 0.042067307692307696
11 0.734375 0.06490384615384616 0.04326923076923077 0.039663461538461536
11 0.7355769230769231 0.10096153846153846 0.04326923076923077 0.039663461538461536
11 0.734375 0.1346153846153846 0.04326923076923077 0.042067307692307696
11 0.734375 0.171875 0.04326923076923077 0.04326923076923077
11 0.7355769230769231 0.21033653846153846 0.042067307692307696 0.040865384615384616
11 0.7331730769230769 0.24519230769230768 0.042067307692307696 0.038461538461538464
11 0.7319711538461539 0.2824519230769231 0.042067307692307696 0.040865384615384616
11 0.7283653846153846 0.31971153846153844 0.042067307692307696 0.038461538461538464
11 0.7259615384615384 0.3557692307692308 0.04326923076923077 0.039663461538461536
11 0.6911057692307693 0.10336538461538461 0.04447115384615385 0.042067307692307696
11 0.6911057692307693 0.13822115384615385 0.04326923076923077 0.04326923076923077
11 0.6887019230769231 0.17548076923076922 0.04567307692307692 0.04447115384615385
11 0.6899038461538461 0.21153846153846154 0.04447115384615385 0.039663461538461536
11 0.6887019230769231 0.24879807692307693 0.042067307692307696 0.039663461538461536
11 0.6875 0.2824519230769231 0.04326923076923077 0.04326923076923077
11 0.6850961538461539 0.3173076923076923 0.042067307692307696 0.04447115384615385
11 0.6838942307692307 0.35697115384615385 0.042067307692307696 0.04447115384615385
11 0.33052884615384615 0.06610576923076923 0.04447115384615385 0.042067307692307696
11 0.3293269230769231 0.10096153846153846 0.04447115384615385 0.036057692307692304
11 0.3293269230769231 0.13822115384615385 0.04567307692307692 0.039663461538461536
11 0.3293269230769231 0.17427884615384615 0.04567307692307692 0.038461538461538464
11 0.328125 0.2127403846153846 0.04447115384615385 0.037259615384615384
11 0.3293269230769231 0.24879807692307693 0.04567307692307692 0.038461538461538464
11 0.33052884615384615 0.28365384615384615 0.04567307692307692 0.039663461538461536
11 0.3317307692307692 0.32091346153846156 0.04567307692307692 0.037259615384615384
11 0.3317307692307692 0.35697115384615385 0.042067307692307696 0.038461538461538464
11 0.3737980769230769 0.06490384615384616 0.04326923076923077 0.039663461538461536
11 0.375 0.10216346153846154 0.04447115384615385 0.036057692307692304
11 0.375 0.13822115384615385 0.04447115384615385 0.038461538461538464
11 0.3762019230769231 0.17548076923076922 0.04447115384615385 0.036057692307692304
11 0.375 0.21153846153846154 0.04447115384615385 0.037259615384615384
11 0.375 0.24759615384615385 0.04567307692307692 0.03485576923076923
11 0.3762019230769231 0.2824519230769231 0.04326923076923077 0.037259615384615384
11 0.3762019230769231 0.31850961538461536 0.04447115384615385 0.036057692307692304
11 0.3762019230769231 0.35697115384615385 0.042067307692307696 0.036057692307692304
11 0.2860576923076923 0.06850961538461539 0.04326923076923077 0.037259615384615384
11 0.2848557692307692 0.1045673076923077 0.04326923076923077 0.037259615384615384
11 0.2848557692307692 0.14182692307692307 0.04326923076923077 0.038461538461538464
11 0.2848557692307692 0.1778846153846154 0.04567307692307692 0.038461538461538464
11 0.28365384615384615 0.21394230769230768 0.04447115384615385 0.038461538461538464
11 0.2860576923076923 0.2512019230769231 0.04567307692307692 0.039663461538461536
11 0.2860576923076923 0.2860576923076923 0.04567307692307692 0.038461538461538464
11 0.28725961538461536 0.3245192307692308 0.04447115384615385 0.038461538461538464
11 0.28966346153846156 0.3581730769230769 0.04567307692307692 0.037259615384615384
11 0.24278846153846154 0.06610576923076923 0.04326923076923077 0.03485576923076923
11 0.24158653846153846 0.10336538461538461 0.04447115384615385 0.037259615384615384
11 0.2403846153846154 0.13822115384615385 0.04326923076923077 0.040865384615384616
11 0.23918269230769232 0.17427884615384615 0.046875 0.039663461538461536
11 0.23918269230769232 0.21033653846153846 0.04326923076923077 0.040865384615384616
11 0.23798076923076922 0.24639423076923078 0.04326923076923077 0.039663461538461536
11 0.24158653846153846 0.2848557692307692 0.04447115384615385 0.038461538461538464
11 0.24278846153846154 0.32211538461538464 0.04447115384615385 0.039663461538461536
11 0.24519230769230768 0.3581730769230769 0.04447115384615385 0.037259615384615384
11 0.21514423076923078 0.40384615384615385 0.04447115384615385 0.042067307692307696
11 0.2127403846153846 0.4423076923076923 0.04567307692307692 0.040865384615384616
11 0.21033653846153846 0.4807692307692308 0.046875 0.04326923076923077
11 0.21153846153846154 0.5180288461538461 0.04567307692307692 0.042067307692307696
11 0.21153846153846154 0.5564903846153846 0.04567307692307692 0.040865384615384616
11 0.21153846153846154 0.5925480769230769 0.046875 0.039663461538461536
11 0.21153846153846154 0.6298076923076923 0.04807692307692308 0.042067307692307696
11 0.2127403846153846 0.6682692307692307 0.04807692307692308 0.042067307692307696
11 0.21514423076923078 0.7067307692307693 0.046875 0.038461538461538464
11 0.25961538461538464 0.40384615384615385 0.04567307692307692 0.042067307692307696
11 0.25961538461538464 0.4423076923076923 0.046875 0.042067307692307696
11 0.25721153846153844 0.4807692307692308 0.046875 0.042067307692307696
11 0.25721153846153844 0.5204326923076923 0.04807692307692308 0.040865384615384616
11 0.25721153846153844 0.5576923076923077 0.046875 0.04326923076923077
11 0.25841346153846156 0.5949519230769231 0.04807692307692308 0.04326923076923077
11 0.25721153846153844 0.6334134615384616 0.04807692307692308 0.038461538461538464
11 0.25961538461538464 0.6706730769230769 0.046875 0.039663461538461536
11 0.2608173076923077 0.7091346153846154 0.04567307692307692 0.037259615384615384
11 0.30528846153846156 0.7127403846153846 0.04447115384615385 0.042067307692307696
11 0.30528846153846156 0.6754807692307693 0.04567307692307692 0.039663461538461536
11 0.30288461538461536 0.6370192307692307 0.04567307692307692 0.04326923076923077
11 0.30288461538461536 0.5997596153846154 0.046875 0.04567307692307692
11 0.30288461538461536 0.5637019230769231 0.04567307692307692 0.04447115384615385
11 0.3016826923076923 0.5252403846153846 0.04447115384615385 0.04567307692307692
11 0.30408653846153844 0.48677884615384615 0.046875 0.04447115384615385
11 0.30649038461538464 0.4495192307692308 0.04567307692307692 0.039663461538461536
11 0.30649038461538464 0.4110576923076923 0.04567307692307692 0.042067307692307696
11 0.35216346153846156 0.41225961538461536 0.046875 0.04326923076923077
11 0.35216346153846156 0.45072115384615385 0.046875 0.042067307692307696
11 0.3485576923076923 0.5264423076923077 0.04447115384615385 0.040865384615384616
11 0.3485576923076923 0.5637019230769231 0.04807692307692308 0.039663461538461536
11 0.3485576923076923 0.6021634615384616 0.046875 0.040865384615384616
11 0.3485576923076923 0.6382211538461539 0.04567307692307692 0.040865384615384616
11 0.35096153846153844 0.6766826923076923 0.04567307692307692 0.04447115384615385
11 0.35096153846153844 0.7127403846153846 0.04567307692307692 0.042067307692307696
11 0.39903846153846156 0.4495192307692308 0.04927884615384615 0.042067307692307696
11 0.3954326923076923 0.49038461538461536 0.046875 0.039663461538461536
11 0.39302884615384615 0.5276442307692307 0.04567307692307692 0.039663461538461536
11 0.3942307692307692 0.5649038461538461 0.046875 0.039663461538461536
11 0.3954326923076923 0.6033653846153846 0.04807692307692308 0.036057692307692304
11 0.39302884615384615 0.6394230769230769 0.046875 0.038461538461538464
11 0.3954326923076923 0.6778846153846154 0.04807692307692308 0.042067307692307696
11 0.3954326923076923 0.7151442307692307 0.04807692307692308 0.038461538461538464
11 0.39783653846153844 0.4098557692307692 0.046875 0.040865384615384616
11 0.44350961538461536 0.41225961538461536 0.04567307692307692 0.039663461538461536
11 0.44350961538461536 0.4519230769230769 0.04447115384615385 0.040865384615384616
11 0.4423076923076923 0.4891826923076923 0.046875 0.038461538461538464
11 0.4387019230769231 0.5276442307692307 0.04807692307692308 0.037259615384615384
11 0.43990384615384615 0.5661057692307693 0.046875 0.040865384615384616
11 0.43990384615384615 0.6021634615384616 0.04447115384615385 0.038461538461538464
11 0.4387019230769231 0.6394230769230769 0.04567307692307692 0.040865384615384616
11 0.4411057692307692 0.6754807692307693 0.046875 0.040865384615384616
11 0.4411057692307692 0.7127403846153846 0.046875 0.037259615384615384
11 0.22115384615384615 0.7596153846153846 0.042067307692307696 0.03365384615384615
11 0.21634615384615385 0.7956730769230769 0.04447115384615385 0.036057692307692304
11 0.21514423076923078 0.8317307692307693 0.04447115384615385 0.038461538461538464
11 0.21514423076923078 0.8665865384615384 0.04447115384615385 0.03485576923076923
11 0.21634615384615385 0.9014423076923077 0.04567307692307692 0.042067307692307696
11 0.21875 0.9387019230769231 0.04326923076923077 0.03365384615384615
11 0.22115384615384615 0.9735576923076923 0.04567307692307692 0.03485576923076923
11 0.2668269230769231 0.9747596153846154 0.04447115384615385 0.038461538461538464
11 0.265625 0.9399038461538461 0.04326923076923077 0.03485576923076923
11 0.26322115384615385 0.9038461538461539 0.04326923076923077 0.037259615384615384
11 0.2608173076923077 0.8677884615384616 0.04447115384615385 0.036057692307692304
11 0.2644230769230769 0.8329326923076923 0.04447115384615385 0.038461538461538464
11 0.26322115384615385 0.796875 0.04447115384615385 0.038461538461538464
11 0.2644230769230769 0.7608173076923077 0.042067307692307696 0.036057692307692304
11 0.30649038461538464 0.7632211538461539 0.04326923076923077 0.03485576923076923
11 0.30649038461538464 0.7980769230769231 0.04567307692307692 0.042067307692307696
11 0.30649038461538464 0.8341346153846154 0.04447115384615385 0.03485576923076923
11 0.31009615384615385 0.8689903846153846 0.04326923076923077 0.036057692307692304
11 0.31009615384615385 0.9026442307692307 0.04447115384615385 0.03485576923076923
11 0.3088942307692308 0.9387019230769231 0.04567307692307692 0.037259615384615384
11 0.3112980769230769 0.9747596153846154 0.04567307692307692 0.037259615384615384
11 0.35697115384615385 0.9795673076923077 0.04447115384615385 0.036057692307692304
11 0.35697115384615385 0.9447115384615384 0.04326923076923077 0.037259615384615384
11 0.3545673076923077 0.9074519230769231 0.04567307692307692 0.037259615384615384
11 0.35336538461538464 0.8713942307692307 0.042067307692307696 0.037259615384615384
11 0.35336538461538464 0.8365384615384616 0.042067307692307696 0.03485576923076923
11 0.3485576923076923 0.8004807692307693 0.04447115384615385 0.038461538461538464
11 0.34975961538461536 0.765625 0.04567307692307692 0.037259615384615384
11 0.3918269230769231 0.765625 0.04326923076923077 0.038461538461538464
11 0.3918269230769231 0.8016826923076923 0.04326923076923077 0.03485576923076923
11 0.3954326923076923 0.8341346153846154 0.04326923076923077 0.036057692307692304
11 0.39663461538461536 0.8725961538461539 0.042067307692307696 0.036057692307692304
11 0.39663461538461536 0.90625 0.04567307692307692 0.03365384615384615
11 0.39903846153846156 0.9435096153846154 0.04326923076923077 0.037259615384615384
11 0.39783653846153844 0.9795673076923077 0.04326923076923077 0.040865384615384616
11 0.4338942307692308 0.7704326923076923 0.042067307692307696 0.036057692307692304
11 0.4375 0.8040865384615384 0.04447115384615385 0.036057692307692304
11 0.4387019230769231 0.8413461538461539 0.04447115384615385 0.042067307692307696
11 0.4387019230769231 0.8762019230769231 0.04447115384615385 0.039663461538461536
11 0.4411057692307692 0.9098557692307693 0.04567307692307692 0.039663461538461536
11 0.4411057692307692 0.9459134615384616 0.04326923076923077 0.037259615384615384
11 0.4423076923076923 0.9807692307692307 0.04326923076923077 0.038461538461538464
11 0.49038461538461536 0.4170673076923077 0.04567307692307692 0.040865384615384616
11 0.49038461538461536 0.4543269230769231 0.046875 0.042067307692307696
11 0.49038461538461536 0.49158653846153844 0.04807692307692308 0.040865384615384616
11 0.4951923076923077 0.5360576923076923 0.04807692307692308 0.04447115384615385
11 0.4879807692307692 0.6021634615384616 0.04567307692307692 0.038461538461538464
11 0.48677884615384615 0.6382211538461539 0.04567307692307692 0.040865384615384616
11 0.48677884615384615 0.6742788461538461 0.04567307692307692 0.04447115384615385
11 0.4879807692307692 0.7127403846153846 0.046875 0.04326923076923077
11 0.5348557692307693 0.4182692307692308 0.04447115384615385 0.04326923076923077
11 0.5348557692307693 0.4567307692307692 0.04567307692307692 0.040865384615384616
11 0.5372596153846154 0.4951923076923077 0.04447115384615385 0.036057692307692304
11 0.5396634615384616 0.5300480769230769 0.04326923076923077 0.038461538461538464
11 0.5324519230769231 0.6418269230769231 0.04567307692307692 0.04326923076923077
11 0.5324519230769231 0.6778846153846154 0.046875 0.04326923076923077
11 0.5324519230769231 0.7163461538461539 0.04447115384615385 0.04326923076923077
11 0.49158653846153844 0.7980769230769231 0.04447115384615385 0.036057692307692304
11 0.49038461538461536 0.8329326923076923 0.04326923076923077 0.036057692307692304
11 0.4891826923076923 0.8689903846153846 0.04326923076923077 0.03485576923076923
11 0.4891826923076923 0.9038461538461539 0.042067307692307696 0.03485576923076923
11 0.4891826923076923 0.9375 0.04447115384615385 0.03485576923076923
11 0.4891826923076923 0.9699519230769231 0.04447115384615385 0.038461538461538464
11 0.5372596153846154 0.7632211538461539 0.04326923076923077 0.03365384615384615
11 0.5336538461538461 0.7992788461538461 0.04447115384615385 0.039663461538461536
11 0.5324519230769231 0.8329326923076923 0.04326923076923077 0.036057692307692304
11 0.5324519230769231 0.8677884615384616 0.04326923076923077 0.037259615384615384
11 0.5324519230769231 0.9038461538461539 0.042067307692307696 0.04326923076923077
11 0.5300480769230769 0.9399038461538461 0.04326923076923077 0.037259615384615384
11 0.5324519230769231 0.9747596153846154 0.04326923076923077 0.042067307692307696
11 0.5793269230769231 0.421875 0.04326923076923077 0.038461538461538464
11 0.5793269230769231 0.45913461538461536 0.04447115384615385 0.042067307692307696
11 0.5805288461538461 0.49399038461538464 0.04567307692307692 0.038461538461538464
11 0.5829326923076923 0.5324519230769231 0.04567307692307692 0.040865384615384616
11 0.5817307692307693 0.5709134615384616 0.04447115384615385 0.036057692307692304
11 0.5384615384615384 0.5673076923076923 0.04326923076923077 0.037259615384615384
11 0.5769230769230769 0.6045673076923077 0.04567307692307692 0.038461538461538464
11 0.5757211538461539 0.640625 0.046875 0.039663461538461536
11 0.5769230769230769 0.6778846153846154 0.04447115384615385 0.037259615384615384
11 0.5757211538461539 0.7151442307692307 0.04447115384615385 0.039663461538461536
11 0.625 0.4230769230769231 0.04447115384615385 0.039663461538461536
11 0.6262019230769231 0.45913461538461536 0.04567307692307692 0.039663461538461536
11 0.6262019230769231 0.4963942307692308 0.04567307692307692 0.037259615384615384
11 0.6274038461538461 0.5336538461538461 0.04567307692307692 0.036057692307692304
11 0.6262019230769231 0.5709134615384616 0.04447115384615385 0.038461538461538464
11 0.6213942307692307 0.6069711538461539 0.04447115384615385 0.037259615384615384
11 0.6201923076923077 0.6442307692307693 0.04567307692307692 0.039663461538461536
11 0.6213942307692307 0.6802884615384616 0.04447115384615385 0.040865384615384616
11 0.6201923076923077 0.7163461538461539 0.04326923076923077 0.037259615384615384
11 0.6646634615384616 0.7151442307692307 0.04447115384615385 0.037259615384615384
11 0.6646634615384616 0.6802884615384616 0.04447115384615385 0.038461538461538464
11 0.6646634615384616 0.6430288461538461 0.04567307692307692 0.038461538461538464
11 0.6658653846153846 0.6069711538461539 0.04447115384615385 0.037259615384615384
11 0.671875 0.5697115384615384 0.04326923076923077 0.038461538461538464
11 0.671875 0.5348557692307693 0.04567307692307692 0.037259615384615384
11 0.6706730769230769 0.49759615384615385 0.04567307692307692 0.037259615384615384
11 0.6706730769230769 0.45913461538461536 0.046875 0.038461538461538464
11 0.6694711538461539 0.42427884615384615 0.04447115384615385 0.040865384615384616
11 0.7127403846153846 0.4230769230769231 0.04567307692307692 0.042067307692307696
11 0.7151442307692307 0.46033653846153844 0.04567307692307692 0.040865384615384616
11 0.7139423076923077 0.4951923076923077 0.04567307692307692 0.038461538461538464
11 0.7175480769230769 0.5336538461538461 0.04447115384615385 0.03485576923076923
11 0.7175480769230769 0.5721153846153846 0.04447115384615385 0.03485576923076923
11 0.7163461538461539 0.6081730769230769 0.04326923076923077 0.036057692307692304
11 0.7103365384615384 0.6442307692307693 0.04326923076923077 0.036057692307692304
11 0.7091346153846154 0.6802884615384616 0.04447115384615385 0.03365384615384615
11 0.7079326923076923 0.7163461538461539 0.042067307692307696 0.037259615384615384
11 0.4951923076923077 0.765625 0.040865384615384616 0.03245192307692308
11 0.5793269230769231 0.765625 0.040865384615384616 0.03365384615384615
11 0.5757211538461539 0.8004807692307693 0.042067307692307696 0.036057692307692304
11 0.5745192307692307 0.8353365384615384 0.04326923076923077 0.03485576923076923
11 0.5745192307692307 0.8689903846153846 0.04326923076923077 0.038461538461538464
11 0.5733173076923077 0.9038461538461539 0.04326923076923077 0.038461538461538464
11 0.5733173076923077 0.9387019230769231 0.042067307692307696 0.038461538461538464
11 0.5745192307692307 0.9747596153846154 0.04326923076923077 0.037259615384615384
11 0.6213942307692307 0.7644230769230769 0.042067307692307696 0.03485576923076923
11 0.6201923076923077 0.8004807692307693 0.04326923076923077 0.03365384615384615
11 0.6201923076923077 0.8353365384615384 0.042067307692307696 0.03485576923076923
11 0.6201923076923077 0.8701923076923077 0.042067307692307696 0.038461538461538464
11 0.6189903846153846 0.9050480769230769 0.042067307692307696 0.036057692307692304
11 0.6189903846153846 0.9411057692307693 0.042067307692307696 0.037259615384615384
11 0.6177884615384616 0.9771634615384616 0.042067307692307696 0.036057692307692304
11 0.6634615384615384 0.765625 0.040865384615384616 0.03365384615384615
11 0.6622596153846154 0.7992788461538461 0.04326923076923077 0.037259615384615384
11 0.6622596153846154 0.8353365384615384 0.04326923076923077 0.037259615384615384
11 0.6634615384615384 0.8701923076923077 0.04326923076923077 0.036057692307692304
11 0.6622596153846154 0.90625 0.042067307692307696 0.037259615384615384
11 0.6622596153846154 0.9411057692307693 0.04326923076923077 0.03485576923076923
11 0.6598557692307693 0.9759615384615384 0.04326923076923077 0.03485576923076923
11 0.7043269230769231 0.7680288461538461 0.040865384615384616 0.036057692307692304
11 0.7055288461538461 0.8028846153846154 0.042067307692307696 0.038461538461538464
11 0.7055288461538461 0.8389423076923077 0.040865384615384616 0.03365384615384615
11 0.7055288461538461 0.8725961538461539 0.042067307692307696 0.038461538461538464
11 0.7043269230769231 0.9086538461538461 0.040865384615384616 0.03485576923076923
11 0.703125 0.9411057692307693 0.042067307692307696 0.03485576923076923
11 0.703125 0.9759615384615384 0.040865384615384616 0.03485576923076923