11 0.2439903846153846 0.11778846153846154 0.04447115384615385 0.03485576923076923
11 0.24278846153846154 0.15144230769230768 0.042067307692307696 0.038461538461538464
11 0.24158653846153846 0.1875 0.04567307692307692 0.036057692307692304
11 0.24158653846153846 0.22235576923076922 0.04447115384615385 0.038461538461538464
11 0.2403846153846154 0.2608173076923077 0.04567307692307692 0.038461538461538464
11 0.24278846153846154 0.2932692307692308 0.04567307692307692 0.037259615384615384
11 0.24519230769230768 0.3317307692307692 0.04447115384615385 0.036057692307692304
11 0.24639423076923078 0.36899038461538464 0.042067307692307696 0.03245192307692308
11 0.28846153846153844 0.3004807692307692 0.046875 0.040865384615384616
11 0.28725961538461536 0.2644230769230769 0.04447115384615385 0.038461538461538464
11 0.2860576923076923 0.22716346153846154 0.04807692307692308 0.040865384615384616
11 0.2860576923076923 0.19110576923076922 0.04567307692307692 0.040865384615384616
11 0.28725961538461536 0.15384615384615385 0.046875 0.037259615384615384
11 0.28725961538461536 0.11658653846153846 0.046875 0.039663461538461536
11 0.28725961538461536 0.08052884615384616 0.04567307692307692 0.040865384615384616
11 0.24759615384615385 0.07932692307692307 0.04326923076923077 0.039663461538461536
11 0.3329326923076923 0.07932692307692307 0.046875 0.039663461538461536
11 0.3317307692307692 0.11538461538461539 0.046875 0.037259615384615384
11 0.33052884615384615 0.15144230769230768 0.04326923076923077 0.038461538461538464
11 0.33052884615384615 0.18870192307692307 0.04447115384615385 0.038461538461538464
11 0.33052884615384615 0.22596153846153846 0.04326923076923077 0.042067307692307696
11 0.33052884615384615 0.26322115384615385 0.04567307692307692 0.039663461538461536
11 0.33413461538461536 0.2956730769230769 0.04326923076923077 0.039663461538461536
11 0.37740384615384615 0.296875 0.04447115384615385 0.036057692307692304
11 0.37740384615384615 0.2620192307692308 0.04447115384615385 0.038461538461538464
11 0.37740384615384615 0.22596153846153846 0.04567307692307692 0.03245192307692308
11 0.37740384615384615 0.18990384615384615 0.046875 0.036057692307692304
11 0.3762019230769231 0.15264423076923078 0.04447115384615385 0.038461538461538464
11 0.3786057692307692 0.11658653846153846 0.04567307692307692 0.036057692307692304
11 0.3762019230769231 0.07932692307692307 0.04567307692307692 0.039663461538461536
11 0.4182692307692308 0.08052884615384616 0.042067307692307696 0.036057692307692304
11 0.4206730769230769 0.11778846153846154 0.04326923076923077 0.039663461538461536
11 0.4182692307692308 0.15144230769230768 0.04447115384615385 0.037259615384615384
11 0.41947115384615385 0.18990384615384615 0.04447115384615385 0.03485576923076923
11 0.41947115384615385 0.22716346153846154 0.04326923076923077 0.036057692307692304
11 0.4206730769230769 0.2644230769230769 0.04326923076923077 0.038461538461538464
11 0.4206730769230769 0.29927884615384615 0.04326923076923077 0.037259615384615384
11 0.4639423076923077 0.3004807692307692 0.04567307692307692 0.037259615384615384
11 0.46274038461538464 0.2644230769230769 0.042067307692307696 0.03365384615384615
11 0.46274038461538464 0.22956730769230768 0.04567307692307692 0.036057692307692304
11 0.46274038461538464 0.1935096153846154 0.04567307692307692 0.040865384615384616
11 0.4651442307692308 0.15865384615384615 0.042067307692307696 0.037259615384615384
11 0.46634615384615385 0.1201923076923077 0.04326923076923077 0.038461538461538464
11 0.46033653846153844 0.08173076923076923 0.04326923076923077 0.03365384615384615
11 0.46274038461538464 0.016826923076923076 0.04326923076923077 0.030048076923076924
11 0.5060096153846154 0.018028846153846152 0.04567307692307692 0.036057692307692304
11 0.5204326923076923 0.08052884615384616 0.04447115384615385 0.03485576923076923
11 0.5168269230769231 0.1141826923076923 0.04326923076923077 0.039663461538461536
11 0.515625 0.15144230769230768 0.042067307692307696 0.037259615384615384
11 0.5144230769230769 0.18870192307692307 0.04326923076923077 0.038461538461538464
11 0.5132211538461539 0.2247596153846154 0.04447115384615385 0.03365384615384615
11 0.5132211538461539 0.2620192307692308 0.040865384615384616 0.03485576923076923
11 0.5132211538461539 0.29927884615384615 0.04326923076923077 0.03485576923076923
11 0.5564903846153846 0.2980769230769231 0.04567307692307692 0.040865384615384616
11 0.5576923076923077 0.2620192307692308 0.04567307692307692 0.037259615384615384
11 0.5600961538461539 0.2247596153846154 0.046875 0.036057692307692304
11 0.5588942307692307 0.18990384615384615 0.04567307692307692 0.038461538461538464
11 0.5588942307692307 0.1502403846153846 0.046875 0.042067307692307696
11 0.5625 0.1141826923076923 0.04447115384615385 0.038461538461538464
11 0.5625 0.0829326923076923 0.04326923076923077 0.036057692307692304
11 0.546875 0.020432692307692308 0.042067307692307696 0.03125
11 0.19064368990384617 0.4309748629807692 0.23653816346153847 0.4383205360576923 0.2382201153846154 0.39718478365384613 0.19307166346153848 0.3943865576923077 0.19064368990384617 0.4309748629807692
11 0.23838928365384618 0.43633981009615386 0.19166787980769232 0.43413610096153843 0.19001401923076924 0.47086443990384613 0.23632196875 0.47747554086538463 0.23590849278846154 0.43633981009615386 0.23838928365384618 0.43633981009615386
11 0.23433563942307692 0.5191005072115384 0.23382488221153847 0.47524254807692307 0.1880276923076923 0.4710079807692308 0.1876260168269231 0.5084873990384615 0.23433563942307692 0.5191005072115384
11 0.1897452596153846 0.5487545072115385 0.2358829591346154 0.5532915360576923 0.23605320432692306 0.5154829447115384 0.1887137764423077 0.5113297427884615 0.1897452596153846 0.5487545072115385
11 0.1897286826923077 0.5487523990384615 0.18887743509615385 0.5877708677884615 0.23603662740384615 0.5926103653846154 0.23620688221153846 0.5554067043269231 0.1897286826923077 0.5487523990384615
11 0.23593573798076922 0.5891330024038461 0.18962779326923077 0.5873182019230769 0.1908195408653846 0.6269416009615385 0.23780848798076923 0.6278490024038461 0.23593573798076922 0.5891330024038461
11 0.2352398653846154 0.6253974254807692 0.1899545264423077 0.6224176129807693 0.18944378125 0.6593188100961539 0.23507072596153847 0.6644607692307692 0.2352398653846154 0.6253974254807692
11 0.2656201634615385 0.3520915528846154 0.31056611538461537 0.3581409278846154 0.31056611538461537 0.3157953100961538 0.2647689158653846 0.3148879014423077 0.2656201634615385 0.3520915528846154
11 0.26606021874999997 0.3858606658653846 0.31253841105769226 0.39070016346153846 0.3130491658653846 0.3525891033653846 0.26808552403846153 0.34797883173076927 0.26606021874999997 0.3858606658653846
11 0.2856712451923077 0.400240264423077 0.28577059615384615 0.40018142788461536 0.23851204326923078 0.3954007596153846 0.23749054086538463 0.4368389855769231 0.2839687331730769 0.4410735456730769 0.2856712451923077 0.400240264423077
11 0.23808715865384616 0.4763636514423077 0.2830331105769231 0.4784809326923077 0.28337360336538464 0.4382525913461538 0.2368954110576923 0.4361353125 0.23808715865384616 0.4763636514423077
11 0.23688031971153847 0.5144034807692308 0.28233701923076926 0.517730639423077 0.28182626442307696 0.4787121706730769 0.23562084375 0.47595841105769227 0.23688031971153847 0.5144034807692308
11 0.2359627091346154 0.5128911418269231 0.2361329639423077 0.551304670673077 0.28210041826923077 0.5552367692307693 0.28107890625 0.5165207692307692 0.2359627091346154 0.5128911418269231
11 0.2349939014423077 0.5526361442307692 0.23601540144230768 0.5904447355769231 0.2814720913461538 0.5934694230769231 0.28062084375 0.5547534230769231 0.2349939014423077 0.5526361442307692
11 0.23586468509615385 0.6254423100961539 0.2811511394230769 0.6296768677884615 0.2806403822115385 0.5894485288461538 0.2346729375 0.5879361802884615 0.23586468509615385 0.6254423100961539
11 0.2819843846153846 0.6287673485576923 0.23737893269230767 0.6260451298076923 0.2378896778846154 0.6620389110576923 0.28113313701923076 0.6668784086538462 0.2819843846153846 0.6287673485576923
11 0.3329326923076923 0.33413461538461536 0.04447115384615385 0.038461538461538464
11 0.33413461538461536 0.3701923076923077 0.04567307692307692 0.040865384615384616
11 0.3076923076923077 0.4230769230769231 0.04567307692307692 0.040865384615384616
11 0.3076923076923077 0.46274038461538464 0.04567307692307692 0.040865384615384616
11 0.30408653846153844 0.5012019230769231 0.04567307692307692 0.040865384615384616
11 0.3016826923076923 0.5384615384615384 0.04567307692307692 0.040865384615384616
11 0.30288461538461536 0.5745192307692307 0.04567307692307692 0.039663461538461536
11 0.30288461538461536 0.6105769230769231 0.04567307692307692 0.038461538461538464
11 0.30288461538461536 0.6454326923076923 0.04447115384615385 0.039663461538461536
11 0.34975961538461536 0.6514423076923077 0.04447115384615385 0.037259615384615384
11 0.34975961538461536 0.6129807692307693 0.04447115384615385 0.036057692307692304
11 0.3485576923076923 0.5757211538461539 0.04567307692307692 0.037259615384615384
11 0.34975961538461536 0.5396634615384616 0.04567307692307692 0.039663461538461536
11 0.35096153846153844 0.5024038461538461 0.046875 0.039663461538461536
11 0.35216346153846156 0.46274038461538464 0.046875 0.038461538461538464
11 0.35216346153846156 0.4254807692307692 0.04567307692307692 0.039663461538461536
11 0.3762019230769231 0.3701923076923077 0.042067307692307696 0.039663461538461536
11 0.37740384615384615 0.3329326923076923 0.04567307692307692 0.039663461538461536
11 0.41947115384615385 0.33413461538461536 0.04567307692307692 0.042067307692307696
11 0.41947115384615385 0.3701923076923077 0.046875 0.038461538461538464
11 0.39903846153846156 0.4266826923076923 0.04567307692307692 0.039663461538461536
11 0.39903846153846156 0.46153846153846156 0.04567307692307692 0.039663461538461536
11 0.3942307692307692 0.5012019230769231 0.046875 0.039663461538461536
11 0.3918269230769231 0.5420673076923077 0.046875 0.038461538461538464
11 0.39663461538461536 0.5793269230769231 0.04447115384615385 0.038461538461538464
11 0.39663461538461536 0.6165865384615384 0.04567307692307692 0.037259615384615384
11 0.3942307692307692 0.6526442307692307 0.04326923076923077 0.039663461538461536
11 0.4387019230769231 0.6502403846153846 0.04447115384615385 0.038461538461538464
11 0.4387019230769231 0.6141826923076923 0.04567307692307692 0.037259615384615384
11 0.43990384615384615 0.578125 0.04567307692307692 0.03485576923076923
11 0.43990384615384615 0.5420673076923077 0.046875 0.038461538461538464
11 0.4423076923076923 0.5024038461538461 0.04567307692307692 0.037259615384615384
11 0.44471153846153844 0.46634615384615385 0.04447115384615385 0.038461538461538464
11 0.44350961538461536 0.43149038461538464 0.04567307692307692 0.038461538461538464
11 0.46153846153846156 0.3713942307692308 0.04567307692307692 0.039663461538461536
11 0.4639423076923077 0.33653846153846156 0.04447115384615385 0.037259615384615384
11 0.5120192307692307 0.33413461538461536 0.04447115384615385 0.039663461538461536
11 0.5132211538461539 0.3701923076923077 0.040865384615384616 0.03485576923076923
11 0.49158653846153844 0.4326923076923077 0.04567307692307692 0.040865384615384616
11 0.49038461538461536 0.4699519230769231 0.040865384615384616 0.037259615384615384
11 0.49399038461538464 0.5504807692307693 0.04447115384615385 0.039663461538461536
11 0.4879807692307692 0.6153846153846154 0.04326923076923077 0.037259615384615384
11 0.48677884615384615 0.6514423076923077 0.04326923076923077 0.040865384615384616
11 0.5552884615384616 0.33413461538461536 0.04447115384615385 0.042067307692307696
11 0.5552884615384616 0.3701923076923077 0.04567307692307692 0.040865384615384616
11 0.5348557692307693 0.43509615384615385 0.04567307692307692 0.038461538461538464
11 0.5372596153846154 0.5096153846153846 0.04326923076923077 0.038461538461538464
11 0.5372596153846154 0.5805288461538461 0.04447115384615385 0.038461538461538464
11 0.5324519230769231 0.6165865384615384 0.04447115384615385 0.037259615384615384
11 0.5324519230769231 0.6538461538461539 0.04326923076923077 0.038461538461538464
11 0.5889423076923077 0.02403846153846154 0.042067307692307696 0.03365384615384615
11 0.6045673076923077 0.08173076923076923 0.042067307692307696 0.03365384615384615
11 0.6033653846153846 0.11899038461538461 0.04326923076923077 0.040865384615384616
11 0.6033653846153846 0.15144230769230768 0.04326923076923077 0.040865384615384616
11 0.6033653846153846 0.1875 0.04326923076923077 0.039663461538461536
11 0.6009615384615384 0.22596153846153846 0.040865384615384616 0.03125
11 0.6009615384615384 0.25961538461538464 0.042067307692307696 0.039663461538461536
11 0.6009615384615384 0.2980769230769231 0.04326923076923077 0.039663461538461536
11 0.6442307692307693 0.29927884615384615 0.04326923076923077 0.038461538461538464
11 0.6430288461538461 0.26322115384615385 0.042067307692307696 0.03245192307692308
11 0.6454326923076923 0.22716346153846154 0.04326923076923077 0.038461538461538464
11 0.6442307692307693 0.19110576923076922 0.04326923076923077 0.036057692307692304
11 0.6466346153846154 0.15625 0.04447115384615385 0.042067307692307696
11 0.6490384615384616 0.11778846153846154 0.04326923076923077 0.040865384615384616
11 0.6502403846153846 0.07932692307692307 0.04326923076923077 0.042067307692307696
11 0.6298076923076923 0.021634615384615384 0.04326923076923077 0.038461538461538464
11 0.6911057692307693 0.0829326923076923 0.040865384615384616 0.03485576923076923
11 0.6911057692307693 0.12139423076923077 0.04326923076923077 0.040865384615384616
11 0.6899038461538461 0.15865384615384615 0.04447115384615385 0.039663461538461536
11 0.6887019230769231 0.1935096153846154 0.04326923076923077 0.03485576923076923
11 0.6887019230769231 0.2283653846153846 0.042067307692307696 0.039663461538461536
11 0.6875 0.265625 0.040865384615384616 0.037259615384615384
11 0.6862980769230769 0.3004807692307692 0.04326923076923077 0.040865384615384616
11 0.7319711538461539 0.3004807692307692 0.04326923076923077 0.040865384615384616
11 0.7331730769230769 0.2644230769230769 0.04326923076923077 0.039663461538461536
11 0.734375 0.22956730769230768 0.039663461538461536 0.03125
11 0.7331730769230769 0.19230769230769232 0.040865384615384616 0.03365384615384615
11 0.734375 0.15384615384615385 0.04447115384615385 0.038461538461538464
11 0.7331730769230769 0.11538461538461539 0.04326923076923077 0.039663461538461536
11 0.7331730769230769 0.0829326923076923 0.04326923076923077 0.037259615384615384
11 0.7271634615384616 0.37259615384615385 0.040865384615384616 0.03365384615384615
11 0.7283653846153846 0.3389423076923077 0.042067307692307696 0.037259615384615384
11 0.5336538461538461 0.4723557692307692 0.04567307692307692 0.038461538461538464
11 0.7115384615384616 0.43990384615384615 0.04567307692307692 0.037259615384615384
11 0.7139423076923077 0.47716346153846156 0.04447115384615385 0.039663461538461536
11 0.7139423076923077 0.5120192307692307 0.04326923076923077 0.038461538461538464
11 0.7175480769230769 0.5492788461538461 0.04326923076923077 0.038461538461538464
11 0.7163461538461539 0.5865384615384616 0.04447115384615385 0.038461538461538464
11 0.7175480769230769 0.6237980769230769 0.04326923076923077 0.038461538461538464
11 0.7103365384615384 0.6598557692307693 0.04326923076923077 0.037259615384615384
11 0.6634615384615384 0.6586538461538461 0.04326923076923077 0.03485576923076923
11 0.6658653846153846 0.625 0.04447115384615385 0.037259615384615384
11 0.6706730769230769 0.5901442307692307 0.04326923076923077 0.039663461538461536
11 0.6706730769230769 0.5480769230769231 0.04447115384615385 0.03485576923076923
11 0.6706730769230769 0.5144230769230769 0.04447115384615385 0.038461538461538464
11 0.6706730769230769 0.47836538461538464 0.04447115384615385 0.036057692307692304
11 0.6694711538461539 0.43990384615384615 0.04447115384615385 0.037259615384615384
11 0.6838942307692307 0.3713942307692308 0.04447115384615385 0.038461538461538464
11 0.6850961538461539 0.33653846153846156 0.04447115384615385 0.039663461538461536
11 0.640625 0.33413461538461536 0.04567307692307692 0.037259615384615384
11 0.5985576923076923 0.33533653846153844 0.04567307692307692 0.042067307692307696
11 0.5973557692307693 0.3701923076923077 0.04567307692307692 0.040865384615384616
11 0.5793269230769231 0.43509615384615385 0.04567307692307692 0.038461538461538464
11 0.5805288461538461 0.47475961538461536 0.04567307692307692 0.038461538461538464
11 0.5793269230769231 0.5120192307692307 0.042067307692307696 0.037259615384615384
11 0.5384615384615384 0.546875 0.04326923076923077 0.039663461538461536
11 0.6274038461538461 0.5096153846153846 0.04567307692307692 0.039663461538461536
11 0.625 0.47716346153846156 0.04447115384615385 0.038461538461538464
11 0.6262019230769231 0.43990384615384615 0.04447115384615385 0.036057692307692304
11 0.6394230769230769 0.36899038461538464 0.04447115384615385 0.038461538461538464
11 0.5829326923076923 0.5480769230769231 0.04447115384615385 0.039663461538461536
11 0.6274038461538461 0.5504807692307693 0.04447115384615385 0.037259615384615384
11 0.5829326923076923 0.5829326923076923 0.04447115384615385 0.037259615384615384
11 0.6274038461538461 0.5877403846153846 0.04567307692307692 0.039663461538461536
11 0.5769230769230769 0.6189903846153846 0.04447115384615385 0.039663461538461536
11 0.6201923076923077 0.6213942307692307 0.04447115384615385 0.038461538461538464
11 0.5745192307692307 0.6586538461538461 0.04326923076923077 0.037259615384615384
11 0.6213942307692307 0.6586538461538461 0.04326923076923077 0.038461538461538464
11 0.49038461538461536 0.6899038461538461 0.040865384615384616 0.03485576923076923
11 0.4891826923076923 0.7247596153846154 0.042067307692307696 0.03365384615384615
11 0.5300480769230769 0.7271634615384616 0.042067307692307696 0.03485576923076923
11 0.5324519230769231 0.6947115384615384 0.040865384615384616 0.036057692307692304
11 0.49278846153846156 0.7800480769230769 0.040865384615384616 0.03485576923076923
11 0.49038461538461536 0.8137019230769231 0.040865384615384616 0.03365384615384615
11 0.4879807692307692 0.8485576923076923 0.042067307692307696 0.036057692307692304
11 0.4879807692307692 0.8858173076923077 0.040865384615384616 0.03485576923076923
11 0.49038461538461536 0.9182692307692307 0.042067307692307696 0.03365384615384615
11 0.4891826923076923 0.9519230769230769 0.040865384615384616 0.03485576923076923
11 0.4879807692307692 0.9819711538461539 0.042067307692307696 0.036057692307692304
11 0.5324519230769231 0.984375 0.042067307692307696 0.03125
11 0.5300480769230769 0.9543269230769231 0.040865384615384616 0.03485576923076923
11 0.53125 0.9182692307692307 0.042067307692307696 0.03365384615384615
11 0.5324519230769231 0.8858173076923077 0.040865384615384616 0.036057692307692304
11 0.53125 0.8461538461538461 0.040865384615384616 0.038461538461538464
11 0.53125 0.8137019230769231 0.042067307692307696 0.039663461538461536
11 0.5348557692307693 0.78125 0.040865384615384616 0.037259615384615384
11 0.5757211538461539 0.6935096153846154 0.042067307692307696 0.038461538461538464
11 0.6165865384615384 0.6923076923076923 0.04326923076923077 0.03365384615384615
11 0.5745192307692307 0.7271634615384616 0.042067307692307696 0.036057692307692304
11 0.5769230769230769 0.7800480769230769 0.039663461538461536 0.03485576923076923
11 0.5721153846153846 0.8137019230769231 0.042067307692307696 0.036057692307692304
11 0.5721153846153846 0.8461538461538461 0.042067307692307696 0.038461538461538464
11 0.5733173076923077 0.8846153846153846 0.04326923076923077 0.036057692307692304
11 0.5709134615384616 0.9206730769230769 0.042067307692307696 0.036057692307692304
11 0.5697115384615384 0.953125 0.042067307692307696 0.037259615384615384
11 0.5721153846153846 0.9855769230769231 0.038461538461538464 0.028846153846153848
11 0.6177884615384616 0.7319711538461539 0.042067307692307696 0.036057692307692304
11 0.6189903846153846 0.7788461538461539 0.04326923076923077 0.036057692307692304
11 0.6189903846153846 0.8149038461538461 0.042067307692307696 0.036057692307692304
11 0.6189903846153846 0.8497596153846154 0.042067307692307696 0.037259615384615384
11 0.6189903846153846 0.8834134615384616 0.042067307692307696 0.039663461538461536
11 0.6189903846153846 0.9206730769230769 0.040865384615384616 0.03365384615384615
11 0.6189903846153846 0.953125 0.042067307692307696 0.03485576923076923
11 0.6141826923076923 0.9867788461538461 0.040865384615384616 0.026442307692307692
11 0.6634615384615384 0.6959134615384616 0.042067307692307696 0.037259615384615384
11 0.7079326923076923 0.6935096153846154 0.040865384615384616 0.036057692307692304
11 0.7043269230769231 0.7283653846153846 0.039663461538461536 0.037259615384615384
11 0.703125 0.78125 0.040865384615384616 0.037259615384615384
11 0.7043269230769231 0.8173076923076923 0.042067307692307696 0.037259615384615384
11 0.7043269230769231 0.8533653846153846 0.042067307692307696 0.03365384615384615
11 0.6610576923076923 0.7319711538461539 0.042067307692307696 0.036057692307692304
11 0.6598557692307693 0.7800480769230769 0.042067307692307696 0.038461538461538464
11 0.6598557692307693 0.8149038461538461 0.039663461538461536 0.03485576923076923
11 0.6610576923076923 0.8521634615384616 0.040865384615384616 0.037259615384615384
11 0.6622596153846154 0.8882211538461539 0.042067307692307696 0.040865384615384616
11 0.6610576923076923 0.9242788461538461 0.040865384615384616 0.037259615384615384
11 0.6586538461538461 0.9555288461538461 0.040865384615384616 0.03485576923076923
11 0.6610576923076923 0.9867788461538461 0.040865384615384616 0.026442307692307692
11 0.7019230769230769 0.9879807692307693 0.039663461538461536 0.02403846153846154
11 0.7019230769230769 0.9555288461538461 0.042067307692307696 0.037259615384615384
11 0.7019230769230769 0.9206730769230769 0.042067307692307696 0.036057692307692304
11 0.7043269230769231 0.8870192307692307 0.042067307692307696 0.03485576923076923
11 0.2127403846153846 0.6790865384615384 0.04326923076923077 0.040865384615384616
11 0.2608173076923077 0.6802884615384616 0.04326923076923077 0.03365384615384615
11 0.30408653846153844 0.6875 0.042067307692307696 0.03485576923076923
11 0.35096153846153844 0.6875 0.042067307692307696 0.037259615384615384
11 0.3954326923076923 0.6887019230769231 0.042067307692307696 0.03365384615384615
11 0.4411057692307692 0.7259615384615384 0.042067307692307696 0.03485576923076923
11 0.21394230769230768 0.7175480769230769 0.042067307692307696 0.036057692307692304
11 0.26322115384615385 0.7199519230769231 0.042067307692307696 0.037259615384615384
11 0.30649038461538464 0.7235576923076923 0.04326923076923077 0.037259615384615384
11 0.34975961538461536 0.7247596153846154 0.04326923076923077 0.039663461538461536
11 0.3954326923076923 0.7259615384615384 0.04326923076923077 0.03245192307692308
11 0.21875 0.7728365384615384 0.042067307692307696 0.03485576923076923
11 0.2620192307692308 0.7740384615384616 0.042067307692307696 0.036057692307692304
11 0.3076923076923077 0.7752403846153846 0.042067307692307696 0.036057692307692304
11 0.34975961538461536 0.7800480769230769 0.040865384615384616 0.03485576923076923
11 0.39302884615384615 0.7788461538461539 0.042067307692307696 0.03485576923076923
11 0.4326923076923077 0.7836538461538461 0.042067307692307696 0.03485576923076923
11 0.43509615384615385 0.8173076923076923 0.040865384615384616 0.03485576923076923
11 0.4387019230769231 0.8545673076923077 0.042067307692307696 0.03485576923076923
11 0.4387019230769231 0.8894230769230769 0.040865384615384616 0.036057692307692304
11 0.43990384615384615 0.9206730769230769 0.042067307692307696 0.036057692307692304
11 0.4387019230769231 0.9543269230769231 0.042067307692307696 0.036057692307692304
11 0.43990384615384615 0.9879807692307693 0.042067307692307696 0.02403846153846154
11 0.3942307692307692 0.8137019230769231 0.042067307692307696 0.03245192307692308
11 0.3954326923076923 0.8461538461538461 0.04326923076923077 0.036057692307692304
11 0.3954326923076923 0.8858173076923077 0.040865384615384616 0.036057692307692304
11 0.39783653846153844 0.921875 0.042067307692307696 0.03365384615384615
11 0.39783653846153844 0.953125 0.040865384615384616 0.03485576923076923
11 0.39663461538461536 0.9855769230769231 0.040865384615384616 0.028846153846153848
11 0.21634615384615385 0.8064903846153846 0.040865384615384616 0.037259615384615384
11 0.21634615384615385 0.84375 0.042067307692307696 0.03125
11 0.21634615384615385 0.8762019230769231 0.042067307692307696 0.03485576923076923
11 0.21754807692307693 0.9110576923076923 0.042067307692307696 0.03365384615384615
11 0.21875 0.9483173076923077 0.042067307692307696 0.03485576923076923
11 0.26322115384615385 0.8088942307692307 0.042067307692307696 0.03485576923076923
11 0.2620192307692308 0.84375 0.04326923076923077 0.03365384615384615
11 0.25961538461538464 0.8810096153846154 0.04326923076923077 0.03365384615384615
11 0.2620192307692308 0.9146634615384616 0.04326923076923077 0.037259615384615384
11 0.26322115384615385 0.9507211538461539 0.042067307692307696 0.036057692307692304
11 0.22235576923076922 0.9819711538461539 0.040865384615384616 0.036057692307692304
11 0.265625 0.9831730769230769 0.040865384615384616 0.03365384615384615
11 0.3088942307692308 0.9831730769230769 0.042067307692307696 0.03245192307692308
11 0.3076923076923077 0.8112980769230769 0.042067307692307696 0.036057692307692304
11 0.3088942307692308 0.8461538461538461 0.042067307692307696 0.03485576923076923
11 0.31009615384615385 0.8834134615384616 0.042067307692307696 0.03485576923076923
11 0.31009615384615385 0.9134615384615384 0.04326923076923077 0.03245192307692308
11 0.31009615384615385 0.9495192307692307 0.042067307692307696 0.036057692307692304
11 0.34975961538461536 0.8137019230769231 0.040865384615384616 0.037259615384615384
11 0.35096153846153844 0.8473557692307693 0.042067307692307696 0.03485576923076923
11 0.35216346153846156 0.8846153846153846 0.042067307692307696 0.03365384615384615
11 0.35336538461538464 0.9194711538461539 0.042067307692307696 0.03485576923076923
11 0.3545673076923077 0.9543269230769231 0.042067307692307696 0.03485576923076923
11 0.3545673076923077 0.9831730769230769 0.040865384615384616 0.03365384615384615
11 0.5133288509615385 0.486781 0.4675031466346154 0.4846658317307692 0.46631288461538467 0.5227387620192308 0.5145191586538462 0.5290842307692307 0.5133288509615385 0.486781
11 0.46526502884615384 0.7040177259615384 0.4646698990384615 0.6712326995192307 0.42062958173076925 0.6733478677884615 0.42062958173076925 0.7050752908653847 0.46526502884615384 0.7040177259615384