11 0.46266771875 0.9377191875 0.4209085432692307 0.9386828774038461 0.42035308894230766 0.9756971346153847 0.4625682932692308 0.9742165673076923 0.46266771875 0.9377191875
11 0.4184883221153846 0.869624826923077 0.41765511778846154 0.9051585192307693 0.4601480721153846 0.9066390841346154 0.4603875 0.8705846177884615 0.4184883221153846 0.869624826923077
11 0.4591746394230769 0.8694082163461538 0.4587246225961538 0.8594453725961538 0.4587246225961538 0.8420842620192308 0.4590258557692308 0.8358309903846154 0.41811003125 0.8360953725961539 0.4178124663461539 0.8675574903846154 0.4591746394230769 0.8694082163461538
11 0.5524255384615384 0.9694789110576922 0.5936389302884616 0.9705364447115384 0.5937877235576923 0.9409250480769231 0.5936389302884616 0.9364304783653845 0.5531694615384615 0.935637295673077 0.5521279735576923 0.9575814807692308 0.5524255384615384 0.9694789110576922
11 0.512742733173077 0.41089240865384613 0.46846717307692304 0.4096848149038462 0.4680594326923077 0.44998002884615385 0.5130519759615384 0.44998002884615385 0.512742733173077 0.41089240865384613
11 0.6823558894230769 0.9355950985576923 0.6821475961538461 0.9703885216346154 0.7235990480769231 0.9700183557692307 0.7240464735576922 0.9350610216346154 0.6823558894230769 0.9355950985576923
11 0.6410235 0.9373970576923077 0.641231795673077 0.9718203149038461 0.6816417572115385 0.9718203149038461 0.6823426802884616 0.9368641201923077 0.6410235 0.9373970576923077
11 0.640874735576923 0.9694936995192307 0.640874735576923 0.9343301538461539 0.5983399206730768 0.9366666658653846 0.5987983774038461 0.9702339735576923 0.640874735576923 0.9694936995192307
11 0.6830998870192307 0.9004885552884615 0.6826832956730768 0.9345416754807693 0.724343045673077 0.9360222379807692 0.7247596370192307 0.8993781298076923 0.6830998870192307 0.9004885552884615
11 0.6843199206730769 0.8677044903846153 0.6834867211538461 0.9024978846153846 0.7259910504807692 0.9020736826923077 0.7261670216346154 0.8672222235576924 0.6843199206730769 0.8677044903846153
11 0.6852721225961538 0.8326467283653846 0.6840223317307692 0.8663297115384616 0.7254737716346155 0.8663297115384616 0.7271715192307693 0.8317738221153845 0.6852721225961538 0.8326467283653846
11 0.6847067644230769 0.7994925072115385 0.6840818605769231 0.8324351947115385 0.7249084134615384 0.8328053317307693 0.7262416754807692 0.7998951610576923 0.6847067644230769 0.7994925072115385
11 0.68414134375 0.7628483822115384 0.6835164591346155 0.7972716442307692 0.7251761923076923 0.7976417884615384 0.7266138677884615 0.7619344711538462 0.68414134375 0.7628483822115384
11 0.5990066899038461 0.9008057788461539 0.5985900817307692 0.9341186370192307 0.6398332403846154 0.9333783221153846 0.6405274206730769 0.9001606514423077 0.5990066899038461 0.9008057788461539
11 0.640874735576923 0.8981090721153847 0.6414996201923077 0.8644260889423077 0.5996315769230769 0.8651663774038462 0.5996420024038461 0.8652410360576923 0.5990066899038461 0.8995896346153847 0.640874735576923 0.8981090721153847
11 0.6001969807692308 0.8275175793269232 0.5995720793269231 0.8630512692307692 0.641231829326923 0.8637915552884615 0.6422388918269231 0.8274777788461538 0.6001969807692308 0.8275175793269232
11 0.640220108173077 0.7921954110576923 0.5998101466346154 0.7925655697115384 0.6004166490384615 0.8296314903846155 0.6411837043269231 0.8291027211538461 0.6419041778846153 0.7926897524038462 0.640220108173077 0.7921954110576923
11 0.5998398798076923 0.7597814903846154 0.5990066995192308 0.7938346105769232 0.6414097740384614 0.7949894014423078 0.6415694423076924 0.7594222235576923 0.5998398798076923 0.7597814903846154
11 0.6416484110576923 0.901757610576923 0.6410235240384616 0.93692115625 0.6824749783653845 0.9358107163461539 0.6831239543269232 0.9019444447115385 0.6416484110576923 0.901757610576923
11 0.6427791971153846 0.8666469783653846 0.6411128149038461 0.9010702331730769 0.68318915625 0.9010702331730769 0.6844389471153847 0.8670171129807692 0.6427791971153846 0.8666469783653846
11 0.6432553100961538 0.8298442043269231 0.642422110576923 0.8635271658653847 0.6830403677884616 0.8638973028846154 0.6840541754807692 0.8295270649038462 0.6432553100961538 0.8298442043269231
11 0.6423625913461539 0.7933058245192307 0.6415293942307693 0.8280992235576924 0.6831891442307693 0.8284693677884616 0.6842031225961538 0.7940786225961538 0.6423625913461539 0.7933058245192307
11 0.6422733004807692 0.7581422836538461 0.6414401009615385 0.7947863918269231 0.683933048076923 0.7958968173076924 0.6844263677884614 0.7598193629807692 0.6422733004807692 0.7581422836538461
11 0.685219079326923 0.70869496875 0.6849214903846155 0.7472955072115385 0.7280690889423076 0.7472955072115385 0.7283246538461537 0.7109994302884615 0.685219079326923 0.70869496875
11 0.6861117956730769 0.6716807115384615 0.6867069278846153 0.70869496875 0.7307472427884616 0.7108100360576923 0.731597891826923 0.6731703894230769 0.6861117956730769 0.6716807115384615
11 0.5993109567307692 0.7101672812500001 0.5988954038461538 0.7452368677884615 0.6403468413461538 0.7448667235576922 0.6409371394230768 0.7099190552884616 0.5993109567307692 0.7101672812500001
11 0.6421312403846154 0.7108547451923077 0.6421312403846154 0.7460182884615385 0.6835826947115385 0.7452779879807692 0.6846496586538462 0.7109766514423076 0.6421312403846154 0.7108547451923077
11 0.5527736850961539 0.9016976009615385 0.5525133173076923 0.9354731249999999 0.5926108293269231 0.937323810096154 0.5934895769230769 0.9017361105769232 0.5527736850961539 0.9016976009615385
11 0.5121554326923077 0.8984588822115385 0.5111139350961539 0.933622420673077 0.5527736850961539 0.934085125 0.5527994735576923 0.8986134254807693 0.5121554326923077 0.8984588822115385
11 0.5112627211538462 0.9333579759615385 0.5099608533653845 0.9694468918269231 0.5516206033653847 0.9689841850961538 0.5526227379807692 0.932839139423077 0.5112627211538462 0.9333579759615385
11 0.4697145552884615 0.9301854230769231 0.4684126875 0.9662743389423076 0.5090309615384615 0.9695130721153846 0.5108072860576923 0.9331359615384615 0.4697145552884615 0.9301854230769231
11 0.4704956850961538 0.8981283990384615 0.4694541875 0.9314411995192308 0.5105931971153846 0.9337545913461539 0.5118950649038462 0.8990537235576923 0.4704956850961538 0.8981283990384615
11 0.5554890120192307 0.8650137716346153 0.5547078846153846 0.8969385769230769 0.5955865264423077 0.8978639350961538 0.5961397524038461 0.8634122716346154 0.5554890120192307 0.8650137716346153
11 0.5528480985576923 0.863097048076923 0.5119694591346154 0.8640223725961539 0.51144871875 0.8973352091346154 0.55310846875 0.8991859110576923 0.5527435841346153 0.86346225 0.5528480985576923 0.863097048076923
11 0.4709420336538462 0.8628987668269231 0.4704212956730769 0.8980622692307693 0.5118206754807693 0.8985249567307693 0.5122951346153847 0.8638412475961539 0.4709420336538462 0.8628987668269231
11 0.5548938846153846 0.8288588365384615 0.5541127572115385 0.8626343774038462 0.5955121370192308 0.863097014423077 0.5963906682692308 0.829434764423077 0.5548938846153846 0.8288588365384615
11 0.5124901778846154 0.8267437091346154 0.5117090697115384 0.8623699350961539 0.5536291875 0.8632953317307692 0.5541754975961538 0.8277823269230768 0.5124901778846154 0.8267437091346154
11 0.470718860576923 0.8295198173076923 0.46941699278846155 0.8623700000000001 0.5121182403846154 0.8646833894230769 0.5122671778846154 0.8297476658653846 0.470718860576923 0.8295198173076923
11 0.5561213605769231 0.792373358173077 0.5550798629807692 0.8275368966346155 0.5971305408653846 0.8292581105769231 0.5963814302884616 0.7925812740384616 0.5561213605769231 0.792373358173077
11 0.5135688942307692 0.791976764423077 0.5130481346153846 0.8276029903846154 0.5541871466346154 0.8289910216346155 0.5554496490384616 0.7925313365384615 0.5135688942307692 0.791976764423077
11 0.4706816658653846 0.7950833125 0.4706816658653846 0.8288588173076923 0.5123414158653846 0.8288588173076923 0.5123414158653846 0.7941579519230769 0.4706816658653846 0.7950833125
11 0.59960371875 0.758201298076923 0.5579439711538462 0.757275920673077 0.5576835817307693 0.7933648269230769 0.5990829615384615 0.7933648269230769 0.6000920120192308 0.7589665528846153 0.59960371875 0.758201298076923
11 0.5159122644230769 0.7581351514423077 0.5153915240384616 0.7928360192307693 0.5573116442307693 0.7928360192307693 0.5578581706730769 0.7578590408653846 0.5159122644230769 0.7581351514423077
11 0.47540557932692307 0.7580690456730769 0.47462447115384615 0.7932326009615385 0.5157634615384615 0.7941579615384615 0.5167586778846154 0.7567515600961539 0.47540557932692307 0.7580690456730769
11 0.5560738509615384 0.7076373749999999 0.5553453774038462 0.7443119086538462 0.5967447379807692 0.7461626274038462 0.5968471322115385 0.7105870144230769 0.5560738509615384 0.7076373749999999
11 0.5120489735576923 0.7084874903846153 0.5117886057692307 0.7441137067307693 0.5531879855769231 0.7450390673076923 0.5539996370192308 0.70888475 0.5120489735576923 0.7084874903846153
11 0.41866490625 0.9032851850961539 0.4193058173076923 0.9385910745192307 0.46096559134615384 0.9385910745192307 0.4616065 0.9027157211538461 0.41866490625 0.9032851850961539
11 0.4177721899038461 0.8007434471153847 0.4174517091346154 0.8354799182692307 0.4600728725961538 0.8377577043269231 0.46043993990384613 0.8013059903846155 0.4177721899038461 0.8007434471153847
11 0.4119581298076923 0.7666577908653847 0.4125990649038461 0.8025331442307693 0.4548997475961538 0.8002553557692308 0.45566718990384614 0.7674849014423077 0.4119581298076923 0.7666577908653847
11 0.19855490865384617 0.9308221634615385 0.19855490865384617 0.9672669350961538 0.2414964903846154 0.970683670673077 0.24190944951923077 0.9334609831730769 0.19855490865384617 0.9308221634615385
11 0.24417463221153846 0.9342794903846153 0.24353372355769232 0.9701548629807693 0.2868661442307692 0.9700302259615385 0.28625425721153847 0.9343566754807693 0.24417463221153846 0.9342794903846153
11 0.3335828653846154 0.9362725721153846 0.29000036298076926 0.9345642475961539 0.28903899759615387 0.9681618125 0.33166011298076925 0.9715785048076923 0.3324875456730769 0.9380581274038462 0.3335828653846154 0.9362725721153846
11 0.3362659326923077 0.9384542259615384 0.3347780841346154 0.9749397163461538 0.3788184014423077 0.975468483173077 0.3789153221153846 0.9401516105769231 0.3362659326923077 0.9384542259615384
11 0.4193973990384615 0.974669735576923 0.4193973990384615 0.9382249615384615 0.3777376490384615 0.9399332860576923 0.3780581033653846 0.9752392187500001 0.4193973990384615 0.974669735576923
11 0.1967237235576923 0.8993396634615384 0.1967237235576923 0.9335066923076922 0.2390243822115385 0.9346455769230769 0.23967682451923075 0.8992512836538461 0.1967237235576923 0.8993396634615384
11 0.19514431490384615 0.8619999951923076 0.19514431490384615 0.8967364639423077 0.23776543990384613 0.89730590625 0.23776543990384613 0.860861110576923 0.19514431490384615 0.8619999951923076
11 0.19372686057692307 0.8262034110576923 0.19372686057692307 0.8626889038461538 0.23776715384615385 0.8637464374999999 0.23754726201923076 0.8285982884615385 0.19372686057692307 0.8262034110576923
11 0.3758377644230769 0.8999904783653846 0.3758377644230769 0.9370047139423078 0.4187793317307692 0.9358658317307692 0.41888513701923075 0.9017532307692308 0.3758377644230769 0.8999904783653846
11 0.37528841346153846 0.8636269495192308 0.3759293221153846 0.9012106490384616 0.41790952644230767 0.900071766826923 0.4187364278846154 0.8652469158653846 0.37528841346153846 0.8636269495192308
11 0.3749908485576923 0.8301515144230769 0.3753113052884615 0.8660268245192307 0.4169710528846154 0.8665962860576923 0.41825289663461535 0.8290125673076923 0.3749908485576923 0.8301515144230769
11 0.37098509375 0.7953336730769232 0.37130554807692306 0.8306395625 0.41392666346153845 0.8312090240384615 0.41363209375000004 0.7949386466346154 0.37098509375 0.7953336730769232
11 0.37093931490384613 0.7601498173076924 0.37029840625 0.7960251923076923 0.41323997355769226 0.7943168245192307 0.41388090865384614 0.7595804182692307 0.37093931490384613 0.7601498173076924
11 0.3292566514423077 0.7607599134615385 0.32861571875 0.7954963822115384 0.3709164014423077 0.7954963822115384 0.3707017283653846 0.7606715336538462 0.3292566514423077 0.7607599134615385
11 0.32868438942307693 0.7954150216346154 0.32900484375 0.831290375 0.3716259567307692 0.8324293245192307 0.3716259567307692 0.7971233677884615 0.32868438942307693 0.7954150216346154
11 0.3324613149038462 0.8318191850961539 0.33182040625 0.8665556322115384 0.37412106490384617 0.8676945600961539 0.3752684206730769 0.8318735913461539 0.3324613149038462 0.8318191850961539
11 0.3315914423076923 0.8663929326923078 0.3306300552884615 0.9034071923076923 0.3745330120192308 0.9028377283653846 0.3748534903846154 0.8669623533653846 0.3315914423076923 0.8663929326923078
11 0.3327817235576923 0.9021055240384614 0.33149987980769235 0.9368419735576924 0.3747619278846154 0.9379808990384616 0.3751881899038461 0.9037254903846154 0.3327817235576923 0.9021055240384614
11 0.28547008173076927 0.7582173125 0.2851496274038462 0.7946621081730769 0.3287321298076923 0.7952315697115384 0.32875961057692304 0.7596331394230769 0.28547008173076927 0.7582173125
11 0.28890357451923077 0.8976512499999999 0.28858309375 0.933526625 0.33216559855769234 0.9335266682692308 0.33248607692307697 0.8976512499999999 0.28890357451923077 0.8976512499999999
11 0.2886975673076923 0.8627520600961538 0.2880566346153846 0.8986274567307693 0.33163913701923076 0.8991968557692308 0.3326005480769231 0.8627520600961538 0.2886975673076923 0.8627520600961538
11 0.28613390625 0.8259818533653847 0.2864543605769231 0.8635655528846153 0.3293959543269231 0.8624266490384614 0.32957580288461535 0.82837275 0.28613390625 0.8259818533653847
11 0.28615679567307695 0.7907979879807693 0.28551588461538463 0.8283816850961538 0.3284574543269231 0.8283817067307692 0.3288775961538462 0.7914805576923077 0.28615679567307695 0.7907979879807693
11 0.20063985817307695 0.7562648942307693 0.20031940384615382 0.7915707836538461 0.24326097355769233 0.7910013413461539 0.24358145192307695 0.7574037764423077 0.20063985817307695 0.7562648942307693
11 0.24335255769230768 0.7590307932692307 0.24271162259615384 0.7926283365384615 0.2850123076923077 0.7926283365384615 0.28568016586538464 0.7575783437499999 0.24335255769230768 0.7590307932692307
11 0.19478002644230769 0.7920182427884614 0.19510048076923076 0.8278935937499999 0.23804207451923076 0.826754733173077 0.2386829831730769 0.7925876826923077 0.19478002644230769 0.7920182427884614
11 0.24243695192307693 0.7930757764423078 0.2417960192307692 0.8272427836538461 0.2847376129807692 0.8289511298076923 0.28468490865384616 0.7926404495192307 0.24243695192307693 0.7930757764423078
11 0.24287185817307694 0.8283410552884616 0.2431923125 0.8630774591346154 0.28549297115384614 0.8630774591346154 0.28613390625 0.8283410552884616 0.24287185817307694 0.8283410552884616
11 0.23920947596153846 0.8635248990384615 0.23856854326923077 0.8988307884615385 0.28118968028846153 0.8999696923076923 0.2818588701923077 0.863131625 0.23920947596153846 0.8635248990384615
11 0.24360432692307693 0.8987901971153847 0.24232248317307692 0.936373875 0.2852640769230769 0.936373875 0.2856125456730769 0.8985607163461539 0.24360432692307693 0.8987901971153847
11 0.6873719278846154 0.6362942860576923 0.6876322956730768 0.6737712235576924 0.7324165384615384 0.6746965841346154 0.7322509807692307 0.6375955504807693 0.6873719278846154 0.6362942860576923
11 0.6938441442307692 0.6010646682692308 0.6943648822115385 0.6380789254807693 0.7391491057692308 0.6380789254807693 0.7389184158653846 0.6008618677884615 0.6938441442307692 0.6010646682692308
11 0.6940300889423077 0.5623979302884615 0.6942904783653846 0.6017255889423077 0.7398558293269232 0.6017255889423077 0.7396902692307693 0.5640458509615385 0.6940300889423077 0.5623979302884615
11 0.6948483701923076 0.5258463413461538 0.6951087379807692 0.5647113173076923 0.7398929615384616 0.5633232788461539 0.7399226394230769 0.5280729663461539 0.6948483701923076 0.5258463413461538
11 0.69209584375 0.48962528846153847 0.6918354759615385 0.5266395649038461 0.7376611947115385 0.5289529567307693 0.7372352668269231 0.4897691466346154 0.69209584375 0.48962528846153847
11 0.6913147187500001 0.45254493749999997 0.6915750889423078 0.4904845552884615 0.7368800697115384 0.490021875 0.7367145096153845 0.45326749759615387 0.6913147187500001 0.45254493749999997
11 0.6898269350961539 0.4150018798076923 0.689566545673077 0.45294151682692313 0.7343507884615386 0.4538668581730769 0.7349012067307693 0.4160710985576923 0.6898269350961539 0.4150018798076923
11 0.6461315937500001 0.41435967548076924 0.6474134350961538 0.4542211850961539 0.6913163942307693 0.45479061538461535 0.691674173076923 0.41669448798076925 0.6461315937500001 0.41435967548076924
11 0.6486265600961538 0.45296023798076923 0.6486265600961538 0.4899744855769231 0.6928499951923077 0.4922522956730769 0.6936084182692308 0.45287446634615386 0.6486265600961538 0.45296023798076923
11 0.6485579182692308 0.48680181730769234 0.6479170096153847 0.5255244423076924 0.6931018341346153 0.5266633245192307 0.6922730961538461 0.4873310673076923 0.6485579182692308 0.48680181730769234
11 0.6508698389423077 0.5253617427884616 0.650549360576923 0.56522325 0.6947728197115384 0.56522325 0.6957341610576923 0.5259311826923077 0.6508698389423077 0.5253617427884616
11 0.6498168389423077 0.5656706995192308 0.6488554495192307 0.6015460528846154 0.6930789110576924 0.6004071899038462 0.693450764423077 0.5645371394230769 0.6498168389423077 0.5656706995192308
11 0.6425836514423077 0.5997970096153846 0.6425836514423077 0.6373807091346154 0.6874479951923077 0.6373807091346154 0.6874479951923077 0.6009359134615384 0.6425836514423077 0.5997970096153846
11 0.6426294302884615 0.6383975889423077 0.6426294302884615 0.6742729639423076 0.6865323870192307 0.6754118461538462 0.6863432788461539 0.6377344879807693 0.6426294302884615 0.6383975889423077
11 0.6870359807692308 0.7113278966346154 0.6867155024038462 0.6731747115384615 0.6428562548076923 0.6728182572115385 0.6428125456730769 0.7096195288461539 0.6870359807692308 0.7113278966346154
11 0.5994384495192308 0.6715223533653846 0.5994384495192308 0.7079197163461538 0.6424868629807693 0.7091535528846153 0.642273610576923 0.6726737091346154 0.5994384495192308 0.6715223533653846
11 0.6014718413461538 0.4147139158653846 0.6021661610576923 0.45234506971153843 0.6469503966346154 0.45234506971153843 0.6469986129807693 0.41540019471153844 0.6014718413461538 0.4147139158653846
11 0.6034060408653846 0.4526975985576923 0.6030588557692307 0.49094565865384615 0.6481902500000001 0.49032876442307693 0.6478913100961539 0.45325195673076923 0.6034060408653846 0.4526975985576923
11 0.603356451923077 0.4903287836538462 0.603356451923077 0.5254923341346154 0.6488350048076923 0.5273430408653846 0.6487100625 0.4910606201923077 0.603356451923077 0.4903287836538462
11 0.6059849615384615 0.5244347932692308 0.6052906442307692 0.5614490528846153 0.6504220384615385 0.5620659471153846 0.6503836754807693 0.5254969086538461 0.6059849615384615 0.5244347932692308
11 0.6046706177884615 0.5641804855769231 0.6046706177884615 0.5998728052884615 0.6488597163461538 0.6009303605769231 0.6490312524038462 0.5642525264423077 0.6046706177884615 0.5641804855769231
11 0.6000582788461538 0.6009303605769231 0.6000582788461538 0.6368870625 0.6436522475961539 0.6374158509615384 0.643265625 0.6010243653846155 0.6000582788461538 0.6009303605769231
11 0.59920365625 0.6377266057692308 0.599650014423077 0.6734189254807692 0.6427976129807692 0.6728901490384616 0.64237290625 0.6377962067307692 0.59920365625 0.6377266057692308
11 0.5583690961538461 0.4865309471153846 0.5586005360576923 0.5264240697115384 0.6032690528846154 0.5276578918269231 0.6032334855769231 0.48772431009615386 0.5583690961538461 0.4865309471153846
11 0.6028268437500001 0.41269183894230765 0.5556992379807693 0.4131545264423077 0.5564803653846154 0.45248217548076924 0.6023060865384615 0.45109414423076927 0.6016784543269231 0.41370340384615384 0.6028268437500001 0.41269183894230765
11 0.5552156490384615 0.45149073557692304 0.5559967572115384 0.49081838461538463 0.601562108173077 0.49081838461538463 0.6007810192307692 0.45241608653846155 0.5552156490384615 0.45149073557692304
11 0.5594932932692308 0.5245938822115385 0.5600140336538462 0.5625335 0.6061000841346154 0.5648468894230769 0.6058397548076923 0.5241312091346153 0.5594932932692308 0.5245938822115385
11 0.6046494375 0.5600218004807692 0.55778221875 0.5604844711538461 0.5583029567307692 0.5993494495192307 0.6046494375 0.5979614182692308 0.6041520865384615 0.5614960360576923 0.6046494375 0.5600218004807692
11 0.55454615625 0.5972343677884615 0.5558480216346153 0.6360993461538461 0.5998511370192308 0.6370246875000001 0.5990700096153846 0.5972343846153846 0.55454615625 0.5972343677884615
11 0.5548809326923076 0.6349096442307692 0.5548809326923076 0.6728492620192307 0.5981028990384616 0.673311951923077 0.5983632884615384 0.6372230360576924 0.5548809326923076 0.6349096442307692
11 0.5995907475961538 0.6711306754807692 0.5555876538461538 0.6711306754807692 0.5561083918269231 0.709532983173077 0.5990699879807692 0.7104583245192307 0.5990699879807692 0.6748321346153846 0.5995907475961538 0.6711306754807692
11 0.5116961225961538 0.6678919783653845 0.5114357331730769 0.7072196274038463 0.5546577187499999 0.7090703461538461 0.5554776033653847 0.6710987836538462 0.5116961225961538 0.6678919783653845
11 0.5099478846153847 0.633389358173077 0.5096875144230769 0.6699409447115384 0.5542113894230769 0.6745677283653847 0.5543152764423077 0.6344906009615384 0.5099478846153847 0.633389358173077
11 0.5158248653846154 0.5588320600961538 0.5155644975961539 0.5967716754807693 0.5608694783653847 0.5986223966346154 0.5601268918269231 0.5599105384615385 0.5158248653846154 0.5588320600961538
11 0.5178706586538462 0.5232058509615385 0.5173499182692308 0.5620708100961539 0.5616134038461539 0.5625335 0.561353014423077 0.5250565528846154 0.5178706586538462 0.5232058509615385
11 0.5139650697115384 0.48691867307692305 0.5139650697115384 0.5239329302884616 0.5579681850961539 0.5253209615384615 0.5580078076923077 0.4876995961538461 0.5139650697115384 0.48691867307692305
11 0.5115473173076923 0.44858244230769234 0.5120680769230769 0.4874474182692307 0.5571126875 0.48929812259615385 0.5573730384615385 0.45089583173076925 0.5115473173076923 0.44858244230769234
11 0.5564535985576924 0.41432742307692305 0.5122540576923077 0.41203088461538456 0.5119936875 0.44904514182692307 0.5578194086538462 0.4518212043269231 0.5564535985576924 0.41432742307692305
11 0.4676558125 0.4469961346153846 0.46791618269230767 0.4840103942307692 0.5124400360576923 0.4863237836538462 0.5115602475961538 0.4484248125 0.4676558125 0.4469961346153846
11 0.46765578846153844 0.4800445889423077 0.46792040384615385 0.5217358701923077 0.5132211418269231 0.5239990120192307 0.5127718509615384 0.4859716971153846 0.46765578846153844 0.4800445889423077
11 0.4705943076923077 0.5210907740384616 0.4692924399038461 0.5641198461538461 0.518763391826923 0.5701346586538462 0.5196423581730769 0.5285855192307692 0.4705943076923077 0.5210907740384616
11 0.46438251201923075 0.5928058557692307 0.46438251201923075 0.6302828197115384 0.5086459951923077 0.6344468966346154 0.5093933798076923 0.5994165288461539 0.46438251201923075 0.5928058557692307
11 0.51061740625 0.5985563004807692 0.5116589038461539 0.5620047307692307 0.4646852259615385 0.5581788052884615 0.46453131730769226 0.5957802379807693 0.51061740625 0.5985563004807692
11 0.4638245769230769 0.6288947836538461 0.4627830793269231 0.6668343846153846 0.5075673221153847 0.6719238725961538 0.5084447716346154 0.632402670673077 0.4638245769230769 0.6288947836538461
11 0.46542403125000004 0.6664378293269231 0.46490329326923074 0.7020640384615385 0.5096875144230769 0.7071535264423077 0.5102082740384616 0.6701392692307693 0.46542403125000004 0.6664378293269231
11 0.46624235576923073 0.7036503173076922 0.46520085817307694 0.7397392331730769 0.509985079326923 0.746216735576923 0.5109930504807692 0.709170516826923 0.46624235576923073 0.7036503173076922
11 0.4203107572115385 0.40413484134615385 0.42005038701923075 0.4439251706730769 0.46639684615384613 0.44577588221153847 0.4658347980769231 0.4078527091346154 0.4203107572115385 0.40413484134615385
11 0.4218129326923077 0.44563353846153847 0.42285443028846154 0.48357314663461537 0.46841978125 0.4849611875 0.46844405528846156 0.4471768173076923 0.4218129326923077 0.44563353846153847
11 0.41993021634615385 0.48264778605769226 0.4194094783653846 0.5215127548076923 0.4662766971153846 0.5229007860576923 0.4664959735576923 0.48479254567307695 0.41993021634615385 0.48264778605769226
11 0.46081167067307693 0.5190417475961538 0.4162878173076923 0.5204297788461538 0.41680855528846156 0.5597574254807692 0.4628946658653846 0.5588320841346154 0.46213694711538467 0.5214413437500001 0.46081167067307693 0.5190417475961538
11 0.46285749278846156 0.5949210024038462 0.46285749278846156 0.5579067451923077 0.4165920096153846 0.5584784014423076 0.41781287980769233 0.5953836730769231 0.46285749278846156 0.5949210024038462
11 0.41837085817307695 0.5939956634615384 0.41863122596153846 0.6323979158653846 0.46367581971153843 0.6333233100961538 0.46343907692307695 0.5943580144230769 0.41837085817307695 0.5939956634615384
11 0.41625064423076924 0.6325962403846154 0.4170317716346154 0.6700731514423077 0.4620763653846154 0.6705358245192308 0.4625971225961539 0.6335215649038461 0.41625064423076924 0.6325962403846154
11 0.4204166153846154 0.670205329326923 0.4209373725961539 0.7058315721153845 0.46546122596153844 0.7081449639423076 0.4650946129807692 0.6699185576923077 0.4204166153846154 0.670205329326923
11 0.4177384639423077 0.7064264759615385 0.4185195721153846 0.7466794663461538 0.46330381490384615 0.7448287475961538 0.46330381490384615 0.7078144903846154 0.4177384639423077 0.7064264759615385
11 0.37277670913461536 0.7073222860576922 0.37355783653846153 0.74572459375 0.4180817115384615 0.74572459375 0.41708521875 0.7082128557692309 0.37277670913461536 0.7073222860576922
11 0.37151205769230766 0.6336903629807692 0.37177244711538465 0.6697792427884616 0.4170774086538461 0.6720926346153846 0.4168170600961538 0.6341530336538461 0.37151205769230766 0.6336903629807692
11 0.3744562860576923 0.40241225240384615 0.37523741586538456 0.4426652620192308 0.42106311538461544 0.4426652620192308 0.42058740384615384 0.40381103365384613 0.3744562860576923 0.40241225240384615
11 0.4218642692307692 0.4819573197115385 0.42056240144230767 0.4435550480769231 0.3743836850961539 0.4437045841346154 0.37551778846153844 0.4842707115384615 0.4218642692307692 0.4819573197115385
11 0.37255354326923074 0.48146921875 0.3735950216346154 0.5212595384615384 0.41942074278846153 0.5212595384615384 0.41894459615384616 0.48120449759615386 0.37255354326923074 0.48146921875
11 0.3708053677884615 0.5199376177884616 0.37158649759615386 0.5588025769230769 0.4168914783653846 0.5601906274038462 0.4163707403846154 0.5194749302884616 0.3708053677884615 0.5199376177884616
11 0.3715864519230769 0.5595957524038462 0.3723675600961539 0.5970726802884616 0.4176725625 0.5975353677884615 0.41732689423076924 0.5601873389423078 0.3715864519230769 0.5595957524038462
11 0.4183420432692308 0.5944949014423077 0.37225595432692304 0.5954202596153846 0.3730370817307692 0.6338225480769231 0.41832834855769235 0.6349364903846154 0.4168895504807692 0.5956879711538462 0.4183420432692308 0.5944949014423077
11 0.37329744711538465 0.669250516826923 0.37407857692307694 0.7076528221153846 0.4191231899038461 0.7076528221153846 0.41886280048076924 0.6715639062500001 0.37329744711538465 0.669250516826923
11 0.3275540745192308 0.40540187019230767 0.32859557211538465 0.44565487740384613 0.3736401826923077 0.44565487740384613 0.3724406923076923 0.4066860480769231 0.3275540745192308 0.40540187019230767
11 0.3280747884615384 0.44234494711538463 0.3291162860576923 0.4812099326923077 0.3757231538461539 0.4821352764423077 0.3754627644230769 0.44280762740384616 0.3280747884615384 0.44234494711538463
11 0.37396063701923077 0.5217832307692307 0.372919139423077 0.4819929014423077 0.32686270913461535 0.48367214423076926 0.3273537884615385 0.5213205600961538 0.37396063701923077 0.5217832307692307
11 0.3254167139423077 0.5209951730769231 0.3259374711538462 0.5593974615384615 0.37202356249999996 0.5584721009615385 0.37202356249999996 0.5200698125 0.3254167139423077 0.5209951730769231
11 0.37217234134615385 0.5950236875 0.37113084375 0.5575467403846154 0.3255654927884616 0.5584721009615385 0.3266069903846154 0.5964117548076924 0.37217234134615385 0.5950236875
11 0.3729906682692308 0.6340869375 0.3727303004807692 0.5966100096153846 0.3264786490384616 0.5972015961538462 0.3274253173076923 0.6350123317307692 0.3729906682692308 0.6340869375
11 0.37124242788461537 0.6705724278846154 0.37124242788461537 0.6340208605769231 0.32596734134615385 0.6337098677884616 0.3264582043269231 0.6696470865384616 0.37124242788461537 0.6705724278846154
11 0.37473890144230765 0.7072562259615385 0.37395777163461535 0.67024196875 0.32946422596153846 0.6706470504807692 0.3296942692307692 0.7077188990384615 0.37473890144230765 0.7072562259615385
11 0.3626873100961538 0.74572459375 0.3718003798076923 0.7443365456730769 0.3723211177884615 0.7452619230769231 0.3715399903846154 0.7077849927884615 0.32701613701923077 0.7068596153846154 0.3275368966346154 0.7452619230769231 0.3626873100961538 0.74572459375
11 0.2842405240384615 0.7052732740384615 0.28450091346153844 0.7427502043269231 0.3282436394230769 0.7432129110576924 0.32827396634615386 0.706626514423077 0.2842405240384615 0.7052732740384615
11 0.28295008653846154 0.4045121177884615 0.2837312139423077 0.4443024423076923 0.3287758076923077 0.4438397692307693 0.32880570192307695 0.4061443725961539 0.28295008653846154 0.4045121177884615
11 0.2828299399038462 0.4429143894230769 0.28335069951923075 0.481779375 0.32995754807692307 0.48224203846153846 0.3288158581730769 0.44433879567307694 0.2828299399038462 0.4429143894230769
11 0.28126768028846155 0.48177943990384614 0.2817884375 0.518331 0.3270933990384615 0.520644391826923 0.32751375 0.4819546009615384 0.28126768028846155 0.48177943990384614
11 0.28316182692307695 0.6687216874999999 0.28342219711538463 0.7061986514423076 0.32872717788461536 0.7080493365384615 0.32797637740384616 0.6701681802884616 0.28316182692307695 0.6687216874999999
11 0.2791818389423077 0.5180869182692308 0.2791818389423077 0.5569518966346154 0.3250075576923077 0.5569518966346154 0.32555797596153846 0.5204836682692308 0.2791818389423077 0.5180869182692308
11 0.2791074471153846 0.5529860576923077 0.27962818509615384 0.5932391009615384 0.32467279807692306 0.5941644254807692 0.3243118028846154 0.5548268822115385 0.2791074471153846 0.5529860576923077
11 0.32787166346153845 0.593106858173077 0.2807440745192308 0.5921814999999999 0.2815251826923077 0.6324345072115385 0.32683016586538466 0.6324345072115385 0.3268600600961538 0.5939290721153846 0.32787166346153845 0.593106858173077
11 0.2819715504807693 0.6306499134615385 0.28249231009615383 0.668126860576923 0.32675579326923077 0.668126860576923 0.32623503365384615 0.6315752572115384 0.2819715504807693 0.6306499134615385
11 0.2389469951923077 0.39721602884615387 0.23868662740384616 0.43561831971153847 0.2837312379807692 0.4379317091346154 0.28323281009615386 0.3997693701923077 0.2389469951923077 0.39721602884615387
11 0.2364233701923077 0.43643690625 0.2364233701923077 0.4729884831730769 0.28250946153846157 0.4771526033653846 0.2822714206730769 0.4368156586538462 0.2364233701923077 0.43643690625
11 0.2352416754807692 0.47252581009615385 0.23472091586538463 0.5132414807692307 0.2815881346153846 0.5150921850961538 0.28161024759615383 0.47616749999999997 0.2352416754807692 0.47252581009615385
11 0.2810788341346154 0.5119399014423076 0.23525309374999998 0.5114772115384615 0.23525309374999998 0.5508048605769231 0.27977696875 0.5531182524038462 0.28058018990384614 0.5124816586538462 0.2810788341346154 0.5119399014423076
11 0.23462078846153847 0.5504743677884615 0.23462078846153847 0.5902647067307693 0.2801861394230769 0.5921154086538462 0.2793619735576923 0.5517336418269231 0.23462078846153847 0.5504743677884615
11 0.28234350721153845 0.6254282836538461 0.2813020096153846 0.5888766802884615 0.2359970264423077 0.5879513197115385 0.23536075 0.5870345745192307 0.23729889423076925 0.625890920673077 0.28234350721153845 0.6254282836538461
11 0.2821947451923077 0.6648219951923077 0.28193435576923076 0.6264197067307692 0.23612361298076923 0.6251791009615384 0.2363690048076923 0.6634339831730769 0.2821947451923077 0.6648219951923077
11 0.28286426201923076 0.70210065625 0.28286426201923076 0.6655490697115384 0.23718402163461538 0.6654886346153847 0.2372989110576923 0.7002499375 0.28286426201923076 0.70210065625
11 0.28267828125 0.739048798076923 0.28267828125 0.7020345408653846 0.2376492980769231 0.7002607740384617 0.23841479807692306 0.7385861274038461 0.28267828125 0.739048798076923
11 0.19240022115384617 0.39540089423076924 0.19240022115384617 0.43472853846153847 0.23848632932692307 0.43796728125 0.23863137740384616 0.3986489567307692 0.19240022115384617 0.39540089423076924
11 0.19019706249999999 0.43437266346153847 0.1896763125 0.47184960096153844 0.23732464903846154 0.4764763822115385 0.2370138918269231 0.4385702932692308 0.19019706249999999 0.43437266346153847
11 0.18831436057692308 0.47081746394230767 0.18753324278846153 0.5106077764423077 0.23492121875 0.5143091971153846 0.23441479326923076 0.4761952644230769 0.18831436057692308 0.47081746394230767
11 0.19024571153846154 0.5100891826923077 0.18998534134615383 0.5489541610576923 0.23581107211538463 0.5517302235576923 0.23563038221153845 0.5147964759615384 0.19024571153846154 0.5100891826923077
11 0.18924141586538462 0.5489541538461539 0.18819992788461537 0.5855057403846154 0.2350671370192308 0.5901325048076923 0.23417048798076923 0.5524122091346154 0.18924141586538462 0.5489541538461539
11 0.18957617548076922 0.5856379182692307 0.19035729567307694 0.6235775192307693 0.23618302644230768 0.6268162692307692 0.23670376442307692 0.5888766706730769 0.18957617548076922 0.5856379182692307
11 0.18942738221153846 0.622586125 0.18942738221153846 0.6609883798076923 0.23525311298076923 0.6637644423076924 0.23552846153846152 0.6264363629807692 0.18942738221153846 0.622586125
11 0.1911384206730769 0.6612527475961538 0.1911384206730769 0.7005803966346154 0.23592265384615382 0.7019684447115384 0.23658889182692308 0.6650097836538461 0.1911384206730769 0.6612527475961538
11 0.19340738221153847 0.6986635961538461 0.19314700240384616 0.7356778533653846 0.2381916033653846 0.7379912451923077 0.2381916033653846 0.7023649999999999 0.19340738221153847 0.6986635961538461
11 0.70364590625 0.3496143894230769 0.7044270336538462 0.3898673798076923 0.7476489999999999 0.3880166610576923 0.7475078870192308 0.3511839975961539 0.70364590625 0.3496143894230769
11 0.7494478990384615 0.3514650745192308 0.7499686370192309 0.3130627860576923 0.7056220384615385 0.3135682572115384 0.7059655432692308 0.35100240384615383 0.7494478990384615 0.3514650745192308
11 0.7519332908653846 0.3171848701923077 0.7521936802884616 0.2787825817307692 0.7091495961538462 0.2784559278846154 0.7087113245192308 0.31348344711538456 0.7519332908653846 0.3171848701923077
11 0.7533771899038462 0.27831989182692307 0.7541582788461538 0.2422309951923077 0.7117174399038462 0.24038027403846154 0.7109363125 0.27739453125 0.7533771899038462 0.27831989182692307
11 0.7558388942307693 0.24294602403846152 0.7563596730769231 0.20500640625 0.7124048052884615 0.20428755528846151 0.7126169278846154 0.24248335336538462 0.7558388942307693 0.24294602403846152
11 0.7096581346153846 0.1647534230769231 0.7096581346153846 0.2040810625 0.7531404903846154 0.2063944543269231 0.7535863269230769 0.1695653341346154 0.7096581346153846 0.1647534230769231
11 0.7118594879807693 0.12614079567307693 0.7110783605769231 0.16546843509615383 0.7543003653846154 0.16916986538461537 0.7549416370192308 0.13243399759615385 0.7118594879807693 0.12614079567307693
11 0.711090264423077 0.09354512019230768 0.7108299158653846 0.12764487980769232 0.7553537475961538 0.13227166346153846 0.7558649735576922 0.0953969735576923 0.711090264423077 0.09354512019230768
11 0.6623294687500001 0.3475011634615385 0.6623294687500001 0.3868288125 0.7055514350961538 0.3854407620192308 0.7057284927884615 0.3496494735576923 0.6623294687500001 0.3475011634615385
11 0.7066166418269231 0.3513708269230769 0.7071373822115384 0.3134312283653846 0.6626533461538462 0.31231660336538464 0.6628738966346154 0.34998281490384614 0.7066166418269231 0.3513708269230769
11 0.6635366274038461 0.2743979903846154 0.6630158870192309 0.31233760817307693 0.707800110576923 0.3155763413461538 0.7078475144230769 0.27731151201923077 0.6635366274038461 0.2743979903846154
11 0.6647201346153846 0.24079071875 0.6644597451923077 0.2782676466346154 0.7074213629807692 0.2801184014423077 0.7081198076923076 0.24460824278846155 0.6647201346153846 0.24079071875
11 0.7098831057692307 0.24516511538461538 0.7109245841346153 0.2081508581730769 0.6661808461538462 0.20592936778846155 0.6661403605769232 0.24423975721153848 0.7098831057692307 0.24516511538461538
11 0.6662823509615384 0.16764551923076926 0.6655012644230769 0.20697315865384616 0.7100250961538461 0.20836118990384614 0.7107239735576923 0.17014403605769232 0.6662823509615384 0.16764551923076926
11 0.6677026177884616 0.13130423798076923 0.6669214903846155 0.16878115625 0.7111849735576924 0.17294527644230767 0.7117537644230769 0.13377997596153846 0.6677026177884616 0.13130423798076923
11 0.7121081490384615 0.13391205288461538 0.7121081490384615 0.09319635817307693 0.66775528125 0.09414526682692308 0.6673239278846155 0.1311359639423077 0.7121081490384615 0.13391205288461538
11 0.6622110697115384 0.34935187259615386 0.6197702115384616 0.34842653125 0.6189890841346154 0.38590345913461543 0.6619507211538462 0.38775418028846154 0.6623809951923078 0.3490707956730769 0.6622110697115384 0.34935187259615386
11 0.6225912091346154 0.20426919471153845 0.6223308389423077 0.24174614182692308 0.6650320865384616 0.244984875 0.6655926634615384 0.20685741586538461 0.6225912091346154 0.20426919471153845
11 0.6201962620192307 0.31006626923076924 0.6191547644230769 0.3470805264423077 0.6634182668269231 0.3493939182692308 0.6635234543269231 0.3118223846153846 0.6201962620192307 0.31006626923076924
11 0.6207406899038461 0.27305201201923074 0.6196991923076923 0.31006626923076924 0.6642230456730769 0.3123796610576923 0.6640680985576922 0.2759427548076923 0.6207406899038461 0.27305201201923074
11 0.6652408750000001 0.2769638173076923 0.6655012644230769 0.2394868701923077 0.6218567860576923 0.23842136298076924 0.6212377596153846 0.2755757668269231 0.6652408750000001 0.2769638173076923
11 0.6229183173076923 0.16558449278846155 0.622397576923077 0.20444946153846155 0.6666610432692307 0.20630018269230768 0.6665063100961538 0.16889235576923076 0.6229183173076923 0.16558449278846155
11 0.6234627451923077 0.13328114663461538 0.6232023774038461 0.17307146634615386 0.6664243822115385 0.17307146634615386 0.6664243822115385 0.1365198894230769 0.6234627451923077 0.13328114663461538
11 0.6232261033653846 0.09421811057692307 0.6232261033653846 0.1315566033653846 0.6656670024038461 0.1343326730769231 0.6662935745192308 0.09606996153846153 0.6232261033653846 0.09421811057692307
11 0.57605115625 0.3468281875 0.57605115625 0.38800651923076923 0.6187524038461538 0.38800651923076923 0.6186548052884615 0.35013390625 0.57605115625 0.3468281875
11 0.5782288413461538 0.31099162980769235 0.5777080817307693 0.3484685769230769 0.6201489591346154 0.3498565889423077 0.6204420336538461 0.31300256971153845 0.5782288413461538 0.31099162980769235
11 0.5767375769230769 0.2721687043269231 0.5754357091346154 0.3101083581730769 0.6183973245192308 0.31288438461538465 0.6194717451923076 0.27404085096153846 0.5767375769230769 0.2721687043269231
11 0.6219951971153846 0.2394868701923077 0.5785128413461538 0.23532277644230767 0.578252451923077 0.2755757668269231 0.6214744591346153 0.2769638173076923 0.6219631826923078 0.23960155048076923 0.6219951971153846 0.2394868701923077
11 0.5792939495192307 0.20057976201923078 0.5790335817307692 0.2380567091346154 0.6219951971153846 0.24175812980769232 0.6227763269230769 0.20381851201923076 0.5792939495192307 0.20057976201923078
11 0.5809508966346154 0.16310285817307693 0.5804301370192307 0.20243050721153846 0.6241728822115384 0.20520656971153844 0.6240759326923077 0.16629469951923076 0.5809508966346154 0.16310285817307693
11 0.5805234278846154 0.12885084375 0.5805234278846154 0.16714630048076923 0.6242333485576924 0.17023464423076923 0.624967798076923 0.13140945673076923 0.5805234278846154 0.12885084375
11 0.6255891225961538 0.13255687259615384 0.6259360192307692 0.09611441826923077 0.5820543269230769 0.0951440360576923 0.5815323028846154 0.13008619951923078 0.6255891225961538 0.13255687259615384
11 0.5371604471153846 0.09358845192307694 0.5364666346153846 0.1294132235576923 0.5822579495192307 0.13311922596153847 0.5822579495192307 0.09358845192307694 0.5371604471153846 0.09358845192307694
11 0.5364030072115384 0.12992025961538461 0.5360560961538462 0.16636273557692308 0.5794190913461539 0.16883338461538464 0.5799395264423077 0.13093373798076924 0.5364030072115384 0.12992025961538461
11 0.5798614519230769 0.2057828485576923 0.5812490721153846 0.16686971153846153 0.535936795673077 0.16430995673076923 0.5361515432692308 0.20331216586538461 0.5798614519230769 0.2057828485576923
11 0.5802401995192308 0.20140388221153846 0.5358364807692307 0.20140388221153846 0.5361833942307692 0.23908166826923075 0.5795463774038462 0.24217001201923075 0.580586375 0.20298884375 0.5802401995192308 0.20140388221153846
11 0.5791994495192307 0.2787230865384615 0.5798932716346153 0.24042762019230768 0.5358814855769231 0.23905701923076925 0.5358364519230769 0.2774877451923077 0.5791994495192307 0.2787230865384615
11 0.5763287716346154 0.31505489423076927 0.5780632908653847 0.27675942548076926 0.5343113004807692 0.27629128846153844 0.5333126875 0.3144372355769231 0.5763287716346154 0.31505489423076927
11 0.5770161298076923 0.3500300024038462 0.5773365841346154 0.3118768389423077 0.5328308173076923 0.3126233461538461 0.5331131490384615 0.3500300024038462 0.5770161298076923 0.3500300024038462
11 0.53325896875 0.3497749350961538 0.5329616274038462 0.3878939254807693 0.5766715168269231 0.3889527692307692 0.5771503389423077 0.35020986057692305 0.53325896875 0.3497749350961538
11 0.5331775913461538 0.39078338461538464 0.534069639423077 0.3521349735576923 0.4888730048076923 0.3473700913461538 0.48934602403846156 0.34886388221153847 0.4885756514423077 0.3844302163461538 0.5331775913461538 0.39078338461538464
11 0.5344483581730769 0.3550692644230769 0.5335563100961539 0.3164208605769231 0.48972474278846156 0.3118500961538461 0.48865702884615386 0.34924551682692306 0.5344483581730769 0.3550692644230769
11 0.5327988413461539 0.3176232764423077 0.5333935480769231 0.28003373798076925 0.4882232283653846 0.2754860625 0.4870075264423077 0.31232897115384617 0.5327988413461539 0.3176232764423077
11 0.5353376538461538 0.28075760817307693 0.5359323605769231 0.24052088701923077 0.49121283894230766 0.23710302163461539 0.48984368028846154 0.27440443990384616 0.5353376538461538 0.28075760817307693
11 0.53541903125 0.24465754567307693 0.5363110793269231 0.20706797836538463 0.49047548557692305 0.20208491346153845 0.4896277163461538 0.23989266586538463 0.53541903125 0.24465754567307693
11 0.5352563004807692 0.2084139831730769 0.5358509831730769 0.1702950216346154 0.4900900721153846 0.1663938798076923 0.48946496153846153 0.20259025721153845 0.5352563004807692 0.2084139831730769
11 0.5361765 0.16933491346153848 0.5370685480769231 0.1301570673076923 0.4916049783653846 0.12601513701923078 0.4909798653846154 0.16615832932692307 0.5361765 0.16933491346153848
11 0.5360137379807692 0.13419500240384616 0.5372031057692308 0.09713487259615385 0.4912195336538462 0.0943387860576923 0.4911144471153846 0.13207727163461538 0.5360137379807692 0.13419500240384616
11 0.4406308966346154 0.35288229567307694 0.43914416586538463 0.391001264423077 0.4828540576923077 0.391001264423077 0.48338028125 0.35351678846153844 0.4406308966346154 0.35288229567307694
11 0.44138827884615384 0.31567856490384616 0.4419829735576923 0.3527387307692308 0.48539553365384613 0.3543269759615385 0.4856257572115385 0.31514534855769233 0.44138827884615384 0.31567856490384616
11 0.48277876923076923 0.3170548605769231 0.4834032019230769 0.27962413942307696 0.4409605793269231 0.2799205072115385 0.44031772836538463 0.31779609374999995 0.48277876923076923 0.3170548605769231
11 0.4831402548076923 0.2841331899038461 0.48366101201923073 0.24434285096153846 0.44026936057692306 0.24596729086538463 0.4393975288461538 0.2827451586538462 0.4831402548076923 0.2841331899038461
11 0.4829982548076923 0.24665617788461539 0.4832586225961538 0.20917925 0.43921593028846156 0.21066630048076923 0.43977624759615386 0.24526814663461538 0.4829982548076923 0.24665617788461539
11 0.44157524278846155 0.17081904086538463 0.44053374519230765 0.20829596875 0.48479722836538464 0.20922132932692308 0.48567640865384615 0.17054719951923078 0.44157524278846155 0.17081904086538463
11 0.48491557692307696 0.17216499278846153 0.4856966875 0.1346880721153846 0.44048221153846157 0.13543481971153845 0.44065209375000003 0.17355302403846154 0.48491557692307696 0.17216499278846153
11 0.4863357451923077 0.13763240865384616 0.4865961346153846 0.09923011057692308 0.44129115384615386 0.09784207932692308 0.44077039423076925 0.09969279086538461 0.4410307836538462 0.1371697283653846 0.4863357451923077 0.13763240865384616
11 0.43899514903846154 0.1351086826923077 0.43899514903846154 0.09716906490384615 0.39499203365384616 0.09670638461538461 0.39525242307692304 0.1364967139423077 0.43899514903846154 0.1351086826923077
11 0.44143320192307695 0.13241673798076922 0.39769047836538457 0.13149137740384614 0.3963886105769231 0.13334210817307693 0.39718748798076925 0.1338744471153846 0.39716971874999996 0.1708190264423077 0.44065209375000003 0.1694309951923077 0.44143320192307695 0.13241673798076922
11 0.4407940841346154 0.20732850480769233 0.44027334615384617 0.16985157451923077 0.39653060096153847 0.17077693509615385 0.39600986298076923 0.20964189663461538 0.4407940841346154 0.20732850480769233
11 0.44077039423076925 0.24341744471153845 0.4405100264423077 0.2064031875 0.3975484086538461 0.20732853125 0.3975666298076923 0.20777278124999998 0.3972880384615385 0.24665617788461539 0.44077039423076925 0.24341744471153845
11 0.43979991826923076 0.2793381033653846 0.4395395480769231 0.24047314423076924 0.3962708485576923 0.24221217307692308 0.39631756250000005 0.2802634639423077 0.43979991826923076 0.2793381033653846
11 0.44133848557692307 0.3156373076923077 0.4410781153846154 0.27908573798076924 0.3975957403846154 0.27769768990384613 0.39735380769230766 0.27818607692307695 0.397075 0.3156373076923077 0.44133848557692307 0.3156373076923077
11 0.44183558173076926 0.3517261971153846 0.44183558173076926 0.3147119375 0.3987623173076923 0.31522308653846154 0.3980928365384615 0.35218886778846153 0.44183558173076926 0.3517261971153846
11 0.439160829326923 0.38853017548076924 0.4402023269230769 0.35059057451923076 0.39621765144230764 0.3515871730769231 0.39645958173076923 0.38853017548076924 0.439160829326923 0.38853017548076924
11 0.3968338557692308 0.3880034302884615 0.3968338557692308 0.3482130745192308 0.35422549278846155 0.35139852644230773 0.35361186778846154 0.38939144471153847 0.3968338557692308 0.3880034302884615
11 0.3975912644230769 0.3507368846153846 0.3975912644230769 0.3118718894230769 0.3543692788461538 0.31325993750000003 0.35433186057692306 0.3129517932692308 0.35462964903846156 0.35258756730769225 0.3975912644230769 0.3507368846153846
11 0.39797001201923077 0.31279723076923077 0.3964077764423077 0.2748576298076923 0.3534085240384615 0.2785762091346154 0.35422728846153845 0.3160359807692308 0.39797001201923077 0.31279723076923077
11 0.3984434206730769 0.2769186634615385 0.3974019423076923 0.24036707692307693 0.3541799375 0.24360582932692307 0.3539468677884615 0.24279087740384617 0.3541799375 0.2806201201923077 0.3984434206730769 0.2769186634615385
11 0.3537775192307692 0.2058764903846154 0.35455862740384614 0.24427877884615384 0.3983013725961539 0.24381610817307695 0.39729430769230767 0.2035332716346154 0.3537775192307692 0.2058764903846154
11 0.3975123149038462 0.20448455769230767 0.39687188701923076 0.16799461057692305 0.35275993990384613 0.16878801442307692 0.3530018629807692 0.20733533653846153 0.3975123149038462 0.20448455769230767
11 0.39719212980769225 0.17048087019230768 0.39815279567307693 0.13285058653846155 0.3514007956730769 0.13285058653846155 0.35268167788461535 0.13399090384615384 0.35268167788461535 0.17105102884615386 0.39719212980769225 0.17048087019230768
11 0.39704740624999996 0.1335236081730769 0.3973676201923077 0.09475301442307692 0.35229356009615387 0.09388392548076922 0.35317740625 0.1352340721153846 0.39704740624999996 0.1335236081730769
11 0.31067411778846155 0.3522316706730769 0.30907302163461536 0.3887216274038462 0.3539036875 0.3892917956730769 0.35371464423076926 0.35049048317307696 0.31067411778846155 0.3522316706730769
11 0.35358347355769226 0.35155869471153844 0.3539036875 0.3139284230769231 0.30964413221153847 0.31562947355769233 0.31003368990384617 0.35212884134615385 0.35358347355769226 0.35155869471153844
11 0.35413773798076925 0.31651749759615383 0.35285685576923076 0.2783170576923077 0.3087551923076923 0.2806113653846154 0.3096272860576923 0.31993842548076923 0.35413773798076925 0.31651749759615383
11 0.3522164038461538 0.28137355048076923 0.35189618990384613 0.2437432764423077 0.30715262740384613 0.24563260817307692 0.3080261899038461 0.28137355048076923 0.3522164038461538 0.28137355048076923
11 0.35169301442307693 0.24182707932692307 0.35169301442307693 0.20533711057692308 0.3065421105769231 0.20704758653846153 0.30622189423076923 0.24410771153846153 0.35169301442307693 0.24182707932692307
11 0.3514897860576923 0.20715045192307693 0.3514897860576923 0.16895 0.30706496875 0.1701732548076923 0.3076197860576923 0.20715045192307693 0.3514897860576923 0.20715045192307693
11 0.35116957211538463 0.17143626442307694 0.3508493581730769 0.13437613942307694 0.3062636875 0.13376990625 0.3066591201923077 0.1737168653846154 0.35116957211538463 0.17143626442307694
11 0.30747509134615386 0.0966430360576923 0.30779530528846155 0.1337031826923077 0.35230575721153845 0.13484347836538463 0.35267231009615385 0.09605991346153846 0.30747509134615386 0.0966430360576923
11 0.31149008894230773 0.39214260096153847 0.3118103028846154 0.35508247596153847 0.2683123701923077 0.35547626442307695 0.2679403052884615 0.3910023293269231 0.31149008894230773 0.39214260096153847
11 0.3106464326923077 0.3530634951923077 0.3116070985576923 0.3171436875 0.26645620673076925 0.3160033701923077 0.26626531971153844 0.31713249759615386 0.2667764206730769 0.35534410576923076 0.3106464326923077 0.3530634951923077
11 0.30916237740384617 0.31734934855769226 0.3110836850961538 0.28142953846153845 0.2654202235576923 0.2828659399038461 0.2652923653846154 0.3179194951923077 0.30916237740384617 0.31734934855769226
11 0.30936691105769226 0.28051515625 0.30904669711538457 0.24231473798076925 0.2634170192307692 0.24305842307692307 0.2635756009615385 0.2816554735576923 0.30936691105769226 0.28051515625
11 0.3074455721153846 0.24614696153846155 0.30712535817307696 0.20737637259615382 0.2630163485576923 0.20871331730769233 0.2622946923076923 0.24842759374999998 0.3074455721153846 0.24614696153846155
11 0.30680517307692307 0.20975982451923075 0.30744560096153845 0.1744101971153846 0.26221509615384614 0.17306151923076923 0.26229472115384617 0.20975982451923075 0.30680517307692307 0.20975982451923075
11 0.3078242908653846 0.1754944855769231 0.30622319711538465 0.14014482451923077 0.2626734110576923 0.13957467548076924 0.2621931442307692 0.1393894158653846 0.2626734110576923 0.17720494951923077 0.3078242908653846 0.1754944855769231
11 0.3079998413461539 0.137817375 0.30767962740384613 0.09961693509615385 0.2633293605769231 0.09688995432692307 0.2634894134615385 0.13724721874999998 0.3079998413461539 0.137817375
11 0.2671256610576923 0.3916955552884615 0.26840654326923075 0.35463540625 0.22346246875 0.35060828125000004 0.2222949951923077 0.3877044591346154 0.2671256610576923 0.3916955552884615
11 0.22037370192307693 0.3142571586538461 0.21973327403846155 0.3513172860576923 0.26456392788461536 0.35245757932692307 0.2647285216346154 0.3163809471153846 0.22037370192307693 0.3142571586538461
11 0.26398197596153844 0.31633222836538466 0.26430218990384613 0.2798422067307692 0.21883108413461538 0.27813174278846153 0.21915129807692307 0.3146217211538461 0.26398197596153844 0.31633222836538466
11 0.21714379807692305 0.24262320673076923 0.21618314423076923 0.2813938173076923 0.26037338221153844 0.2808236490384615 0.26133402403846157 0.2443336923076923 0.21714379807692305 0.24262320673076923
11 0.21676507932692307 0.20660057451923078 0.2164448653846154 0.24195020432692307 0.26095530528846156 0.24423083653846153 0.2622369879807692 0.20594283653846152 0.21676507932692307 0.20660057451923078
11 0.2179012668269231 0.17031624759615382 0.2179012668269231 0.20737637259615382 0.2630521586538462 0.2096570048076923 0.2637738173076923 0.17025177884615386 0.2179012668269231 0.17031624759615382
11 0.2619159735576923 0.17202672115384615 0.2619159735576923 0.1338263028846154 0.2165639110576923 0.13463924278846154 0.21580442548076922 0.17145656490384614 0.2619159735576923 0.17202672115384615
11 0.21993961538461537 0.09717747836538462 0.21897894711538463 0.13651824519230768 0.2634894134615385 0.13879884615384613 0.2633293605769231 0.09886964903846153 0.21993961538461537 0.09717747836538462
11 0.7107443461538462 0.05583525961538461 0.7109893822115385 0.09284950721153845 0.7536293822115384 0.09633321634615385 0.7540441129807692 0.06111111057692308 0.7107443461538462 0.05583525961538461
11 0.7114795264423077 0.09720412740384615 0.7114795264423077 0.058448031250000004 0.6681043629807693 0.056270721153846154 0.6671241298076923 0.09415590625 0.7114795264423077 0.09720412740384615
11 0.6678592908653846 0.09676867067307691 0.6678592908653846 0.057577103365384616 0.6241421514423077 0.05620915144230769 0.6247292019230769 0.09502681730769232 0.6678592908653846 0.09676867067307691
11 0.6247292019230769 0.09546228846153845 0.625219326923077 0.056270721153846154 0.58063725 0.0567538125 0.5813540576923077 0.09328498076923078 0.6247292019230769 0.09546228846153845
11 0.5823342908653847 0.09546228846153845 0.5813540576923077 0.05714165625 0.5377450913461538 0.05457516346153846 0.5369986802884615 0.09372043509615385 0.5823342908653847 0.09546228846153845
11 0.5387140745192307 0.09851052644230769 0.5384690216346154 0.060189877403846154 0.4945465625 0.05729847596153846 0.49362351923076925 0.09284950721153845 0.5387140745192307 0.09851052644230769
11 0.4386229639423077 0.059638514423076924 0.4373976778846154 0.10013647355769231 0.48150800240384617 0.10144285576923077 0.4822916610576923 0.06546841105769231 0.4386229639423077 0.059638514423076924
11 0.4388680384615385 0.09839461778846154 0.4383779302884615 0.05876760576923076 0.3952818581730769 0.0600217860576923 0.3952478221153846 0.09752369230769231 0.4388680384615385 0.09839461778846154
11 0.39573794711538457 0.09752369230769231 0.395492875 0.059638514423076924 0.3523896995192307 0.059477125000000006 0.35187267788461535 0.09926554567307691 0.39573794711538457 0.09752369230769231
11 0.35236278605769233 0.09752369230769231 0.3528529110576923 0.059638514423076924 0.3082720528846154 0.0600217860576923 0.30898764182692307 0.09839461778846154 0.35236278605769233 0.09752369230769231
11 0.30898764182692307 0.10144285576923077 0.3097228028846154 0.06312222355769231 0.2656862692307692 0.06111111057692308 0.2648773173076923 0.09926554567307691 0.30898764182692307 0.10144285576923077
11 0.26512237259615384 0.10013647355769231 0.2661026057692308 0.06138036057692308 0.22101204807692307 0.06094491346153846 0.22125710336538462 0.09926554567307691 0.26512237259615384 0.10013647355769231