11 0.2196004543269231 0.06278915625 0.26655381490384616 0.06426654807692309 0.26655381490384616 0.021422182692307692 0.22105476201923077 0.02253022596153846 0.2196004543269231 0.06278915625
11 0.26519340865384616 0.020799483173076925 0.2650434110576923 0.06319843028846153 0.31064227884615386 0.06186512980769231 0.30944230769230774 0.022399442307692308 0.26519340865384616 0.020799483173076925
11 0.3085423317307692 0.017066242788461538 0.3083923341346154 0.05919852884615385 0.3544411899038461 0.05919852884615385 0.35474118269230764 0.01786622355769231 0.3085423317307692 0.017066242788461538
11 0.3533912163461539 0.01626626201923077 0.3523412427884616 0.05733190865384615 0.39809010576923076 0.05653192788461539 0.3979401081730769 0.01626626201923077 0.3533912163461539 0.01626626201923077
11 0.3970401322115385 0.015199622596153846 0.39569016586538464 0.055998608173076926 0.4406890456730769 0.05546528846153846 0.4421890096153846 0.01546628125 0.3970401322115385 0.015199622596153846
11 0.44083904326923073 0.014932961538461539 0.43918908413461544 0.05653192788461539 0.4841879663461538 0.058665209134615384 0.4858379254807692 0.01679958173076923 0.44083904326923073 0.014932961538461539
11 0.2653615216346154 0.05831505288461539 0.22015333894230768 0.05868886538461538 0.21868144471153844 0.09943463942307693 0.26515125 0.09868700961538461 0.2653615216346154 0.05831505288461539
11 0.2649409807692308 0.09420123798076922 0.2191019855769231 0.096444125 0.21868144471153844 0.13644226923076924 0.26452043990384616 0.13606845432692308 0.2649409807692308 0.09420123798076922
11 0.2647307091346154 0.13345175240384616 0.21741981971153848 0.13345175240384616 0.21847117307692307 0.17344989663461538 0.26452043990384616 0.17232845432692306 0.2647307091346154 0.13345175240384616
11 0.26409989903846154 0.16859031009615383 0.2188917139423077 0.16933793990384613 0.21720955048076923 0.2104575264423077 0.26388962740384614 0.20933608413461538 0.26409989903846154 0.16859031009615383
11 0.2636793557692308 0.205224125 0.21657873798076924 0.20746701201923076 0.21720955048076923 0.24596989903846153 0.2636793557692308 0.24634371153846152 0.2636793557692308 0.205224125
11 0.26788476923076926 0.24223175240384617 0.22267658653846154 0.24111031009615386 0.21994306730769228 0.2822298990384616 0.2668334158653846 0.28596804326923075 0.26788476923076926 0.24223175240384617
11 0.2695669350961538 0.2796131971153846 0.22267658653846154 0.2784917548076923 0.22330739663461538 0.3192375264423077 0.26914639182692307 0.3218542283653846 0.2695669350961538 0.2796131971153846
11 0.2729312644230769 0.3162470120192308 0.22667172836538463 0.3154993822115385 0.22393820913461537 0.3569927860576923 0.27230045192307695 0.35774041346153845 0.2729312644230769 0.3162470120192308
11 0.3160367403846154 0.31736845432692307 0.2712490985576923 0.314004125 0.2699874759615385 0.3566189711538461 0.31666755288461534 0.3584880432692307 0.3160367403846154 0.31736845432692307
11 0.35893194711538456 0.3136303100961539 0.3143545769230769 0.31437793990384616 0.3130929519230769 0.35474989903846155 0.3599833004807692 0.35587134134615384 0.35893194711538456 0.3136303100961539
11 0.3137237644230769 0.2747536081730769 0.3130929519230769 0.31736845432692307 0.35935248798076924 0.31587319711538464 0.35935248798076924 0.2758750528846154 0.3137237644230769 0.2747536081730769
11 0.3162470120192308 0.3211065985576923 0.31477511778846157 0.27811793990384615 0.26893612259615385 0.2784917548076923 0.26872585096153845 0.3211065985576923 0.3162470120192308 0.3211065985576923
11 0.2670436875 0.24335319711538464 0.2670436875 0.2855942283653846 0.3130929519230769 0.28634185576923077 0.3126724110576923 0.2407364951923077 0.2670436875 0.24335319711538464
11 0.3120415985576923 0.23961505288461538 0.31077997596153845 0.2807346394230769 0.3574600528846154 0.2792393822115385 0.35788059375000003 0.23886742307692307 0.3120415985576923 0.23961505288461538
11 0.2647307091346154 0.2070931971153846 0.2666231442307692 0.2493342283653846 0.3126724110576923 0.24671752644230768 0.31120051682692307 0.2044764951923077 0.2647307091346154 0.2070931971153846
11 0.3103594350961538 0.20185979567307694 0.3103594350961538 0.24410082451923076 0.35619843028846154 0.24372701201923078 0.35598815865384614 0.2026074230769231 0.3103594350961538 0.20185979567307694
11 0.26409989903846154 0.1700855673076923 0.26388962740384614 0.21008371153846153 0.30993889182692314 0.21344804086538463 0.31077997596153845 0.168964125 0.26409989903846154 0.1700855673076923
11 0.3088875408653846 0.1663474230769231 0.30846699759615387 0.20896226923076922 0.3534649110576923 0.20746701201923076 0.3557778870192308 0.16522598076923078 0.3088875408653846 0.1663474230769231
11 0.26409989903846154 0.1338255673076923 0.26388962740384614 0.17606659855769233 0.3093080817307692 0.17569278365384616 0.3101491634615385 0.13233031009615384 0.26409989903846154 0.1338255673076923
11 0.26388962740384614 0.096444125 0.2634690865384615 0.1379375264423077 0.3086772692307692 0.14018041346153848 0.3093080817307692 0.0968179375 0.26388962740384614 0.096444125
11 0.3086772692307692 0.1300874230769231 0.3078361875 0.16971175240384614 0.35430599278846153 0.17045938221153845 0.3549368052884615 0.1285921658653846 0.3086772692307692 0.1300874230769231
11 0.3086772692307692 0.09233216586538462 0.307205375 0.1330779375 0.3536751826923077 0.1330779375 0.3555676177884616 0.09270598076923077 0.3086772692307692 0.09233216586538462
11 0.3078361875 0.0534554639423077 0.3078361875 0.096444125 0.3540957235576923 0.096444125 0.35388545192307697 0.05457690625 0.3078361875 0.0534554639423077
11 0.26354709375 0.061054884615384615 0.2633368245192308 0.10142684375000001 0.3093860889423077 0.10030539903846154 0.3093860889423077 0.05843818269230769 0.26354709375 0.061054884615384615
11 0.3991993798076923 0.052872526442307693 0.35441115625 0.05318724519230769 0.35388007211538464 0.09598881490384616 0.4006156081730769 0.09347107451923077 0.3991993798076923 0.052872526442307693
11 0.44310246153846156 0.05350196153846154 0.39796018028846153 0.05381668028846154 0.39742909374999996 0.09472994471153846 0.44363354567307695 0.09284163942307691 0.44310246153846156 0.05350196153846154
11 0.48912988461538465 0.05381668028846154 0.44434166105769235 0.052872526442307693 0.4415092043269231 0.09598881490384616 0.4898379975961538 0.09630353125 0.48912988461538465 0.05381668028846154
11 0.4006156081730769 0.0900091826923077 0.35618144230769233 0.08906503125000001 0.35494224278846154 0.13281075240384616 0.40096966586538463 0.1321813173076923 0.4006156081730769 0.0900091826923077
11 0.44451868990384613 0.0874914423076923 0.39955343749999994 0.09189748798076923 0.39866829567307693 0.13155188221153846 0.44522680288461536 0.13186660096153846 0.44451868990384613 0.0874914423076923
11 0.48948393990384614 0.09189748798076923 0.44434166105769235 0.09221220432692309 0.44239434615384615 0.13312546875 0.49019205528846155 0.13312546875 0.48948393990384614 0.09189748798076923
11 0.40167778125000003 0.1268311201923077 0.3552963004807692 0.12871942548076923 0.3558273846153846 0.16805910336538463 0.4015007524038462 0.16774438701923078 0.40167778125000003 0.1268311201923077
11 0.44593491826923076 0.1271458389423077 0.39884532451923077 0.12903414423076923 0.3984912668269231 0.1683738221153846 0.44451868990384613 0.1671149519230769 0.44593491826923076 0.1271458389423077
11 0.4905461129807692 0.12966357692307692 0.44434166105769235 0.12903414423076923 0.4415092043269231 0.1690032548076923 0.48966096875 0.16868853846153845 0.4905461129807692 0.12966357692307692
11 0.4007926370192308 0.16491193028846154 0.3558273846153846 0.1661707980769231 0.3551192716346154 0.2048810408653846 0.40096966586538463 0.20299273798076925 0.4007926370192308 0.16491193028846154
11 0.4439876033653846 0.16428249519230767 0.39973046634615383 0.16459721153846155 0.39884532451923077 0.20362217307692307 0.44434166105769235 0.20330745432692307 0.4439876033653846 0.16428249519230767
11 0.4898379975961538 0.1658560817307692 0.4439876033653846 0.1671149519230769 0.4434565168269231 0.20582519471153848 0.48948393990384614 0.20425160817307694 0.4898379975961538 0.1658560817307692
11 0.40096966586538463 0.20110443269230768 0.35635847115384617 0.20362217307692307 0.35635847115384617 0.24170298076923077 0.40185480769230775 0.23981467548076923 0.40096966586538463 0.20110443269230768
11 0.44664303125000004 0.19984556250000002 0.40096966586538463 0.20204858413461538 0.4007926370192308 0.24107354567307693 0.4457578894230769 0.24170298076923077 0.44664303125000004 0.19984556250000002
11 0.4889528557692308 0.20236330288461538 0.4450497740384615 0.20204858413461538 0.44292543269230766 0.23981467548076923 0.4898379975961538 0.24138826201923078 0.4889528557692308 0.20236330288461538
11 0.40256292307692304 0.23792637019230767 0.35742064182692307 0.23887052403846154 0.3570665865384616 0.27726604807692307 0.4032710360576923 0.27758076682692306 0.40256292307692304 0.23792637019230767
11 0.44522680288461536 0.2382410889423077 0.40167778125000003 0.2394999591346154 0.4006156081730769 0.27695133173076925 0.44664303125000004 0.27695133173076925 0.44522680288461536 0.2382410889423077
11 0.4898379975961538 0.23918524038461536 0.44469571874999997 0.2394999591346154 0.4441646322115385 0.27821020192307694 0.49001502644230766 0.27852491826923076 0.4898379975961538 0.23918524038461536
11 0.40256292307692304 0.2728600048076923 0.3581287572115385 0.27474831009615386 0.35777469951923074 0.31408798798076926 0.4020318365384616 0.3144027043269231 0.40256292307692304 0.2728600048076923
11 0.44593491826923076 0.274118875 0.40220886538461537 0.27317472355769234 0.40026155288461535 0.3128291177884615 0.4468200600961539 0.31408798798076926 0.44593491826923076 0.274118875
11 0.4910771971153846 0.2753777451923077 0.44664303125000004 0.27600718028846155 0.4457578894230769 0.3134585528846153 0.4910771971153846 0.3144027043269231 0.4910771971153846 0.2753777451923077
11 0.4030940096153846 0.3106260961538462 0.3583057860576923 0.31157024759615387 0.3579517283653846 0.3521687956730769 0.4030940096153846 0.3524835120192308 0.4030940096153846 0.3106260961538462
11 0.44646600240384615 0.31188496634615387 0.4023858942307692 0.31125553125 0.39973046634615383 0.3499657740384615 0.4468200600961539 0.3524835120192308 0.44646600240384615 0.31188496634615387
11 0.4898379975961538 0.31094081250000005 0.4455808605769231 0.3128291177884615 0.4434565168269231 0.35122464423076927 0.49001502644230766 0.3515393605769231 0.4898379975961538 0.31094081250000005
11 0.4958462451923077 0.006301461538461539 0.4950585625 0.049711528846153846 0.5427133653846153 0.05251217788461538 0.5442887307692308 0.00980227403846154 0.4958462451923077 0.006301461538461539
11 0.58669125 0.00874638701923077 0.5416746899038462 0.006122471153846154 0.5401987355769231 0.04985440625 0.5874292259615385 0.05072904567307693 0.58669125 0.00874638701923077
11 0.6304778509615385 0.006559790865384616 0.5852152980769231 0.004810512019230769 0.5849693052884615 0.04854244951923077 0.6317078125000001 0.05029172596153846 0.6304778509615385 0.006559790865384616
11 0.6745104447115384 0.006997110576923078 0.6292478894230769 0.0026239158653846156 0.6280179302884614 0.04504389423076923 0.6754944110576923 0.04985440625 0.6745104447115384 0.006997110576923078
11 0.7197729975961539 0.005247831730769231 0.6722965144230769 0.0017492764423076923 0.6727884975961539 0.04504389423076923 0.7195270048076924 0.04854244951923077 0.7197729975961539 0.005247831730769231
11 0.7633136057692307 0.006559790865384616 0.7170670841346154 0.0017492764423076923 0.7160831153846154 0.04329461538461539 0.7618376538461539 0.04854244951923077 0.7633136057692307 0.006559790865384616
11 0.7644725961538461 0.04258056971153846 0.7187668461538461 0.03906474278846154 0.7185471081730769 0.08008272115384615 0.7646923341346153 0.08477049038461539 0.7644725961538461 0.04258056971153846
11 0.5420570312499999 0.047066026442307694 0.4956142307692308 0.0446728389423077 0.4947167860576923 0.08575589423076924 0.5418326706730769 0.0889468125 0.5420570312499999 0.047066026442307694
11 0.5867049423076923 0.045071704326923076 0.5411595865384615 0.04347624519230769 0.5400377788461539 0.08735135336538462 0.5880511081730769 0.08775021875000001 0.5867049423076923 0.045071704326923076
11 0.6309041274038462 0.043875108173076924 0.5869293028846154 0.04068419230769231 0.5846856899038462 0.0841604375 0.6324746586538462 0.08495816586538461 0.6309041274038462 0.043875108173076924
11 0.6746545913461539 0.043875108173076924 0.6297823221153845 0.041880786057692306 0.6282117908653846 0.08336270673076923 0.6753276754807692 0.08535703124999999 0.6746545913461539 0.043875108173076924
11 0.7193025024038462 0.04347624519230769 0.6730840625 0.04227965144230769 0.6724109783653845 0.0841604375 0.7193025024038462 0.08695249038461537 0.7193025024038462 0.04347624519230769
11 0.5415869302884615 0.08598638221153847 0.4949166899038462 0.0825921826923077 0.4940681394230769 0.12219117548076924 0.5413747932692308 0.12671677403846154 0.5415869302884615 0.08598638221153847
11 0.5415869302884615 0.12332257692307692 0.4955531033653846 0.11804270913461538 0.49321959134615384 0.1602816346153846 0.5409505192307692 0.16518436778846152 0.5415869302884615 0.12332257692307692
11 0.5409505192307692 0.16179016826923076 0.4951288269230769 0.1557560360576923 0.49343172836538457 0.1964864278846154 0.5405262451923076 0.2032748269230769 0.5409505192307692 0.16179016826923076
11 0.5409505192307692 0.19799496153846155 0.4957652403846154 0.19309222836538462 0.49385600240384614 0.2341997548076923 0.5413747932692308 0.24098815384615382 0.5409505192307692 0.19799496153846155
11 0.5388291442307692 0.23797108653846152 0.4942802788461539 0.22967415384615386 0.49321959134615384 0.27153594711538465 0.5396776947115385 0.27606154567307695 0.5388291442307692 0.23797108653846152
11 0.5407383822115385 0.27266734615384614 0.4942802788461539 0.26701034855769235 0.49321959134615384 0.30849500721153844 0.5398898317307692 0.3137748725961539 0.5407383822115385 0.27266734615384614
11 0.5411626562499999 0.30962640625 0.4957652403846154 0.30396940625 0.4930074543269231 0.34658546634615384 0.5403141057692308 0.3526195985576923 0.5411626562499999 0.30962640625
11 0.5866312908653846 0.08368463942307693 0.5406688846153846 0.08052672836538462 0.5411129663461538 0.12315852403846154 0.58640925 0.12473748076923076 0.5866312908653846 0.08368463942307693
11 0.58640925 0.12039535336538461 0.5411129663461538 0.1172374423076923 0.5395586826923077 0.1602639783653846 0.5855210889423077 0.1618429326923077 0.58640925 0.12039535336538461
11 0.5852990480769231 0.1594745 0.54044684375 0.15473763461538462 0.5393366418269231 0.19815890865384617 0.5857431274038462 0.20052734134615385 0.5852990480769231 0.1594745
11 0.5859651682692307 0.19539573557692308 0.5408909254807692 0.1934220432692308 0.5391146009615384 0.2360538389423077 0.5850770072115384 0.2368433173076923 0.5859651682692307 0.19539573557692308
11 0.5848549663461539 0.23408014423076923 0.5386705192307693 0.23329066826923078 0.5402248028846154 0.2727645528846154 0.5848549663461539 0.27513298557692306 0.5848549663461539 0.23408014423076923
11 0.5844108846153846 0.26960664182692307 0.5395586826923077 0.2676329471153846 0.5373382764423077 0.30908052884615383 0.5844108846153846 0.31223843990384614 0.5844108846153846 0.26960664182692307
11 0.5828566009615385 0.30710683413461537 0.5384484783653846 0.3059226177884615 0.5382264375 0.3477649375 0.5835227235576923 0.3477649375 0.5828566009615385 0.30710683413461537
11 0.6314834951923077 0.08171094471153847 0.5848549663461539 0.08131620432692307 0.5850770072115384 0.12000061298076922 0.6308173725961539 0.12276378605769231 0.6314834951923077 0.08171094471153847
11 0.63015125 0.11921113701923078 0.5850770072115384 0.11644796394230769 0.5844108846153846 0.15671132692307693 0.6308173725961539 0.16065871634615383 0.63015125 0.11921113701923078
11 0.6299292091346154 0.1578955456730769 0.5835227235576923 0.1555271105769231 0.5846329254807693 0.1961852139423077 0.6290410480769231 0.19776417067307694 0.6299292091346154 0.1578955456730769
11 0.6292630889423076 0.1942115192307692 0.5839668028846154 0.19223782451923077 0.5819684375 0.23250118990384616 0.6288190072115385 0.23486962259615385 0.6292630889423076 0.1942115192307692
11 0.6285969663461538 0.23092223317307692 0.5833006826923077 0.2289485408653846 0.5835227235576923 0.26960664182692307 0.6288190072115385 0.2711855985576923 0.6285969663461538 0.23092223317307692
11 0.6290410480769231 0.2680276875 0.583078641826923 0.2648697764423077 0.5806361947115385 0.3075015721153846 0.6277088028846154 0.3078963125 0.6290410480769231 0.2680276875
11 0.6272647235576922 0.3059226177884615 0.5817463966346154 0.30315944471153844 0.5819684375 0.34500176442307695 0.6270426826923077 0.3430280697115385 0.6272647235576922 0.3059226177884615
11 0.6740705504807691 0.08259556009615385 0.6298133942307692 0.08045946875 0.6284115841346154 0.12175724759615385 0.6744710673076924 0.12424935576923077 0.6740705504807691 0.08259556009615385
11 0.6732695168269232 0.11962115625 0.6288121009615384 0.1174850625 0.6268095144230769 0.1580708125 0.6732695168269232 0.16198698076923077 0.6732695168269232 0.11962115625
11 0.7195292596153846 0.08188352884615384 0.6742708100961539 0.08010345192307693 0.6730692572115384 0.12175724759615385 0.7193290024038461 0.12318130769230769 0.7195292596153846 0.08188352884615384
11 0.7643871923076924 0.08010345192307693 0.7187282259615385 0.07725532932692307 0.71712615625 0.11677303365384616 0.7637864182692307 0.12104521634615385 0.7643871923076924 0.08010345192307693
11 0.7183277091346153 0.12033318509615384 0.6726687403846154 0.11819709375000001 0.6720679639423076 0.1598508894230769 0.7185279663461538 0.16056292067307693 0.7183277091346153 0.12033318509615384
11 0.7633859014423077 0.11819709375000001 0.71712615625 0.11321287980769232 0.716725639423077 0.15557870432692308 0.7617838317307692 0.15878284375 0.7633859014423077 0.11819709375000001
11 0.6734697740384615 0.1591388581730769 0.629012358173077 0.15522268990384613 0.6270097716346155 0.19509640865384614 0.6738702932692308 0.19794453125 0.6734697740384615 0.1591388581730769
11 0.7197295192307693 0.15664675 0.6732695168269232 0.15593472115384616 0.6720679639423076 0.19616445432692306 0.7189284831730769 0.1997246081730769 0.7197295192307693 0.15664675
11 0.7655887451923077 0.15522268990384613 0.7203302956730769 0.1523745673076923 0.7189284831730769 0.1915362548076923 0.7641869350961539 0.19580843990384617 0.7655887451923077 0.15522268990384613
11 0.6732695168269232 0.19260430048076924 0.6280110649038462 0.1915362548076923 0.6268095144230769 0.2306979423076923 0.6730692572115384 0.23283403365384617 0.6732695168269232 0.19260430048076924
11 0.7179271899038462 0.19545242307692307 0.6722682235576923 0.19224828605769229 0.6708664134615384 0.2314099735576923 0.7175266730769232 0.23497012740384615 0.7179271899038462 0.19545242307692307
11 0.7643871923076924 0.1901121923076923 0.7195292596153846 0.18904414663461538 0.7179271899038462 0.22927388221153844 0.7635861586538462 0.23176598798076925 0.7643871923076924 0.1901121923076923
11 0.6718405913461538 0.2302637355769231 0.6263591105769231 0.22630882451923076 0.6258647451923077 0.2702522860576923 0.6718405913461538 0.2702522860576923 0.6718405913461538 0.2302637355769231
11 0.7155918004807693 0.2302637355769231 0.6708518653846153 0.2276271298076923 0.6701103173076923 0.26673681009615385 0.7173220745192308 0.26981285096153845 0.7155918004807693 0.2302637355769231
11 0.7652753774038461 0.22850599759615384 0.7170748918269231 0.22455108653846154 0.7163333461538461 0.2654185048076923 0.7632979206730769 0.26981285096153845 0.7652753774038461 0.22850599759615384
11 0.6713462283653846 0.266297375 0.6256175649038462 0.2645396370192308 0.6241344711538462 0.3045281850961538 0.6718405913461538 0.3067253581730769 0.6713462283653846 0.266297375
11 0.7146030721153847 0.2654185048076923 0.669615954326923 0.2627818990384615 0.6693687716346154 0.3054070552884615 0.7148502548076923 0.3067253581730769 0.7146030721153847 0.2654185048076923
11 0.7600845552884615 0.2645396370192308 0.7131199807692308 0.26146359375 0.7133671634615385 0.3036493173076923 0.7600845552884615 0.3054070552884615 0.7600845552884615 0.2645396370192308
11 0.6706046826923077 0.30189157932692307 0.6258647451923077 0.29969440625 0.6246288365384616 0.3436378653846154 0.6708518653846153 0.34495617067307693 0.6706046826923077 0.30189157932692307
11 0.7146030721153847 0.30189157932692307 0.6678856802884615 0.30145214423076927 0.6678856802884615 0.34495617067307693 0.7138615264423076 0.3453956057692308 0.7146030721153847 0.30189157932692307
11 0.7571183725961539 0.30057327403846157 0.7118840721153846 0.2974972331730769 0.7111425264423077 0.34319843269230765 0.7576127355769231 0.3427589975961538 0.7571183725961539 0.30057327403846157
11 0.19614350240384615 0.36224700961538464 0.19316159134615385 0.40465641586538464 0.24352275961538464 0.40936857211538463 0.24484805528846154 0.3646030865384615 0.19614350240384615 0.36224700961538464
11 0.2412034951923077 0.403478375 0.1944868846153846 0.40053327884615386 0.19117364903846154 0.44412072355769233 0.24286011298076923 0.44529876201923074 0.2412034951923077 0.403478375
11 0.2395468798076923 0.4417646442307692 0.1921676201923077 0.4382305288461538 0.18918570913461538 0.4818179735576923 0.24020952644230767 0.4847630697115385 0.2395468798076923 0.4417646442307692
11 0.2408721730769231 0.48005091346153844 0.19382423798076923 0.47416071875 0.1915049735576923 0.5195152235576923 0.2431914375 0.5224603197115385 0.2408721730769231 0.48005091346153844
11 0.2405408485576923 0.518926204326923 0.1944868846153846 0.5148030673076923 0.19017968028846152 0.5554454134615384 0.24219746634615386 0.5607465889423077 0.2405408485576923 0.518926204326923
11 0.24153481971153848 0.5554454134615384 0.19514953124999998 0.54955521875 0.19249894471153844 0.5954987427884615 0.24352275961538464 0.5978548197115384 0.24153481971153848 0.5554454134615384
11 0.2431914375 0.594320701923077 0.19349291346153846 0.5890195264423077 0.19382423798076923 0.6331959903846154 0.24418540865384616 0.636730108173077 0.2431914375 0.594320701923077
11 0.2431914375 0.6284838341346154 0.19548085576923077 0.6267167764423077 0.19581217788461538 0.67207128125 0.24517937740384615 0.6732493197115385 0.2431914375 0.6284838341346154
11 0.2465046730769231 0.6679481442307692 0.19879409134615383 0.6638250072115385 0.1981314423076923 0.7097685288461538 0.24849261298076925 0.7121246081730769 0.2465046730769231 0.6679481442307692
11 0.24111440625000002 0.3601039158653846 0.23971745192307692 0.40182630288461535 0.28972843509615387 0.40381308173076924 0.28916965384615384 0.36159400240384615 0.24111440625000002 0.3601039158653846
11 0.28889026201923074 0.40132960576923077 0.24111440625000002 0.39586596153846154 0.23887927884615384 0.44056851682692305 0.28972843509615387 0.4440453822115385 0.28889026201923074 0.40132960576923077
11 0.28693452644230766 0.43808504086538463 0.23832049759615387 0.43659495673076926 0.2358059783653846 0.4822909014423077 0.2877726995192308 0.4832842908653846 0.28693452644230766 0.43808504086538463
11 0.2855375721153846 0.4773239495192308 0.23859988942307692 0.4773239495192308 0.23804110576923077 0.5210331153846154 0.2866551346153846 0.5225232019230769 0.2855375721153846 0.4773239495192308
11 0.2874933076923077 0.5170595552884616 0.23943806009615384 0.5165628605769231 0.23804110576923077 0.5582852451923077 0.2874933076923077 0.561762110576923 0.2874933076923077 0.5170595552884616
11 0.28972843509615387 0.5940472884615384 0.28805208894230766 0.5538149903846153 0.24167318990384615 0.5528215985576923 0.23943806009615384 0.5970274591346154 0.2866551346153846 0.6005043245192307 0.28972843509615387 0.5940472884615384
11 0.29028721875 0.5905704230769231 0.24139379807692307 0.5905704230769231 0.24083501682692307 0.6322928076923078 0.28972843509615387 0.6357696730769231 0.29028721875 0.5905704230769231
11 0.2911253918269231 0.6308027235576923 0.24390831730769233 0.6278225528846153 0.24251136298076922 0.6705383269230769 0.2922429543269231 0.6740151923076922 0.2911253918269231 0.6308027235576923
11 0.2919635625 0.6660680721153847 0.24474649038461538 0.6655713774038462 0.24418770673076923 0.7087838485576923 0.2930811274038462 0.7112673221153846 0.2919635625 0.6660680721153847
11 0.3333835384615385 0.3681999735576923 0.2870220264423077 0.36861414663461534 0.28725499759615386 0.41085981250000003 0.3350143461538462 0.41210233173076927 0.3333835384615385 0.3681999735576923
11 0.3359462355769231 0.40796060096153847 0.2870220264423077 0.40588973317307697 0.28655608173076924 0.44896374519230775 0.3354802908653846 0.44979209374999995 0.3359462355769231 0.40796060096153847
11 0.33468764903846154 0.44548374038461536 0.2850645216346154 0.44299870192307694 0.2845985769230769 0.4869010600961538 0.3337557596153846 0.4881435793269231 0.33468764903846154 0.44548374038461536
11 0.3328967139423077 0.48329328125 0.28387154567307693 0.4824498365384615 0.28482041826923077 0.5268712091346154 0.3317896947115385 0.5263089134615385 0.3328967139423077 0.48329328125
11 0.3324222764423077 0.5215293990384615 0.28497856490384615 0.5212482524038461 0.28640187500000003 0.5625769951923076 0.33321300480769234 0.5637015889423077 0.3324222764423077 0.5215293990384615
11 0.3336874423076923 0.5603278125 0.28624373076923076 0.5600466658653847 0.2867181682692308 0.6008131129807692 0.33352929567307693 0.6016565576923077 0.3336874423076923 0.5603278125
11 0.33447817067307695 0.5965958942307692 0.28735075 0.5957524519230769 0.28656002163461536 0.6384869350961538 0.33447817067307695 0.6398926754807692 0.33447817067307695 0.5965958942307692
11 0.33732479326923076 0.6348320120192308 0.29035551923076924 0.6337074206730768 0.2898810817307692 0.6753173125 0.3381155216346154 0.677004201923077 0.33732479326923076 0.6348320120192308
11 0.33732479326923076 0.6708189471153846 0.29019737259615386 0.6702566514423077 0.2895647908653846 0.7121476923076924 0.33748293990384615 0.7135534302884616 0.33732479326923076 0.6708189471153846
11 0.3328174639423077 0.36608415625 0.33101112740384614 0.41345031009615385 0.380685375 0.4118446778846154 0.3820401274038462 0.36528134134615386 0.3328174639423077 0.36608415625
11 0.38113695913461537 0.4022108846153846 0.3328174639423077 0.4054221490384616 0.3328174639423077 0.44877421875 0.3829432956730769 0.4519854831730769 0.38113695913461537 0.4022108846153846
11 0.380685375 0.44315450721153843 0.3319142956730769 0.44315450721153843 0.3301079591346153 0.4889150264423077 0.37978220673076923 0.49052065865384614 0.380685375 0.44315450721153843
11 0.37752428846153846 0.4808868653846154 0.3301079591346153 0.4808868653846154 0.32875320673076924 0.528253016826923 0.3788790384615384 0.528253016826923 0.37752428846153846 0.4808868653846154
11 0.3793306225961538 0.5226333028846154 0.3319142956730769 0.521027670673077 0.32830162259615386 0.5643797427884615 0.3802337908653846 0.5683938221153846 0.3793306225961538 0.5226333028846154
11 0.3781288990384616 0.5591092139423077 0.332231875 0.5609636394230769 0.33118875961538463 0.6022246009615384 0.38047590625 0.6026882091346154 0.3781288990384616 0.5591092139423077
11 0.38047590625 0.5975885384615385 0.3330142091346154 0.5948069014423077 0.3317103173076923 0.6402403197115384 0.38125824278846154 0.6393131057692307 0.38047590625 0.5975885384615385
11 0.38282291346153846 0.6337498317307693 0.33536121634615385 0.6337498317307693 0.3348396610576923 0.6764016129807692 0.38360524999999995 0.67686521875 0.38282291346153846 0.6337498317307693
11 0.38360524999999995 0.6713019423076924 0.3351004375 0.6703747307692307 0.3348396610576923 0.7116356923076924 0.38308369230769235 0.7139537235576923 0.38360524999999995 0.6713019423076924
11 0.4269570360576923 0.36477221875 0.3777025769230769 0.36477221875 0.3799994182692308 0.40696602163461537 0.4269570360576923 0.40696602163461537 0.4269570360576923 0.36477221875
11 0.42797785336538463 0.4024290528846154 0.38050982692307694 0.4033364471153846 0.37923380528846157 0.4450765504807693 0.4300194879807692 0.4468913389423077 0.42797785336538463 0.4024290528846154
11 0.42644662740384615 0.4432617644230769 0.3784681923076923 0.4423543701923077 0.37591614663461537 0.48590926201923074 0.42593621875000004 0.4877240504807692 0.42644662740384615 0.4432617644230769
11 0.42466019471153843 0.48409447596153843 0.37591614663461537 0.4827333846153846 0.3748953293269231 0.5253808822115384 0.42593621875000004 0.5267419735576924 0.42466019471153843 0.48409447596153843
11 0.42491539903846154 0.52039021875 0.37821298798076924 0.5190291274038462 0.3769369639423077 0.5634914134615385 0.4261914230769231 0.5639451105769231 0.42491539903846154 0.52039021875
11 0.4261914230769231 0.5589544447115384 0.3787233966346154 0.5571396586538462 0.3774473725961538 0.6006945504807693 0.4267018317307692 0.6020556418269231 0.4261914230769231 0.5589544447115384
11 0.42568101442307693 0.5970649759615385 0.3771921682692308 0.5952501899038461 0.37668175961538464 0.6383513846153845 0.4254258100961538 0.6392587764423077 0.42568101442307693 0.5970649759615385
11 0.42874346634615385 0.6338144158653846 0.38025462259615384 0.6347218100961538 0.38102023557692305 0.6764619134615385 0.42848826201923074 0.6764619134615385 0.42874346634615385 0.6338144158653846
11 0.42721224038461536 0.6710175528846154 0.37948900961538456 0.6710175528846154 0.3777025769230769 0.7127576586538461 0.42797785336538463 0.7132113533653845 0.42721224038461536 0.6710175528846154
11 0.47269231250000004 0.36660683173076924 0.4225582788461538 0.36485063221153846 0.42502793509615383 0.40831659134615383 0.4734332091346154 0.41051184134615387 0.47269231250000004 0.36660683173076924
11 0.4759346105769231 0.40543611778846156 0.42764329807692303 0.40394737019230764 0.4259684567307692 0.44563235576923077 0.4759346105769231 0.44811360576923076 0.4759346105769231 0.40543611778846156
11 0.4737014879807692 0.44265485576923075 0.4262475961538461 0.44017360817307694 0.42345618990384615 0.48483609375 0.4745389086538462 0.4863248413461539 0.4737014879807692 0.44265485576923075
11 0.46867695673076926 0.47937734375 0.42094392548076925 0.48036984375 0.42038564423076924 0.5230473317307692 0.4700726610576923 0.527017329326923 0.46867695673076926 0.47937734375
11 0.47174750240384616 0.5195735817307692 0.4228979110576923 0.5190773317307692 0.42345618990384615 0.5617548173076923 0.4714683629807693 0.5627473173076922 0.47174750240384616 0.5195735817307692
11 0.4720266442307692 0.5567923197115385 0.4245727524038462 0.5577848197115385 0.4248518942307692 0.5994698052884615 0.4720266442307692 0.5984773052884615 0.4720266442307692 0.5567923197115385
11 0.4706309423076923 0.5940110576923077 0.4237353317307692 0.5920260576923077 0.4223396298076923 0.6356960432692307 0.4714683629807693 0.6366885432692307 0.4706309423076923 0.5940110576923077
11 0.47425976923076923 0.6292447956730769 0.4268058774038461 0.630237295673077 0.4262475961538461 0.6734110312499999 0.4745389086538462 0.6719222812500001 0.47425976923076923 0.6292447956730769
11 0.4728640649038462 0.6679522836538462 0.4256893149038462 0.6684485336538462 0.42429361298076923 0.7121185192307693 0.4737014879807692 0.7111260192307692 0.4728640649038462 0.6679522836538462
11 0.5199369086538461 0.36780833413461533 0.47392745432692307 0.3651353076923077 0.4712210144230769 0.4121805600961539 0.5211397692307692 0.4121805600961539 0.5199369086538461 0.36780833413461533
11 0.5202376225961538 0.40790371875000003 0.47392745432692307 0.40309227163461536 0.47182244471153845 0.4426530528846154 0.5211397692307692 0.44960292067307694 0.5202376225961538 0.40790371875000003
11 0.5199369086538461 0.4426530528846154 0.47392745432692307 0.44051463221153847 0.47182244471153845 0.4859560697115385 0.521440485576923 0.49130212019230773 0.5199369086538461 0.4426530528846154
11 0.5274547932692308 0.48862909374999997 0.47723532211538466 0.48328304326923077 0.47603246153846157 0.5308629014423076 0.5268533629807692 0.53407053125 0.5274547932692308 0.48862909374999997
11 0.5199369086538461 0.5308629014423076 0.47813746875 0.5276552692307692 0.47783675240384615 0.5137555360576923 0.4721231610576923 0.5137555360576923 0.4706195841346154 0.5581277620192308 0.5193354759615384 0.5613353942307693 0.5199369086538461 0.5308629014423076
11 0.5187340456730769 0.5559893413461539 0.47242387740384617 0.5506432908653847 0.4706195841346154 0.5950155168269231 0.5190347620192308 0.5976885432692307 0.5187340456730769 0.5559893413461539
11 0.5184333317307692 0.5944809110576923 0.47182244471153845 0.5880656490384616 0.47031886778846155 0.6329724807692307 0.5175311850961538 0.6367147163461537 0.5184333317307692 0.5944809110576923
11 0.5193354759615384 0.6313686658653845 0.47362673798076926 0.624418798076923 0.47182244471153845 0.6671872091346154 0.5193354759615384 0.6746716826923076 0.5193354759615384 0.6313686658653845
11 0.5211397692307692 0.6682564206730769 0.4748295985576923 0.6629103701923077 0.4727245913461538 0.7030057548076923 0.5196361923076923 0.7131632524038461 0.5211397692307692 0.6682564206730769
11 0.5647435000000001 0.36941214903846153 0.5160276081730769 0.3656699134615385 0.5169297548076923 0.4121805600961539 0.5656456466346154 0.41485358653846155 0.5647435000000001 0.36941214903846153
11 0.5650442163461539 0.4073691129807692 0.5175311850961538 0.40469608894230774 0.5178318990384615 0.4485337091346154 0.5656456466346154 0.4501375240384615 0.5650442163461539 0.4073691129807692
11 0.5659463629807692 0.4442568677884615 0.5196361923076923 0.4453260793269231 0.5199369086538461 0.4870252788461539 0.5674499399038462 0.4891636995192308 0.5659463629807692 0.4442568677884615
11 0.5695549471153846 0.4790062019230769 0.5226433461538462 0.4800754134615385 0.5193354759615384 0.49344054086538464 0.5253497860576923 0.4929059350961538 0.5253497860576923 0.5244476394230769 0.5701563774038462 0.5271206634615384 0.5695549471153846 0.4790062019230769
11 0.5695549471153846 0.5164285625 0.5262519302884615 0.5169631658653846 0.5253497860576923 0.528189875 0.5208390528846154 0.5297936899038461 0.5223426298076923 0.5618699975961539 0.5698556634615385 0.5634738125 0.5695549471153846 0.5164285625
11 0.5620370625000001 0.5586623677884616 0.5253497860576923 0.5581277620192308 0.5235454927884615 0.5463664495192307 0.5163283221153846 0.547970264423077 0.5169297548076923 0.5613353942307693 0.5163283221153846 0.5880656490384616 0.5602327692307693 0.5875310456730769 0.5620370625000001 0.5586623677884616
11 0.5641420697115385 0.5934117019230769 0.51723046875 0.59127328125 0.5160276081730769 0.6335070865384616 0.5641420697115385 0.6345762956730769 0.5641420697115385 0.5934117019230769
11 0.5659463629807692 0.6302994567307691 0.5187340456730769 0.6292302451923076 0.5187340456730769 0.6736024711538462 0.5659463629807692 0.674137076923077 0.5659463629807692 0.6302994567307691
11 0.566247076923077 0.6677218149038461 0.5190347620192308 0.6661180000000001 0.51723046875 0.7078171995192307 0.5650442163461539 0.7115594375000001 0.566247076923077 0.6677218149038461
11 0.6097160216346154 0.36971582932692304 0.5624512139423077 0.36625592307692306 0.5610610721153846 0.41222326442307694 0.6105501057692307 0.41172899278846153 0.6097160216346154 0.36971582932692304
11 0.6105501057692307 0.4087633581730769 0.5630072692307693 0.4087633581730769 0.5638413557692308 0.44978797596153847 0.61166221875 0.45127079326923075 0.6105501057692307 0.4087633581730769
11 0.61166221875 0.44484524999999997 0.56495346875 0.4443509783653846 0.5641193822115385 0.48735268509615387 0.6122182764423078 0.4893297764423077 0.61166221875 0.44484524999999997
11 0.6136084182692307 0.48240995913461543 0.5688458629807692 0.4814214158653846 0.5657875528846155 0.5244231225961539 0.6149985576923077 0.5254116682692308 0.6136084182692307 0.48240995913461543
11 0.6122182764423078 0.5199746706730769 0.5674557235576922 0.5179975793269231 0.5660655817307693 0.5609992884615385 0.6141644735576923 0.5644591947115385 0.6122182764423078 0.5199746706730769
11 0.6097160216346154 0.5565508341346154 0.5630072692307693 0.5550680168269231 0.5613391009615385 0.5965869086538461 0.6099940504807692 0.6005410889423077 0.6097160216346154 0.5565508341346154
11 0.6088819350961538 0.5941155456730769 0.5627292403846154 0.5906556370192309 0.5605050144230769 0.634645889423077 0.610272076923077 0.6351401634615385 0.6088819350961538 0.5941155456730769
11 0.6088819350961538 0.6297031658653847 0.5630072692307693 0.62673753125 0.5602269879807692 0.6702335096153846 0.6105501057692307 0.6717163269230769 0.6088819350961538 0.6297031658653847
11 0.6097160216346154 0.6677621490384615 0.5632852980769231 0.6652907860576923 0.5621731850961539 0.7073039471153847 0.6091599639423078 0.7112581274038461 0.6097160216346154 0.6677621490384615
11 0.6556545144230769 0.3705633605769231 0.6089664735576923 0.3689294831730769 0.607679795673077 0.4104299639423077 0.6554707043269231 0.4127173918269231 0.6556545144230769 0.3705633605769231
11 0.699401579326923 0.37023658413461535 0.6532649711538461 0.36827593028846156 0.6532649711538461 0.4114102908653846 0.7010558798076924 0.4110835144230769 0.699401579326923 0.37023658413461535
11 0.7448029423076924 0.36925625721153843 0.6982987115384615 0.3656617283653846 0.6988501442307692 0.4091228629807692 0.7460896201923077 0.41010318990384614 0.7448029423076924 0.36925625721153843
11 0.6571250048076924 0.40683543509615383 0.6100693413461539 0.4081425360576923 0.6113560192307692 0.4496430192307692 0.6582278725961538 0.4496430192307692 0.6571250048076924 0.40683543509615383
11 0.7018111538461539 0.40617821875 0.6533913413461538 0.4078147139423077 0.6548641850961539 0.4483998052884616 0.7025475769230769 0.4477452067307693 0.7018111538461539 0.40617821875
11 0.7458124302884616 0.4055236201923077 0.6988654639423076 0.40716011538461544 0.6992336730769231 0.4464360096153846 0.7474693822115385 0.4477452067307693 0.7458124302884616 0.4055236201923077
11 0.6568893485576923 0.44316301923076923 0.6092059567307693 0.44447221634615386 0.6103105913461538 0.48603920432692305 0.6578098774038461 0.4866938028846154 0.6568893485576923 0.44316301923076923
11 0.7018111538461539 0.44610871153846154 0.6557847139423078 0.4457814110576923 0.6548641850961539 0.48603920432692305 0.7036522115384615 0.4863665048076923 0.7018111538461539 0.44610871153846154
11 0.7469170649038461 0.44316301923076923 0.700890625 0.44447221634615386 0.6996018846153846 0.48473000721153847 0.7476534879807691 0.48571190625 0.7469170649038461 0.44316301923076923
11 0.6592827235576924 0.4821116153846154 0.6136244951923077 0.4834208125 0.6125198605769231 0.5240059038461539 0.6613078870192308 0.5233513052884615 0.6592827235576924 0.4821116153846154
11 0.7043886346153846 0.4821116153846154 0.6581780889423077 0.48276621394230773 0.6585463004807692 0.5226967067307693 0.7053091634615385 0.5226967067307693 0.7043886346153846 0.4821116153846154
11 0.7509673918269232 0.48047512019230765 0.7042045288461539 0.48112971875000005 0.7034681057692308 0.5223694086538462 0.7505991802884615 0.5223694086538462 0.7509673918269232 0.48047512019230765
11 0.6585463004807692 0.5200783149038462 0.6127039663461539 0.5187691177884616 0.6114152259615385 0.5616453028846153 0.6589145120192307 0.5622999014423077 0.6585463004807692 0.5200783149038462
11 0.7047568461538462 0.5204056129807693 0.6578098774038461 0.5187691177884616 0.6568893485576923 0.5603361057692308 0.7040204230769231 0.5609907043269231 0.7047568461538462 0.5204056129807693
11 0.7520720264423078 0.5181145192307692 0.7047568461538462 0.5168053221153847 0.7027316826923078 0.5573904158653846 0.7505991802884615 0.5573904158653846 0.7520720264423078 0.5181145192307692
11 0.6519184951923077 0.5567358173076923 0.6077331129807693 0.5586996105769231 0.6069966899038461 0.5976482067307692 0.6539436562500001 0.5979755072115385 0.6519184951923077 0.5567358173076923
11 0.6981290408653845 0.5583723125 0.6515502836538462 0.5573904158653846 0.6517343894230769 0.5976482067307692 0.6981290408653845 0.5976482067307692 0.6981290408653845 0.5583723125
11 0.7517038149038461 0.5544447235576923 0.7038363173076922 0.5550993197115385 0.7038363173076922 0.5953571129807692 0.7498627572115384 0.5963390120192308 0.7517038149038461 0.5544447235576923
11 0.6524708125 0.5933933197115384 0.6062602668269231 0.5953571129807692 0.6068125841346154 0.6349603076923077 0.6532072355769232 0.6339784110576924 0.6524708125 0.5933933197115384
11 0.69702440625 0.5937206177884615 0.6511820721153847 0.5940479158653846 0.6500774375 0.6339784110576924 0.6975767235576923 0.6333238125 0.69702440625 0.5937206177884615
11 0.743971375 0.5897930288461539 0.6964720889423077 0.5891384302884616 0.6955515600961538 0.63103271875 0.7434190576923078 0.631360016826923 0.743971375 0.5897930288461539
11 0.6532072355769232 0.6307054182692308 0.6066284783653846 0.6323419158653846 0.6062602668269231 0.6706359134615384 0.6533913413461538 0.6725997067307692 0.6532072355769232 0.6307054182692308
11 0.69702440625 0.63103271875 0.6513661778846154 0.6303781201923078 0.6509979663461538 0.6693267163461538 0.698681358173077 0.6696540144230769 0.69702440625 0.63103271875
11 0.7423144230769231 0.6280870264423076 0.69702440625 0.6280870264423076 0.6964720889423077 0.6686721177884615 0.7424985288461539 0.6676902211538462 0.7423144230769231 0.6280870264423076
11 0.6524708125 0.6676902211538462 0.6069966899038461 0.6663810240384614 0.6064443725961538 0.7072934158653846 0.6521026009615384 0.7076207139423077 0.6524708125 0.6676902211538462
11 0.6966561947115385 0.6683448197115385 0.650813860576923 0.6663810240384614 0.6502615432692308 0.7072934158653846 0.6959197716346155 0.7086026129807692 0.6966561947115385 0.6683448197115385
11 0.7404733653846154 0.6653991274038462 0.6946310312499999 0.6650718269230769 0.6931581850961539 0.7069661153846154 0.7412097884615385 0.7063115168269231 0.7404733653846154 0.6653991274038462
11 0.25307420192307695 0.7231749975961539 0.20639384855769233 0.7225822331730769 0.20639384855769233 0.7634831129807692 0.2527407716346154 0.7634831129807692 0.25307420192307695 0.7231749975961539
11 0.24807273557692305 0.7587409831730769 0.20305953846153846 0.7593337475961538 0.20172581250000002 0.7996418629807691 0.24840616586538464 0.797270798076923 0.24807273557692305 0.7587409831730769
11 0.24773930528846153 0.7948997331730769 0.20339296874999999 0.7948997331730769 0.20005865625 0.833429548076923 0.24773930528846153 0.8340223149038462 0.24773930528846153 0.7948997331730769
11 0.24740587259615385 0.8280946490384615 0.20372639903846151 0.8292801826923076 0.20105894951923078 0.86899553125 0.24807273557692305 0.8695882980769232 0.24740587259615385 0.8280946490384615
11 0.25007332211538463 0.8648461658653847 0.205060125 0.8660316995192308 0.20439326201923078 0.904561514423077 0.25107361538461537 0.90515428125 0.25007332211538463 0.8648461658653847
11 0.25340763221153845 0.9004121490384616 0.20672727884615386 0.8992266177884616 0.20639384855769233 0.9383491995192308 0.2540744951923077 0.9389419663461538 0.25340763221153845 0.9004121490384616
11 0.2557416514423077 0.9347926009615384 0.20906129807692306 0.9365708990384616 0.20872786538461538 0.9745079495192308 0.25640851201923076 0.9727296490384615 0.2557416514423077 0.9347926009615384
11 0.25607508173076926 0.9697658173076923 0.21172874519230772 0.9703585841346154 0.20972815865384617 0.9999969038461539 0.25607508173076926 0.9999969038461539 0.25607508173076926 0.9697658173076923
11 0.2961226105769231 0.7245798509615384 0.24928840384615383 0.7229989495192307 0.24988124278846155 0.7646293557692307 0.29523335336538464 0.7635754206730769 0.2961226105769231 0.7245798509615384
11 0.29286200240384613 0.7572518149038461 0.2483991466346154 0.75777878125 0.24869556730769232 0.7988822211538462 0.2949369350961538 0.79993615625 0.29286200240384613 0.7572518149038461
11 0.2961226105769231 0.7946664831730769 0.2516597572115385 0.7920316490384616 0.25017766105769235 0.8326081201923077 0.29641902884615384 0.8368238557692307 0.2961226105769231 0.7946664831730769
11 0.29167632451923076 0.8299732836538462 0.24780631009615384 0.8278654158653846 0.2463242139423077 0.8652800841346154 0.29167632451923076 0.8716036899038462 0.29167632451923076 0.8299732836538462
11 0.2967154495192308 0.8658070504807692 0.2516597572115385 0.8600104110576924 0.25047407932692306 0.9037486875 0.29641902884615384 0.9058565552884615 0.2967154495192308 0.8658070504807692
11 0.2984939639423077 0.8974250817307692 0.2528454326923077 0.8995329495192308 0.2528454326923077 0.9390554879807692 0.2987903822115384 0.9401094206730769 0.2984939639423077 0.8974250817307692
11 0.30205099038461536 0.9343127812500001 0.2566988798076923 0.9337858149038462 0.2555132043269231 0.9759431875 0.30205099038461536 0.9769971225961539 0.30205099038461536 0.9343127812500001
11 0.29908680048076924 0.971727451923077 0.25432752884615384 0.971727451923077 0.2546239471153846 0.9996567115384616 0.3005688966346154 0.9996567115384616 0.29908680048076924 0.971727451923077
11 0.33762127403846154 0.7214180480769231 0.29345483894230767 0.7235259158653846 0.2901942307692308 0.763048454326923 0.33791769471153843 0.762521485576923 0.33762127403846154 0.7214180480769231
11 0.3373248557692308 0.7572518149038461 0.29345483894230767 0.7567248485576923 0.2922691634615385 0.7988822211538462 0.3388069519230769 0.7967743533653846 0.3373248557692308 0.7572518149038461
11 0.33851053124999997 0.7941395168269231 0.2940476778846154 0.7925586153846154 0.2937512596153846 0.8336620528846154 0.34117830288461537 0.8320811514423077 0.33851053124999997 0.7941395168269231
11 0.3414747235576923 0.8257575456730769 0.297901125 0.8278654158653846 0.29641902884615384 0.867914920673077 0.3423639783653846 0.8684418870192308 0.3414747235576923 0.8257575456730769
11 0.34206756009615386 0.86211828125 0.29819754326923076 0.8631722163461538 0.29701186778846156 0.9021677860576923 0.34295681730769234 0.9037486875 0.34206756009615386 0.86211828125
11 0.34414249278846154 0.8974250817307692 0.29819754326923076 0.8984790144230769 0.2976047067307692 0.9380015528846154 0.3432532355769231 0.9364206514423077 0.34414249278846154 0.8974250817307692
11 0.3453281706730769 0.9327318798076922 0.30086531490384616 0.9337858149038462 0.3002724783653846 0.9748892548076923 0.3453281706730769 0.9727813846153845 0.3453281706730769 0.9327318798076922
11 0.3453281706730769 0.9680386802884615 0.29908680048076924 0.9680386802884615 0.297901125 0.9991297427884616 0.34443891346153843 1 0.3453281706730769 0.9680386802884615
11 0.38060203365384615 0.7229989495192307 0.33584276201923075 0.7240528846153846 0.33465708413461537 0.7656832908653846 0.3800091971153846 0.764102389423077 0.38060203365384615 0.7229989495192307
11 0.38089845432692304 0.7598866514423077 0.33613918028846157 0.7572518149038461 0.33465708413461537 0.8004631225961538 0.3817877115384615 0.7988822211538462 0.38089845432692304 0.7598866514423077
11 0.38623399519230767 0.7941395168269231 0.34058546634615383 0.7951934519230769 0.3388069519230769 0.8357699230769231 0.38534473798076924 0.8352429543269231 0.38623399519230767 0.7941395168269231
11 0.38445548076923075 0.83050025 0.34117830288461537 0.8294463173076922 0.33939978846153845 0.8684418870192308 0.3856411586538462 0.8716036899038462 0.38445548076923075 0.83050025
11 0.38712325240384615 0.8663340192307692 0.34266039903846157 0.8631722163461538 0.33999262740384617 0.9048026201923077 0.3856411586538462 0.9069104903846154 0.38712325240384615 0.8663340192307692
11 0.39068028125 0.9016408173076923 0.34443891346153843 0.9021677860576923 0.34414249278846154 0.9432712235576923 0.38890176682692307 0.9443251586538461 0.39068028125 0.9016408173076923
11 0.38979102403846155 0.9369476177884616 0.3459210072115385 0.9380015528846154 0.3432532355769231 0.9769971225961539 0.38979102403846155 0.9769971225961539 0.38979102403846155 0.9369476177884616
11 0.38919818509615384 0.9720950625 0.3447353317307692 0.9742029326923076 0.34206756009615386 1 0.38919818509615384 0.9994973557692308 0.38919818509615384 0.9720950625
11 0.42431109375000003 0.7218924110576924 0.3773028677884615 0.7224422139423077 0.3773028677884615 0.7647771081730769 0.4233833004807692 0.7631276971153846 0.42431109375000003 0.7218924110576924
11 0.4236925649038461 0.7592790697115385 0.3785399278846154 0.7587292644230769 0.3766843389423077 0.7988649447115385 0.4233833004807692 0.7972155336538461 0.4236925649038461 0.7592790697115385
11 0.4277130048076923 0.7922672980769231 0.3822511033653846 0.7933669062500001 0.3810140432692308 0.8340523894230769 0.4274037403846154 0.8335025841346154 0.4277130048076923 0.7922672980769231
11 0.4289500649038462 0.8291041538461539 0.3834881610576923 0.8285543509615384 0.38441595432692305 0.8686900288461538 0.42864080048076925 0.8686900288461538 0.4289500649038462 0.8291041538461539
11 0.42925932932692307 0.8642915985576922 0.3837974254807692 0.8642915985576922 0.38534375 0.9060766875 0.43049638701923076 0.9044272764423076 0.42925932932692307 0.8642915985576922
11 0.43111491586538464 0.9022280625 0.3865808076923077 0.9016782572115385 0.3859622788461538 0.9396147211538461 0.43049638701923076 0.9396147211538461 0.43111491586538464 0.9022280625
11 0.4320427115384616 0.9357660937500001 0.3878178653846154 0.9374155048076923 0.3862715432692308 0.9759017716346154 0.4317334471153846 0.9764515769230768 0.4320427115384616 0.9357660937500001
11 0.43297050480769234 0.9726029495192308 0.38719933653846156 0.9726029495192308 0.38472522115384616 0.9995433365384615 0.43235197596153846 0.9995433365384615 0.43297050480769234 0.9726029495192308
11 0.4642062331730769 0.726290841346154 0.4199813894230769 0.7273904471153846 0.41936286057692307 0.7658767139423077 0.4666803509615385 0.7664265192307693 0.4642062331730769 0.726290841346154
11 0.46884520432692306 0.7587292644230769 0.4246203581730769 0.762577891826923 0.42523888942307697 0.8021637668269231 0.47131932211538463 0.8005143557692308 0.46884520432692306 0.7587292644230769
11 0.4700822620192308 0.7950163173076923 0.42678521153846155 0.7955661201923078 0.42523888942307697 0.8373512115384615 0.4734841730769231 0.8362516033653846 0.4700822620192308 0.7950163173076923
11 0.47193785096153845 0.8313033701923077 0.42678521153846155 0.8302037620192307 0.42523888942307697 0.8714390480769231 0.4725563798076923 0.8719888509615384 0.47193785096153845 0.8313033701923077
11 0.4737934375 0.8659410096153847 0.42802227163461537 0.8675904206730769 0.42864080048076925 0.9060766875 0.4741027019230769 0.9060766875 0.4737934375 0.8659410096153847
11 0.4734841730769231 0.9011284543269231 0.42987785817307694 0.9027778653846154 0.42864080048076925 0.9434633485576923 0.4741027019230769 0.9396147211538461 0.4734841730769231 0.9011284543269231
11 0.4741027019230769 0.9346664855769231 0.43049638701923076 0.9379653100961539 0.42925932932692307 0.97535196875 0.4753397620192308 0.9748021658653846 0.4741027019230769 0.9346664855769231
11 0.4737934375 1 0.4734841730769231 0.9709535384615384 0.42864080048076925 0.9731527548076924 0.42678521153846155 1 0.4737934375 1
11 0.5272298125 0.7175068028846153 0.48219440384615386 0.719546625 0.4819075552884616 0.7577932548076922 0.5272298125 0.7577932548076922 0.5272298125 0.7175068028846153
11 0.523500766826923 0.7542235697115385 0.47875220673076924 0.7547335240384616 0.4773179591346154 0.7934901105769231 0.5223533677884615 0.7940000673076923 0.523500766826923 0.7542235697115385
11 0.5223533677884615 0.7894104711538461 0.47875220673076924 0.7899204254807692 0.47789165865384614 0.8276571009615385 0.5226402163461539 0.8266371923076924 0.5223533677884615 0.7894104711538461
11 0.5226402163461539 0.8240874158653846 0.4784653581730769 0.8230675072115384 0.47760480769230773 0.862334048076923 0.5223533677884615 0.8613141370192309 0.5226402163461539 0.8240874158653846
11 0.5223533677884615 0.8577444519230769 0.4790390576923077 0.8577444519230769 0.4773179591346154 0.8959910841346154 0.5223533677884615 0.8959910841346154 0.5223533677884615 0.8577444519230769
11 0.5217796682692307 0.8924213966346154 0.4790390576923077 0.8934413076923077 0.47817850721153843 0.9316879399038461 0.5214928173076923 0.9306680288461538 0.5217796682692307 0.8924213966346154
11 0.5229270673076922 0.9281182548076923 0.47932590625 0.9281182548076923 0.47789165865384614 0.9643250649038462 0.5232139158653847 0.9668748389423077 0.5229270673076922 0.9281182548076923
11 0.5243613149038462 0.9627951995192308 0.4804733052884615 0.9622852451923076 0.47932590625 1 0.5240744663461538 0.9995119663461539 0.5243613149038462 0.9627951995192308
11 0.567675625 0.7175068028846153 0.5257955649038462 0.715466983173077 0.5237876153846154 0.7567733461538461 0.569109875 0.7557534350961539 0.567675625 0.7175068028846153
11 0.5662413774038462 0.7537136153846155 0.5226402163461539 0.7532036586538461 0.5217796682692307 0.7924702019230769 0.5662413774038462 0.7924702019230769 0.5662413774038462 0.7537136153846155
11 0.5650939783653846 0.7863507403846154 0.52120596875 0.7883905600961539 0.5209191177884616 0.8281670576923077 0.5648071274038462 0.8251073269230769 0.5650939783653846 0.7863507403846154
11 0.5656676778846154 0.8235774615384616 0.52120596875 0.8230675072115384 0.5217796682692307 0.86182409375 0.5648071274038462 0.8628440024038462 0.5656676778846154 0.8235774615384616
11 0.5653808269230769 0.8592743173076923 0.52120596875 0.8587643629807692 0.5206322692307692 0.8965010384615385 0.5648071274038462 0.8975209495192308 0.5653808269230769 0.8592743173076923
11 0.5642334278846154 0.8939512620192308 0.5203454182692308 0.894971173076923 0.5206322692307692 0.9332178052884615 0.5642334278846154 0.9316879399038461 0.5642334278846154 0.8939512620192308
11 0.5659545264423077 0.9286282091346153 0.5217796682692307 0.9316879399038461 0.5226402163461539 0.9689146610576922 0.5648071274038462 0.9663648846153846 0.5659545264423077 0.9286282091346153
11 0.5662413774038462 0.9633051538461538 0.5226402163461539 0.9648350192307693 0.5214928173076923 1 0.566815076923077 0.9984920552884616 0.5662413774038462 0.9633051538461538
11 0.6095556875 0.7169968485576923 0.5665282259615385 0.7190366682692308 0.5648071274038462 0.7577932548076922 0.6107030865384615 0.7572833004807692 0.6095556875 0.7169968485576923
11 0.6084082884615385 0.7511638389423076 0.5627991802884615 0.7526937043269231 0.5633728798076922 0.7924702019230769 0.6084082884615385 0.7914502908653845 0.6084082884615385 0.7511638389423076
11 0.6075477379807692 0.788900514423077 0.5630860288461539 0.7894104711538461 0.5625123293269231 0.8276571009615385 0.6072608894230769 0.8266371923076924 0.6075477379807692 0.788900514423077
11 0.6069740384615385 0.8225575504807693 0.5633728798076922 0.82561728125 0.563946579326923 0.8628440024038462 0.6086951370192307 0.86182409375 0.6069740384615385 0.8225575504807693
11 0.6075477379807692 0.85825440625 0.5633728798076922 0.8567245408653845 0.5619386298076923 0.8970109927884615 0.6064003389423077 0.894971173076923 0.6075477379807692 0.85825440625
11 0.6061134903846154 0.8939512620192308 0.56165178125 0.89446121875 0.5619386298076923 0.9321978942307693 0.6055397908653846 0.931177983173077 0.6061134903846154 0.8939512620192308
11 0.6078345889423077 0.9286282091346153 0.563946579326923 0.9301580745192308 0.5630860288461539 0.9668748389423077 0.6084082884615385 0.9668748389423077 0.6078345889423077 0.9286282091346153
11 0.6084082884615385 1 0.6072608894230769 0.9643250649038462 0.5642334278846154 0.9643250649038462 0.5627991802884615 1 0.6084082884615385 1
11 0.6525831466346154 0.7164868942307692 0.6078345889423077 0.7185267139423076 0.6098425360576922 0.7567733461538461 0.652296298076923 0.7547335240384616 0.6525831466346154 0.7164868942307692
11 0.6947500576923077 0.715466983173077 0.6508620480769232 0.715466983173077 0.6508620480769232 0.7547335240384616 0.6956106081730768 0.7547335240384616 0.6947500576923077 0.715466983173077
11 0.73691696875 0.7190366682692308 0.6933158100961538 0.7175068028846153 0.6921684110576922 0.7547335240384616 0.73835121875 0.7552434807692308 0.73691696875 0.7190366682692308
11 0.6520094471153846 0.7516737932692308 0.6081214375 0.7532036586538461 0.6078345889423077 0.7919602451923077 0.6531568461538462 0.7904303798076923 0.6520094471153846 0.7516737932692308
11 0.6941763581730769 0.7506538846153846 0.6514357475961539 0.7516737932692308 0.6502883485576922 0.7894104711538461 0.6958974567307692 0.7899204254807692 0.6941763581730769 0.7506538846153846
11 0.7374906682692307 0.7532036586538461 0.6941763581730769 0.7532036586538461 0.6933158100961538 0.7909403365384615 0.739211766826923 0.7929801562500001 0.7374906682692307 0.7532036586538461
11 0.652296298076923 0.7873706514423078 0.6095556875 0.7868606947115384 0.6084082884615385 0.82561728125 0.6545910961538461 0.8240874158653846 0.652296298076923 0.7873706514423078
11 0.6941763581730769 0.7868606947115384 0.6514357475961539 0.7868606947115384 0.6517225985576923 0.8251073269230769 0.6961843076923077 0.8245973725961538 0.6941763581730769 0.7868606947115384
11 0.7380643677884616 0.7883905600961539 0.6950369086538462 0.788900514423077 0.6936026586538462 0.82561728125 0.7389249182692308 0.8271471466346154 0.7380643677884616 0.7883905600961539
11 0.6531568461538462 0.8215376418269231 0.6089819879807693 0.822047596153846 0.6089819879807693 0.8602942283653847 0.6531568461538462 0.8602942283653847 0.6531568461538462 0.8215376418269231
11 0.6958974567307692 0.822047596153846 0.6514357475961539 0.8245973725961538 0.6528699975961539 0.8613141370192309 0.6973317067307693 0.8608041826923076 0.6958974567307692 0.822047596153846
11 0.7403591658653846 0.8235774615384616 0.6950369086538462 0.8235774615384616 0.6941763581730769 0.8608041826923076 0.7400723173076924 0.8597842716346153 0.7403591658653846 0.8235774615384616
11 0.6531568461538462 0.8572344975961539 0.6084082884615385 0.8577444519230769 0.6072608894230769 0.8970109927884615 0.652296298076923 0.8970109927884615 0.6531568461538462 0.8572344975961539
11 0.6938895096153845 0.8592743173076923 0.6514357475961539 0.8587643629807692 0.6505751995192307 0.8975209495192308 0.6958974567307692 0.8965010384615385 0.6938895096153845 0.8592743173076923
11 0.73835121875 0.85825440625 0.6941763581730769 0.8597842716346153 0.6933158100961538 0.8954811274038461 0.73835121875 0.894971173076923 0.73835121875 0.85825440625
11 0.652296298076923 0.8914014879807692 0.6098425360576922 0.8934413076923077 0.6078345889423077 0.9327078485576923 0.6534436971153846 0.9316879399038461 0.652296298076923 0.8914014879807692
11 0.6950369086538462 0.89446121875 0.6511488990384616 0.8954811274038461 0.6508620480769232 0.931177983173077 0.6950369086538462 0.9286282091346153 0.6950369086538462 0.89446121875
11 0.7386380673076923 0.8934413076923077 0.6938895096153845 0.8924213966346154 0.6936026586538462 0.9301580745192308 0.73835121875 0.927608298076923 0.7386380673076923 0.8934413076923077
11 0.6514357475961539 0.9296481177884615 0.6075477379807692 0.9291381634615384 0.6069740384615385 0.9653449759615385 0.6517225985576923 0.9648350192307693 0.6514357475961539 0.9296481177884615
11 0.6936026586538462 0.9291381634615384 0.6508620480769232 0.9281182548076923 0.6491409495192308 0.9668748389423077 0.6944632091346155 0.9648350192307693 0.6936026586538462 0.9291381634615384
11 0.73835121875 0.9255684783653847 0.6933158100961538 0.9281182548076923 0.6921684110576922 0.9643250649038462 0.7372038197115385 0.9648350192307693 0.73835121875 0.9255684783653847
11 0.6517225985576923 0.9643250649038462 0.6078345889423077 0.9643250649038462 0.6069740384615385 1 0.6517225985576923 0.9995119663461539 0.6517225985576923 0.9643250649038462
11 0.6924552596153847 0.9627951995192308 0.6494278004807692 0.9663648846153846 0.6491409495192308 1 0.6941763581730769 0.9990020096153847 0.6924552596153847 0.9627951995192308
11 0.7372038197115385 0.9602454230769231 0.6933158100961538 0.9612653341346153 0.6918815600961538 0.9990020096153847 0.73835121875 1 0.7372038197115385 0.9602454230769231