11 0.1999580721153846 0.6386978798076922 0.24661704326923078 0.6416590600961538 0.24578379807692308 0.6031631153846153 0.19499855048076925 0.6022298076923077 0.1999580721153846 0.6386978798076922
11 0.22768476201923077 0.1109543533653846 0.2719482451923077 0.11002896634615385 0.2729897235576923 0.07301363942307693 0.22616889182692307 0.07241675240384615 0.22768476201923077 0.1109543533653846
11 0.22612254326923079 0.14611899278846152 0.2714275048076923 0.14889513461538462 0.2719482451923077 0.10910368509615384 0.22642949759615386 0.10713904567307692 0.22612254326923079 0.14611899278846152
11 0.2240395889423077 0.18035810576923075 0.26882381250000004 0.18313424759615385 0.2703860288461538 0.14334278125 0.2230444591346154 0.1434826826923077 0.2240395889423077 0.18035810576923075
11 0.22560176442307694 0.21829883653846152 0.2693445096153846 0.21922420432692308 0.2719482451923077 0.18220887980769232 0.2257784543269231 0.1793623125 0.22560176442307694 0.21829883653846152
11 0.22351881009615385 0.2553141971153846 0.2672615552884615 0.2580903389423077 0.2683030721153846 0.21922424038461538 0.2230444591346154 0.21709275 0.22351881009615385 0.2553141971153846
11 0.22768480048076922 0.2941804375 0.27298976201923075 0.29325503365384614 0.2735105408653846 0.2553143389423077 0.2262996658653846 0.2564447427884615 0.22768480048076922 0.2941804375
11 0.22664324278846154 0.32564344471153844 0.2719482451923077 0.32934495432692307 0.2729897235576923 0.28955348798076924 0.2255187139423077 0.2874654182692308 0.22664324278846154 0.32564344471153844
11 0.23237153124999999 0.3302703245192308 0.23080927403846155 0.36636028125000003 0.27559349759615387 0.3682110192307692 0.2776764927884615 0.32841955048076926 0.23445452644230771 0.32749418269230773 0.23237153124999999 0.3302703245192308
11 0.27871797115384617 0.3645094014423077 0.3229814543269231 0.36636013942307694 0.3229814543269231 0.32934481490384615 0.27721074759615383 0.32797453605769233 0.27871797115384617 0.3645094014423077
11 0.2740311995192308 0.32934495432692307 0.3198569399038461 0.3321210985576923 0.31933620192307693 0.29418036778846157 0.27278415144230767 0.2916309711538462 0.2740311995192308 0.32934495432692307
11 0.2698653293269231 0.29232948798076924 0.3151703293269231 0.29232948798076924 0.3151703293269231 0.2553141610576923 0.2687481490384615 0.25459379326923076 0.2698653293269231 0.29232948798076924
11 0.2703860288461538 0.26179185096153845 0.31777398557692305 0.2599410769230769 0.31777398557692305 0.22107497836538462 0.2709609350961538 0.22010089423076923 0.2703860288461538 0.26179185096153845
11 0.2719483245192308 0.22107501442307692 0.3182948028846154 0.22200038221153845 0.3203777596153846 0.1849850576923077 0.27142758653846155 0.1822089158653846 0.2719483245192308 0.22107501442307692
11 0.27090676682692305 0.18313428365384615 0.31673246875 0.18035814182692309 0.31673246875 0.13964126923076922 0.2700492884615385 0.14163194471153845 0.27090676682692305 0.18313428365384615
11 0.2714275456730769 0.14611899278846152 0.3167325480769231 0.14611899278846152 0.3203777596153846 0.10725294711538462 0.27213232451923075 0.10760312259615384 0.2714275456730769 0.14611899278846152
11 0.311525 0.06653600480769231 0.35787147836538463 0.06468526682692308 0.35787147836538463 0.02489376201923077 0.31236007932692306 0.026840997596153847 0.311525 0.06653600480769231
11 0.31256647596153847 0.11280523076923078 0.35735074038461534 0.11280523076923078 0.35787147836538463 0.07208834134615384 0.3121072572115385 0.07264614903846153 0.31256647596153847 0.11280523076923078
11 0.3115250793269231 0.14241744711538462 0.3568300408653846 0.13964126923076922 0.3583922980769231 0.10170057451923077 0.3121073365384615 0.10228009134615385 0.3115250793269231 0.14241744711538462
11 0.31360803365384615 0.1849850576923077 0.35943377403846155 0.18220887980769232 0.3583922572115385 0.14519355288461538 0.31158612500000005 0.1425545985576923 0.31360803365384615 0.1849850576923077
11 0.3125665552884615 0.21922420432692308 0.36047525240384615 0.2164480625 0.35735077884615385 0.17850733173076924 0.31184673076923075 0.1793623125 0.3125665552884615 0.21922420432692308
11 0.31569099038461534 0.25253801923076924 0.35995447355769233 0.25253801923076924 0.36047521394230764 0.21274655048076924 0.3121072572115385 0.21107638701923076 0.31569099038461534 0.25253801923076924
11 0.31621172836538464 0.296031 0.36047521394230764 0.296031 0.3615166899038461 0.2553141274038462 0.3146494735576923 0.2553141274038462 0.31621172836538464 0.296031
11 0.31621172836538464 0.32286712500000003 0.36099595192307693 0.32009098317307694 0.36099595192307693 0.28307565625 0.3136699447115384 0.2837637307692308 0.31621172836538464 0.32286712500000003
11 0.3208984591346154 0.3617332596153846 0.3651619423076923 0.36265866346153847 0.3662034591346154 0.3228671610576923 0.3204401033653846 0.32265157692307694 0.3208984591346154 0.3617332596153846
11 0.3651619423076923 0.36265876923076923 0.40838398798076925 0.3608080673076923 0.40838398798076925 0.3228673004807692 0.3651619423076923 0.32379267067307693 0.3651619423076923 0.36265876923076923
11 0.3646412043269231 0.32749421634615383 0.4094254663461539 0.3265688485576923 0.4099461658653846 0.28862811778846154 0.36445032932692306 0.2876947427884615 0.3646412043269231 0.32749421634615383
11 0.3630789086538462 0.2867772043269231 0.40838390865384616 0.2867772043269231 0.4068216514423077 0.24976187740384617 0.35976312740384614 0.25042824038461536 0.3630789086538462 0.2867772043269231
11 0.35735074038461534 0.2479111033653846 0.40369721875 0.24698569951923074 0.40369721875 0.2062688629807692 0.35728973557692306 0.20737484134615383 0.35735074038461534 0.2479111033653846
11 0.3573508197115384 0.2192242764423077 0.4031765192307692 0.22107501442307692 0.40421799759615384 0.18220894951923078 0.3589823365384615 0.18144244471153848 0.3573508197115384 0.2192242764423077
11 0.4026557403846154 0.06931219951923076 0.4479607019230769 0.07023760336538462 0.44900218028846156 0.03044610096153846 0.40116235336538464 0.030121959134615385 0.4026557403846154 0.06931219951923076
11 0.40369729807692306 0.11095443990384615 0.4505645168269231 0.1100290360576923 0.44952303846153846 0.07208834134615384 0.40350599278846155 0.07151045192307692 0.40369729807692306 0.11095443990384615
11 0.44691918509615386 0.06838679567307691 0.49118270913461537 0.06931218269230768 0.49066193028846156 0.028595326923076925 0.44685818269230765 0.029614461538461537 0.44691918509615386 0.06838679567307691
11 0.45004373798076924 0.11002898317307691 0.4943072211538461 0.10725282451923078 0.4953486995192308 0.06931212980769232 0.4469193052884615 0.07023749759615384 0.45004373798076924 0.11002898317307691
11 0.40525939663461535 0.1461189591346154 0.44952287980769234 0.14519355288461538 0.4484814014423077 0.10910361538461538 0.4029924831730769 0.10667496875 0.40525939663461535 0.1461189591346154
11 0.40161426442307696 0.18405965384615383 0.44587774759615384 0.18220887980769232 0.44691922596153844 0.14334281490384615 0.4021349615384615 0.14149204326923076 0.40161426442307696 0.18405965384615383
11 0.40525947596153844 0.22014964423076921 0.4505644375 0.21922424038461538 0.4510852163461539 0.1822089158653846 0.40734243028846157 0.1766566298076923 0.40525947596153844 0.22014964423076921
11 0.4063009543269231 0.2562394951923077 0.4510852163461539 0.2553141274038462 0.45004373798076924 0.21922417067307692 0.40338300000000005 0.21593527163461537 0.4063009543269231 0.2562394951923077
11 0.40369729807692306 0.2525381971153846 0.4047387764423077 0.29140425961538463 0.4505645168269231 0.29140425961538463 0.4484814807692308 0.2525381971153846 0.4042946466346154 0.25181511298076925 0.40369729807692306 0.2525381971153846
11 0.4057802548076923 0.3274940048076923 0.45004373798076924 0.32841937499999996 0.45004373798076924 0.2914040480769231 0.40559673076923075 0.2888519375 0.4057802548076923 0.3274940048076923
11 0.4063009543269231 0.35988262740384613 0.4484814807692308 0.3580318533653846 0.4505644375 0.32471803846153846 0.40728925000000005 0.3245024543269231 0.4063009543269231 0.35988262740384613
11 0.4495229591346154 0.36913628125 0.4932657451923077 0.36913628125 0.4932657451923077 0.3302701826923077 0.45051860576923075 0.32773978365384615 0.4495229591346154 0.36913628125
11 0.4521266947115385 0.32749421634615383 0.4989939110576923 0.3302703605769231 0.49795243509615383 0.28955348798076924 0.4506484350961539 0.2863080120192308 0.4521266947115385 0.32749421634615383
11 0.45004373798076924 0.28862790625 0.4937864447115385 0.28955327403846154 0.4937864447115385 0.25068717548076924 0.4479144375 0.2539003918269231 0.45004373798076924 0.28862790625
11 0.4474399254807692 0.22292575240384613 0.4479607019230769 0.2553141610576923 0.4922241875 0.2525379855769231 0.4922241875 0.21459728846153844 0.44691922596153844 0.2164480625 0.4474399254807692 0.22292575240384613
11 0.4479607019230769 0.17943277163461538 0.4495229591346154 0.22107501442307692 0.4958693990384615 0.22200038221153845 0.4958693990384615 0.18128354567307692 0.4506484350961539 0.17889830528846154 0.4479607019230769 0.17943277163461538
11 0.44691922596153844 0.17943277163461538 0.4953486995192308 0.1822089158653846 0.4948279206730769 0.14241744711538462 0.4470027908653846 0.14070386057692308 0.44691922596153844 0.17943277163461538
11 0.4479607019230769 0.11095442307692308 0.44952287980769234 0.14704436298076923 0.4937863629807693 0.14611899278846152 0.49430714182692304 0.10540212019230769 0.44856540144230767 0.10482423076923077 0.4479607019230769 0.11095442307692308
11 0.5021184254807692 0.0656106514423077 0.5469026081730769 0.06838681249999999 0.5469026081730769 0.02489383173076923 0.5033741634615384 0.024062175480769228 0.5021184254807692 0.0656106514423077
11 0.5015976466346154 0.10170059134615385 0.5463819086538462 0.10632750721153846 0.5474233870192308 0.06746144471153846 0.4997371658653846 0.06292608173076923 0.5015976466346154 0.10170059134615385
11 0.5000353894230769 0.13316363221153846 0.5453403509615384 0.14241748076923078 0.5474233870192308 0.10355138221153846 0.5001276033653845 0.09602904807692308 0.5000353894230769 0.13316363221153846
11 0.5000353894230769 0.17573122596153848 0.5463819086538462 0.17943273798076922 0.5469026081730769 0.14056663701923078 0.5014296850961538 0.13561015384615385 0.5000353894230769 0.17573122596153848
11 0.5010768677884616 0.2044180889423077 0.5453403509615384 0.2090450048076923 0.5469026081730769 0.17202967788461537 0.5001276033653845 0.16802299038461538 0.5010768677884616 0.2044180889423077
11 0.4984732139423077 0.24513492548076923 0.5437781754807692 0.24976184134615384 0.5458611298076923 0.20811960096153845 0.49908612500000005 0.20691076442307693 0.4984732139423077 0.24513492548076923
11 0.49743165624999996 0.28492643028846154 0.5422158389423077 0.28955334615384615 0.5427366177884616 0.24976187740384617 0.4960914423076923 0.2457986105769231 0.49743165624999996 0.28492643028846154
11 0.49743165624999996 0.3210163870192308 0.5442988750000001 0.32656867067307693 0.5453404302884615 0.28770257211538464 0.4984350841346154 0.28167824038461536 0.49743165624999996 0.3210163870192308
11 0.5010768677884616 0.36543477163461535 0.5448196538461538 0.36636020913461537 0.546381829326923 0.33119558653846154 0.501169079326923 0.32542496875000004 0.5010768677884616 0.36543477163461535
11 0.5458611298076923 0.3598824158653846 0.5896038365384615 0.3589570120192308 0.5896038365384615 0.3210163173076923 0.5434867884615385 0.315242983173077 0.5458611298076923 0.3598824158653846
11 0.54169521875 0.3228670889423077 0.5864794014423077 0.31546403125 0.5864794014423077 0.28215025240384617 0.5419250432692307 0.2809848389423077 0.54169521875 0.3228670889423077
11 0.5453403509615384 0.28215025240384617 0.5890831370192308 0.28215025240384617 0.5896038365384615 0.24698569951923074 0.5450494783653845 0.2439478028846154 0.5453403509615384 0.28215025240384617
11 0.5437780961538462 0.24235878365384614 0.5875208004807692 0.24791106971153848 0.588041579326923 0.20997037500000001 0.5436174831730769 0.2057533581730769 0.5437780961538462 0.24235878365384614
11 0.5438169639423077 0.17427494711538463 0.5442989543269231 0.21367195673076925 0.5890831370192308 0.21459732451923078 0.5901246153846154 0.17573122596153848 0.5438169639423077 0.17427494711538463
11 0.5448196538461538 0.17573115625000002 0.5901246153846154 0.17943270192307692 0.5906453942307692 0.14149200721153846 0.5449196466346155 0.1360741610576923 0.5448196538461538 0.17573115625000002
11 0.5453403509615384 0.13964126923076922 0.5896038365384615 0.14241741105769232 0.5890830576923076 0.10355132932692308 0.5468726923076923 0.10320274759615386 0.5453403509615384 0.13964126923076922
11 0.5453404302884615 0.10077522355769232 0.5916868701923077 0.10170060817307693 0.5906453942307692 0.061075343750000004 0.5449196466346155 0.06246423317307692 0.5453404302884615 0.10077522355769232
11 0.6364711346153846 0.061909069711538464 0.6817760961538462 0.0646852139423077 0.6781308846153846 0.025819132211538462 0.635276826923077 0.024059947115384617 0.6364711346153846 0.061909069711538464
11 0.5927283485576923 0.13779045913461538 0.6364710552884615 0.14056660336538462 0.6364710552884615 0.10170052163461539 0.592965954326923 0.09903712259615385 0.5927283485576923 0.13779045913461538
11 0.5890831370192308 0.17573115625000002 0.6338673990384615 0.17758192788461538 0.6359503557692308 0.13686510817307693 0.5902319591346153 0.13723156730769231 0.5890831370192308 0.17573115625000002
11 0.5885622788461539 0.20256735096153847 0.6338673197115384 0.20534349278846153 0.6343880192307693 0.16370125240384617 0.5902318774038462 0.16038521394230768 0.5885622788461539 0.20256735096153847
11 0.5870001802884615 0.2460603653846154 0.6297014086538462 0.24698576923076926 0.6323051418269231 0.2081196706730769 0.5885624375 0.2062688966346154 0.5870001802884615 0.2460603653846154
11 0.5870001802884615 0.2821503221153846 0.6317843653846154 0.2830756923076923 0.6317843653846154 0.24513499759615384 0.5876277908653846 0.2416330576923077 0.5870001802884615 0.2821503221153846
11 0.5890831370192308 0.3200910528846154 0.6317843653846154 0.3219418269230769 0.6312635865384616 0.28215035817307693 0.5867161442307692 0.2793634951923077 0.5890831370192308 0.3200910528846154
11 0.5842300264423077 0.35950052644230773 0.6333466201923077 0.3598824158653846 0.6328258413461539 0.32194164903846156 0.5821469903846154 0.3187835841346154 0.5842300264423077 0.35950052644230773
11 0.6276182932692307 0.3589569759615384 0.6717155168269231 0.3613512644230769 0.6739648125000001 0.3200909110576923 0.6317842836538462 0.3154639951923077 0.6276182932692307 0.3589569759615384
11 0.6302221081730769 0.31453866346153847 0.6744855913461538 0.31731480528846157 0.6750063701923078 0.2793741105769231 0.6323051418269231 0.2756725625 0.6302221081730769 0.31453866346153847
11 0.6343882572115385 0.2812247764423077 0.6776101850961538 0.28029937259615384 0.6781309639423078 0.24606018990384618 0.6337211346153846 0.2411688389423077 0.6343882572115385 0.2812247764423077
11 0.6312636658653846 0.2127464110576923 0.676568627403846 0.2145971826923077 0.67708940625 0.17388034615384618 0.6308571466346155 0.16963890384615385 0.6312636658653846 0.2127464110576923
11 0.6297014086538462 0.17295518990384615 0.6750064495192307 0.17295518990384615 0.6750064495192307 0.13686523317307692 0.6313783581730769 0.13538097115384615 0.6297014086538462 0.17295518990384615
11 0.6333466201923077 0.1377905673076923 0.67708940625 0.1396413389423077 0.6786515817307692 0.09892446634615384 0.6347633966346155 0.09602904807692308 0.6333466201923077 0.1377905673076923
11 0.6338673990384615 0.10170052163461539 0.67708940625 0.10355127644230769 0.6791723605769231 0.06292601201923077 0.6341123557692309 0.0643149014423077 0.6338673990384615 0.10170052163461539
11 0.6765685480769231 0.06283440384615385 0.7239565048076924 0.06190903605769231 0.7229150264423077 0.02304300721153846 0.6766188245192308 0.022625165865384617 0.6765685480769231 0.06283440384615385
11 0.7208321514423077 0.06375994951923078 0.7692615865384614 0.06283450961538461 0.7666578509615385 0.02396841105769231 0.7218013846153847 0.025174805288461537 0.7208321514423077 0.06375994951923078
11 0.589603875 0.06375994951923078 0.6354295769230769 0.06375994951923078 0.6354295769230769 0.025819324519230767 0.5860313822115384 0.02540419951923077 0.589603875 0.06375994951923078
11 0.2703860673076923 0.07393911538461538 0.3182947644230769 0.07393911538461538 0.3142104206730769 0.02555399278846154 0.26864417788461536 0.029820716346153846 0.2703860673076923 0.07393911538461538
11 0.26934458894230767 0.10910349038461538 0.31725328605769226 0.10725275240384616 0.31569102884615385 0.07023746153846154 0.2678555240384615 0.06868663942307693 0.26934458894230767 0.10910349038461538
11 0.3625582091346154 0.10447671634615384 0.40734247115384614 0.10262597836538462 0.4063009543269231 0.0656106875 0.3609959903846154 0.06283447596153846 0.3625582091346154 0.10447671634615384
11 0.35630926201923074 0.06653587980769231 0.40161422355769233 0.06838661778846154 0.4031764807692308 0.02674437740384615 0.38399046875000004 0.021852305288461542 0.3569116490384615 0.02740444951923077 0.35630926201923074 0.06653587980769231
11 0.3625582091346154 0.14241741105769232 0.4078632091346154 0.14426814903846152 0.40838394951923074 0.10355131249999999 0.3625582091346154 0.10170053846153845 0.3625582091346154 0.14241741105769232
11 0.36359972596153844 0.17943273798076922 0.40734247115384614 0.18498502163461536 0.40734247115384614 0.142417375 0.3614289230769231 0.14341076442307693 0.36359972596153844 0.17943273798076922
11 0.20060597836538463 0.4172562475961538 0.24903541346153846 0.4200324254807692 0.24955615384615384 0.37839018509615385 0.20155921875 0.37385025 0.20060597836538463 0.4172562475961538
11 0.24591093990384616 0.4200323557692308 0.28965368509615386 0.4181816177884615 0.29329889903846157 0.3756140072115385 0.2438777908653846 0.3731568485576923 0.24591093990384616 0.4200323557692308
11 0.29381971634615384 0.4200323557692308 0.3412076730769231 0.4237339014423077 0.33912467788461537 0.38394246875 0.29348686778846156 0.37894388461538464 0.29381971634615384 0.4200323557692308
11 0.33808308173076923 0.4200323557692308 0.38442956009615387 0.4218831634615385 0.3833880432692308 0.38394246875 0.33919040144230767 0.38357351442307697 0.33808308173076923 0.4200323557692308
11 0.3870332956730769 0.4200323557692308 0.43390055288461543 0.4200323557692308 0.4318175192307692 0.376539375 0.38502305769230766 0.37755715384615385 0.3870332956730769 0.4200323557692308
11 0.4297345625 0.42188309375 0.47608100240384615 0.4237339014423077 0.47608100240384615 0.3857932067307692 0.4283831081730769 0.3831094375 0.4297345625 0.42188309375
11 0.22872615865384616 0.07486444951923077 0.2729896442307692 0.07393904326923076 0.27455189903846156 0.03507294471153846 0.22779548317307693 0.03489264182692308 0.22872615865384616 0.07486444951923077
11 0.5469025288461539 0.06561061778846154 0.5922074903846154 0.06375987980769231 0.5896037572115385 0.02581914903846154 0.5475418125 0.02494548076923077 0.5469025288461539 0.06561061778846154
11 0.6354296562499999 0.10447657451923077 0.6343881778846154 0.06561051201923077 0.5890832163461538 0.06190896394230769 0.5896926682692307 0.09809132932692308 0.6354296562499999 0.10447657451923077
11 0.5239897788461538 0.42188309375 0.5687739615384616 0.42095772355769234 0.5687739615384616 0.3820916947115384 0.5235651033653845 0.3793861802884615 0.5239897788461538 0.42188309375
11 0.6573009302884615 0.43021155528846156 0.7020851923076923 0.42836074759615383 0.7010436346153845 0.3894946826923077 0.6558572572115384 0.3942194350961538 0.6573009302884615 0.43021155528846156
11 0.6123431802884615 0.4277438822115384 0.6571273629807692 0.42496770432692305 0.6571273629807692 0.38980318750000004 0.6133846562499999 0.3870270096153846 0.6123431802884615 0.4277438822115384
11 0.5672117043269231 0.42651000961538466 0.6125166658653846 0.4292861875 0.6125166658653846 0.3894946826923077 0.5682531826923077 0.38671857692307693 0.5672117043269231 0.42651000961538466
11 0.5224274423076923 0.4598238581730769 0.5682531826923077 0.46260003605769234 0.5677324831730769 0.4237339014423077 0.5227841514423077 0.42290365384615386 0.5224274423076923 0.4598238581730769
11 0.47816403846153843 0.4237339735576923 0.5219068221153846 0.42465934134615385 0.5250312548076923 0.38671864663461536 0.4772113125 0.3819521009615385 0.47816403846153843 0.4237339735576923
11 0.2000852403846154 0.4551970144230769 0.2443487235576923 0.4561223822115385 0.24539020192307692 0.4172562475961538 0.19921652163461537 0.41667432211538463 0.2000852403846154 0.4551970144230769
11 0.19591917067307693 0.4912868990384615 0.2417449110576923 0.4922122692307692 0.24070339182692307 0.4551969423076923 0.1940089735576923 0.45417536538461534 0.19591917067307693 0.4912868990384615
11 0.19904368269230768 0.5301529639423077 0.24486942307692308 0.5320037716346154 0.24330716586538464 0.4940630769230769 0.19843556971153847 0.49144172836538463 0.19904368269230768 0.5301529639423077
11 0.19852294471153845 0.5653175504807693 0.2469523798076923 0.5662429206730769 0.2459109014423077 0.5273768557692308 0.19947704807692307 0.5294068485576923 0.19852294471153845 0.5653175504807693
11 0.19956450240384616 0.6051089831730769 0.24486946394230769 0.6069597235576923 0.24278646875 0.5690190264423077 0.1959621778846154 0.5655157307692308 0.19956450240384616 0.6051089831730769
11 0.24643163942307694 0.4551969423076923 0.2901743461538462 0.4579731201923077 0.29277807932692307 0.4172562475961538 0.2434872764423077 0.41482351442307697 0.24643163942307694 0.4551969423076923
11 0.24382790625 0.49221219711538466 0.2901743846153846 0.49128682932692314 0.2896536466346154 0.45334613461538464 0.24270640384615383 0.45070307451923075 0.24382790625 0.49221219711538466
11 0.24486942307692308 0.5301529639423077 0.2896536466346154 0.5301529639423077 0.290695125 0.49313763701923075 0.24335744471153847 0.49074832692307696 0.24486942307692308 0.5301529639423077
11 0.24330720673076925 0.5662427788461538 0.28809146875 0.5690189567307692 0.2886122091346154 0.5310782620192308 0.24153509375 0.52963603125 0.24330720673076925 0.5662427788461538
11 0.24434868509615384 0.6004821394230769 0.2922573798076923 0.6004821394230769 0.2922573798076923 0.5653175504807693 0.2436180504807692 0.5645931466346154 0.24434868509615384 0.6004821394230769
11 0.29520038221153844 0.6082440625 0.33756238221153845 0.6041836850961538 0.3365208653846154 0.5680937283653846 0.29244617548076923 0.5692227764423077 0.29520038221153844 0.6082440625
11 0.2912159038461538 0.5745713125 0.33443790865384615 0.5727205745192308 0.3349586490384615 0.5338545096153846 0.2878888846153846 0.5335724014423077 0.2912159038461538 0.5745713125
11 0.2912159038461538 0.5366306875 0.3370416033653846 0.5357053197115385 0.336000125 0.49683925480769225 0.28809138942307694 0.49961536298076925 0.2912159038461538 0.5366306875
11 0.2901743461538462 0.4977645528846154 0.3386038197115384 0.4959138149038462 0.33600008653846153 0.4598238581730769 0.28971123317307695 0.45880499519230766 0.2901743461538462 0.4977645528846154
11 0.29329885817307694 0.45149539663461535 0.34120759375000004 0.4588984182692308 0.34068685576923075 0.4200323557692308 0.2934867884615385 0.41760233413461534 0.29329885817307694 0.45149539663461535
11 0.33600008653846153 0.4644507740384615 0.38234656490384616 0.4644507740384615 0.38130504807692306 0.4200323557692308 0.3359351923076923 0.42130388221153847 0.33600008653846153 0.4644507740384615
11 0.3379943485576923 0.4583212043269231 0.33756238221153845 0.5005407307692308 0.3844296009615385 0.5005407307692308 0.3833880841346154 0.4579731201923077 0.3379943485576923 0.4583212043269231
11 0.33183413461538463 0.4940630072115385 0.3354793870192308 0.5384814254807693 0.38182582692307687 0.5347798798076924 0.37974287019230774 0.4977645528846154 0.33580536057692306 0.4988501778846154 0.33183413461538463 0.4940630072115385
11 0.33704164423076927 0.5727205745192308 0.3828673846153846 0.5708698365384616 0.38234664423076925 0.5366306177884616 0.3365863125 0.5347298076923077 0.33704164423076927 0.5727205745192308
11 0.3380831201923077 0.612512076923077 0.38286734375000003 0.6143628149038461 0.38130512740384614 0.5754967524038461 0.3360659663461538 0.5743109831730769 0.3380831201923077 0.612512076923077
11 0.38130512740384614 0.6068463100961539 0.4255686514423077 0.6096224543269231 0.42661012980769236 0.5699443966346154 0.37864428125 0.5680652980769231 0.38130512740384614 0.6068463100961539
11 0.3807843485576923 0.5707563894230769 0.4271308293269231 0.5670549134615385 0.4266100504807693 0.5318902908653846 0.38111767307692307 0.5330532620192308 0.3807843485576923 0.5707563894230769
11 0.3802636899038462 0.53466646875 0.42921386298076925 0.5365172403846153 0.4281723846153846 0.4967257740384615 0.3787741923076923 0.496709625 0.3802636899038462 0.53466646875
11 0.3844296009615385 0.49580036778846154 0.4286930841346154 0.49765114182692305 0.4297345625 0.45415812740384615 0.3832007091346154 0.4548136346153846 0.3844296009615385 0.49580036778846154
11 0.3844296009615385 0.45878504326923075 0.4286930841346154 0.4550834951923077 0.4307760408653846 0.4162174326923077 0.38163801923076923 0.41546178125 0.3844296009615385 0.45878504326923075
11 0.4297345625 0.4597104110576923 0.47608100240384615 0.46156118509615385 0.47608100240384615 0.42454586057692306 0.43085657932692306 0.41985665865384614 0.4297345625 0.4597104110576923
11 0.4307760408653846 0.5004273197115384 0.4771225600961539 0.4995019158653846 0.4739980456730769 0.4606358509615385 0.4272109350961539 0.4587445048076923 0.4307760408653846 0.5004273197115384
11 0.4281723052884615 0.5337410985576923 0.4739980456730769 0.5337410985576923 0.4745187451923077 0.49580036778846154 0.42512790144230767 0.4943948100961538 0.4281723052884615 0.5337410985576923
11 0.4255686514423077 0.5716817235576923 0.47295656971153843 0.5707563533653846 0.47295656971153843 0.5346663966346153 0.4264300625 0.5325891850961538 0.4255686514423077 0.5716817235576923
11 0.42661012980769236 0.6077716105769231 0.47191509134615384 0.6049954663461539 0.47139431249999997 0.5698308798076923 0.42617032211538464 0.5707835576923077 0.42661012980769236 0.6077716105769231
11 0.4255686514423077 0.64386153125 0.4722543173076923 0.6471102668269231 0.47329579567307695 0.6082440625 0.42356615625 0.60550578125 0.4255686514423077 0.64386153125
11 0.38442956009615387 0.6521901706730768 0.43025526201923076 0.6521901706730768 0.42765152644230764 0.6142494399038462 0.3824197572115385 0.6175386442307692 0.38442956009615387 0.6521901706730768
11 0.336000125 0.6512645889423077 0.38234660576923074 0.650339185096154 0.38130512740384614 0.6096223485576924 0.3367170096153846 0.6096713341346154 0.336000125 0.6512645889423077
11 0.29121586298076924 0.6429363028846153 0.33652082451923077 0.6410855288461538 0.33495860817307693 0.6022195 0.2897120985576923 0.5983321538461538 0.29121586298076924 0.6429363028846153
11 0.24539016346153847 0.6494139567307692 0.28861216826923075 0.6494139567307692 0.28861216826923075 0.604070204326923 0.24270726682692306 0.6075859831730769 0.24539016346153847 0.6494139567307692
11 0.473998125 0.4652627331730769 0.5234690793269231 0.4652627331730769 0.5224275216346154 0.42269508653846155 0.47525905288461534 0.42124881971153844 0.473998125 0.4652627331730769
11 0.5219067427884615 0.5022780576923077 0.5243289254807693 0.4638842355769231 0.4766901033653846 0.45943783653846154 0.47660178125 0.5004272836538461 0.5219067427884615 0.5022780576923077
11 0.5255519543269231 0.49857654567307697 0.5672117043269231 0.5004272836538461 0.5666909254807693 0.4606358173076923 0.5234689206730769 0.45878504326923075 0.5255519543269231 0.49857654567307697
11 0.5687739615384616 0.46063578125 0.6156411802884616 0.46156118509615385 0.6151204014423077 0.42732200240384616 0.5690081081730769 0.42448628846153846 0.5687739615384616 0.46063578125
11 0.6152940192307692 0.46587963221153844 0.6616404591346154 0.46587963221153844 0.6590367259615384 0.42793893749999995 0.6122807403846153 0.42278841105769227 0.6152940192307692 0.46587963221153844
11 0.6635499543269231 0.4671135048076923 0.7057304038461538 0.4643373629807692 0.7078134399038463 0.4263966682692307 0.6589817692307692 0.42517968990384614 0.6635499543269231 0.4671135048076923
11 0.5734606514423077 0.5300395528846154 0.57241909375 0.49302422596153844 0.5265934326923077 0.49302422596153844 0.5281556105769231 0.5328156947115384 0.5734606514423077 0.5300395528846154
11 0.48233002884615384 0.5420695624999999 0.5291972475961538 0.5457710721153846 0.5323217596153846 0.5087557475961538 0.48332956490384615 0.50619278125 0.48233002884615384 0.5420695624999999
11 0.4771225600961539 0.5763088149038461 0.5213860432692308 0.5763088149038461 0.5224275216346154 0.5411441923076923 0.4766901033653846 0.5376775336538462 0.4771225600961539 0.5763088149038461
11 0.47295656971153843 0.6096225240384615 0.5177408317307692 0.6142494399038462 0.5203445649038462 0.5763088149038461 0.4714826346153846 0.5747145697115384 0.47295656971153843 0.6096225240384615
11 0.4755603822115385 0.6466378509615385 0.5193030889423077 0.6484886225961539 0.5203445649038462 0.6142494399038462 0.4745188245192308 0.6059210120192308 0.4755603822115385 0.6466378509615385
11 0.5224275216346154 0.6484887644230769 0.5656495264423077 0.647563360576923 0.5672117836538462 0.6105480336538461 0.5224275216346154 0.6049958197115385 0.5224275216346154 0.6484887644230769
11 0.5239897788461538 0.60962259375 0.5677324831730769 0.6114732980769231 0.5672117836538462 0.5735325673076923 0.5216119783653845 0.5710130240384615 0.5239897788461538 0.60962259375
11 0.5260727331730769 0.5411440865384616 0.5239896995192308 0.5735324975961539 0.5708569158653846 0.5707563533653846 0.5698154399038462 0.5365171706730769 0.5253874519230769 0.5328185096153846 0.5260727331730769 0.5411440865384616
11 0.5687740408653846 0.4995018798076923 0.6135582235576923 0.5013526538461538 0.6135582235576923 0.46156118509615385 0.5690081874999999 0.4603659182692308 0.5687740408653846 0.4995018798076923
11 0.5739815096153846 0.5355918365384615 0.6192864711538462 0.5346664326923076 0.6198072499999999 0.49672573798076924 0.5748658341346153 0.4997177716346154 0.5739815096153846 0.5355918365384615
11 0.5713776947115384 0.5744580072115385 0.6161619591346154 0.577234079326923 0.6166827379807691 0.537442610576923 0.5717413221153846 0.5346693173076923 0.5713776947115384 0.5744580072115385
11 0.5677325625 0.6123987019230769 0.6130375240384616 0.61517484375 0.6125168245192307 0.5744579711538461 0.5669243677884616 0.5735571634615385 0.5677325625 0.6123987019230769
11 0.56512875 0.6494139567307692 0.6099130120192308 0.64756321875 0.6104337908653846 0.610547891826923 0.565492375 0.608743391826923 0.56512875 0.6494139567307692
11 0.6109546490384615 0.64756321875 0.6557388317307692 0.64756321875 0.6552181322115385 0.6114733317307692 0.6119961274038461 0.6077717163461538 0.6109546490384615 0.64756321875
11 0.6104337115384616 0.617025545673077 0.6536556370192308 0.6161001418269231 0.6546971947115385 0.5744579014423077 0.6091120865384615 0.57355709375 0.6104337115384616 0.617025545673077
11 0.61373184375 0.5784680096153847 0.6595575841346153 0.5747663918269231 0.6595575841346153 0.5377510673076923 0.6133214350961539 0.5363672187499999 0.61373184375 0.5784680096153847
11 0.6168562235576923 0.5420695144230769 0.6621611850961538 0.5374425985576923 0.6626819639423077 0.4976511298076923 0.6154043365384615 0.49925371875 0.6168562235576923 0.5420695144230769
11 0.6147732956730769 0.5007357403846154 0.6611197331730769 0.5025865144230769 0.6605990360576922 0.4646458197115385 0.6156658341346154 0.46576536778846156 0.6147732956730769 0.5007357403846154
11 0.20164741826923077 0.6808770336538461 0.2459109014423077 0.67995159375 0.2459109014423077 0.6429363028846153 0.20078086057692307 0.6434764687500001 0.20164741826923077 0.6808770336538461
11 0.24851463461538462 0.6781008557692307 0.2917366009615385 0.67995159375 0.2917366009615385 0.6420108990384615 0.24830603846153845 0.6423190624999999 0.24851463461538462 0.6781008557692307
11 0.29642337259615387 0.68365328125 0.34068685576923075 0.6855040913461538 0.34120759375000004 0.6447872187500001 0.2941386947115385 0.6437059350961539 0.29642337259615387 0.68365328125
11 0.3386038605769231 0.6836530000000001 0.37974287019230774 0.6827276298076923 0.3802636105769231 0.6457123052884615 0.3386701346153846 0.6487992884615384 0.3386038605769231 0.6836530000000001
11 0.3844296009615385 0.6882800552884615 0.42955301201923074 0.689677735576923 0.4305945673076923 0.6563640985576923 0.38338812259615385 0.6484885528846154 0.3844296009615385 0.6882800552884615
11 0.4307761201923077 0.6808768221153846 0.4739980456730769 0.6781007139423078 0.4739980456730769 0.6447869350961538 0.42942380288461535 0.6432470048076924 0.4307761201923077 0.6808768221153846
11 0.43337985336538465 0.7197430961538461 0.4786848149038461 0.7169669206730769 0.4771225600961539 0.6827277716346154 0.43476047836538456 0.68412559375 0.43337985336538465 0.7197430961538461
11 0.3849503389423077 0.7206683966346153 0.4271308293269231 0.7197430264423077 0.4281723846153846 0.6873546153846154 0.38385175000000005 0.68375090625 0.3849503389423077 0.7206683966346153
11 0.34068677644230766 0.7215939759615384 0.3833880432692308 0.7206686081730769 0.3828673052884615 0.6864293894230769 0.34088292067307696 0.6867592620192308 0.34068677644230766 0.7215939759615384
11 0.29597407451923075 0.6871189903846153 0.2969441105769231 0.72159390625 0.3386038605769231 0.7206685360576923 0.34068685576923075 0.6845785793269231 0.29597407451923075 0.6871189903846153
11 0.2511183293269231 0.7178922884615384 0.29277807932692307 0.715116110576923 0.29434033653846153 0.682727701923077 0.2486964735576923 0.6795853533653846 0.2511183293269231 0.7178922884615384
11 0.2032097139423077 0.7188177283653846 0.24851467548076922 0.7188177283653846 0.24799393749999998 0.6808770336538461 0.20481615625 0.6830576466346153 0.2032097139423077 0.7188177283653846
11 0.2088800168269231 0.7698166201923077 0.2531435 0.7707419879807692 0.2531435 0.7365028413461538 0.2088800168269231 0.7392789471153847 0.2088800168269231 0.7698166201923077
11 0.2076071033653846 0.8045698076923077 0.25082906971153845 0.8045698076923077 0.24978759374999998 0.768479920673077 0.20739115624999999 0.769311795673077 0.2076071033653846 0.8045698076923077
11 0.20772282451923077 0.8416879903846154 0.2519863076923077 0.8398371826923078 0.2514655697115385 0.8018964879807692 0.2058143557692308 0.8078410673076923 0.20772282451923077 0.8416879903846154
11 0.2081278701923077 0.8798344086538462 0.24978762019230769 0.8724313173076923 0.24978762019230769 0.8418936442307692 0.20517831730769232 0.8413768533653846 0.2081278701923077 0.8798344086538462
11 0.2078385360576923 0.9176722860576922 0.25210201923076925 0.9102691923076923 0.25001902403846155 0.8769554134615384 0.2065819735576923 0.8792364399038461 0.2078385360576923 0.9176722860576922
11 0.25296991826923076 0.9141763149038462 0.2972334014423077 0.9132509447115384 0.2982748798076923 0.8771609879807692 0.2541945697115385 0.8775912764423077 0.25296991826923076 0.9141763149038462
11 0.2469524110576923 0.8742820552884615 0.2948611466346154 0.8779836009615385 0.2953818846153846 0.8437444519230769 0.24973888701923078 0.8436916682692307 0.2469524110576923 0.8742820552884615
11 0.25441648076923074 0.8455951899038462 0.2986799639423077 0.8418936442307692 0.2986799639423077 0.809505233173077 0.25342697115384616 0.8089694447115385 0.25441648076923074 0.8455951899038462
11 0.2531435 0.8087854783653847 0.29688624519230766 0.8050839326923077 0.2963655072115384 0.7745462596153847 0.2533253798076923 0.7702872139423077 0.2531435 0.8087854783653847
11 0.25053979326923076 0.7694053533653846 0.2958447548076923 0.7712560913461538 0.29428253846153846 0.7370169423076922 0.2524146225961538 0.7392192668269231 0.25053979326923076 0.7694053533653846
11 0.2978120264423077 0.7752660865384615 0.3405132548076923 0.7734153485576923 0.3399925144230769 0.7382507596153847 0.2990431634615385 0.7372101850961539 0.2978120264423077 0.7752660865384615
11 0.29758059615384613 0.8096080600961538 0.3392403461538462 0.8077572524038461 0.3392403461538462 0.7725927355769231 0.29594782451923074 0.7711097956730769 0.29758059615384613 0.8096080600961538
11 0.29665483653846153 0.8411739519230769 0.34091832211538464 0.8448754278846154 0.3393560649038462 0.8069347331730768 0.2950220673076923 0.8073243125 0.29665483653846153 0.8411739519230769
11 0.30041576442307694 0.8798344086538462 0.3425962548076923 0.8742820552884615 0.34207551442307693 0.84004290625 0.2989132980769231 0.8425342596153846 0.30041576442307694 0.8798344086538462
11 0.30018436538461535 0.9122228197115384 0.34288559375000005 0.9131481899038462 0.34288559375000005 0.8779836009615385 0.2985520264423077 0.8807287043269232 0.30018436538461535 0.9122228197115384
11 0.3424805384615385 0.9129425600961538 0.3846610264423077 0.9129425600961538 0.3846610264423077 0.875927233173077 0.3431991514423077 0.8726559759615384 0.3424805384615385 0.9129425600961538
11 0.34259626201923077 0.8794230721153846 0.3852974903846154 0.8784977019230769 0.3826937548076923 0.8424077451923077 0.3403202331730769 0.8418936682692307 0.34259626201923077 0.8794230721153846
11 0.34444780528846153 0.8448754278846154 0.38766981250000004 0.8448754278846154 0.3881905504807692 0.8087855408653847 0.3424315168269231 0.8073243125 0.34444780528846153 0.8448754278846154
11 0.3401661033653846 0.8096081850961538 0.38234659134615384 0.8123842932692308 0.38234659134615384 0.7753689663461538 0.3378892091346154 0.7711099206730769 0.3401661033653846 0.8096081850961538
11 0.3371573509615385 0.7780422644230769 0.3824623125 0.776191454326923 0.3824623125 0.7419523076923077 0.33826553365384615 0.7418398149038462 0.3371573509615385 0.7780422644230769
11 0.3800321971153846 0.7780422644230769 0.42377490144230767 0.776191454326923 0.4232542019230769 0.7419523076923077 0.37724148076923075 0.739525 0.3800321971153846 0.7780422644230769
11 0.38390884374999995 0.8105334302884616 0.42556863461538463 0.8049811442307693 0.42452715625 0.7753688413461539 0.3802069519230769 0.7757394254807692 0.38390884374999995 0.8105334302884616
11 0.3866861538461538 0.8439500913461538 0.4288666418269231 0.8439500913461538 0.4288666418269231 0.8097109423076922 0.38564467548076925 0.8050840264423077 0.3866861538461538 0.8439500913461538
11 0.3851818052884616 0.8459037644230769 0.3851818052884616 0.8784977259615385 0.4293537451923077 0.88037678125 0.42684151442307694 0.8470346850961538 0.3851818052884616 0.8459037644230769
11 0.38830623557692306 0.915924295673077 0.43100746153846153 0.9140735576923077 0.42996598557692306 0.8789089711538461 0.3870786394230769 0.878413889423077 0.38830623557692306 0.915924295673077
11 0.43025531490384616 0.9151017451923077 0.4713943653846154 0.9160271850961539 0.4739980985576923 0.8817879663461539 0.4318989759615385 0.8799061538461538 0.43025531490384616 0.9151017451923077
11 0.4280566490384615 0.8841528605769231 0.4717993533653846 0.8841528605769231 0.47232013221153846 0.8462121658653847 0.42753587019230765 0.8489882740384616 0.4280566490384615 0.8841528605769231
11 0.42927170192307695 0.8454923725961538 0.47301440624999996 0.8482685504807693 0.47301440624999996 0.8121785937499999 0.4281808533653846 0.8132642187500001 0.42927170192307695 0.8454923725961538
11 0.4287509230769231 0.8131039615384614 0.47093145192307695 0.8158801394230769 0.47353518509615383 0.7788648149038462 0.4281808533653846 0.7785419951923077 0.4287509230769231 0.8131039615384614
11 0.42510571875 0.7798930024038462 0.4678069471153846 0.776191454326923 0.4678069471153846 0.7419523076923077 0.42336382932692307 0.7418398149038462 0.42510571875 0.7798930024038462
11 0.47660170192307694 0.6818022620192308 0.5182614519230769 0.6799515240384615 0.5166992740384615 0.64386153125 0.4756502740384615 0.64602046875 0.47660170192307694 0.6818022620192308
11 0.5227827427884615 0.6836885144230769 0.5641818870192308 0.6818379158653846 0.5651288293269231 0.6401603028846155 0.52083196875 0.6404684663461538 0.5227827427884615 0.6836885144230769
11 0.565649608173077 0.6882800552884615 0.5646080504807692 0.7234446442307692 0.6089661514423077 0.7244053870192307 0.6078300552884616 0.6845785456730769 0.5662741923076923 0.6851159975961539 0.565649608173077 0.6882800552884615
11 0.6109544903846154 0.6864293173076923 0.6546971947115385 0.6827277716346154 0.6541764158653846 0.6466378149038461 0.6141897259615384 0.6481006706730769 0.6109544903846154 0.6864293173076923
11 0.6588631850961538 0.6484886586538461 0.6578217067307693 0.6845785096153846 0.6994814567307692 0.6836531394230769 0.6994814567307692 0.64756321875 0.6598925528846155 0.6469432644230769 0.6588631850961538 0.6484886586538461
11 0.4786848149038461 0.7206686081730769 0.5203445649038462 0.7206686081730769 0.5203445649038462 0.6873548293269232 0.4792951346153846 0.6823589591346154 0.4786848149038461 0.7206686081730769
11 0.4852808870192308 0.7691996754807692 0.5279821947115384 0.7654981995192307 0.5279821947115384 0.7349605288461538 0.4869327620192308 0.7362347692307692 0.4852808870192308 0.7691996754807692
11 0.48128848798076923 0.8085798653846153 0.5219067596153846 0.8058037572115384 0.5219067596153846 0.7697138004807692 0.47942498317307697 0.7719324086538462 0.48128848798076923 0.8085798653846153
11 0.4816356826923077 0.84004290625 0.5222539543269231 0.8391175360576923 0.5222539543269231 0.8067291274038462 0.4814646971153846 0.8066546298076923 0.4816356826923077 0.84004290625
11 0.4820985625 0.8345935024038462 0.48105708413461534 0.8725341971153846 0.5221960552884616 0.8725341971153846 0.5232375336538462 0.8392204182692308 0.48322965865384615 0.8405543653846154 0.4820985625 0.8345935024038462
11 0.48198287740384615 0.9084184543269231 0.5236426274038462 0.9084184543269231 0.5252048846153846 0.8732538653846155 0.4815512860576923 0.8746068100961538 0.48198287740384615 0.9084184543269231
11 0.5237004134615385 0.9065676466346153 0.5653601610576924 0.9084184543269231 0.5648394639423077 0.8723284975961539 0.5242211899038461 0.8714031274038461 0.5237004134615385 0.9065676466346153
11 0.5226011490384616 0.874179266826923 0.5653023774038461 0.8760300745192308 0.5663438557692307 0.8380893100961538 0.5238689927884616 0.8410420264423077 0.5226011490384616 0.874179266826923
11 0.5222539543269231 0.8365469735576923 0.5623514471153845 0.8374723413461538 0.5628722259615384 0.8013823846153846 0.5224803221153846 0.8026946201923076 0.5222539543269231 0.8365469735576923
11 0.5254941442307692 0.8035416826923077 0.5681953701923077 0.8016909447115383 0.5676745913461538 0.7646756177884615 0.52702259375 0.7643473725961538 0.5254941442307692 0.8035416826923077
11 0.5289657716346153 0.7698166201923077 0.5701048221153846 0.7670404423076923 0.5706255216346153 0.7355774711538461 0.5277602235576923 0.7363876370192308 0.5289657716346153 0.7698166201923077
11 0.5213859639423076 0.6892056370192308 0.523469 0.7243701538461539 0.5646079711538461 0.7234447860576924 0.5677324831730769 0.6882801971153847 0.5214820673076923 0.6876819879807693 0.5213859639423076 0.6892056370192308
11 0.5641818870192308 0.6855393221153846 0.6122208677884615 0.6862899134615384 0.6123431009615385 0.645404201923077 0.56626484375 0.6429717115384614 0.5641818870192308 0.6855393221153846
11 0.5694683942307692 0.7722842716346154 0.6100866658653846 0.7722842716346154 0.6116488437500001 0.7371196826923078 0.5703527187499999 0.7365404711538462 0.5694683942307692 0.7722842716346154
11 0.5661124158653846 0.8032331875000001 0.6077721658653846 0.8069347331730768 0.6082928653846154 0.76991940625 0.5693403004807692 0.7714446826923077 0.5661124158653846 0.8032331875000001
11 0.5643765480769231 0.8412767716346153 0.606036298076923 0.83850059375 0.6070777764423076 0.8051868149038461 0.5652608725961539 0.8018721346153845 0.5643765480769231 0.8412767716346153
11 0.5670381730769231 0.8377808533653847 0.5665173942307692 0.8766469182692307 0.6076563653846153 0.875721548076923 0.608697923076923 0.8414824014423077 0.5683129350961539 0.8423522692307692 0.5670381730769231 0.8377808533653847
11 0.5666910504807693 0.9093438245192308 0.6083507980769232 0.9093438245192308 0.6088714975961539 0.8723284975961539 0.5643201658653847 0.8746068100961538 0.5666910504807693 0.9093438245192308
11 0.6133267499999999 0.9085212740384615 0.6544658004807692 0.9066704639423077 0.6544658004807692 0.8724313173076923 0.6123956418269231 0.8737842596153846 0.6133267499999999 0.9085212740384615
11 0.6104916201923077 0.8752074927884615 0.6521513677884615 0.877058233173077 0.6531928461538462 0.8381921682692308 0.6126853774038461 0.8413768533653846 0.6104916201923077 0.8752074927884615
11 0.6114173774038462 0.8408655192307692 0.6546393846153846 0.8427162572115384 0.6551600817307693 0.8047755624999999 0.6103559254807692 0.8040050216346154 0.6114173774038462 0.8408655192307692
11 0.6118802908653846 0.8048783173076923 0.6561437764423077 0.8076544951923077 0.6556229975961538 0.7687884326923077 0.6140740504807692 0.7673027788461538 0.6118802908653846 0.8048783173076923
11 0.6099708413461539 0.7290997475961538 0.6104916201923077 0.76889125 0.6531928461538462 0.772592798076923 0.6542343245192307 0.73465203125 0.6113832932692308 0.7340728221153847 0.6099708413461539 0.7290997475961538
11 0.6125166658653846 0.7160416923076922 0.6563536370192308 0.7193063221153846 0.6552179735576923 0.6781009975961538 0.6135386826923077 0.67842815625 0.6125166658653846 0.7160416923076922
11 0.6957783533653846 0.8006627163461538 0.6541186057692308 0.8025135264423077 0.65397571875 0.8392440288461539 0.6942160985576924 0.8386034110576923 0.6957783533653846 0.8006627163461538
11 0.6772551177884616 0.09827986298076923 0.7225600793269231 0.09735449278846153 0.7225600793269231 0.05941377163461538 0.6783831874999999 0.05737372596153846 0.6772551177884616 0.09827986298076923
11 0.6751722427884614 0.13899675240384615 0.7199564254807692 0.14084754326923077 0.7236017163461538 0.09920526682692307 0.6747376225961539 0.09371416346153846 0.6751722427884614 0.13899675240384615
11 0.6751721634615385 0.1741611826923077 0.7209978245192308 0.1778627283653846 0.7209978245192308 0.13436975 0.6744769374999999 0.13121513701923077 0.6751721634615385 0.1741611826923077
11 0.6793381538461538 0.21395281009615383 0.7215186033653846 0.21395281009615383 0.7241223365384616 0.1732359543269231 0.6789035336538463 0.1705671298076923 0.6793381538461538 0.21395281009615383
11 0.6751720048076923 0.23986356490384614 0.7209977451923077 0.24541585096153848 0.7220392211538461 0.21025129807692308 0.6748672956730769 0.20575342788461537 0.6751720048076923 0.23986356490384614
11 0.6777758173076923 0.28520724759615385 0.7220393004807693 0.28335647355769233 0.7230807788461538 0.24726651682692308 0.6766897259615384 0.24464113221153846 0.6777758173076923 0.28520724759615385
11 0.6736098269230768 0.3203718701923077 0.717352610576923 0.32222264423076924 0.7204770456730769 0.2815058076923077 0.6720026033653846 0.28075015625 0.6736098269230768 0.3203718701923077
11 0.6720476490384615 0.36201411298076924 0.7173526899038462 0.36293948076923077 0.7173526899038462 0.32499878605769233 0.673695201923077 0.32195274759615383 0.6720476490384615 0.36201411298076924
11 0.722559920673077 0.09457852884615384 0.7663027067307693 0.09828005769230769 0.7657819278846154 0.06219012740384615 0.7246069879807693 0.05922467548076923 0.722559920673077 0.09457852884615384
11 0.7246429567307692 0.1325190985576923 0.7663027067307693 0.13529524278846153 0.7673442644230769 0.10105605769230769 0.7249975024038461 0.09649305528846154 0.7246429567307692 0.1325190985576923
11 0.7236015576923077 0.1695344783653846 0.76942721875 0.17045982932692308 0.7715102548076923 0.13807141826923078 0.7246430360576923 0.12974297355769232 0.7236015576923077 0.1695344783653846
11 0.7230809375 0.2065496105769231 0.7678651225961539 0.21395268509615384 0.76994815625 0.17693736057692308 0.7230445384615384 0.16963890384615385 0.7230809375 0.2065496105769231
11 0.7215186033653846 0.24449058653846154 0.7673443437499999 0.24911750240384614 0.7673443437499999 0.21117679086538463 0.7200498557692309 0.20297467788461537 0.7215186033653846 0.24449058653846154
11 0.7183940889423077 0.28243124759615384 0.7636990504807692 0.28613275721153847 0.7631782716346154 0.24634129086538462 0.7189147884615384 0.24726665865384617 0.7183940889423077 0.28243124759615384
11 0.7209979038461539 0.31481944471153844 0.7626576538461538 0.31481944471153844 0.7626576538461538 0.2778041201923077 0.720570201923077 0.2784406298076923 0.7209979038461539 0.31481944471153844
11 0.7173526899038462 0.35646189903846154 0.7605746177884616 0.35461116105769236 0.7616161754807693 0.31574506009615383 0.716663951923077 0.3145497956730769 0.7173526899038462 0.35646189903846154
11 0.7058961971153846 0.42494015865384616 0.7485974230769231 0.42494015865384616 0.7459936899038462 0.38885023798076923 0.7032526033653846 0.3835518028846154 0.7058961971153846 0.42494015865384616
11 0.7053754975961539 0.4628808197115385 0.7079792307692307 0.4638062596153846 0.7506804591346155 0.4610300456730769 0.7506804591346155 0.4267909326923077 0.704945201923077 0.4217461778846153 0.7053754975961539 0.4628808197115385
11 0.6611120120192309 0.4989707403846154 0.7064169759615384 0.49989611057692307 0.7058961971153846 0.4610300456730769 0.661976451923077 0.4611197403846154 0.6611120120192309 0.4989707403846154
11 0.7064168942307693 0.4971200721153846 0.7532841129807692 0.4971200721153846 0.749118122596154 0.4610301153846154 0.7039036442307692 0.45996240384615383 0.7064168942307693 0.4971200721153846
11 0.6605912331730769 0.5396876826923077 0.7079792307692307 0.5396876826923077 0.7079792307692307 0.5045230961538462 0.6597618557692309 0.5025517259615385 0.6605912331730769 0.5396876826923077
11 0.7111036658653845 0.5332099591346154 0.754325670673077 0.53043378125 0.754325670673077 0.49434382451923076 0.7080696346153845 0.4946845552884615 0.7111036658653845 0.5332099591346154
11 0.6616326322115385 0.5748522716346154 0.704854639423077 0.5776283774038462 0.7053754182692308 0.5350607668269232 0.6580692572115385 0.5365806153846153 0.6616326322115385 0.5748522716346154
11 0.7084998509615384 0.5767029399038461 0.7517218581730769 0.574852201923077 0.7517218581730769 0.5332099591346154 0.7070272139423076 0.5331083245192307 0.7084998509615384 0.5767029399038461
11 0.6590289783653845 0.6118677379807692 0.7001679495192307 0.6109423701923077 0.7027716826923077 0.5720762355769231 0.6569459423076923 0.57577778125 0.6590289783653845 0.6118677379807692
11 0.7064168942307693 0.6072404687499999 0.7506803798076922 0.6090912788461538 0.7522426370192308 0.5730013221153846 0.7041625192307692 0.5706092956730769 0.7064168942307693 0.6072404687499999
11 0.6569459423076923 0.647957483173077 0.7001679495192307 0.6498082211538462 0.7001679495192307 0.6155690745192307 0.6559863028846155 0.6120413509615384 0.6569459423076923 0.647957483173077
11 0.7006887283653846 0.6535097692307693 0.7454729110576923 0.6553605769230769 0.7470351682692308 0.6118675264423077 0.6993454879807692 0.6111132692307693 0.7006887283653846 0.6535097692307693
11 0.6991264711538462 0.6821966322115384 0.7407862211538461 0.6794204543269231 0.741307 0.6461066754807692 0.6975227043269231 0.6451529447115385 0.6991264711538462 0.6821966322115384
11 0.6297313173076924 0.24392461538461538 0.6781607139423076 0.24577540625 0.6786814927884616 0.20783465865384618 0.6329635264423078 0.2078985721153846 0.6297313173076924 0.24392461538461538
11 0.65524434375 0.7187954807692307 0.6974248725961538 0.7178701105769231 0.6989871298076923 0.6817801538461539 0.65429378125 0.6801045625 0.65524434375 0.7187954807692307
11 0.6987850576923077 0.7221003076923077 0.7421898245192308 0.7162605625 0.7399241081730769 0.685084983173077 0.6972228004807692 0.6860103870192307 0.6987850576923077 0.7221003076923077
11 0.6557072331730769 0.7714394711538461 0.6952839471153845 0.7695886995192307 0.69424246875 0.7362748846153846 0.65202259375 0.7371651442307693 0.6557072331730769 0.7714394711538461
11 0.6975405216346153 0.7753466562500001 0.7423247043269231 0.7716451105769231 0.7397209711538462 0.7383313317307691 0.6980612211538462 0.7364805576923078 0.6975405216346153 0.7753466562500001
11 0.655070733173077 0.8058842620192308 0.696730483173077 0.8058842620192308 0.6972512620192308 0.7670181634615385 0.6555525168269232 0.7679274182692308 0.655070733173077 0.8058842620192308
11 0.6983505961538461 0.7733930649038462 0.6967884182692308 0.8048560697115386 0.737927389423077 0.80670684375 0.737406610576923 0.7733930649038462 0.6957468605769231 0.769691516826923 0.6983505961538461 0.7733930649038462
11 0.698582 0.8409460985576923 0.7397209711538462 0.8372444807692307 0.737638014423077 0.809482985576923 0.6984196586538461 0.8069444447115385 0.698582 0.8409460985576923
11 0.6547814302884615 0.8752880288461539 0.6974826586538462 0.8762134326923078 0.6985241346153847 0.8382727043269231 0.65526278125 0.8385293028846154 0.6547814302884615 0.8752880288461539
11 0.6973669375 0.873128858173077 0.7421511995192307 0.8740542620192309 0.7421511995192307 0.839815079326923 0.6998083317307693 0.8398396394230769 0.6973669375 0.873128858173077
11 0.6548393653846154 0.9103498341346155 0.6964991153846154 0.9094243942307692 0.6970198149038461 0.8733345072115385 0.6541488966346154 0.8740740745192308 0.6548393653846154 0.9103498341346155
11 0.698177048076923 0.9090131802884615 0.74244053125 0.9090131802884615 0.7408782740384615 0.8747739278846154 0.6977536682692308 0.8773643389423077 0.698177048076923 0.9090131802884615
11 0.6964991153846154 0.9448974567307692 0.7360758293269231 0.9439720889423077 0.7371173076923078 0.9115836442307692 0.6964666057692307 0.9148891322115384 0.6964991153846154 0.9448974567307692
11 0.6953418365384615 0.9448974567307692 0.6948211394230769 0.9800620456730769 0.735960110576923 0.9791366057692308 0.7375223653846154 0.9421212788461539 0.6967413221153845 0.9461391322115384 0.6953418365384615 0.9448974567307692
11 0.6514255913461539 0.9471594783653846 0.6936060408653847 0.9434579326923077 0.6951682980769232 0.9101441538461538 0.6516463389423077 0.9115988677884614 0.6514255913461539 0.9471594783653846
11 0.6510754302884615 0.9803193798076923 0.6971355697115384 0.9836606394230769 0.6971355697115384 0.9457199447115384 0.6529270168269231 0.94494921875 0.6510754302884615 0.9803193798076923
11 0.6111544447115385 0.9454114975961538 0.6533348942307692 0.9426353197115385 0.6533348942307692 0.9111723846153846 0.6120193149038461 0.9084614399038462 0.6111544447115385 0.9454114975961538
11 0.6103414375 0.9803193798076923 0.6529270168269231 0.98278709375 0.6536243028846154 0.9462340456730769 0.6106156947115384 0.9463210264423078 0.6103414375 0.9803193798076923
11 0.5649236177884616 0.945205920673077 0.6065833677884616 0.9461312908653846 0.6071041466346154 0.9109667019230769 0.5633077475961539 0.9089491947115385 0.5649236177884616 0.945205920673077
11 0.5663672596153846 0.9630455745192308 0.5652130288461539 0.9825296971153846 0.6068727788461539 0.9806788870192308 0.60710125 0.9465943173076923 0.5663672596153846 0.9474168677884616 0.5663672596153846 0.9630455745192308
11 0.5247104423076923 0.9490102091346154 0.5640528269230769 0.9424815048076923 0.5645157427884615 0.9120467067307693 0.5238689591346154 0.9132148461538462 0.5247104423076923 0.9490102091346154
11 0.5233217956730769 0.9783139927884614 0.5681060576923077 0.9773886225961538 0.5665438004807692 0.9440748437500001 0.5253442211538462 0.9453165192307692 0.5233217956730769 0.9783139927884614
11 0.4798083389423077 0.9470044182692308 0.5231482187500001 0.945205920673077 0.5231482187500001 0.9100413341346154 0.4815512860576923 0.9112640096153846 0.4798083389423077 0.9470044182692308
11 0.4814884711538462 0.9779027259615384 0.5242446298076924 0.9786742788461538 0.5236689591346153 0.9418127692307692 0.48044699278846154 0.93996203125 0.4814884711538462 0.9779027259615384
11 0.4311495841346154 0.9528145889423077 0.47541306730769234 0.9500384134615385 0.47489232932692305 0.9120976826923077 0.4306834471153846 0.9142484759615385 0.4311495841346154 0.9528145889423077
11 0.43213324278846155 0.9878762884615385 0.4710134951923077 0.9922453725961538 0.4765681514423077 0.9897776586538461 0.4763967259615385 0.9508609615384616 0.43244840865384615 0.9521080649038461 0.43213324278846155 0.9878762884615385
11 0.39029991586538465 0.9511694903846154 0.4293537451923077 0.94782696875 0.4283144134615385 0.9123033557692307 0.3873533918269231 0.9137607836538462 0.39029991586538465 0.9511694903846154
11 0.3889112451923077 0.9867452740384616 0.4302795408653846 0.988955108173077 0.43166817788461537 0.9527623341346154 0.3872668004807692 0.9525958197115384 0.3889112451923077 0.9867452740384616
11 0.3467307163461539 0.9544596899038461 0.3889112451923077 0.9526088822115385 0.3894319831730769 0.9174443990384616 0.34494909375 0.9205232067307693 0.3467307163461539 0.9544596899038461
11 0.3479884423076923 0.9534991610576923 0.3484665841346154 0.9900354759615385 0.39064707211538463 0.9881847379807692 0.39116781009615387 0.95209478125 0.3479884423076923 0.9534991610576923
11 0.29934279326923074 0.9497299471153846 0.3451685336538462 0.9515807572115385 0.3451685336538462 0.9127146586538462 0.30194652884615386 0.9127146586538462 0.29934279326923074 0.9497299471153846
11 0.30455026201923074 0.9838663485576924 0.3477722692307692 0.9847917163461539 0.3462100120192308 0.9487017596153847 0.3019803798076923 0.9511035552884616 0.30455026201923074 0.9838663485576924
11 0.2554843389423077 0.9494214999999999 0.29558183173076924 0.9475707620192307 0.2971440889423077 0.9114808052884615 0.25446932211538464 0.9117808269230768 0.2554843389423077 0.9494214999999999
11 0.26063390625 0.9876706514423077 0.30177291826923075 0.9858198413461537 0.30177291826923075 0.948804516826923 0.25948949278846156 0.9502809423076923 0.26063390625 0.9876706514423077
11 0.2143453269230769 0.943663576923077 0.25392208173076924 0.9473651249999999 0.2565258149038461 0.9140513100961538 0.21280265384615385 0.9122685192307693 0.2143453269230769 0.943663576923077
11 0.21156798798076923 0.97882809375 0.25218625961538466 0.982529641826923 0.2532277355769231 0.9482904927884616 0.20781248798076923 0.9423611129807692 0.21156798798076923 0.97882809375