11 0.1999580721153846 0.6553548052884615 0.24661704326923078 0.6583159855769231 0.24578379807692308 0.6198200408653847 0.19499855048076925 0.618886733173077 0.1999580721153846 0.6553548052884615
11 0.22143589423076923 0.0979989735576923 0.26569937740384614 0.09707358653846154 0.2667408557692308 0.06005826201923077 0.21992002403846153 0.059461375 0.22143589423076923 0.0979989735576923
11 0.22091515384615384 0.13686512740384615 0.26622011778846155 0.13964126923076922 0.2667408557692308 0.0998498173076923 0.22122210817307691 0.09788518028846155 0.22091515384615384 0.13686512740384615
11 0.22299803124999998 0.16925346634615385 0.2677822548076923 0.17202960817307694 0.2693444711538462 0.1322381394230769 0.2220029014423077 0.13237804086538463 0.22299803124999998 0.16925346634615385
11 0.21935281971153844 0.20534349278846153 0.26309556490384617 0.2062688629807692 0.26569929807692305 0.1692535360576923 0.21952950961538462 0.16640696875000002 0.21935281971153844 0.20534349278846153
11 0.22039429567307692 0.24050800961538463 0.26413704086538464 0.24328415384615384 0.2651785600961538 0.20441805288461537 0.21991994471153847 0.20228656250000002 0.22039429567307692 0.24050800961538463
11 0.22143577403846154 0.2793741105769231 0.26674073557692307 0.2784487043269231 0.26726151442307694 0.24050800961538463 0.22005063942307693 0.24163841586538462 0.22143577403846154 0.2793741105769231
11 0.22456028846153847 0.3108371850961538 0.26986528846153846 0.3145386971153846 0.27090676682692305 0.2747472283653846 0.22343575961538462 0.2726591610576923 0.22456028846153847 0.3108371850961538
11 0.22820553846153846 0.3154640673076923 0.22664328365384617 0.35155402403846153 0.2714275048076923 0.35340476201923077 0.2735105024038461 0.31361329326923076 0.2302885360576923 0.31268792548076924 0.22820553846153846 0.3154640673076923
11 0.27246902403846157 0.34785254807692306 0.3167325072115385 0.3497032860576923 0.3167325072115385 0.3126879591346154 0.27096180048076923 0.31131768269230775 0.27246902403846157 0.34785254807692306
11 0.2719482451923077 0.3145386971153846 0.31777398557692305 0.31731483894230766 0.31725324759615386 0.2793741105769231 0.2707011947115385 0.2768247139423077 0.2719482451923077 0.3145386971153846
11 0.26674081490384616 0.2719710865384615 0.3120458173076923 0.2719710865384615 0.3120458173076923 0.23495576201923077 0.26562363701923075 0.23423539182692307 0.26674081490384616 0.2719710865384615
11 0.2651785600961538 0.24513492548076923 0.31256651682692305 0.24328415384615384 0.31256651682692305 0.20441805288461537 0.2657534663461539 0.20344397115384616 0.2651785600961538 0.24513492548076923
11 0.26465781971153846 0.2062688966346154 0.31100430048076927 0.20719426682692307 0.3130872548076923 0.17017893990384614 0.2641370817307692 0.16740279807692307 0.26465781971153846 0.2062688966346154
11 0.2625748653846154 0.1757311201923077 0.30840056490384615 0.1729549783653846 0.30840056490384615 0.13223810576923076 0.26171738701923075 0.13422877884615383 0.2625748653846154 0.1757311201923077
11 0.2651785985576923 0.13686512740384615 0.3104836009615385 0.13686512740384615 0.31412881249999997 0.09799907932692307 0.26588337740384616 0.09834925721153846 0.2651785985576923 0.13686512740384615
11 0.26465778125 0.09799900961538463 0.3110042596153846 0.09614827163461538 0.3110042596153846 0.05635676923076923 0.26549286057692306 0.05830400240384615 0.26465778125 0.09799900961538463
11 0.31360803365384615 0.09429749759615384 0.3583922980769231 0.09429749759615384 0.3589130360576923 0.05358060817307692 0.3131488125 0.05413841586538462 0.31360803365384615 0.09429749759615384
11 0.30944204326923075 0.1368651971153846 0.35474700480769233 0.13408901923076924 0.35630926201923074 0.09614832451923078 0.31002430048076923 0.09672784134615385 0.30944204326923075 0.1368651971153846
11 0.30944204326923075 0.1720297139423077 0.35526778365384615 0.1692535360576923 0.35422626682692304 0.13223821153846155 0.3074201346153846 0.12959925721153848 0.30944204326923075 0.1720297139423077
11 0.30944204326923075 0.2044180889423077 0.35735074038461534 0.2016419471153846 0.35422626682692304 0.16370121634615384 0.3087222163461538 0.16455619471153846 0.30944204326923075 0.2044180889423077
11 0.3125665552884615 0.24143344951923076 0.3568300408653846 0.24143344951923076 0.35735077884615385 0.20164198317307694 0.30898282211538464 0.19997181971153846 0.3125665552884615 0.24143344951923076
11 0.3110042596153846 0.27752340625 0.3552677451923077 0.27752340625 0.35630922115384617 0.23680653365384613 0.30944200480769235 0.23680653365384613 0.3110042596153846 0.27752340625
11 0.31517025000000004 0.3099117475961538 0.35995447355769233 0.3071356033653846 0.35995447355769233 0.27012027884615386 0.3126284663461538 0.2708083533653846 0.31517025000000004 0.3099117475961538
11 0.31673246875 0.35062862019230767 0.36099595192307693 0.35155402403846153 0.36203746875 0.31176251923076925 0.31627411057692306 0.31154693509615383 0.31673246875 0.35062862019230767
11 0.3589129951923077 0.3460017043269231 0.4021350408653846 0.34415100000000004 0.4021350408653846 0.30621023557692306 0.3589129951923077 0.3071356033653846 0.3589129951923077 0.3460017043269231
11 0.35735077884615385 0.3126879591346154 0.4021350408653846 0.31176259134615386 0.4026557403846154 0.27382186057692304 0.35715990625 0.2728884855769231 0.35735077884615385 0.3126879591346154
11 0.3568299615384615 0.27752337259615384 0.4021349615384615 0.27752337259615384 0.4005727067307693 0.24050804567307693 0.3535141826923077 0.24117440865384615 0.3568299615384615 0.27752337259615384
11 0.35526778365384615 0.2368065 0.40161426442307696 0.23588109375000002 0.40161426442307696 0.19516425721153846 0.35520678125 0.19627023557692308 0.35526778365384615 0.2368065
11 0.35526778365384615 0.20441805288461537 0.4010934855769231 0.2062687908653846 0.4021349615384615 0.1674027283653846 0.35689930048076923 0.1666362235576923 0.35526778365384615 0.20441805288461537
11 0.3557885216346154 0.16555195432692307 0.4010934855769231 0.16647735817307693 0.4021349615384615 0.12668585576923078 0.3542951346153846 0.12636171634615384 0.3557885216346154 0.16555195432692307
11 0.3547470456730769 0.13131291346153845 0.40161426442307696 0.13038750721153847 0.4005727860576923 0.09244681249999999 0.3545557403846154 0.09186892307692308 0.3547470456730769 0.13131291346153845
11 0.35422622596153847 0.09429751682692308 0.39848975000000003 0.09522290144230769 0.39796897115384616 0.05450604807692308 0.3541652235576923 0.0555251826923077 0.35422622596153847 0.09429751682692308
11 0.39901044951923076 0.09337209375 0.44327393269230775 0.09059593509615384 0.4443154110576923 0.05265523798076922 0.39588601682692304 0.05358060817307692 0.39901044951923076 0.09337209375
11 0.4000519278846154 0.1294620673076923 0.4443154110576923 0.12853666346153847 0.44327393269230775 0.09244672596153847 0.3977850144230769 0.09001807932692309 0.4000519278846154 0.1294620673076923
11 0.39848975000000003 0.16925346634615385 0.44275323317307697 0.1674026923076923 0.4437947115384615 0.12853662980769232 0.39901044951923076 0.12668585576923078 0.39848975000000003 0.16925346634615385
11 0.39796897115384616 0.2016419471153846 0.44327393269230775 0.20071654326923077 0.4437947115384615 0.16370121634615384 0.4000519278846154 0.1581489326923077 0.39796897115384616 0.2016419471153846
11 0.4021349615384615 0.24143344951923076 0.44691922596153844 0.24050808173076924 0.44587774759615384 0.204418125 0.3992170096153846 0.20112922596153845 0.4021349615384615 0.24143344951923076
11 0.4005727860576923 0.23773186778846153 0.40161426442307696 0.2765979326923077 0.4474400048076923 0.2765979326923077 0.44535696874999997 0.23773186778846153 0.4011701346153846 0.2370087860576923 0.4005727860576923 0.23773186778846153
11 0.4005727860576923 0.3126878894230769 0.4448362692307692 0.31361325721153843 0.4448362692307692 0.2765979326923077 0.4003892620192308 0.27404582211538464 0.4005727860576923 0.3126878894230769
11 0.40421799759615384 0.3450763701923077 0.4463985264423077 0.3432255961538461 0.4484814807692308 0.30991178125 0.4052062932692308 0.3096961971153846 0.40421799759615384 0.3450763701923077
11 0.4463984471153846 0.3450763341346154 0.4901412307692308 0.3450763341346154 0.4901412307692308 0.30621023557692306 0.4473940913461538 0.30367983653846153 0.4463984471153846 0.3450763341346154
11 0.4427533149038462 0.3089864134615385 0.48962053125 0.31176255528846153 0.4885790552884615 0.27104568269230767 0.44127505528846156 0.26780020673076926 0.4427533149038462 0.3089864134615385
11 0.44587774759615384 0.27382182451923076 0.4896204519230769 0.27474719471153847 0.4896204519230769 0.23588109375000002 0.44374844711538464 0.23909431009615384 0.44587774759615384 0.27382182451923076
11 0.4443154903846154 0.21182111298076922 0.4448362692307692 0.24420952163461537 0.4890997524038462 0.24143334375 0.4890997524038462 0.20349264903846154 0.4437947908653846 0.20534342307692308 0.4443154903846154 0.21182111298076922
11 0.4417117572115385 0.15907423076923077 0.4432740120192307 0.20071647115384617 0.4896204519230769 0.20164184134615384 0.4896204519230769 0.16092500240384616 0.4443994903846154 0.15853976201923076 0.4417117572115385 0.15907423076923077
11 0.4417117572115385 0.16462655048076924 0.4901412307692308 0.1674026923076923 0.4896204519230769 0.1276112235576923 0.44179532211538464 0.1258976394230769 0.4417117572115385 0.16462655048076924
11 0.4448362692307692 0.0979989735576923 0.4463984471153846 0.13408891346153845 0.49066193028846156 0.13316354567307692 0.49118270913461537 0.09244667307692309 0.4454409663461538 0.09186878125 0.4448362692307692 0.0979989735576923
11 0.43962880048076924 0.09152133894230768 0.48441298317307696 0.09429749759615384 0.48441298317307696 0.05080451923076923 0.44088454086538464 0.04997286298076923 0.43962880048076924 0.09152133894230768
11 0.49743165624999996 0.08504370192307692 0.5422159182692308 0.08967061778846154 0.5432573966346154 0.050804552884615384 0.49557117548076923 0.0462691923076923 0.49743165624999996 0.08504370192307692
11 0.4958693990384615 0.11835744711538461 0.541174360576923 0.1276112956730769 0.5432573966346154 0.08874519471153845 0.49596161057692306 0.08122286298076922 0.4958693990384615 0.11835744711538461
11 0.4927449663461539 0.15352208653846156 0.5390914855769231 0.1572235985576923 0.5396121850961538 0.11835749999999999 0.4941392620192308 0.11340101442307692 0.4927449663461539 0.15352208653846156
11 0.49691087740384615 0.18961200721153848 0.541174360576923 0.1942389230769231 0.5427366177884616 0.1572235985576923 0.49596161057692306 0.15321690865384616 0.49691087740384615 0.18961200721153848
11 0.4932657451923077 0.23217951201923076 0.5385707067307692 0.2368064278846154 0.5406536610576923 0.19516418749999997 0.49387865625 0.1939553509615385 0.4932657451923077 0.23217951201923076
11 0.4932657451923077 0.26456806490384616 0.5380499278846154 0.26919498076923076 0.5385707067307692 0.22940351201923076 0.49192553125 0.22544024519230768 0.4932657451923077 0.26456806490384616
11 0.49118270913461537 0.3043594975961538 0.5380499278846154 0.30991178125 0.5390914855769231 0.27104568269230767 0.4921861370192308 0.26502135096153845 0.49118270913461537 0.3043594975961538
11 0.4937864447115385 0.3413748221153846 0.5375292283653846 0.34230026201923075 0.53909140625 0.3071356394230769 0.49387865625 0.3013650216346154 0.4937864447115385 0.3413748221153846
11 0.5385707067307692 0.34877784615384616 0.5823134110576923 0.3478524423076923 0.5823134110576923 0.3099117475961538 0.5361963653846155 0.3041384158653846 0.5385707067307692 0.34877784615384616
11 0.5385707067307692 0.3062101995192308 0.5833548894230769 0.2988071418269231 0.5833548894230769 0.26549336298076925 0.5388005312499999 0.2643279495192308 0.5385707067307692 0.3062101995192308
11 0.5380499278846154 0.26919490865384615 0.5817927115384616 0.26919490865384615 0.5823134110576923 0.23403035576923076 0.5377590528846153 0.23099245913461536 0.5380499278846154 0.26919490865384615
11 0.5427366177884616 0.22755277403846152 0.5864793221153847 0.2331050576923077 0.5870001009615384 0.19516436298076922 0.5425760072115385 0.19094734615384615 0.5427366177884616 0.22755277403846152
11 0.5375679399038462 0.15391640384615385 0.5380499278846154 0.19331341346153846 0.582834110576923 0.19423878365384617 0.5838755889423077 0.1553726826923077 0.5375679399038462 0.15391640384615385
11 0.5396121850961538 0.15537278846153846 0.5849171466346154 0.15907433653846154 0.5854379254807692 0.12113364182692309 0.5397121778846153 0.11571579567307692 0.5396121850961538 0.15537278846153846
11 0.5411744399038462 0.1174321298076923 0.5854379254807692 0.1202082716346154 0.5849171466346154 0.08134218990384616 0.5427067812499999 0.08099360817307691 0.5411744399038462 0.1174321298076923
11 0.53909140625 0.08411826201923077 0.5854378461538462 0.08504364903846154 0.5843963677884616 0.044418384615384617 0.5386706201923077 0.045807274038461535 0.53909140625 0.08411826201923077
11 0.5843964471153846 0.08596901923076923 0.6297014086538462 0.0887451610576923 0.6260561971153845 0.04987907932692308 0.5832021394230769 0.04811989423076923 0.5843964471153846 0.08596901923076923
11 0.5843964471153846 0.12298444951923077 0.6281391514423077 0.12576059134615386 0.6281391514423077 0.08689450961538461 0.5846340528846153 0.08423111298076923 0.5843964471153846 0.12298444951923077
11 0.5817926322115384 0.1553727548076923 0.6265768966346154 0.1572235264423077 0.6286598509615384 0.11650670673076924 0.5829414543269231 0.11687316586538461 0.5817926322115384 0.1553727548076923
11 0.5802304567307692 0.19701510096153846 0.6255354975961538 0.19979124519230768 0.6260561971153845 0.15814900240384616 0.5819000552884616 0.15483296394230767 0.5802304567307692 0.19701510096153846
11 0.5807510745192308 0.2294033701923077 0.6234523028846154 0.23032877403846155 0.6260560384615383 0.19146267548076923 0.5823133317307693 0.1896119014423077 0.5807510745192308 0.2294033701923077
11 0.5807512355769231 0.26549339903846153 0.6255354182692308 0.26641876682692306 0.6255354182692308 0.22847807211538462 0.58137884375 0.22497613221153845 0.5807512355769231 0.26549339903846153
11 0.582834110576923 0.3034340576923077 0.6255353389423076 0.30528483173076926 0.6250145600961539 0.26549336298076925 0.5804671177884615 0.2627065 0.582834110576923 0.3034340576923077
11 0.5817927908653846 0.3395239783653846 0.6229317620192307 0.3376732764423077 0.622410983173077 0.2997325096153846 0.5804672764423077 0.2967353221153846 0.5817927908653846 0.3395239783653846
11 0.6234523822115385 0.3367478365384615 0.6677158653846154 0.3339716947115384 0.6697989014423077 0.2978817716346154 0.6276183725961538 0.29325485817307695 0.6234523822115385 0.3367478365384615
11 0.6250146394230769 0.3034340576923077 0.6692781225961538 0.3062101995192308 0.6697989014423077 0.2682695048076923 0.6270976730769231 0.2645679591346154 0.6250146394230769 0.3034340576923077
11 0.6281392307692308 0.26641883653846155 0.6713611586538462 0.2654934326923077 0.6718819375 0.23125425 0.6274721081730769 0.22636289903846155 0.6281392307692308 0.26641883653846155
11 0.6239730817307693 0.19608959134615384 0.6692780432692308 0.1979403653846154 0.6697988221153846 0.1572235264423077 0.6235665625 0.15298208653846154 0.6239730817307693 0.19608959134615384
11 0.6255354975961538 0.1525966466346154 0.6708405384615385 0.1525966466346154 0.6708405384615385 0.11650668990384615 0.6272124471153847 0.11502242788461539 0.6255354975961538 0.1525966466346154
11 0.6281391514423077 0.1229843798076923 0.6718819375 0.12483515384615385 0.6734441129807693 0.08411828125000001 0.6295559278846153 0.08122286298076922 0.6281391514423077 0.1229843798076923
11 0.6255354182692308 0.08319289423076923 0.668757423076923 0.08504364903846154 0.6708403798076923 0.044418384615384617 0.6257803725961538 0.045807274038461535 0.6255354182692308 0.08319289423076923
11 0.35787147836538463 0.37931551682692305 0.4005727067307693 0.3811662908653846 0.4000519663461538 0.3423001923076923 0.3563521514423077 0.34211446153846153 0.35787147836538463 0.37931551682692305
11 0.3974482716346154 0.38116622115384613 0.4448362307692308 0.3802408509615385 0.44379475240384614 0.3413748221153846 0.3974985504807692 0.34095698317307693 0.3974482716346154 0.38116622115384613
11 0.4417117163461538 0.38394250480769226 0.4901411514423077 0.3830170649038462 0.48753741826923075 0.34415096634615383 0.4426809519230769 0.3453573581730769 0.4417117163461538 0.38394250480769226
11 0.49170348798076924 0.3839424326923077 0.5401329615384616 0.3802408173076923 0.5396122235576923 0.34322549038461536 0.49176889663461537 0.3418850649038462 0.49170348798076924 0.3839424326923077
11 0.5364877115384615 0.38024088701923076 0.5823134110576923 0.38024088701923076 0.5823134110576923 0.34230026201923075 0.5329152163461539 0.3418851370192308 0.5364877115384615 0.38024088701923076
11 0.5828342692307692 0.3820917668269231 0.6286600096153846 0.3802409230769231 0.6255354975961538 0.3395240841346154 0.5817434206730769 0.33771958413461534 0.5828342692307692 0.3820917668269231
11 0.04958934615384615 0.5347798798076924 0.09749804326923076 0.5329291418269231 0.0959357860576923 0.49591385096153845 0.048100281249999995 0.49436302884615385 0.04958934615384615 0.5347798798076924
11 0.2240395096153846 0.3848678389423077 0.2693444711538462 0.38671857692307693 0.2709067283653846 0.3450763341346154 0.22266518269230767 0.3488512932692308 0.2240395096153846 0.3848678389423077
11 0.27194828365384616 0.38671857692307693 0.31725328605769226 0.38856931490384616 0.31777402403846156 0.34785247596153845 0.27194828365384616 0.3460017043269231 0.27194828365384616 0.38671857692307693
11 0.3167325072115385 0.3848678389423077 0.36047525240384615 0.39042012259615383 0.36047525240384615 0.34785247596153845 0.3145617067307693 0.3488458653846154 0.3167325072115385 0.3848678389423077
11 0.19748146634615382 0.43206229326923073 0.2459109014423077 0.43483847115384616 0.24643163942307694 0.3931962307692308 0.1984347043269231 0.3886562956730769 0.19748146634615382 0.43206229326923073
11 0.2448693846153846 0.43854001923076924 0.2886121298076923 0.4366892788461539 0.29225734134615383 0.39412166826923073 0.24283623317307693 0.3916645096153846 0.2448693846153846 0.43854001923076924
11 0.28861216826923075 0.43854001923076924 0.336000125 0.44224156490384614 0.3339171298076923 0.40245013221153847 0.2882793197115385 0.39745154807692307 0.28861216826923075 0.43854001923076924
11 0.33391717067307697 0.43854001923076924 0.3802636490384615 0.4403908269230769 0.37922213221153844 0.40245013221153847 0.3350244903846154 0.4020811778846154 0.33391717067307697 0.43854001923076924
11 0.3807843485576923 0.43854001923076924 0.4276516057692307 0.43854001923076924 0.4255685721153846 0.3950470384615385 0.37877411057692306 0.3960648149038462 0.3807843485576923 0.43854001923076924
11 0.42452709375000003 0.43854001923076924 0.47087353365384615 0.4403908269230769 0.47087353365384615 0.40245013221153847 0.4231756394230769 0.39976636298076923 0.42452709375000003 0.43854001923076924
11 0.6213693485576923 0.3774647091346154 0.6682365649038461 0.37653941105769234 0.6692781225961538 0.3404493822115385 0.6223693173076923 0.33795426442307697 0.6213693485576923 0.3774647091346154
11 0.668757423076923 0.3737632331730769 0.7130209086538462 0.37653941105769234 0.7135416875 0.33674790625 0.6672912716346153 0.33425278846153844 0.668757423076923 0.3737632331730769
11 0.7098963942307692 0.38024088701923076 0.7557221346153846 0.38024088701923076 0.7546805769230769 0.3404493822115385 0.709710579326923 0.3363923870192308 0.7098963942307692 0.38024088701923076
11 0.6510519038461537 0.4431670048076923 0.6958361658653847 0.44131619471153843 0.6947946081730769 0.40245013221153847 0.6496082307692308 0.4071748846153846 0.6510519038461537 0.4431670048076923
11 0.6057471009615385 0.4431670048076923 0.6505312836538462 0.4403908269230769 0.6505312836538462 0.40522631009615384 0.606788576923077 0.40245013221153847 0.6057471009615385 0.4431670048076923
11 0.5599213605769231 0.44131612500000006 0.6052263221153846 0.44409230288461543 0.6052263221153846 0.4043007980769231 0.5609628365384615 0.4015246923076923 0.5599213605769231 0.44131612500000006
11 0.5193030096153847 0.43761464903846153 0.56512875 0.4403908269230769 0.5646080504807692 0.4015246923076923 0.5196597163461538 0.4006944447115384 0.5193030096153847 0.43761464903846153
11 0.47295656971153843 0.4403908269230769 0.5166993533653846 0.44131619471153843 0.5198237860576923 0.4033755 0.47200384375 0.39860895432692306 0.47295656971153843 0.4403908269230769
11 0.19800220432692306 0.4737046754807693 0.24226568990384617 0.47463004567307693 0.24330716586538464 0.4357639110576923 0.1971334855769231 0.4351819855769231 0.19800220432692306 0.4737046754807693
11 0.1948776923076923 0.5079437548076923 0.24070343269230768 0.5088691225961539 0.23966191586538463 0.47185379807692307 0.1929674951923077 0.47083222115384615 0.1948776923076923 0.5079437548076923
11 0.19383621394230768 0.5486605552884616 0.23966195432692305 0.5505113653846154 0.23809969711538462 0.5125706706730769 0.19322810096153847 0.5099493197115385 0.19383621394230768 0.5486605552884616
11 0.19435703365384616 0.58197440625 0.24278646875 0.5828997740384616 0.2417449903846154 0.5440337115384616 0.19531113701923075 0.546063701923077 0.19435703365384616 0.58197440625
11 0.19748146634615382 0.6236166466346155 0.2427864278846154 0.6254673846153846 0.24070343269230768 0.5875266899038462 0.19387914182692306 0.5840233942307692 0.19748146634615382 0.6236166466346155
11 0.24643163942307694 0.47185386778846156 0.2901743461538462 0.47463004567307693 0.29277807932692307 0.43391317307692306 0.2434872764423077 0.4314804399038462 0.24643163942307694 0.47185386778846156
11 0.2396619951923077 0.5125706706730769 0.2860084735576923 0.5116453004807693 0.2854877355769231 0.4737046057692308 0.23854049278846154 0.4710615456730769 0.2396619951923077 0.5125706706730769
11 0.24070351201923076 0.546809889423077 0.2854877355769231 0.546809889423077 0.2865292139423077 0.5097945625 0.23919153365384613 0.5074052524038462 0.24070351201923076 0.546809889423077
11 0.24330720673076925 0.5847505120192308 0.28809146875 0.5875266899038462 0.2886122091346154 0.5495859951923077 0.24153509375 0.5481437644230769 0.24330720673076925 0.5847505120192308
11 0.24018269471153844 0.6189898028846154 0.28809138942307694 0.6189898028846154 0.28809138942307694 0.5838252139423077 0.23945206009615383 0.5831008100961539 0.24018269471153844 0.6189898028846154
11 0.28757068990384616 0.6254673149038462 0.3323549134615385 0.6263927548076923 0.33131339663461534 0.5903027980769231 0.28723870673076923 0.59143184375 0.28757068990384616 0.6254673149038462
11 0.28913286778846153 0.5912282379807693 0.332354875 0.5893775 0.33287561298076923 0.5505114350961539 0.2858058485576923 0.5502293245192308 0.28913286778846153 0.5912282379807693
11 0.2870499110576923 0.55513828125 0.33287561298076923 0.5542129110576923 0.33183413461538463 0.5153468485576923 0.28392539903846153 0.5181229543269231 0.2870499110576923 0.55513828125
11 0.282884 0.5144214783653847 0.33131347596153843 0.5125707403846154 0.3287097403846154 0.47648078365384616 0.2824208894230769 0.4754619206730769 0.282884 0.5144214783653847
11 0.28913286778846153 0.4700030600961539 0.3370416033653846 0.47740608173076926 0.3365208653846154 0.43854001923076924 0.28932079807692307 0.4361099975961539 0.28913286778846153 0.4700030600961539
11 0.3339171298076923 0.4829584375 0.3802636105769231 0.4829584375 0.37922209134615387 0.43854001923076924 0.33385223557692306 0.4398115456730769 0.3339171298076923 0.4829584375
11 0.33278687980769234 0.47497805769230766 0.3323549134615385 0.5171975865384616 0.37922213221153844 0.5171975865384616 0.3781806153846154 0.47462997596153844 0.33278687980769234 0.47497805769230766
11 0.3297511802884615 0.5125706706730769 0.33339643028846155 0.5569890889423077 0.37974287019230774 0.5532875432692308 0.3776599158653846 0.5162722163461538 0.33372240625 0.5173578413461539 0.3297511802884615 0.5125706706730769
11 0.3328756514423077 0.5893775 0.37870139423076926 0.5875267620192308 0.37818065384615385 0.5532875432692308 0.33242032211538464 0.551386733173077 0.3328756514423077 0.5893775
11 0.3328756514423077 0.6273181947115384 0.377659875 0.6291689326923078 0.37609765865384615 0.5903028677884615 0.3308584975961538 0.5891171009615385 0.3328756514423077 0.6273181947115384
11 0.37609765865384615 0.6253539735576923 0.42036118269230766 0.6281301153846154 0.4214026610576923 0.5884520600961538 0.3734368125 0.5865729615384615 0.37609765865384615 0.6253539735576923
11 0.3776599158653846 0.5892641225961538 0.42400639423076925 0.5855626466346154 0.4234856153846154 0.5503980240384615 0.3779932403846154 0.5515609951923077 0.3776599158653846 0.5892641225961538
11 0.37297318509615385 0.5531741298076923 0.4219233605769231 0.5550249038461538 0.42088188221153844 0.5152334350961538 0.3714836875 0.5152172884615385 0.37297318509615385 0.5531741298076923
11 0.3750561418269231 0.5161587692307692 0.419319625 0.5180095432692308 0.42036110336538457 0.47451652884615386 0.3738272475961538 0.4751720360576923 0.3750561418269231 0.5161587692307692
11 0.3844296009615385 0.4809941826923077 0.4286930841346154 0.47729263461538457 0.4307760408653846 0.43842657211538466 0.38163801923076923 0.4376709206730769 0.3844296009615385 0.4809941826923077
11 0.42973464182692306 0.47451659855769235 0.47608108173076924 0.4763673725961538 0.47608108173076924 0.43935204567307695 0.43085665865384615 0.4346628461538461 0.42973464182692306 0.47451659855769235
11 0.4234856153846154 0.5152334350961538 0.4698321346153846 0.51430803125 0.46670762259615384 0.47544196875 0.4199205120192308 0.4735506225961539 0.4234856153846154 0.5152334350961538
11 0.42296491586538465 0.5522486923076924 0.46879065625 0.5522486923076924 0.4693113557692307 0.5143079615384616 0.4199205120192308 0.5129024038461538 0.42296491586538465 0.5522486923076924
11 0.42036118269230766 0.5883386490384616 0.4677491009615385 0.5874132788461538 0.4677491009615385 0.5513233221153846 0.42122259375 0.549246108173077 0.42036118269230766 0.5883386490384616
11 0.4255685721153846 0.6281301514423077 0.47087353365384615 0.6253540096153846 0.4703527548076923 0.5901894206730769 0.4251287644230769 0.5911421009615384 0.4255685721153846 0.6281301514423077
11 0.4255686514423077 0.6623693341346153 0.47191509134615384 0.6595931923076923 0.46826987980769236 0.6244287115384615 0.42356615625 0.6240135841346154 0.4255686514423077 0.6623693341346153
11 0.37609765865384615 0.6669962163461538 0.4219233605769231 0.6669962163461538 0.419319625 0.629055485576923 0.3740878533653846 0.6323446899038461 0.37609765865384615 0.6669962163461538
11 0.33079265625 0.6660708461538462 0.3771391370192308 0.6651454423076923 0.37609765865384615 0.6244286057692308 0.33150954086538464 0.6244775913461538 0.33079265625 0.6660708461538462
11 0.2901743846153846 0.6706977980769231 0.3354793461538461 0.6688470240384615 0.3339171298076923 0.6299809951923077 0.2886706201923077 0.6260936466346153 0.2901743846153846 0.6706977980769231
11 0.24747311778846154 0.6642200721153846 0.290695125 0.6642200721153846 0.290695125 0.6188763197115384 0.2447902235576923 0.6223921009615385 0.24747311778846154 0.6642200721153846
11 0.46879065625 0.48377039423076923 0.5182616105769231 0.48377039423076923 0.5172200528846154 0.44120275000000003 0.4700515841346154 0.4397564831730769 0.46879065625 0.48377039423076923
11 0.5146162379807693 0.5152334350961538 0.5156577956730769 0.48654653846153845 0.4693995985576923 0.4723932139423077 0.46931127644230763 0.5133826634615384 0.5146162379807693 0.5152334350961538
11 0.5182615312500001 0.47821807451923076 0.5599212812500001 0.4800688125 0.5594005024038462 0.44027734375 0.5161784951923077 0.43842657211538466 0.5182615312500001 0.47821807451923076
11 0.5583590240384615 0.47544196875 0.6052262427884615 0.4763673725961538 0.6047054639423076 0.44212818750000005 0.5585931706730769 0.4392924759615384 0.5583590240384615 0.47544196875
11 0.6062678004807692 0.4800688125 0.6526142379807692 0.4800688125 0.6500105048076923 0.44212811778846156 0.6032545216346153 0.4369775913461539 0.6062678004807692 0.4800688125
11 0.653135016826923 0.4800688125 0.6953154663461538 0.47729267067307696 0.6973985024038462 0.43935197596153847 0.6485668317307692 0.4381349975961539 0.653135016826923 0.4800688125
11 0.5651288293269231 0.5133826274038461 0.5640872716346154 0.47636730048076925 0.5182616105769231 0.47636730048076925 0.5198237860576923 0.5161587692307692 0.5651288293269231 0.5133826274038461
11 0.4739980456730769 0.5568756778846153 0.5208652644230769 0.5605771899038461 0.5239897788461538 0.5235618629807692 0.4749975841346154 0.5209988966346154 0.4739980456730769 0.5568756778846153
11 0.47191509134615384 0.5929656706730769 0.5161785745192308 0.5929656706730769 0.5172200528846154 0.5578010456730769 0.4714826346153846 0.5543343870192308 0.47191509134615384 0.5929656706730769
11 0.47087353365384615 0.62072709375 0.5156577956730769 0.6253540096153846 0.5182615312500001 0.5874133846153846 0.4693995985576923 0.585819139423077 0.47087353365384615 0.62072709375
11 0.47139431249999997 0.6651454423076923 0.515137016826923 0.6669962163461538 0.5161784951923077 0.6327570312499999 0.4703527548076923 0.6244286057692308 0.47139431249999997 0.6651454423076923
11 0.5172199735576923 0.6669962163461538 0.5604419783653847 0.6660708100961539 0.562004235576923 0.629055485576923 0.5172199735576923 0.6235032716346154 0.5172199735576923 0.6669962163461538
11 0.5198237860576923 0.6299809951923077 0.5635664927884615 0.6318316971153847 0.5630457932692308 0.59389096875 0.5174459855769231 0.5913714254807693 0.5198237860576923 0.6299809951923077
11 0.5198238653846153 0.5596518197115384 0.5177408317307692 0.5920402307692307 0.5646080504807692 0.5892640865384615 0.5635665721153846 0.5550249038461538 0.5191385865384615 0.5513262427884615 0.5198238653846153 0.5596518197115384
11 0.5635664927884615 0.516158735576923 0.6083506754807693 0.5180095072115385 0.6083506754807693 0.4782180384615385 0.5638006394230769 0.47702277403846155 0.5635664927884615 0.516158735576923
11 0.5635664927884615 0.5578010456730769 0.6088714543269231 0.5568756418269231 0.6093922331730769 0.5189349471153846 0.5644508173076923 0.5219269807692307 0.5635664927884615 0.5578010456730769
11 0.5630457139423076 0.5911149326923076 0.6078299759615384 0.5938910024038462 0.6083507548076923 0.5540995360576922 0.5634093389423077 0.5513262427884615 0.5630457139423076 0.5911149326923076
11 0.5604419783653847 0.6272048173076924 0.6057469423076923 0.6299809591346153 0.6052262427884615 0.5892640865384615 0.5596337836538462 0.5883632788461539 0.5604419783653847 0.6272048173076924
11 0.5599212812500001 0.6679216201923077 0.6047055432692308 0.6660708822115384 0.6052263221153846 0.6290555552884616 0.5602849062499999 0.6272510552884616 0.5599212812500001 0.6679216201923077
11 0.6026225865384616 0.6660708822115384 0.6474067692307692 0.6660708822115384 0.6468860721153846 0.6299809951923077 0.6036640649038462 0.6262793774038461 0.6026225865384616 0.6660708822115384
11 0.6073093557692307 0.631831875 0.6505312836538462 0.6309064711538461 0.6515728413461539 0.5892642283653846 0.605987733173077 0.5883634206730769 0.6073093557692307 0.631831875
11 0.6088715336538462 0.5957418485576923 0.6546972740384616 0.5920402307692307 0.6546972740384616 0.5550249038461538 0.608461125 0.5536410576923078 0.6088715336538462 0.5957418485576923
11 0.6119959663461538 0.5550249399038462 0.6573009302884615 0.5503980240384615 0.6578217067307693 0.5106065552884615 0.610544079326923 0.5122091418269231 0.6119959663461538 0.5550249399038462
11 0.6088715336538462 0.51430803125 0.6552179735576923 0.5161588052884615 0.6546972740384616 0.4782181105769231 0.6097640721153846 0.4793376586538462 0.6088715336538462 0.51430803125
11 0.1974815048076923 0.6975339591346154 0.2417449903846154 0.6966085192307693 0.2417449903846154 0.6595932283653846 0.19661494951923078 0.6601333942307692 0.1974815048076923 0.6975339591346154
11 0.2443487235576923 0.6947577091346153 0.28757068990384616 0.6966084471153846 0.28757068990384616 0.6586677524038461 0.24414012499999999 0.6589759158653846 0.2443487235576923 0.6947577091346153
11 0.28809146875 0.7058623509615385 0.3323549543269231 0.7077131586538462 0.3328756923076923 0.6669962860576923 0.28580679326923075 0.6659150024038462 0.28809146875 0.7058623509615385
11 0.3333963918269231 0.6984593269230769 0.3745354014423077 0.6975339591346154 0.3750561418269231 0.6605186322115385 0.33346266586538464 0.6636056153846154 0.3333963918269231 0.6984593269230769
11 0.3833880432692308 0.7030862427884615 0.4234855360576923 0.7030862427884615 0.4250477932692308 0.6651455120192308 0.38234656490384616 0.6632947403846153 0.3833880432692308 0.7030862427884615
11 0.4276516057692307 0.6975338870192308 0.47087353365384615 0.69475778125 0.47087353365384615 0.6614440024038462 0.4262992884615385 0.6599040697115384 0.4276516057692307 0.6975338870192308
11 0.42400639423076925 0.7364000216346154 0.4693113557692307 0.73362384375 0.4677491009615385 0.6993846971153845 0.4255685721153846 0.7030861730769231 0.42400639423076925 0.7364000216346154
11 0.3807843485576923 0.7373253918269231 0.42296483653846156 0.7364000216346154 0.42400639423076925 0.7040116129807692 0.3796857596153846 0.7004079014423077 0.3807843485576923 0.7373253918269231
11 0.33339635096153847 0.7345492836538461 0.3760976177884615 0.7336239158653846 0.3755768798076923 0.6993846971153845 0.33359249519230766 0.6997145697115384 0.33339635096153847 0.7345492836538461
11 0.29076660576923075 0.7000742980769231 0.29173664182692305 0.7345492139423077 0.3333963918269231 0.73362384375 0.3354793870192308 0.6975338870192308 0.29076660576923075 0.7000742980769231
11 0.24799389663461538 0.7419523076923077 0.2896536466346154 0.7391761298076923 0.2912159038461538 0.70678771875 0.2455720408653846 0.7036453701923077 0.24799389663461538 0.7419523076923077
11 0.1980022451923077 0.7317732475961538 0.24330720673076925 0.7317732475961538 0.24278646875 0.6938325528846154 0.19960868750000002 0.6960131658653845 0.1980022451923077 0.7317732475961538
11 0.20425119230769231 0.7891468341346154 0.24851467548076922 0.7900722019230769 0.24851467548076922 0.7558330528846154 0.20425119230769231 0.7586091610576923 0.20425119230769231 0.7891468341346154
11 0.2000851610576923 0.8280128966346154 0.24330712740384616 0.8280128966346154 0.24226564903846154 0.7919230120192308 0.1998692139423077 0.7927548870192307 0.2000851610576923 0.8280128966346154
11 0.20112663942307693 0.8622522572115384 0.24539012259615384 0.8604014495192308 0.2448693846153846 0.8224607524038461 0.19921817067307693 0.8284053317307692 0.20112663942307693 0.8622522572115384
11 0.2026890144230769 0.8983420721153846 0.2443487644230769 0.8909389783653846 0.2443487644230769 0.8604013076923077 0.19973946153846153 0.859884516826923 0.2026890144230769 0.8983420721153846
11 0.2052926298076923 0.9335065889423078 0.24955611298076924 0.9261034975961538 0.24747311778846154 0.8927897163461539 0.20403606971153848 0.8950707451923077 0.2052926298076923 0.9335065889423078
11 0.249035375 0.9316558509615385 0.29329885817307694 0.9307304831730769 0.29434033653846153 0.8946405264423076 0.2502600264423077 0.8950708149038462 0.249035375 0.9316558509615385
11 0.24382790625 0.8927897163461539 0.29173664182692305 0.8964912644230769 0.2922573798076923 0.8622521153846154 0.24661438221153847 0.862199329326923 0.24382790625 0.8927897163461539
11 0.24643171875 0.8622520456730769 0.2906952043269231 0.8585504975961539 0.2906952043269231 0.8261620889423077 0.2454422091346154 0.8256263004807691 0.24643171875 0.8622520456730769
11 0.24643163942307694 0.8252368605769231 0.2901743846153846 0.8215353149038461 0.2896536466346154 0.7909976418269231 0.24661351682692306 0.7867385961538461 0.24643163942307694 0.8252368605769231
11 0.24382790625 0.7872960240384616 0.28913286778846153 0.7891467620192307 0.2875706514423077 0.7549076153846154 0.24570273557692307 0.7571099375 0.24382790625 0.7872960240384616
11 0.2912159038461538 0.79377375 0.3339171298076923 0.7919230120192308 0.3333963918269231 0.7567584230769231 0.2924470408653846 0.7557178485576923 0.2912159038461538 0.79377375
11 0.2901744254807692 0.8270874567307692 0.3318341754807692 0.8252366490384616 0.3318341754807692 0.7900721322115385 0.2885416538461538 0.7885891923076923 0.2901744254807692 0.8270874567307692
11 0.2932989375 0.8576250576923077 0.3375624230769231 0.8613265360576924 0.3360001658653846 0.8233858389423077 0.29166616826923075 0.823775420673077 0.2932989375 0.8576250576923077
11 0.2990270673076923 0.89649140625 0.34120755528846153 0.8909390504807693 0.34068681490384617 0.8566999014423077 0.2975245985576923 0.8591912548076923 0.2990270673076923 0.89649140625
11 0.29798562740384615 0.9214766514423077 0.34068685576923075 0.9224020192307693 0.34068685576923075 0.8872374326923077 0.2963532908653846 0.8899825360576923 0.29798562740384615 0.9214766514423077
11 0.34120759375000004 0.9353573990384615 0.3833880841346154 0.9353573990384615 0.3833880841346154 0.8983420721153846 0.34192620673076923 0.8950708149038462 0.34120759375000004 0.9353573990384615
11 0.3380831201923077 0.8964911923076924 0.3807843485576923 0.8955658245192308 0.3781806153846154 0.8594758677884615 0.33580709134615383 0.8589617908653846 0.3380831201923077 0.8964911923076924
11 0.3380831201923077 0.8594758677884615 0.38130512740384614 0.8594758677884615 0.3818258653846154 0.8233859807692308 0.33606683173076923 0.8219247524038462 0.3380831201923077 0.8594758677884615
11 0.33912467788461537 0.8270875985576923 0.3813051682692308 0.8298637067307693 0.3813051682692308 0.7928483798076923 0.33684778365384616 0.7885893341346153 0.33912467788461537 0.8270875985576923
11 0.33183413461538463 0.7946991177884615 0.3771390961538461 0.7928483100961539 0.3771390961538461 0.7586091610576923 0.3329423197115385 0.7584966706730769 0.33183413461538463 0.7946991177884615
11 0.3771391754807692 0.7946991177884615 0.42088188221153844 0.7928483100961539 0.42036118269230766 0.7586091610576923 0.3743484591346154 0.7561818557692307 0.3771391754807692 0.7946991177884615
11 0.3807843485576923 0.8261621586538461 0.4224441370192308 0.820609875 0.4214026610576923 0.7909975721153846 0.37708245673076923 0.7913681538461539 0.3807843485576923 0.8261621586538461
11 0.3807843485576923 0.8622520456730769 0.42296483653846156 0.8622520456730769 0.42296483653846156 0.8280128966346154 0.37974287019230774 0.8233859807692308 0.3807843485576923 0.8622520456730769
11 0.3807843485576923 0.8574196490384616 0.3807843485576923 0.8900136105769231 0.42296483653846156 0.8974166322115384 0.4224440576923077 0.8585505697115384 0.3807843485576923 0.8574196490384616
11 0.3818258653846154 0.9344320288461538 0.42452709375000003 0.9325812908653847 0.4234856153846154 0.8974167043269231 0.38059827163461535 0.8969216225961538 0.3818258653846154 0.9344320288461538
11 0.4271308293269231 0.9288797451923076 0.46826987980769236 0.9298051850961537 0.47087361298076924 0.8955659663461539 0.4287744903846154 0.8936841538461539 0.4271308293269231 0.9288797451923076
11 0.42400639423076925 0.8983420024038461 0.4677491009615385 0.8983420024038461 0.46826987980769236 0.8604013076923077 0.4234856153846154 0.8631774134615384 0.42400639423076925 0.8983420024038461
11 0.4245271730769231 0.8594760793269232 0.46826987980769236 0.8622522572115384 0.46826987980769236 0.8261623004807692 0.42343632451923074 0.8272479254807692 0.4245271730769231 0.8594760793269232
11 0.41984032451923076 0.8307890745192308 0.46202085336538457 0.8335652524038462 0.46462458653846156 0.7965499254807693 0.4192702548076923 0.796227108173077 0.41984032451923076 0.8307890745192308
11 0.4214026610576923 0.7965498557692308 0.4641038870192308 0.7928483100961539 0.4641038870192308 0.7586091610576923 0.41966077163461535 0.7584966706730769 0.4214026610576923 0.7965498557692308
11 0.4724357908653846 0.7058623509615385 0.5140955408653846 0.7040116129807692 0.5125333629807692 0.6679216201923077 0.47148436298076923 0.6700805552884616 0.4724357908653846 0.7058623509615385
11 0.5177408317307692 0.6966084471153846 0.5594005817307692 0.6975338173076923 0.5620043149038462 0.6642200384615384 0.5177074567307692 0.6645282019230769 0.5177408317307692 0.6966084471153846
11 0.5614836153846153 0.6697723942307692 0.5604420576923077 0.7049369807692307 0.601581108173077 0.7021608028846154 0.6036640649038462 0.6660708822115384 0.5621081995192307 0.6666083341346154 0.5614836153846153 0.6697723942307692
11 0.6078299759615384 0.7049369807692307 0.6515726826923077 0.7012354350961538 0.6510519038461537 0.6651454783653846 0.602717125 0.6651808509615385 0.6078299759615384 0.7049369807692307
11 0.6505312836538462 0.6632947740384616 0.6494898052884616 0.699384625 0.6911495552884616 0.6984592572115385 0.6911495552884616 0.6623693341346153 0.6515606490384616 0.6617493798076922 0.6505312836538462 0.6632947740384616
11 0.46826987980769236 0.7373253918269231 0.5099296274038462 0.7373253918269231 0.5099296274038462 0.7040116129807692 0.4688801971153846 0.6990157427884616 0.46826987980769236 0.7373253918269231
11 0.47868473557692304 0.7817437403846154 0.5213860432692308 0.7780422644230769 0.5213860432692308 0.7475045913461538 0.48033661057692306 0.7487788317307692 0.47868473557692304 0.7817437403846154
11 0.4771225600961539 0.8289382668269231 0.5177408317307692 0.8261621586538461 0.5177408317307692 0.7900722019230769 0.47525905288461534 0.7922908100961539 0.4771225600961539 0.8289382668269231
11 0.47608108173076924 0.8585505697115384 0.5166993533653846 0.8576251995192308 0.5166993533653846 0.8252367908653846 0.47591009375 0.8251622932692307 0.47608108173076924 0.8585505697115384
11 0.47608108173076924 0.8557745336538461 0.47503960336538464 0.8937152283653845 0.5161785745192308 0.8937152283653845 0.5172200528846154 0.8604014495192308 0.47721217788461534 0.8617353942307692 0.47608108173076924 0.8557745336538461
11 0.47503960336538464 0.9224020192307693 0.5166993533653846 0.9224020192307693 0.5182616105769231 0.8872374326923077 0.4746080120192308 0.8885903774038462 0.47503960336538464 0.9224020192307693
11 0.5182615312500001 0.9224019495192307 0.5599212812500001 0.9242527572115384 0.5594005817307692 0.8881628004807692 0.5187823100961538 0.8872374326923077 0.5182615312500001 0.9224019495192307
11 0.5166993533653846 0.8863119927884615 0.5594005817307692 0.8881628004807692 0.5604420576923077 0.8502220360576923 0.5179671971153846 0.8531747524038462 0.5166993533653846 0.8863119927884615
11 0.5187823100961538 0.8529982836538461 0.5588798028846154 0.8539236538461539 0.5594005817307692 0.8178336971153846 0.5190086754807692 0.8191459326923076 0.5187823100961538 0.8529982836538461
11 0.5187823100961538 0.8206100144230769 0.5614835360576923 0.8187592764423077 0.5609627572115385 0.781743951923077 0.5203107596153846 0.7814157043269231 0.5187823100961538 0.8206100144230769
11 0.5239897788461538 0.78359440625 0.5651288293269231 0.7808182283653846 0.5656495264423077 0.7493552596153846 0.5227842307692308 0.7501654230769231 0.5239897788461538 0.78359440625
11 0.5140955408653846 0.7040116129807692 0.5161785745192308 0.7391761298076923 0.5573175456730769 0.7382507596153847 0.5604420576923077 0.7030861730769231 0.5141916418269231 0.7024879639423076 0.5140955408653846 0.7040116129807692
11 0.562004235576923 0.7364000216346154 0.6041847644230769 0.7345492836538461 0.6036639855769231 0.7003101370192308 0.5636699447115384 0.7022587091346153 0.562004235576923 0.7364000216346154
11 0.5656495264423077 0.7854452163461538 0.6062678004807692 0.7854452163461538 0.6078299759615384 0.7502806274038462 0.5665338533653845 0.7497014158653846 0.5656495264423077 0.7854452163461538
11 0.5604420576923077 0.819684576923077 0.6021018076923077 0.8233861225961537 0.6026225072115385 0.7863707956730769 0.5636699447115384 0.7878960721153846 0.5604420576923077 0.819684576923077
11 0.5625251730769231 0.8548490937500001 0.6041849230769231 0.8520729158653846 0.6052264014423077 0.8187591370192308 0.5634094975961539 0.8154444567307693 0.5625251730769231 0.8548490937500001
11 0.560442139423077 0.8529982836538461 0.5599213605769231 0.8918643485576924 0.6010603317307692 0.8909389783653846 0.6021018870192308 0.8566998317307692 0.5617168990384616 0.8575697019230769 0.560442139423077 0.8529982836538461
11 0.5614834567307693 0.9270289350961539 0.6031432067307693 0.9270289350961539 0.60366390625 0.8900136105769231 0.5591125745192308 0.8922919230769231 0.5614834567307693 0.9270289350961539
11 0.6073091971153846 0.9270289350961539 0.6484482475961539 0.9251781274038462 0.6484482475961539 0.8909389783653846 0.6063780889423077 0.8922919230769231 0.6073091971153846 0.9270289350961539
11 0.6078298966346154 0.8900134687500001 0.6494896466346154 0.8918642067307693 0.650531125 0.8529981442307691 0.6100236538461539 0.8561828269230769 0.6078298966346154 0.8900134687500001
11 0.6057471009615385 0.8585505697115384 0.6489691057692308 0.8604013076923077 0.6494898052884616 0.8224606129807692 0.6046856490384616 0.8216900721153846 0.6057471009615385 0.8585505697115384
11 0.6067884975961538 0.8178336971153846 0.6510519831730769 0.820609875 0.650531204326923 0.7817438100961538 0.6089822572115385 0.7802581562500001 0.6067884975961538 0.8178336971153846
11 0.6062675600961538 0.7336237740384616 0.6067883389423077 0.7734152764423077 0.6494895673076923 0.7771168245192308 0.650531045673077 0.7391760576923077 0.607680014423077 0.7385968485576923 0.6062675600961538 0.7336237740384616
11 0.6031432067307693 0.7345491418269231 0.6463652139423076 0.7317730360576923 0.6458445144230769 0.6966084471153846 0.6041652235576923 0.6969356081730769 0.6031432067307693 0.7345491418269231
11 0.6890665192307692 0.820609875 0.6474067692307692 0.8224606826923077 0.6472638846153846 0.8591911850961539 0.687504264423077 0.8585505697115384 0.6890665192307692 0.820609875
11 0.6689231370192308 0.08717529326923076 0.7142280985576923 0.08624992548076924 0.7142280985576923 0.04830920192307692 0.6700512067307692 0.046269156250000006 0.6689231370192308 0.08717529326923076
11 0.6699646153846154 0.12974295673076924 0.7147487980769232 0.13159374759615383 0.7183940889423077 0.08995147115384615 0.6695299951923077 0.08446036778846154 0.6699646153846154 0.12974295673076924
11 0.67100625 0.1630566826923077 0.7168319110576923 0.16675823076923077 0.7168319110576923 0.12326524999999999 0.6703110264423077 0.12011063701923078 0.67100625 0.1630566826923077
11 0.6730892860576922 0.20284816826923077 0.7152697355769231 0.20284816826923077 0.7178734687499999 0.16213131490384616 0.6726546682692308 0.15946248798076923 0.6730892860576922 0.20284816826923077
11 0.6678817379807692 0.23060980528846153 0.7137074783653846 0.2361620889423077 0.7147489567307692 0.2009975360576923 0.6675770288461538 0.19649966826923077 0.6678817379807692 0.23060980528846153
11 0.6684024375 0.27225193990384616 0.7126659206730769 0.2704011658653846 0.7137073990384616 0.23431120913461537 0.6673163437499999 0.23168582451923078 0.6684024375 0.27225193990384616
11 0.6704853125000001 0.30556571875 0.7142280985576923 0.30741649278846156 0.71735253125 0.26669965625000003 0.6688780889423077 0.2659440048076923 0.6704853125000001 0.30556571875
11 0.6647572259615384 0.33425261778846155 0.7100622668269231 0.33517798798076925 0.7100622668269231 0.29723729326923076 0.6664047764423077 0.29419125240384614 0.6647572259615384 0.33425261778846155
11 0.7152696562499999 0.08162300961538461 0.7590124399038461 0.08532453846153845 0.7584916610576923 0.04923460817307693 0.7173167235576923 0.046269156250000006 0.7152696562499999 0.08162300961538461
11 0.71735253125 0.11956372115384616 0.75901228125 0.12233986298076924 0.7600538389423076 0.08810068028846155 0.7177070793269231 0.08353767788461539 0.71735253125 0.11956372115384616
11 0.7131867788461539 0.1584298389423077 0.7590124399038461 0.15935518990384615 0.7610954759615385 0.12696677884615384 0.7142282572115385 0.11863833413461539 0.7131867788461539 0.1584298389423077
11 0.7137073990384616 0.19174356490384614 0.7584915817307691 0.19914663942307692 0.7605746177884616 0.16213131490384616 0.7136709975961538 0.15483285817307693 0.7137073990384616 0.19174356490384614
11 0.7152697355769231 0.22783355528846153 0.7610954759615385 0.23246047115384616 0.7610954759615385 0.19451975961538462 0.7138009879807693 0.18631764663461536 0.7152697355769231 0.22783355528846153
11 0.7131866201923077 0.2639234423076923 0.7584915817307691 0.26762495432692307 0.7579708028846154 0.22783348557692307 0.7137073197115384 0.22875885576923077 0.7131866201923077 0.2639234423076923
11 0.7168318317307693 0.30741649278846156 0.7584915817307691 0.30741649278846156 0.7584915817307691 0.2704011658653846 0.7164041322115384 0.27103767788461536 0.7168318317307693 0.30741649278846156
11 0.7100622259615386 0.34258108173076923 0.7568379711538462 0.3440301971153846 0.7543257115384615 0.3018642427884615 0.7093734879807693 0.30066897596153846 0.7100622259615386 0.34258108173076923
11 0.6960019591346154 0.4388208701923077 0.6986056923076922 0.43974631009615384 0.7413069206730769 0.4369700985576923 0.7413069206730769 0.4027309855769231 0.6955716634615385 0.3976862283653846 0.6960019591346154 0.4388208701923077
11 0.6954812596153845 0.4758362331730769 0.7413069206730769 0.4758362331730769 0.7413069206730769 0.4397462764423077 0.6947907908653845 0.43541666826923076 0.6954812596153845 0.4758362331730769
11 0.6538214302884615 0.5156276658653847 0.699126391826923 0.5165530336538462 0.6986056129807692 0.4776869711538462 0.6546858677884615 0.4777766658653846 0.6538214302884615 0.5156276658653847
11 0.6970435144230769 0.5174784735576923 0.7439107331730769 0.5174784735576923 0.7397447427884616 0.4813885168269231 0.694530264423077 0.48032080528846155 0.6970435144230769 0.5174784735576923
11 0.6553836850961539 0.5526429903846154 0.7027716826923077 0.5526429903846154 0.7027716826923077 0.5174784038461538 0.6545543076923077 0.5155070336538462 0.6553836850961539 0.5526429903846154
11 0.701730204326923 0.5554191682692308 0.7449522115384616 0.5526429903846154 0.7449522115384616 0.5165530336538462 0.6986961754807692 0.5168937644230769 0.701730204326923 0.5554191682692308
11 0.6543421298076922 0.5915091971153846 0.6975641346153847 0.5942853028846155 0.6980849134615384 0.5517176923076923 0.6507787524038461 0.5532375408653846 0.6543421298076922 0.5915091971153846
11 0.7001679495192307 0.5952106730769231 0.7433899543269231 0.5933599350961538 0.7433899543269231 0.5517176923076923 0.6986953100961538 0.5516160576923077 0.7001679495192307 0.5952106730769231
11 0.6486141201923077 0.6303751899038462 0.6897530913461538 0.6294498197115386 0.6923568245192308 0.5905836850961539 0.6465310841346154 0.5942852331730769 0.6486141201923077 0.6303751899038462
11 0.6980849927884616 0.6275992235576923 0.7423484759615384 0.62945003125 0.7439107331730769 0.5933600745192308 0.6958306177884614 0.5909680504807693 0.6980849927884616 0.6275992235576923
11 0.6496554399038461 0.6627636706730768 0.6928774447115384 0.6646144086538462 0.6928774447115384 0.6303752596153847 0.6486957980769231 0.6268475384615384 0.6496554399038461 0.6627636706730768
11 0.6933983028846153 0.6646143389423076 0.738182485576923 0.6664651466346154 0.7397447427884616 0.6229720961538461 0.6920550624999999 0.6222178389423078 0.6933983028846153 0.6646143389423076
11 0.6944397019230769 0.7044059110576922 0.7360994519230769 0.701629733173077 0.7366202307692308 0.668315954326923 0.6928359350961538 0.6673622259615384 0.6944397019230769 0.7044059110576922
11 0.6224407331730769 0.22911853365384616 0.6708701298076923 0.23096932451923077 0.6713909086538461 0.1930285769230769 0.6256729447115384 0.19309249038461537 0.6224407331730769 0.22911853365384616
11 0.6489953197115385 0.737303141826923 0.6911758461538462 0.7363777740384615 0.6927381033653847 0.7002878173076923 0.6480447572115384 0.6986122259615384 0.6489953197115385 0.737303141826923
11 0.6932588822115384 0.7419300576923077 0.7333563750000001 0.7391539158653846 0.7343979326923077 0.704914733173077 0.691696625 0.7058401370192308 0.6932588822115384 0.7419300576923077
11 0.6479539999999999 0.7798707524038462 0.6875307139423078 0.7780199807692308 0.6864892355769231 0.7447061658653846 0.6442693605769231 0.7455964254807692 0.6479539999999999 0.7798707524038462
11 0.6880514134615384 0.789124514423077 0.7328355961538461 0.78542296875 0.7302318629807693 0.7521091875000001 0.6885721129807691 0.7502584158653847 0.6880514134615384 0.789124514423077
11 0.6505576538461538 0.8233637692307691 0.6922174038461539 0.8233637692307691 0.6927381826923077 0.7844976682692307 0.6510394374999999 0.7854069254807693 0.6505576538461538 0.8233637692307691
11 0.6922174038461539 0.7900498485576922 0.6906552259615384 0.8215128533653846 0.7317941971153845 0.8233636274038462 0.7312734182692308 0.7900498485576922 0.6896136706730769 0.7863483004807693 0.6922174038461539 0.7900498485576922
11 0.6943003605769231 0.8557522836538461 0.7354393317307693 0.8520506658653846 0.7333563750000001 0.8242891730769231 0.6941380192307692 0.8217506322115384 0.6943003605769231 0.8557522836538461
11 0.6489953197115385 0.8964689807692309 0.6916965456730769 0.8973943846153846 0.6927380240384615 0.8594536538461538 0.6494766706730769 0.8597102548076924 0.6489953197115385 0.8964689807692309
11 0.6864891562500001 0.889991326923077 0.7312734182692308 0.8909167307692307 0.7312734182692308 0.8566775480769231 0.6889305504807692 0.8567021081730769 0.6864891562500001 0.889991326923077
11 0.6463917427884615 0.92330528125 0.6880514927884616 0.92237984375 0.6885721923076923 0.8862899567307692 0.6457012740384616 0.8870295240384615 0.6463917427884615 0.92330528125
11 0.6896135913461539 0.9260813197115384 0.7338770745192308 0.9260813197115384 0.7323148173076923 0.8918420649038462 0.6891902115384615 0.8944324759615385 0.6896135913461539 0.9260813197115384
11 0.6890930504807693 0.9603204326923076 0.728669764423077 0.9593950625 0.7297112427884614 0.9270066177884615 0.6890605408653846 0.9303121057692307 0.6890930504807693 0.9603204326923076
11 0.6901343701923076 0.964022048076923 0.6896136706730769 0.9991866370192307 0.730752641826923 0.9982611971153846 0.7323148966346154 0.9612458701923077 0.6915338533653846 0.9652637235576923 0.6901343701923076 0.964022048076923
11 0.6448293269230769 0.9603205024038461 0.6870097764423077 0.9566189543269231 0.6885720336538461 0.9233051754807692 0.6450500745192307 0.9247598918269231 0.6448293269230769 0.9603205024038461
11 0.6484745408653846 0.9981492620192308 0.6885721129807691 1 0.6885721129807691 0.9620593052884616 0.6481745865384615 0.9609861634615384 0.6484745408653846 0.9981492620192308
11 0.6031697379807692 0.9612458701923077 0.6453501850961539 0.9584696947115384 0.6453501850961539 0.9270067572115385 0.604034608173077 0.9242958149038463 0.6031697379807692 0.9612458701923077
11 0.6073356490384616 1 0.6479539206730769 0.9990745600961539 0.6479539206730769 0.969462326923077 0.6049453100961538 0.9695493076923077 0.6073356490384616 1
11 0.5599476514423076 0.9649473461538461 0.6016074014423076 0.9658727163461538 0.6021281802884615 0.9307081274038461 0.5583317812499999 0.9286906201923077 0.5599476514423076 0.9649473461538461
11 0.566399735576923 0.9657382884615384 0.5615099879807692 0.9973357572115386 0.6031697379807692 0.9954849495192307 0.6042112139423077 0.9658727163461538 0.566399735576923 0.9657382884615384
11 0.5188086802884615 0.9584696947115384 0.5599476514423076 0.963096608173077 0.5594269519230769 0.9279320576923078 0.5179671971153846 0.9226743293269231 0.5188086802884615 0.9584696947115384
11 0.5198501586538462 1 0.5646344206730769 0.9990746298076923 0.5630721634615384 0.9657608509615384 0.5218725841346153 0.9670025264423077 0.5198501586538462 1
11 0.47871114663461534 0.9519920408653846 0.517246423076923 0.9575443942307692 0.517246423076923 0.9223798076923077 0.4756494903846154 0.9236024831730769 0.47871114663461534 0.9519920408653846
11 0.47454519711538456 0.996410389423077 0.5123600240384616 1 0.5167256850961539 0.9603204326923076 0.47350371874999997 0.9584696947115384 0.47454519711538456 0.996410389423077
11 0.4287194158653846 0.9667982259615384 0.4729828990384615 0.964022048076923 0.47246216105769234 0.9260813197115384 0.4282532788461539 0.9282321129807692 0.4287194158653846 0.9667982259615384
11 0.46965879807692307 1 0.4735037572115385 0.9629846730769231 0.4295554423076923 0.9642317764423077 0.42924027403846154 1 0.46965879807692307 1
11 0.3881012235576923 0.963096608173077 0.4276779783653846 0.9575442548076923 0.42611572115384616 0.9242304759615384 0.38515469711538464 0.9256879038461538 0.3881012235576923 0.963096608173077
11 0.3881012235576923 1 0.4276779783653846 0.9944477163461538 0.4266364615384616 0.9620593052884616 0.38645678125 0.9658505456730769 0.3881012235576923 1
11 0.34383766105769226 0.9686489639423077 0.3860181875 0.9667981562500001 0.3865389278846154 0.9316336730769231 0.3420560384615384 0.9347124807692307 0.34383766105769226 0.9686489639423077
11 0.3454425552884616 0.9634636850961538 0.34592069471153847 1 0.3881011850961539 0.9981492620192308 0.38862192307692306 0.9620593052884616 0.3454425552884616 0.9634636850961538
11 0.29540822596153843 0.9649473461538461 0.3412339663461538 0.9667981562500001 0.3412339663461538 0.9279320576923078 0.2980119591346154 0.9279320576923078 0.29540822596153843 0.9649473461538461
11 0.29749125961538464 0.9990746298076923 0.34071326682692304 1 0.3391510096153846 0.9639100432692308 0.294921375 0.9663118389423077 0.29749125961538464 0.9990746298076923
11 0.25374851442307694 0.962171170673077 0.2938460072115385 0.9603204326923076 0.29540826442307694 0.9242304759615384 0.2527334975961538 0.9245304951923077 0.25374851442307694 0.962171170673077
11 0.25426921394230767 1 0.29540822596153843 0.9981491923076924 0.29540822596153843 0.9611338653846153 0.25312479807692306 0.9626102908653846 0.25426921394230767 1
11 0.20844351442307693 0.9640219783653846 0.24802026682692307 0.9677235240384616 0.25062400240384614 0.9344097115384616 0.20690084134615386 0.932626920673077 0.20844351442307693 0.9640219783653846
11 0.2105265096153846 0.996298454326923 0.25114478125 1 0.25218625961538466 0.9657608509615384 0.2067710096153846 0.9598314711538461 0.2105265096153846 0.996298454326923