11 0.20416666586538462 0.012037036057692307 0.2052734375 0.04992283894230769 0.2453125 0.048186728365384617 0.2458333341346154 0.010185185096153846 0.20416666586538462 0.012037036057692307
11 0.24782986057692308 0.011381173076923077 0.24782986057692308 0.04263117307692307 0.2527126730769231 0.047839507211538464 0.2888454855769231 0.04610339423076923 0.2907986105769231 0.009645062499999999 0.24782986057692308 0.011381173076923077
11 0.2032552091346154 0.051736110576923074 0.2032552091346154 0.07951388942307692 0.2061848966346154 0.08472222115384616 0.2442708341346154 0.08298611057692308 0.2462239591346154 0.048842593749999996 0.2032552091346154 0.051736110576923074
11 0.24869791586538462 0.05046296394230769 0.24895833413461538 0.0879629639423077 0.2911458341346154 0.08425925961538461 0.2897135408653846 0.04814814903846154 0.24869791586538462 0.05046296394230769
11 0.2479166658653846 0.08981481490384616 0.2053385408653846 0.08831018509615385 0.2063151033653846 0.12129629567307693 0.2483072908653846 0.11956018509615385 0.24895833413461538 0.12314814903846154 0.2479166658653846 0.08981481490384616
11 0.293359375 0.08634259375 0.250390625 0.0875 0.24908854086538462 0.1245370360576923 0.2907552091346154 0.11932870432692308 0.2927083341346154 0.11585648076923076 0.293359375 0.08634259375
11 0.24683493509615387 0.12300569711538462 0.20361578605769232 0.12251602644230769 0.20459234855769232 0.15550213701923077 0.24763621875 0.1593304831730769 0.24658453605769232 0.15029380288461539 0.24683493509615387 0.12300569711538462
11 0.2887369783653846 0.12106481490384616 0.24939903846153846 0.12115384615384615 0.24869791586538462 0.14363425961538462 0.2481971153846154 0.16103988701923078 0.29306891105769234 0.15747863221153846 0.29226762740384615 0.11901709375 0.2887369783653846 0.12106481490384616
11 0.20316506490384614 0.15790598317307694 0.20436698798076922 0.19351851923076924 0.24508213221153846 0.1962339735576923 0.2458333341346154 0.16111111057692307 0.20316506490384614 0.15790598317307694
11 0.2946614591346154 0.16446759375 0.2957131418269231 0.1589031346153846 0.2520432692307692 0.1589031346153846 0.2516927091346154 0.16446759375 0.2516927091346154 0.18877314903846154 0.2524439110576923 0.19594017067307692 0.2927083341346154 0.1922453701923077 0.29611378125 0.19309116826923076 0.2946614591346154 0.16446759375
11 0.20712139423076922 0.19664351923076923 0.20809795673076922 0.2296296298076923 0.2516426274038462 0.23105413221153848 0.2508413461538461 0.19757834855769232 0.20712139423076922 0.19664351923076923
11 0.25352564182692305 0.23247863221153847 0.2971955120192308 0.23105413221153848 0.29599358894230765 0.19472934375 0.25232371875 0.19757834855769232 0.25352564182692305 0.23247863221153847
11 0.21009615384615385 0.23148148076923075 0.21009615384615385 0.26994301923076924 0.2522135408653846 0.26793981490384616 0.2525641033653846 0.23646723557692306 0.21009615384615385 0.23148148076923075
11 0.25460737259615385 0.23411681009615387 0.2545572908653846 0.23923611057692307 0.2555338533653846 0.26875 0.2982772427884615 0.27044159615384616 0.2982772427884615 0.23554131009615384 0.25460737259615385 0.23411681009615387
11 0.21950954807692308 0.26967592548076924 0.21127136778846156 0.2706552716346154 0.21169704807692308 0.3043981490384616 0.2541399567307692 0.3076923076923077 0.2537393173076923 0.2727920216346154 0.21950954807692308 0.26967592548076924
11 0.29867788461538464 0.26958689423076926 0.2565104158653846 0.2702546298076923 0.25460737259615385 0.3030626778846154 0.2955729158653846 0.3015046298076923 0.29707531971153844 0.30021367548076927 0.29867788461538464 0.26958689423076926
11 0.2916666658653846 0.01157407451923077 0.2919921875 0.04398148076923077 0.33333333413461536 0.04629629567307692 0.33463541586538464 0.009259259615384615 0.2916666658653846 0.01157407451923077
11 0.3387586802884615 0.009452161057692308 0.3397352427884615 0.04243827163461538 0.3838541658653846 0.040740740384615386 0.3833333341346154 0.005555555288461538 0.3387586802884615 0.009452161057692308
11 0.4212022572115384 0.006172838942307692 0.38376736057692307 0.008487653846153846 0.3844184038461539 0.039737653846153846 0.4241319447115384 0.039158949519230775 0.4241319447115384 0.011381173076923077 0.4212022572115384 0.006172838942307692
11 0.42816840384615384 0.006172838942307692 0.42816840384615384 0.04205246875 0.468532985576923 0.04263117307692307 0.4698350697115385 0.006172838942307692 0.42816840384615384 0.006172838942307692
11 0.2921875 0.04444444471153846 0.2945963533653846 0.08032407451923076 0.33463541586538464 0.0785879639423077 0.3348958341346154 0.04537037019230769 0.2921875 0.04444444471153846
11 0.339453125 0.04398148076923077 0.3404296875 0.07754629567307693 0.3813701923076923 0.08084045673076923 0.3817708341346154 0.042378918269230764 0.339453125 0.04398148076923077
11 0.382595485576923 0.038966050480769225 0.384548610576923 0.07716049278846154 0.4249131947115385 0.07716049278846154 0.42621527884615384 0.04012345673076923 0.382595485576923 0.038966050480769225
11 0.4302083341346154 0.04444444471153846 0.4295572908653846 0.08101851923076923 0.47135416586538464 0.08148148076923077 0.47135416586538464 0.04351851923076923 0.4302083341346154 0.04444444471153846
11 0.29375 0.08240740625 0.294921875 0.11944444471153846 0.33463541586538464 0.11770833413461539 0.33463541586538464 0.08124999999999999 0.29375 0.08240740625
11 0.38321314182692306 0.08126780528846153 0.3403445504807693 0.07984330528846154 0.34049479086538464 0.11238425961538462 0.34342447836538464 0.11759259375 0.36393229086538464 0.11585648076923076 0.384765625 0.11527777884615385 0.38321314182692306 0.08126780528846153
11 0.3848157043269231 0.07820512740384615 0.3848157043269231 0.11809116826923077 0.42648237259615385 0.11737891826923078 0.4276842956730769 0.08105413221153847 0.3848157043269231 0.07820512740384615
11 0.4283253197115385 0.08383190865384615 0.42872596153846154 0.12015669471153846 0.4723958341346154 0.12300569711538462 0.47279647355769233 0.08525641105769231 0.4283253197115385 0.08383190865384615
11 0.29375 0.11574074038461538 0.2946314110576923 0.15555555528846154 0.3379006418269231 0.15555555528846154 0.3379006418269231 0.11851851923076924 0.29375 0.11574074038461538
11 0.3409855769230769 0.11616809134615386 0.34113581730769227 0.14363425961538462 0.3417868581730769 0.1553418798076923 0.38545673076923076 0.15320512740384615 0.3842548076923077 0.11545584134615385 0.3409855769230769 0.11616809134615386
11 0.38834635336538464 0.11666666586538461 0.3848157043269231 0.11666666586538461 0.3848157043269231 0.15299145192307692 0.4268830120192308 0.1537037043269231 0.42648237259615385 0.11666666586538461 0.38834635336538464 0.11666666586538461
11 0.42980769230769234 0.11623931730769231 0.42890625000000004 0.12349537019230769 0.42980769230769234 0.1547008557692308 0.43378906250000004 0.1530092596153846 0.47107371875 0.1547008557692308 0.4714743581730769 0.11908831971153845 0.42980769230769234 0.11623931730769231
11 0.33990384615384617 0.1546296298076923 0.2954326923076923 0.15605413221153847 0.2971354158653846 0.1609953701923077 0.2971354158653846 0.17835648076923077 0.2974358966346154 0.19380341826923075 0.34110576923076924 0.19024216586538462 0.3401041658653846 0.1853009254807692 0.33990384615384617 0.1546296298076923
11 0.38521634615384615 0.15249287740384615 0.3817708341346154 0.15277777884615384 0.3407451923076923 0.15605413221153847 0.34244791586538464 0.1853009254807692 0.34234775721153843 0.1916666658653846 0.37174479086538464 0.18877314903846154 0.38441506490384614 0.19024216586538462 0.38521634615384615 0.15249287740384615
11 0.4283253197115385 0.15299145192307692 0.42912660336538466 0.19287749278846153 0.47159455048076926 0.19287749278846153 0.4731971153846154 0.1558404567307692 0.4283253197115385 0.15299145192307692
11 0.2977163461538461 0.1909544158653846 0.2985176274038462 0.23012820432692307 0.3409855769230769 0.2265669519230769 0.34018429567307695 0.1909544158653846 0.2977163461538461 0.1909544158653846
11 0.29919871875 0.2296296298076923 0.30040064182692305 0.26595441586538465 0.34246794951923076 0.2666666658653846 0.34286858894230765 0.2303418798076923 0.29919871875 0.2296296298076923
11 0.3427483966346154 0.26768756009615385 0.2982772427884615 0.26768756009615385 0.2994791658653846 0.27334105048076923 0.29867788461538464 0.3033000961538461 0.3024088533653846 0.30285493750000003 0.33854166586538464 0.30111882692307695 0.34234775721153843 0.30258784375 0.3427483966346154 0.26768756009615385
11 0.3427483966346154 0.19074074038461536 0.3427483966346154 0.2263532764423077 0.3864182692307692 0.22421652403846154 0.3840144230769231 0.1893162403846154 0.3427483966346154 0.19074074038461536
11 0.34379006490384617 0.2286324783653846 0.3441907043269231 0.26638176682692305 0.38745993509615384 0.2656695168269231 0.38545673076923076 0.2286324783653846 0.34379006490384617 0.2286324783653846
11 0.34314903846153844 0.2625830961538461 0.34314903846153844 0.3003323846153846 0.38601762740384615 0.3003323846153846 0.3856169879807692 0.26329534615384614 0.34314903846153844 0.2625830961538461
11 0.38601762740384615 0.1896011394230769 0.38601762740384615 0.22663817548076923 0.42888621875 0.22450142548076923 0.4284855769230769 0.1896011394230769 0.38601762740384615 0.1896011394230769
11 0.4313701923076923 0.22870370432692308 0.38689903846153845 0.2265669519230769 0.3881009615384615 0.26217948798076923 0.42656249999999996 0.26168981490384613 0.43096955048076924 0.2636039879807692 0.4313701923076923 0.22870370432692308
11 0.42681624038461535 0.2655508076923077 0.3855502139423077 0.26270180528846154 0.38595085576923077 0.3033000961538461 0.42681624038461535 0.2997388413461538 0.4276175216346154 0.2776590697115385 0.42681624038461535 0.2655508076923077
11 0.4294070504807692 0.1912393173076923 0.4294070504807692 0.22898860336538462 0.47187500000000004 0.22542735096153846 0.4714743581730769 0.19266381730769233 0.4294070504807692 0.1912393173076923
11 0.4299278846153846 0.22849002884615383 0.4311298076923077 0.26410256490384615 0.47279647355769233 0.2662393173076923 0.4731971153846154 0.22849002884615383 0.4299278846153846 0.22849002884615383
11 0.4280181634615384 0.2617521370192308 0.42841880288461537 0.30021367548076927 0.46968482932692307 0.30021367548076927 0.47088675240384614 0.2638888894230769 0.4280181634615384 0.2617521370192308
11 0.48177083413461536 0.0018518509615384616 0.4807291658653846 0.036111110576923074 0.5222355769230769 0.039316240384615384 0.52263621875 0.004415954326923077 0.48177083413461536 0.0018518509615384616
11 0.525400641826923 0.0035879639423076924 0.5276041658653846 0.03796296394230769 0.5680689110576923 0.03390313461538462 0.5684695504807692 0.0018518509615384616 0.525400641826923 0.0035879639423076924
11 0.5713541658653847 0 0.57165965625 0.03126780528846154 0.6125 0.03340455769230769 0.6135416658653846 0.0037037043269230767 0.5921875 0 0.5713541658653847 0
11 0.6137019230769231 0.0016381754807692308 0.612900641826923 0.03226495673076923 0.6567708341346153 0.03449074038461539 0.657421875 0.0009259254807692308 0.6137019230769231 0.0016381754807692308
11 0.4874348966346154 0.03796296394230769 0.47924679567307693 0.03689458653846154 0.4786458341346154 0.075 0.522265625 0.07615740625 0.5241185889423077 0.03974358894230769 0.4874348966346154 0.03796296394230769
11 0.5247596153846155 0.038603987980769236 0.5259114591346153 0.07314814903846154 0.5668269230769231 0.07421652403846155 0.5688301274038461 0.038603987980769236 0.5247596153846155 0.038603987980769236
11 0.5703926274038461 0.034829060096153844 0.5699919879807692 0.06972934375 0.6128605769230769 0.07186609615384615 0.613661858173077 0.034829060096153844 0.5703926274038461 0.034829060096153844
11 0.6130208341346154 0.03298611057692308 0.6146233966346154 0.06837606730769231 0.6559895841346154 0.0682870360576923 0.65548878125 0.034900286057692305 0.6130208341346154 0.03298611057692308
11 0.48028846153846155 0.074643875 0.47968750000000004 0.08225605528846154 0.47968750000000004 0.10308938701923077 0.47988781971153843 0.10883190865384615 0.5227564110576923 0.11310541346153845 0.5231570504807692 0.07678062740384616 0.48028846153846155 0.074643875
11 0.47920673076923076 0.10890313461538462 0.48000801201923077 0.1445156706730769 0.5231770841346154 0.1520833341346154 0.5228766033653847 0.11388888942307693 0.47920673076923076 0.10890313461538462
11 0.5235576923076923 0.15227920192307692 0.4810897427884615 0.15014244951923078 0.47968750000000004 0.16006944471153844 0.47868589663461536 0.18433048317307693 0.516796875 0.18784722115384614 0.5227564110576923 0.1893162403846154 0.5235576923076923 0.15227920192307692
11 0.4780048076923077 0.18582621153846152 0.4790564903846154 0.21213497115384616 0.4796073725961539 0.2200142451923077 0.5212740384615384 0.22642450240384615 0.5220753197115384 0.19009971394230768 0.4780048076923077 0.18582621153846152
11 0.47948718028846155 0.21951567067307692 0.4790865384615385 0.25797720913461536 0.5219551274038461 0.26153846153846155 0.5223557692307692 0.22806267788461537 0.47948718028846155 0.21951567067307692
11 0.4813802091346154 0.25625 0.480078125 0.29444444471153847 0.5243489591346153 0.2979166658653846 0.523046875 0.25972222115384613 0.4813802091346154 0.25625
11 0.5235777235576923 0.22326388942307693 0.5245542860576923 0.25625 0.5657451923076923 0.25847578365384616 0.5661458341346154 0.22428774999999998 0.5235777235576923 0.22326388942307693
11 0.52419871875 0.1846153846153846 0.5245993581730769 0.22094017067307695 0.5658653846153846 0.21951567067307692 0.5678685889423076 0.1853276346153846 0.52419871875 0.1846153846153846
11 0.5247596153846155 0.14594017067307694 0.5251602572115385 0.1851139591346154 0.566025641826923 0.1851139591346154 0.5672275649038462 0.14950142548076922 0.5247596153846155 0.14594017067307694
11 0.5243589735576923 0.10868945913461539 0.5239583341346153 0.14572649519230768 0.56953125 0.14652777884615384 0.567578125 0.10601851923076923 0.5243589735576923 0.10868945913461539
11 0.5688301274038461 0.0747150985576923 0.5290414663461539 0.07150997115384615 0.5241586538461539 0.07671830528846155 0.5251352163461539 0.10623219471153847 0.5632211538461539 0.10796830528846153 0.5668269230769231 0.10890313461538462 0.5688301274038461 0.0747150985576923
11 0.5999248798076923 0.07129629567307692 0.5693509615384615 0.07094017067307692 0.5697516033653847 0.10726495673076923 0.6110176274038461 0.10868945913461539 0.6102163461538461 0.07307692307692307 0.5999248798076923 0.07129629567307692
11 0.6026692716346154 0.10949074038461538 0.5677884615384615 0.10370370432692308 0.5669871802884615 0.1450142451923077 0.5753255216346154 0.1442129639423077 0.6082532043269231 0.14643874759615386 0.6114583341346154 0.10940170913461539 0.6026692716346154 0.10949074038461538
11 0.5681490384615384 0.14102564182692306 0.5680989591346154 0.16840277884615384 0.5677483966346154 0.17877492788461538 0.6110176274038461 0.17948718028846156 0.6122195504807693 0.14672364663461537 0.5681490384615384 0.14102564182692306
11 0.5678685889423076 0.18019943028846155 0.5682191514423077 0.2100694447115385 0.5686698725961539 0.21652421634615385 0.6099358966346153 0.21866096875000002 0.6099358966346153 0.18162393269230767 0.5678685889423076 0.18019943028846155
11 0.5665464735576923 0.21702279086538462 0.5666716754807692 0.25121082692307695 0.6078125 0.25548432932692305 0.6078125 0.2191595432692308 0.5665464735576923 0.21702279086538462
11 0.5685546875 0.25347222115384616 0.565625 0.2586805552884615 0.565625 0.2905092596153846 0.6092447908653846 0.2916666658653846 0.606640625 0.25347222115384616 0.5685546875 0.25347222115384616
11 0.6096354158653846 0.2561342596153846 0.6076822908653846 0.2879629639423077 0.6526041658653846 0.28981481490384614 0.6526041658653846 0.25439814903846153 0.6096354158653846 0.2561342596153846
11 0.6525991586538461 0.21875 0.6092548076923077 0.21723646634615384 0.6106069711538461 0.25231481490384616 0.6516225961538461 0.2517361105769231 0.6535757211538461 0.24826388942307692 0.6525991586538461 0.21875
11 0.6111778846153846 0.18179309134615387 0.6111778846153846 0.21362179567307693 0.6526442307692307 0.21958689423076921 0.654246795673077 0.18112535576923075 0.6111778846153846 0.18179309134615387
11 0.61171875 0.14432870432692307 0.6123697908653847 0.17962962980769231 0.6527343750000001 0.18310185096153847 0.653485576923077 0.14722222115384614 0.61171875 0.14432870432692307
11 0.6136067716346154 0.10810185096153847 0.6106770841346154 0.11331018509615384 0.6116536466346154 0.14282407451923076 0.6536458341346154 0.1474537043269231 0.6555989591346154 0.11041666586538461 0.6136067716346154 0.10810185096153847
11 0.6130208341346154 0.07118055528846154 0.61171875 0.10300925961538462 0.6559895841346154 0.10995370432692307 0.6559895841346154 0.07060185096153847 0.6130208341346154 0.07118055528846154
11 0.6580128197115385 0 0.6584635408653846 0.008680555288461539 0.6578124999999999 0.034722221153846156 0.6994791658653846 0.03298611057692308 0.7014322908653846 0.026041665865384613 0.7004557283653846 0 0.6580128197115385 0
11 0.6581830937500001 0.03624465865384616 0.6575320504807693 0.07154558413461538 0.6998497596153845 0.07270299038461539 0.7010016033653846 0.035398860576923076 0.6581830937500001 0.03624465865384616
11 0.6570913461538462 0.06908831971153846 0.6553385408653847 0.10763888942307692 0.6976562500000001 0.10995370432692307 0.6983072908653847 0.07175925961538462 0.6570913461538462 0.06908831971153846
11 0.6557291658653847 0.10555555528846153 0.65703125 0.14490740625 0.6967447908653847 0.1495370360576923 0.6970703125 0.11018518509615385 0.6557291658653847 0.10555555528846153
11 0.6559895841346154 0.14664351923076924 0.6546875000000001 0.18194444471153848 0.6957031250000001 0.18310185096153847 0.6983072908653847 0.14722222115384614 0.6559895841346154 0.14664351923076924
11 0.6558443509615385 0.25235042788461537 0.6529146634615385 0.2575587596153846 0.6509615384615385 0.2882300576923077 0.6932792475961538 0.2893874639423077 0.6952323725961538 0.25466524278846153 0.6558443509615385 0.25235042788461537
11 0.6521634615384616 0.2162393173076923 0.6522135408653846 0.2541666658653846 0.6951822908653846 0.2530092596153846 0.6958333341346153 0.21980056971153847 0.6521634615384616 0.2162393173076923
11 0.6550080120192308 0.18184650961538462 0.6550080120192308 0.21714743509615383 0.6966746802884616 0.21830484374999998 0.69607371875 0.18233618269230767 0.6550080120192308 0.18184650961538462
11 0.5225260408653847 0.2592592596153846 0.5231770841346154 0.29398148076923075 0.5654947908653847 0.29976851923076925 0.566796875 0.2557870360576923 0.5225260408653847 0.2592592596153846
11 0.698046875 0.21759259375 0.69609375 0.2546296298076923 0.737109375 0.2517361105769231 0.7394631418269231 0.21866096875000002 0.698046875 0.21759259375
11 0.6955729158653846 0.25428240625 0.6955729158653846 0.28726851923076924 0.7359374999999999 0.28842592548076923 0.7378906249999999 0.24907407451923075 0.6955729158653846 0.25428240625
11 0.7002003197115385 0.1792735048076923 0.7009765625 0.21435185096153847 0.7414663461538461 0.21773504326923077 0.7403645841346154 0.18194444471153848 0.7002003197115385 0.1792735048076923
11 0.7048828125 0.14143518509615385 0.701953125 0.14664351923076924 0.7026041658653847 0.17642450240384616 0.74296875 0.17789351923076924 0.744921875 0.14606481490384615 0.7048828125 0.14143518509615385
11 0.70390625 0.10393518509615385 0.70390625 0.1380787043269231 0.7068359375 0.1432870360576923 0.744921875 0.14155092548076922 0.7463541658653846 0.10740740624999999 0.70390625 0.10393518509615385
11 0.7020232379807693 0.0682870360576923 0.7010466754807693 0.10416666586538462 0.7443910264423077 0.10826210817307692 0.7451923076923077 0.07051281971153846 0.7020232379807693 0.0682870360576923
11 0.7017828533653846 0.031561610576923076 0.7017828533653846 0.05239494230769231 0.7017828533653846 0.06801994230769232 0.744150641826923 0.07122507211538462 0.744951923076923 0.03347578365384615 0.7017828533653846 0.031561610576923076
11 0.7028645841346154 0.001736110576923077 0.7027644230769231 0.028490028846153845 0.7451822908653847 0.033564814903846156 0.7429036466346154 0 0.7028645841346154 0.001736110576923077
11 0.18273237259615385 0.31716524278846153 0.18233173076923076 0.3549145288461538 0.22640224278846155 0.35847578365384614 0.22760416586538462 0.3207264951923077 0.18273237259615385 0.31716524278846153
11 0.2265625 0.31673789182692313 0.2261618581730769 0.35591168028846154 0.2714342956730769 0.35306267788461543 0.27063301201923073 0.31816239423076925 0.2265625 0.31673789182692313
11 0.27317040625 0.32241215625 0.2739716875 0.35802469230769235 0.3188434831730769 0.35802469230769235 0.3188434831730769 0.32383665625 0.27317040625 0.32241215625
11 0.3182692307692308 0.3212962956730769 0.32027243509615383 0.3597578341346154 0.3635416658653846 0.3583333341346154 0.36394230769230773 0.3212962956730769 0.3182692307692308 0.3212962956730769
11 0.40817307692307697 0.3180199423076923 0.39863281250000004 0.3206018509615385 0.3649038461538462 0.31873219471153846 0.36330128125 0.3564814807692308 0.39179687500000004 0.3535879639423077 0.40857371875 0.3564814807692308 0.40817307692307697 0.3180199423076923
11 0.1813802091346154 0.3563657403846153 0.17952724278846155 0.39131054086538464 0.22439903846153844 0.39131054086538464 0.22560096153846151 0.3564102572115385 0.1813802091346154 0.3563657403846153
11 0.22689302884615387 0.35657941586538466 0.22786959134615387 0.3895655264423077 0.27351762740384616 0.39579772115384615 0.27391826923076923 0.35733618269230766 0.22689302884615387 0.35657941586538466
11 0.2740484783653846 0.36117343269230767 0.27339743509615383 0.39629629567307695 0.3194711538461539 0.40056980048076923 0.3186698725961538 0.36210826201923074 0.2740484783653846 0.36117343269230767
11 0.3205528846153846 0.39515669471153847 0.3658253197115385 0.3980056971153846 0.3654246802884616 0.36096866105769226 0.31814903846153847 0.35740740625 0.3205528846153846 0.39515669471153847
11 0.3674278846153846 0.35669515625000003 0.36702724278846155 0.3937321947115385 0.4110977572115385 0.39586894471153844 0.40909455048076926 0.3588319086538462 0.3674278846153846 0.35669515625000003
11 0.1794270841346154 0.3964120360576923 0.17752403846153844 0.4287749278846154 0.22479968028846153 0.4316239326923077 0.22479968028846153 0.3931623942307692 0.1794270841346154 0.3964120360576923
11 0.22526041586538462 0.39548611057692307 0.22623697836538462 0.42847222115384614 0.2698317307692308 0.4314102572115385 0.2703125 0.3935185192307692 0.22526041586538462 0.39548611057692307
11 0.2731770841346154 0.4015046298076923 0.2720753197115385 0.43547008653846153 0.3161458341346154 0.4327546298076923 0.3151692716346154 0.3997685192307693 0.2731770841346154 0.4015046298076923
11 0.31762820432692307 0.4001424495192308 0.31757812500000004 0.4065972211538461 0.3180288461538462 0.4350427355769231 0.3635416658653846 0.43518518509615384 0.36290064182692305 0.3987179495192308 0.31762820432692307 0.4001424495192308
11 0.40957531971153843 0.40106837500000003 0.4062950721153846 0.3981303413461538 0.3647035264423077 0.398931625 0.36590544951923076 0.43881766346153844 0.40997596153846155 0.43739316346153845 0.4092247596153846 0.4276442307692308 0.40957531971153843 0.40106837500000003
11 0.18181089663461536 0.4323361826923077 0.1806089735576923 0.46723646634615384 0.22548076923076923 0.47008547115384614 0.2229166658653846 0.4333333341346154 0.18181089663461536 0.4323361826923077
11 0.22760416586538462 0.4319088317307692 0.2280048076923077 0.47037037019230765 0.27127403846153847 0.4696581201923077 0.26887019230769227 0.43547008653846153 0.22760416586538462 0.4319088317307692
11 0.27325721153846155 0.47531161057692306 0.27415865384615384 0.5088319086538461 0.31903044951923076 0.5095441586538462 0.3182291658653846 0.47393162499999997 0.27325721153846155 0.47531161057692306
11 0.3178285264423077 0.4383190889423077 0.2713541658653846 0.43618233653846156 0.27415865384615384 0.474643875 0.3178285264423077 0.47250712259615385 0.3162760408653846 0.44317129567307695 0.3178285264423077 0.4383190889423077
11 0.3610677091346154 0.44317129567307695 0.3581380216346154 0.43796296394230766 0.3210286466346154 0.43796296394230766 0.3161458341346154 0.4383190889423077 0.3180989591346154 0.46747685096153846 0.3169471153846154 0.474643875 0.3591145841346154 0.4709490745192308 0.36262019230769227 0.4732193725961539 0.3610677091346154 0.44317129567307695
11 0.4065104158653846 0.4422453701923077 0.4035807283653846 0.43703703605769234 0.3684244783653846 0.43703703605769234 0.3635416658653846 0.4422453701923077 0.3635416658653846 0.46307870432692305 0.36314102644230767 0.47300569711538465 0.4045572908653846 0.47002314903846154 0.4065104158653846 0.4665509254807692 0.4065104158653846 0.4422453701923077
11 0.2194761610576923 0.46964031250000005 0.1833433485576923 0.4713764254807692 0.1833433485576923 0.4922097572115384 0.1834935889423077 0.5049857548076923 0.22676281971153844 0.5085470096153846 0.2287660264423077 0.47507122596153845 0.2194761610576923 0.46964031250000005
11 0.2548527644230769 0.46707621153846157 0.22653245192307692 0.4688123221153846 0.22788461538461538 0.50527065625 0.27075320432692307 0.50527065625 0.27155448798076925 0.47037037019230765 0.2548527644230769 0.46707621153846157
11 0.3181690697115384 0.47554309134615386 0.3191456322115384 0.5085292019230769 0.36314102644230767 0.5086182331730769 0.36314102644230767 0.4722934471153846 0.3181690697115384 0.47554309134615386
11 0.3647435889423077 0.4762820504807692 0.36434294951923074 0.5118945865384615 0.40721153846153846 0.5111823365384616 0.4080128197115384 0.4727207980769231 0.3647435889423077 0.4762820504807692
11 0.22796474278846152 0.5097578341346154 0.22493489663461538 0.5083333341346153 0.19173177163461538 0.5048611105769231 0.18309294951923077 0.504772079326923 0.1834935889423077 0.5410968653846153 0.22756410336538463 0.5418091177884615 0.22786458413461538 0.5378472211538461 0.22796474278846152 0.5097578341346154
11 0.2659505216346154 0.5083333341346153 0.2287660264423077 0.5069088317307693 0.22981770913461538 0.5135416658653846 0.22996794951923077 0.5432336177884616 0.2748397427884615 0.5460826201923077 0.27443910336538463 0.5076210817307693 0.2659505216346154 0.5083333341346153
11 0.27576121875 0.5086182331730769 0.2753605769230769 0.5485042740384615 0.31943108894230765 0.5449430192307692 0.31903044951923076 0.5114672355769231 0.27576121875 0.5086182331730769
11 0.3628605769230769 0.5116809110576923 0.32039262740384616 0.5123931634615384 0.3199919879807692 0.5487179495192308 0.35624999999999996 0.5473379639423077 0.36406249999999996 0.550854701923077 0.3628605769230769 0.5116809110576923
11 0.40742187500000004 0.5211805552884615 0.40777243509615385 0.5112535600961539 0.3641025649038462 0.5105413100961539 0.3641025649038462 0.5475783485576924 0.40351562500000004 0.5454861105769231 0.40857371875 0.5468660961538462 0.40742187500000004 0.5211805552884615
11 0.184375 0.5447916658653846 0.18377403846153847 0.5767094014423078 0.2290464735576923 0.58027065625 0.22784455048076924 0.5432336177884616 0.184375 0.5447916658653846
11 0.27431891105769235 0.5446581201923076 0.23024839663461538 0.5453703701923077 0.23064903846153847 0.58240740625 0.27471955048076924 0.58240740625 0.27421875 0.5725694447115385 0.27431891105769235 0.5446581201923076
11 0.2756510408653846 0.5489583341346154 0.2754006418269231 0.5846153846153845 0.3194711538461539 0.5824786322115385 0.31907051201923076 0.5454415961538461 0.2756510408653846 0.5489583341346154
11 0.3635416658653846 0.5464387475961539 0.3205729158653846 0.5471064807692307 0.3214743581730769 0.5827635336538461 0.36434294951923074 0.5820512812499999 0.3635416658653846 0.5540509254807693 0.3635416658653846 0.5464387475961539
11 0.3684244783653846 0.5472222211538461 0.3647435889423077 0.5497150985576923 0.3655448725961538 0.5831908822115385 0.40841346153846153 0.5853276346153846 0.40841346153846153 0.5475783485576924 0.3684244783653846 0.5472222211538461
11 0.1869691514423077 0.5775730048076924 0.1869691514423077 0.6053507836538462 0.18922275721153847 0.6161680913461538 0.23048878125 0.61759259375 0.23129006490384615 0.5819800576923077 0.1869691514423077 0.5775730048076924
11 0.2715294471153846 0.5814636754807693 0.2334435096153846 0.5831997860576923 0.23329326923076923 0.6168091177884616 0.27736378125 0.6182336177884615 0.2765625 0.5854700865384616 0.2715294471153846 0.5814636754807693
11 0.27744391105769234 0.5840900985576923 0.2792467956730769 0.6171652427884615 0.32291666586538464 0.6193019951923078 0.32251602644230765 0.5836894591346155 0.27744391105769234 0.5840900985576923
11 0.3641276033653846 0.5872685192307693 0.3270182283653846 0.5872685192307693 0.32343750000000004 0.5893162403846154 0.3240885408653846 0.6133101850961539 0.32423878125 0.6206552716346153 0.3675080120192308 0.6192307692307693 0.3683092956730769 0.5857549855769231 0.3641276033653846 0.5872685192307693
11 0.36596554567307693 0.5843037740384616 0.36806891105769235 0.6180911682692307 0.4113381418269231 0.619515670673077 0.41013621875 0.5853276346153846 0.36596554567307693 0.5843037740384616
11 0.19173177163461538 0.6150462956730769 0.18880208413461538 0.6202546298076924 0.18880208413461538 0.6410879639423077 0.18950320432692308 0.6512820504807693 0.23357371875000002 0.6527065528846154 0.23317307692307693 0.6192307692307693 0.19173177163461538 0.6150462956730769
11 0.23465544951923079 0.6203703701923077 0.2338541658653846 0.6524216514423077 0.27912660336538464 0.65669515625 0.2771233966346154 0.6232193725961538 0.23465544951923079 0.6203703701923077
11 0.32109374999999996 0.6271990745192307 0.31816406249999996 0.6219907403846154 0.27752403846153845 0.6192307692307693 0.27832531971153845 0.6548433052884615 0.295703125 0.6549768509615385 0.32119391105769235 0.6569800576923076 0.32109374999999996 0.6271990745192307
11 0.36766826923076923 0.6222934471153846 0.32600160336538464 0.6237179495192307 0.3227964735576923 0.6208689447115384 0.3239983966346154 0.6564814807692307 0.32792968749999996 0.657638889423077 0.36406249999999996 0.6559027788461538 0.36601562499999996 0.6524305552884615 0.36766826923076923 0.6222934471153846
11 0.40525340625 0.6194266370192308 0.36716746875 0.62116275 0.36846955048076924 0.6551282043269231 0.4093349350961538 0.6565527067307693 0.4113381418269231 0.6209401706730768 0.40525340625 0.6194266370192308
11 0.24046474278846153 0.6730769230769231 0.19959935817307692 0.6745014254807693 0.19919871875 0.705128204326923 0.2377604158653846 0.7054398149038461 0.2397135408653846 0.7019675937500001 0.24046474278846153 0.6730769230769231
11 0.2822265625 0.675 0.2421875 0.675 0.2421875 0.6975694447115385 0.2421875 0.7056267812500001 0.28125 0.704513889423077 0.283203125 0.7010416658653846 0.2822265625 0.675
11 0.28359375 0.670397079326923 0.28309294951923075 0.7028490024038461 0.32315705048076926 0.7035612524038461 0.32265625 0.670397079326923 0.28359375 0.670397079326923
11 0.3247596153846154 0.6747150985576924 0.3247596153846154 0.7067663822115384 0.3652243581730769 0.7110398870192308 0.3666666658653846 0.6740740745192307 0.3247596153846154 0.6747150985576924
11 0.3651041658653846 0.6717236466346154 0.36590544951923076 0.7080484326923078 0.4071714735576923 0.7066239326923077 0.40637019230769234 0.6738603990384615 0.3651041658653846 0.6717236466346154
11 0.19410056009615387 0.7082888173076923 0.19455128125 0.7400284903846154 0.2358173076923077 0.7414529903846153 0.23541666586538462 0.7058404567307692 0.19410056009615387 0.7082888173076923
11 0.23845152163461536 0.7080751418269231 0.23942808413461536 0.73758903125 0.2813701923076923 0.7419515673076924 0.2813701923076923 0.7070512812499999 0.23845152163461536 0.7080751418269231
11 0.2814803677884615 0.7076477908653847 0.2824569302884615 0.7371616802884616 0.3231971153846154 0.7400997139423077 0.3227964735576923 0.7037749278846154 0.2814803677884615 0.7076477908653847
11 0.3246394230769231 0.70633903125 0.32624198798076925 0.7419515673076924 0.36670673076923077 0.7405270649038461 0.36630608894230765 0.7091880336538462 0.3246394230769231 0.70633903125
11 0.36710737259615384 0.7056980048076924 0.3668319302884615 0.7376602572115385 0.40837339663461536 0.7370370360576923 0.4075721153846154 0.7049857548076923 0.36710737259615384 0.7056980048076924
11 0.19369992067307693 0.7448272788461539 0.19467648317307693 0.7743411682692307 0.23621794951923075 0.777991451923077 0.23541666586538462 0.7438034182692307 0.19369992067307693 0.7448272788461539
11 0.24057492067307693 0.7429754278846155 0.24155148317307693 0.7724893173076922 0.28309294951923075 0.7747150985576923 0.2842948725961538 0.7419515673076924 0.24057492067307693 0.7429754278846155
11 0.324609375 0.74178240625 0.2865234375 0.7400462956730769 0.28359375 0.7487268509615385 0.28389423076923076 0.7745014254807692 0.3263621802884616 0.770940170673077 0.324609375 0.74178240625
11 0.36870993509615385 0.7413105408653846 0.3279947908653846 0.7434027788461539 0.3279947908653846 0.7677083341346154 0.3309244783653846 0.7729166658653847 0.3670572908653846 0.7711805552884615 0.3690104158653846 0.7677083341346154 0.36870993509615385 0.7413105408653846
11 0.41370192307692305 0.7415242163461537 0.4056640625 0.7391203701923076 0.3744140625 0.7391203701923076 0.371484375 0.7443287043269231 0.371484375 0.7686342596153846 0.3744140625 0.77384259375 0.410546875 0.7721064807692308 0.4125 0.7686342596153846 0.41370192307692305 0.7415242163461537
11 0.3733573725961538 0.7737891730769231 0.3729567307692308 0.8108262115384615 0.41422275721153845 0.8079772091346153 0.41502403846153846 0.7745014254807692 0.3733573725961538 0.7737891730769231
11 0.32852564182692306 0.7740740745192307 0.33052884615384615 0.810398860576923 0.3701923076923077 0.8068376057692308 0.36939102644230765 0.7747863245192307 0.32852564182692306 0.7740740745192307
11 0.2869791658653846 0.7774305552884615 0.2865785264423077 0.8081908822115385 0.32824519230769234 0.8067663822115385 0.3286458341346154 0.7747150985576923 0.2869791658653846 0.7774305552884615
11 0.23919270913461538 0.7755787043269231 0.23794070432692307 0.80633903125 0.2802083341346154 0.8068287043269231 0.2792317716346154 0.77384259375 0.23919270913461538 0.7755787043269231
11 0.19334935817307694 0.7754273509615385 0.19455128125 0.8089031346153847 0.23621794951923075 0.8089031346153847 0.23476562499999998 0.7774305552884615 0.19334935817307694 0.7754273509615385
11 0.23530148317307692 0.8084935889423076 0.19721554567307692 0.810229701923077 0.1993189110576923 0.84330484375 0.24018429567307692 0.84472934375 0.23978365384615385 0.8126780625 0.23530148317307692 0.8084935889423076
11 0.2840144230769231 0.8126780625 0.24395031971153847 0.8091168100961539 0.24354968028846152 0.8425925937500001 0.2821614591346154 0.8443287043269231 0.2841145841346154 0.8408564807692307 0.2840144230769231 0.8126780625
11 0.2914713533653846 0.8113425937500001 0.2875 0.8083333341346154 0.2885416658653846 0.8373842596153847 0.2893429495192308 0.8425925937500001 0.3295572908653846 0.8408564807692307 0.3302083341346154 0.8091168100961539 0.2914713533653846 0.8113425937500001
11 0.371484375 0.8128472211538462 0.3685546875 0.8076388894230769 0.3299679495192308 0.8082621081730769 0.33046875 0.8371527788461539 0.3333984375 0.842361110576923 0.36953125 0.840625 0.371484375 0.8371527788461539 0.371484375 0.8128472211538462
11 0.4161057692307692 0.808974358173077 0.3732371802884616 0.8061253557692307 0.3734375 0.8128472211538462 0.3734375 0.8371527788461539 0.3763671875 0.842361110576923 0.4046875 0.840625 0.41410256490384617 0.8410256418269231 0.4161057692307692 0.808974358173077
11 0.1990885408653846 0.8450231490384615 0.2000651033653846 0.8745370360576923 0.2401041658653846 0.8728009254807693 0.24090544951923076 0.8405270649038462 0.1990885408653846 0.8450231490384615
11 0.2466145841346154 0.8459490745192307 0.24631410336538462 0.8756410264423077 0.2876302091346154 0.8737268509615385 0.2866536466346154 0.8442129639423077 0.2466145841346154 0.8459490745192307
11 0.3298477572115385 0.8416666658653846 0.2869791658653846 0.8438034182692308 0.2869791658653846 0.8503472211538461 0.28858173076923077 0.876566951923077 0.3279947908653846 0.8746527788461538 0.3299479158653846 0.8711805552884615 0.3298477572115385 0.8416666658653846
11 0.3720703125 0.8432870360576923 0.3369140625 0.8432870360576923 0.333984375 0.8484953701923076 0.333984375 0.8728009254807693 0.3369140625 0.8780092596153846 0.37640224278846157 0.8804131057692307 0.375 0.8484953701923076 0.3720703125 0.8432870360576923
11 0.41646634615384615 0.8440883197115384 0.3798828125 0.8432870360576923 0.376953125 0.8484953701923076 0.376953125 0.8728009254807693 0.3798828125 0.8780092596153846 0.396484375 0.8762731490384615 0.4180689110576923 0.8782763533653846 0.41646634615384615 0.8440883197115384
11 0.24016927163461538 0.8773148149038461 0.23430989663461538 0.8773148149038461 0.20501302163461538 0.8807870360576923 0.20268429567307691 0.8774928774038462 0.20208333413461538 0.9068287043269231 0.20501302163461538 0.9120370360576923 0.24309895913461538 0.9103009254807692 0.24505208413461538 0.8825231490384616 0.24016927163461538 0.8773148149038461
11 0.24755608894230768 0.8759259254807692 0.24798177163461538 0.9083333341346154 0.2888221153846154 0.9094017091346154 0.2876201923076923 0.8752136754807692 0.24755608894230768 0.8759259254807692
11 0.2908854158653846 0.8762731490384615 0.29058493509615385 0.9089031346153846 0.3306490384615385 0.9053418798076923 0.3326522427884615 0.8740028485576924 0.2908854158653846 0.8762731490384615
11 0.37339743509615386 0.8808404567307692 0.3325320504807693 0.8787037043269231 0.33333333413461536 0.909375 0.33626302163461536 0.9145833341346153 0.34700520913461536 0.9128472211538461 0.37580128125 0.9136039879807692 0.37339743509615386 0.8808404567307692
11 0.3764322908653846 0.8806712956730769 0.3774088533653846 0.9101851850961539 0.41794871875 0.9112535600961539 0.41794871875 0.8784900288461538 0.3764322908653846 0.8806712956730769
11 0.3740685096153846 0.9146812668269231 0.3750450721153846 0.9441951562500001 0.4143830120192308 0.94472934375 0.4147836538461539 0.9126780625 0.3740685096153846 0.9146812668269231
11 0.4166266033653846 0.9440170937500001 0.3769631418269231 0.9461538461538462 0.3759114591346154 0.9744212956730769 0.3788411466346154 0.9796296298076924 0.4149739591346154 0.9778935192307692 0.4169270841346154 0.9744212956730769 0.4166266033653846 0.9440170937500001
11 0.33329326923076924 0.9486912403846154 0.3344951923076923 0.9774928774038462 0.37576121875 0.9774928774038462 0.37576121875 0.9468660961538462 0.33329326923076924 0.9486912403846154
11 0.3330528846153846 0.9168803413461538 0.3322516033653846 0.9475071225961538 0.37451923076923077 0.9466613245192307 0.37354266826923077 0.9171474350961539 0.3330528846153846 0.9168803413461538
11 0.2915364591346154 0.9100694447115385 0.29038461538461535 0.9421652427884616 0.3324519230769231 0.9414529903846154 0.3315755216346154 0.9083333341346154 0.2915364591346154 0.9100694447115385
11 0.3350260408653846 0.9510416658653846 0.3320963533653846 0.9458333341346153 0.29370993509615384 0.9463675216346155 0.2941105769230769 0.9784188028846154 0.3311197908653846 0.9788194447115385 0.3350260408653846 0.9753472211538461 0.3350260408653846 0.9510416658653846
11 0.29296875 0.9535879639423077 0.2900390625 0.9483796298076924 0.2529296875 0.9483796298076924 0.25 0.9535879639423077 0.25 0.9674768509615385 0.2529296875 0.9796296298076924 0.291015625 0.9778935192307692 0.29296875 0.9744212956730769 0.29296875 0.9535879639423077
11 0.24838241105769232 0.944818375 0.21127303605769232 0.944818375 0.20834334855769232 0.9500267091346154 0.2086939110576923 0.9767806274038461 0.2467548076923077 0.9782051274038461 0.24935897355769232 0.9708600432692307 0.24838241105769232 0.944818375
11 0.2250651033653846 0.9111111105769231 0.2048076923076923 0.9121794879807692 0.2045572908653846 0.9371527788461538 0.2094401033653846 0.9458333341346153 0.24447115384615387 0.9449430192307692 0.24487179567307693 0.9121794879807692 0.2250651033653846 0.9111111105769231
11 0.2870442716346154 0.9108796298076923 0.24715544951923077 0.9106125360576923 0.24700520913461538 0.9369212956730769 0.2467548076923077 0.9440883197115385 0.2860677091346154 0.9438657403846153 0.2880208341346154 0.9403935192307693 0.2870442716346154 0.9108796298076923
11 0.40843460576923074 0.3214120360576923 0.40941116826923074 0.35439814903846156 0.4527777788461539 0.3576131682692308 0.45509259375 0.3216049375 0.40843460576923074 0.3214120360576923
11 0.4575810192307692 0.3235596706730769 0.456640625 0.3535879639423077 0.4595703125 0.3587962956730769 0.49809027884615387 0.36162551442307694 0.4986689807692307 0.3245884783653846 0.4575810192307692 0.3235596706730769
11 0.5397786466346154 0.32314814903846156 0.5013310192307693 0.3236625504807692 0.5036458341346154 0.3526620360576923 0.5024884254807692 0.35864197596153846 0.5470486105769231 0.36172839423076925 0.5447337956730769 0.32674897115384616 0.5397786466346154 0.32314814903846156
11 0.5895833341346154 0.32314814903846156 0.5719401033653846 0.32222222115384613 0.5471643509615385 0.322736625 0.5455729158653846 0.3517361105769231 0.5485026033653846 0.35694444471153847 0.5807291658653846 0.3586805552884615 0.5911458341346154 0.3577160504807692 0.5895833341346154 0.32314814903846156
11 0.6345052091346154 0.3294367283653846 0.6315755216346154 0.3207561730769231 0.5915364591346154 0.32249228365384613 0.5910300937499999 0.3589506177884615 0.6338541658653847 0.3599794230769231 0.6345052091346154 0.3467978389423077 0.6345052091346154 0.3294367283653846
11 0.6369212956730769 0.32454989663461536 0.6354745360576923 0.35792181009615387 0.6811921298076923 0.3610082307692308 0.6788773149038462 0.32397119230769233 0.6369212956730769 0.32454989663461536
11 0.7217592596153846 0.3258230456730769 0.6805266201923076 0.3233153293269231 0.6806712956730769 0.3587448557692308 0.7240740745192308 0.3628600817307692 0.7234953701923076 0.32678755048076924 0.7217592596153846 0.3258230456730769
11 0.6817708341346154 0.3620370360576923 0.6839120360576924 0.39619341586538465 0.7244212956730769 0.39619341586538465 0.7246021418269231 0.3570987644230769 0.6817708341346154 0.3620370360576923
11 0.6394097211538461 0.35905349759615385 0.6399884254807693 0.3950617283653846 0.6804976850961538 0.3971193413461539 0.6805338533653846 0.361111110576923 0.6394097211538461 0.35905349759615385
11 0.5944733798076923 0.35976080288461537 0.59490740625 0.3950617283653846 0.6400462956730769 0.39403292067307694 0.638888889423077 0.3600823052884615 0.5944733798076923 0.35976080288461537
11 0.5489728004807692 0.35976080288461537 0.5491898149038461 0.3950617283653846 0.592013889423077 0.3981481490384615 0.5908564807692308 0.35905349759615385 0.5489728004807692 0.35976080288461537
11 0.5399956586538461 0.3592849783653846 0.5019097211538461 0.36102109134615384 0.5024884254807692 0.3956790120192308 0.5470486105769231 0.3987654326923077 0.5458912043269231 0.3627572019230769 0.5399956586538461 0.3592849783653846
11 0.45896990625 0.3576131682692308 0.4595486105769231 0.3946502067307692 0.50078125 0.3943287043269231 0.49980468749999996 0.36134259375 0.45896990625 0.3576131682692308
11 0.45976562499999996 0.3987268509615385 0.45976562499999996 0.4265046298076923 0.46269531249999996 0.4317129639423077 0.504108795673077 0.43981481490384616 0.50353009375 0.3996913581730769 0.45976562499999996 0.3987268509615385
11 0.5477213533653846 0.40138888942307693 0.5045717596153846 0.39753086538461535 0.5063078701923077 0.4345679014423077 0.5447916658653846 0.43437499999999996 0.5486979158653846 0.43090277884615386 0.5477213533653846 0.40138888942307693
11 0.5931712956730769 0.397736625 0.548611110576923 0.40288065865384615 0.5501302091346154 0.42905092548076923 0.5530598966346154 0.4342592596153846 0.5911458341346154 0.43252314903846156 0.5930989591346154 0.42905092548076923 0.5931712956730769 0.397736625
11 0.59453125 0.39849537019230774 0.5943865745192307 0.4330246923076923 0.635546875 0.42974537019230774 0.6366319447115385 0.39598765384615386 0.59453125 0.39849537019230774
11 0.6387008100961539 0.39859825 0.6396773725961539 0.43158436298076924 0.6844907403846154 0.43209876442307693 0.6839120360576924 0.3981481490384615 0.6387008100961539 0.39859825
11 0.6835214110576923 0.4004501033653846 0.6835214110576923 0.4282278798076923 0.6864510985576923 0.4334362139423077 0.7245370360576923 0.4317001033653846 0.7235604735576923 0.3987139927884616 0.6835214110576923 0.4004501033653846
11 0.7264973966346153 0.43240740625 0.6867476850961538 0.43395061778846156 0.6873263894230769 0.47201646153846155 0.7295717596153846 0.4689300408653846 0.7294270841346153 0.43761574038461537 0.7264973966346153 0.43240740625
11 0.6828703701923077 0.43487654326923075 0.640625 0.43590535096153843 0.641167533653846 0.4690843629807692 0.679253471153846 0.47082047355769235 0.684027778846154 0.47191357932692307 0.6828703701923077 0.43487654326923075
11 0.6375072331730769 0.4319701634615385 0.5974681706730769 0.4337062764423077 0.5965277788461538 0.47222222115384616 0.6416666658653847 0.4650205769230769 0.6404369206730769 0.4406507211538461 0.6375072331730769 0.4319701634615385
11 0.5499421298076923 0.43580246875 0.5505208341346154 0.4429398149038462 0.5505208341346154 0.46377314903846156 0.5534505216346154 0.46898148076923074 0.5950810192307693 0.4718106995192307 0.5956597211538461 0.4368312764423077 0.5499421298076923 0.43580246875
11 0.5086805552884616 0.4355967067307692 0.5098379639423076 0.47469135817307695 0.5509259254807692 0.47057613221153843 0.5515046298076923 0.4366255144230769 0.5086805552884616 0.4355967067307692
11 0.4611979158653846 0.4396990745192308 0.4611979158653846 0.4778935192307693 0.4641276033653846 0.48310185096153846 0.5061197908653846 0.48483796394230766 0.5099537043269231 0.4467078197115385 0.4611979158653846 0.4396990745192308
11 0.49394531249999996 0.4821759254807692 0.46464843749999996 0.4821759254807692 0.45896990625 0.4797325096153846 0.4572337956730769 0.5075102884615385 0.49882812499999996 0.50821759375 0.5023726850961538 0.48487654326923074 0.49394531249999996 0.4821759254807692
11 0.5466796875 0.46967592548076925 0.5087384254807692 0.47211934134615385 0.506640625 0.48530092548076925 0.5081597211538461 0.5060699591346154 0.550983795673077 0.5060699591346154 0.549609375 0.4748842596153846 0.5466796875 0.46967592548076925
11 0.5896484375 0.47029320913461536 0.5515625 0.47202932211538456 0.55271990625 0.5087448557692308 0.5938078701923077 0.5097736634615384 0.592578125 0.4755015432692308 0.5896484375 0.47029320913461536
11 0.631618923076923 0.4706018509615385 0.593532985576923 0.4723379639423077 0.594509548076923 0.5053240745192308 0.638888889423077 0.5069958846153846 0.6394675937500001 0.4699588485576923 0.631618923076923 0.4706018509615385
11 0.6829427091346154 0.47581018509615386 0.6800130216346154 0.4706018509615385 0.6429036466346154 0.4706018509615385 0.6399739591346154 0.47581018509615386 0.6399739591346154 0.5001157403846154 0.6429036466346154 0.5053240745192308 0.6811342596153847 0.5080246923076923 0.6829427091346154 0.5001157403846154 0.6829427091346154 0.47581018509615386
11 0.7279296875000001 0.4715277788461538 0.6859375000000001 0.47326388942307696 0.6859375000000001 0.5010416658653847 0.6888671875000001 0.50625 0.7269531250000001 0.504513889423077 0.7289062500000001 0.5010416658653847 0.7279296875000001 0.4715277788461538
11 0.6859375000000001 0.5061342596153846 0.6869140625000001 0.5391203701923077 0.7290509254807692 0.5400205769230769 0.7273148149038462 0.5040123461538462 0.6859375000000001 0.5061342596153846
11 0.6759837956730769 0.5066872427884616 0.6343171298076923 0.51080246875 0.6345703125 0.5428240745192308 0.670703125 0.5445601850961539 0.6759837956730769 0.5437242788461538 0.6759837956730769 0.5066872427884616
11 0.5913194447115384 0.5110082307692307 0.5918981490384615 0.542901235576923 0.6335648149038462 0.5408436225961538 0.63338396875 0.5097222211538461 0.5913194447115384 0.5110082307692307
11 0.5467013894230769 0.5078189302884616 0.5477864591346153 0.5366898149038462 0.5507161466346153 0.5418981490384616 0.5912615745192308 0.5438271610576924 0.5918402788461539 0.5088477355769231 0.5467013894230769 0.5078189302884616
11 0.504289641826923 0.5091306586538461 0.501359954326923 0.5143389927884615 0.501359954326923 0.5386445480769231 0.504289641826923 0.5438528798076923 0.5463541658653847 0.5488683125 0.5475115745192307 0.51080246875 0.504289641826923 0.5091306586538461
11 0.4572337956730769 0.5073045264423077 0.45878906249999996 0.5430555552884615 0.5023726850961538 0.547427983173077 0.5017939807692308 0.5134773653846154 0.4572337956730769 0.5073045264423077
11 0.4914713533653846 0.5428240745192308 0.4584490745192307 0.5416666658653846 0.4553385408653846 0.5723379639423076 0.4582682283653846 0.5775462956730769 0.4989583341346154 0.5807613173076923 0.49953703605769234 0.545781891826923 0.4914713533653846 0.5428240745192308
11 0.5027777788461538 0.5447530865384616 0.5021990745192307 0.5797325096153846 0.5473379639423077 0.5817901225961538 0.5443359375 0.5462962956730769 0.5027777788461538 0.5447530865384616
11 0.5473017932692308 0.5471193413461538 0.5473017932692308 0.5783693413461538 0.5901620360576924 0.5826131682692307 0.5901620360576924 0.5476337451923077 0.5473017932692308 0.5471193413461538
11 0.6269748269230769 0.5435185192307692 0.5888888894230769 0.5452546298076923 0.5897569447115385 0.5810699591346153 0.6337384254807692 0.5769547331730769 0.6320023149038462 0.5460905360576923 0.6269748269230769 0.5435185192307692
11 0.6751953125000001 0.5453703701923077 0.6329861105769231 0.5448559663461539 0.6341435192307692 0.5808641971153846 0.6742187500000001 0.5783564807692307 0.6761718750000001 0.5748842596153846 0.6751953125000001 0.5453703701923077
11 0.7181640625000001 0.5418981490384616 0.6798611105769231 0.5407407403846154 0.6791015625000001 0.5766203701923077 0.7197916658653847 0.5808641971153846 0.7210937500000001 0.550578704326923 0.7181640625000001 0.5418981490384616
11 0.6761718750000001 0.584375 0.6732421875000001 0.5791666658653847 0.6353009254807692 0.5809670793269232 0.6341435192307692 0.6149176947115385 0.6742187500000001 0.6121527788461538 0.6761718750000001 0.6086805552884615 0.6761718750000001 0.584375
11 0.5945963533653846 0.5791666658653847 0.589641204326923 0.5799382716346154 0.5907986105769231 0.6149176947115385 0.6336226850961538 0.613888889423077 0.63478009375 0.5799382716346154 0.5945963533653846 0.5791666658653847
11 0.54803240625 0.57952675 0.54571759375 0.61759259375 0.5908564807692308 0.6186213990384615 0.5896990745192308 0.5836419759615384 0.54803240625 0.57952675
11 0.5032552091346154 0.5799768509615385 0.5028935192307692 0.6139917692307693 0.5474537043269231 0.6160493822115385 0.5474537043269231 0.5779835384615384 0.5032552091346154 0.5799768509615385
11 0.5028645841346153 0.5890046298076923 0.4999348966346154 0.5837962956730769 0.45931712980769235 0.5825102884615384 0.4587384254807692 0.6154320985576922 0.5009114591346153 0.61678240625 0.5028645841346153 0.6133101850961539 0.5028645841346153 0.5890046298076923
11 0.4949869783653846 0.61759259375 0.4605902788461539 0.6186213990384615 0.4608072908653846 0.6471064807692308 0.4656901033653846 0.6523148149038461 0.5039930552884615 0.6546296298076922 0.5034143509615384 0.61759259375 0.4949869783653846 0.61759259375
11 0.5462239591346154 0.62696759375 0.5432942716346154 0.6182870360576923 0.5032552091346154 0.6200231490384615 0.5040509254807692 0.6518518509615384 0.5423177091346154 0.6512731490384615 0.5462239591346154 0.6478009254807693 0.5462239591346154 0.62696759375
11 0.5484375 0.6158436225961539 0.5478587956730769 0.6487654326923077 0.5906828701923077 0.6518518509615384 0.5906828701923077 0.6168724278846154 0.5484375 0.6158436225961539
11 0.5935546875 0.6148148149038462 0.588671875 0.6234953701923077 0.588671875 0.6443287043269231 0.5916015625 0.6495370360576923 0.6322916658653847 0.6490740745192307 0.6320023149038462 0.6158436225961539 0.5935546875 0.6148148149038462
11 0.6734953701923078 0.6139917692307693 0.6335648149038462 0.6139917692307693 0.6332031250000001 0.6424768509615385 0.6335648149038462 0.6510288076923078 0.6703125000000001 0.6459490745192308 0.6758101850961539 0.6479423870192308 0.6734953701923078 0.6139917692307693
11 0.6774884254807693 0.6128600817307692 0.6774884254807693 0.6509259254807692 0.7197337956730769 0.6488683125 0.7167317716346153 0.613888889423077 0.6774884254807693 0.6128600817307692
11 0.6774884254807693 0.6651234567307692 0.6745949062500001 0.698045266826923 0.7127893509615385 0.7011316875 0.7156828701923076 0.6671810697115385 0.6774884254807693 0.6651234567307692
11 0.6356770841346153 0.6642361105769231 0.6337239591346153 0.6885416658653847 0.6366536466346153 0.6937500000000001 0.6727864591346153 0.6920138894230768 0.6745949062500001 0.662242798076923 0.6356770841346153 0.6642361105769231
11 0.59375 0.6648148149038462 0.5936848966346153 0.6946759254807693 0.6335069447115385 0.6971193413461538 0.6329282403846155 0.6631687235576924 0.59375 0.6648148149038462
11 0.5918981490384615 0.6680041153846153 0.5541015625 0.6662037043269231 0.551171875 0.6714120360576923 0.551171875 0.69571759375 0.55703125 0.6991898149038461 0.5913194447115384 0.6968106995192307 0.5918981490384615 0.6680041153846153
11 0.5098379639423076 0.6643004110576923 0.5091145841346154 0.6920138894230768 0.5120442716346154 0.6972222211538461 0.548611110576923 0.6992798365384616 0.55 0.6629629639423077 0.5098379639423076 0.6643004110576923
11 0.4692708341346154 0.6700617283653846 0.4695963533653846 0.7009259254807693 0.50978009375 0.6998971201923077 0.5086226850961538 0.6659465024038462 0.4692708341346154 0.6700617283653846
11 0.50584490625 0.7040123461538462 0.46406250000000004 0.7009259254807693 0.46367187499999996 0.7304398149038461 0.46660156249999996 0.7356481490384615 0.47539062499999996 0.7339120360576923 0.504108795673077 0.7348765432692308 0.50584490625 0.7040123461538462
11 0.5088541658653847 0.7009259254807693 0.5070963533653846 0.7303240745192308 0.5458333341346153 0.7330246923076923 0.5469907403846154 0.7021604927884616 0.5088541658653847 0.7009259254807693
11 0.5479166658653847 0.6990740745192308 0.5473958341346153 0.7287037043269231 0.5878472211538461 0.7309670793269232 0.5873046875 0.6990740745192308 0.5479166658653847 0.6990740745192308
11 0.5914713533653846 0.6962962956730769 0.590625 0.7296296298076924 0.6317708341346153 0.73240740625 0.6317708341346153 0.6981481490384615 0.5914713533653846 0.6962962956730769
11 0.6359375 0.6952674903846153 0.634201389423077 0.7302469134615385 0.6735532403846154 0.7312757211538461 0.6729745360576923 0.6973251033653847 0.6359375 0.6952674903846153
11 0.6767939807692307 0.6990740745192308 0.6744791658653846 0.7350823052884615 0.71484375 0.7320601850961539 0.7161458341346154 0.7001028798076923 0.6767939807692307 0.6990740745192308
11 0.6772135408653847 0.730902778846154 0.6751157403846153 0.7654320985576923 0.715625 0.7644032932692307 0.717361110576923 0.7294238677884616 0.6772135408653847 0.730902778846154
11 0.6347222211538461 0.7332304519230769 0.6347222211538461 0.7620370360576924 0.6729166658653847 0.7671810697115385 0.6729166658653847 0.7332304519230769 0.6347222211538461 0.7332304519230769
11 0.5930555552884615 0.7329218100961538 0.5931640625 0.7659722211538462 0.6335648149038462 0.7689300408653845 0.6312500000000001 0.7339506177884616 0.5930555552884615 0.7329218100961538
11 0.550173610576923 0.7301440336538462 0.54728009375 0.7671810697115385 0.5883680552884616 0.7651234567307692 0.5889467596153847 0.7332304519230769 0.550173610576923 0.7301440336538462
11 0.5067129639423077 0.7350823052884615 0.5067129639423077 0.7680041153846153 0.546875 0.76759259375 0.5453776033653847 0.7337962956730769 0.5067129639423077 0.7350823052884615
11 0.5039930552884615 0.7347736634615385 0.4651041658653846 0.7342592596153845 0.4656901033653846 0.7678240745192307 0.5051504639423077 0.770781891826923 0.5039930552884615 0.7430041153846154 0.5039930552884615 0.7347736634615385
11 0.46521990625000004 0.7666666658653847 0.46406250000000004 0.8037037043269231 0.5051504639423077 0.7995884783653846 0.5027994783653846 0.7712962956730769 0.46521990625000004 0.7666666658653847
11 0.5468171298076923 0.7692386826923077 0.5057291658653846 0.7651234567307692 0.5057291658653846 0.8001028798076923 0.5445023149038462 0.7990740745192307 0.5468171298076923 0.8001028798076923 0.5468171298076923 0.7692386826923077
11 0.5883101850961538 0.7668724278846154 0.5484375 0.76759259375 0.5483072908653847 0.795486110576923 0.5512369783653847 0.8006944447115385 0.5854166658653847 0.7989583341346154 0.5883101850961538 0.8018518509615385 0.5883101850961538 0.7668724278846154
11 0.6328125 0.7702546298076923 0.6298828125 0.7650462956730769 0.5934606490384615 0.7649176947115385 0.59375 0.7945601850961539 0.5966796875 0.7997685192307693 0.630859375 0.7980324062499999 0.6328125 0.7945601850961539 0.6328125 0.7702546298076923
11 0.6351851850961538 0.7620370360576924 0.6342447908653847 0.7927083341346154 0.6371744783653847 0.7979166658653847 0.6768518509615385 0.7990740745192307 0.6756944447115385 0.7661522644230769 0.6351851850961538 0.7620370360576924
11 0.6772135408653847 0.7693287043269231 0.6772135408653847 0.7866898149038462 0.6752604158653847 0.7936342596153847 0.6781901033653847 0.79884259375 0.7143229158653847 0.7971064807692307 0.715625 0.7691358028846154 0.6772135408653847 0.7693287043269231
11 0.7151041658653846 0.7981481490384615 0.6771484375000001 0.7997685192307693 0.6742187500000001 0.8049768509615384 0.6742187500000001 0.8292824062499999 0.6771484375000001 0.8344907403846153 0.6996093750000001 0.8327546298076923 0.7145833341346154 0.8296296298076923 0.7151041658653846 0.7981481490384615
11 0.6664713533653847 0.8032407403846153 0.6351851850961538 0.8009259254807692 0.6342447908653847 0.8292824062499999 0.6371744783653847 0.8344907403846153 0.6733072908653847 0.8327546298076923 0.6751157403846153 0.7978395072115384 0.6664713533653847 0.8032407403846153
11 0.5932291658653847 0.7996527788461538 0.59178240625 0.8319958846153847 0.6346064807692307 0.8319958846153847 0.6340277788461539 0.7970164615384616 0.5932291658653847 0.7996527788461538
11 0.5869791658653847 0.8009259254807692 0.5473379639423077 0.8008230456730769 0.5482421875 0.8354166658653847 0.584375 0.8336805552884615 0.586328125 0.8302083341346154 0.5869791658653847 0.8009259254807692
11 0.5455439807692307 0.8026748966346153 0.5061921298076923 0.8016460913461538 0.5067708341346153 0.8320601850961539 0.5097005216346153 0.8372685192307692 0.5438802091346153 0.83553240625 0.5458333341346153 0.8320601850961539 0.5455439807692307 0.8026748966346153
11 0.5051504639423077 0.802572016826923 0.4646412043269231 0.8015432091346154 0.4647135408653846 0.8364583341346153 0.4783854158653846 0.8364583341346153 0.5027994783653846 0.8347222211538461 0.5051504639423077 0.802572016826923
11 0.46367187499999996 0.8371527788461539 0.46464843749999996 0.8666666658653847 0.5046875 0.8687242788461538 0.50353009375 0.83580246875 0.46367187499999996 0.8371527788461539
11 0.505266204326923 0.83580246875 0.5056640625 0.8666666658653847 0.5446180552884615 0.8687242788461538 0.5446180552884615 0.8368312764423076 0.505266204326923 0.83580246875
11 0.5461226850961538 0.83580246875 0.5470269086538462 0.8666666658653847 0.5860532403846154 0.8666666658653847 0.5860532403846154 0.83580246875 0.5461226850961538 0.83580246875
11 0.6330439807692307 0.83693415625 0.5916666658653846 0.8362268509615384 0.5916666658653846 0.8640046298076923 0.5945963533653846 0.8692129639423077 0.6131510408653846 0.8674768509615384 0.6313078701923077 0.8688271610576923 0.6330439807692307 0.83693415625
11 0.6565755216346154 0.8335648149038462 0.6350911466346154 0.8335648149038462 0.6321614591346154 0.8387731490384615 0.6331380216346154 0.8648148149038462 0.6707175937500001 0.8679012355769231 0.6712962956730769 0.8318930048076923 0.6565755216346154 0.8335648149038462
11 0.675 0.833847735576923 0.6755787043269231 0.866769548076923 0.7143518509615384 0.8677983533653847 0.7149305552884615 0.8317901225961539 0.675 0.833847735576923
11 0.7110026033653847 0.8682870360576923 0.6755208341346154 0.8648148149038462 0.6739583341346154 0.8990740745192307 0.7137152788461538 0.9008230456730769 0.7129557283653847 0.8648148149038462 0.7110026033653847 0.8682870360576923
11 0.6708984375 0.8673611105769231 0.6339699062499999 0.8669753076923077 0.6333912043269231 0.8998971201923076 0.669921875 0.8968750000000001 0.671875 0.8934027788461538 0.6708984375 0.8673611105769231
11 0.5931640625 0.8701388894230769 0.590234375 0.8753472211538462 0.5912109375 0.9013888894230769 0.6306712956730769 0.9006172836538462 0.6312500000000001 0.8707818918269231 0.5931640625 0.8701388894230769
11 0.5483796298076923 0.8679012355769231 0.5483796298076923 0.9018518509615384 0.58946759375 0.8997942379807693 0.5888888894230769 0.8668724278846154 0.5483796298076923 0.8679012355769231
11 0.5078703701923077 0.8696502067307693 0.5072916658653847 0.8797453701923076 0.5072916658653847 0.8971064807692308 0.5102213533653847 0.9023148149038461 0.5463541658653847 0.9005787043269231 0.5489583341346154 0.8706790120192308 0.5078703701923077 0.8696502067307693
11 0.466796875 0.8709490745192308 0.466796875 0.8952546298076923 0.46562499999999996 0.902777778846154 0.50625 0.8990740745192307 0.5048828125 0.8692129639423077 0.466796875 0.8709490745192308
11 0.4686848966346154 0.8995370360576923 0.4657552091346154 0.9047453701923077 0.4667317716346154 0.9307870360576923 0.5056134254807693 0.9306584350961539 0.5067708341346153 0.8997942379807693 0.4686848966346154 0.8995370360576923
11 0.5078125 0.9018518509615384 0.5083333341346153 0.9318287043269231 0.5132161466346153 0.9370370360576923 0.5473958341346153 0.9353009254807693 0.5464192716346153 0.9057870360576923 0.5078125 0.9018518509615384
11 0.5484953701923077 0.9034979423076923 0.5484953701923077 0.9364197524038461 0.5884259254807692 0.9384773653846155 0.5901041658653846 0.8990740745192307 0.5484953701923077 0.9034979423076923
11 0.590234375 0.9047453701923077 0.590234375 0.9290509254807693 0.5931640625 0.9342592596153847 0.6300925937499999 0.9316872427884615 0.6300925937499999 0.9008230456730769 0.590234375 0.9047453701923077
11 0.6317708341346153 0.8976337451923077 0.6323495360576923 0.9346707812499999 0.6705439807692308 0.9336419759615384 0.6717013894230769 0.902777778846154 0.6317708341346153 0.8976337451923077
11 0.6302083341346154 0.9359953701923077 0.6302083341346154 0.9656378605769231 0.6689814807692307 0.9646090528846153 0.6707175937500001 0.9327160504807692 0.6302083341346154 0.9359953701923077
11 0.7130208341346154 0.8990740745192307 0.6772786466346153 0.9013888894230769 0.6743489591346153 0.9065972211538462 0.6743489591346153 0.9309027788461539 0.7104817716346153 0.9326388894230769 0.7134114591346153 0.9239583341346154 0.7130208341346154 0.8990740745192307
11 0.6737123846153845 0.9310570985576923 0.6732060192307692 0.9637860072115385 0.7119791658653847 0.95967078125 0.7137152788461538 0.9329218100961539 0.6737123846153845 0.9310570985576923
11 0.6306134254807693 0.9358024687500001 0.5901041658653846 0.938888889423077 0.5901041658653846 0.9697530865384615 0.6083333341346153 0.9672453701923077 0.6317708341346153 0.9666666658653846 0.6306134254807693 0.9358024687500001
11 0.5464554399038462 0.9400848774038462 0.5474320024038462 0.969598764423077 0.5864583341346153 0.9683127572115384 0.5870370360576923 0.9353909471153846 0.5464554399038462 0.9400848774038462
11 0.5464192716346153 0.9377314807692307 0.5071759254807693 0.9358024687500001 0.5078125 0.9675925937500001 0.5454427091346153 0.9672453701923077 0.5473958341346153 0.9637731490384615 0.5464192716346153 0.9377314807692307
11 0.4666666658653846 0.9351851850961539 0.4677083341346154 0.9685185192307693 0.505859375 0.9665509254807693 0.5048828125 0.9370370360576923 0.4666666658653846 0.9351851850961539
11 0.45292968749999996 0.35743312740384614 0.41209490625 0.3583333341346154 0.41209490625 0.39639917788461543 0.4583912043269231 0.3974279831730769 0.45585937499999996 0.36264146153846155 0.45292968749999996 0.35743312740384614
11 0.41017071875 0.39882973317307696 0.41114728125 0.43181584375 0.45509259375 0.4337448557692308 0.4545138894230769 0.39259259375 0.41017071875 0.39882973317307696
11 0.4082754639423077 0.4368312764423077 0.40690104086538464 0.46377314903846156 0.40983072836538464 0.46898148076923074 0.4536458341346154 0.46851851923076926 0.4522569447115385 0.43168724278846154 0.4082754639423077 0.4368312764423077
11 0.4103587956730769 0.5088477355769231 0.4554976850961538 0.5067901225961539 0.45318287019230774 0.4687242788461538 0.40804398076923076 0.4731610072115385 0.4103587956730769 0.5088477355769231
11 0.4504557283653846 0.5081018509615385 0.4133463533653846 0.5081018509615385 0.4104166658653846 0.5133101850961539 0.4104166658653846 0.5376157403846153 0.4133463533653846 0.5428240745192308 0.45324074038461537 0.5447530865384616 0.4533854158653846 0.5133101850961539 0.4504557283653846 0.5081018509615385
11 0.40868055528846153 0.5461805552884615 0.4098958341346154 0.5833333341346154 0.45266203605769234 0.5778806586538462 0.45266203605769234 0.542901235576923 0.40868055528846153 0.5461805552884615
11 0.41313657451923075 0.5856995889423077 0.4139322908653846 0.6123842596153847 0.4168619783653846 0.61759259375 0.4549479158653846 0.6158564807692308 0.4539713533653846 0.5828703701923077 0.41313657451923075 0.5856995889423077
11 0.41115451442307693 0.6178626538461539 0.4103587956730769 0.6548353918269231 0.45491898076923076 0.6538065841346155 0.4554976850961538 0.6188271610576923 0.41115451442307693 0.6178626538461539
11 0.40752314903846154 0.6731481490384615 0.4080656826923077 0.7095421802884616 0.4481047451923077 0.7078060697115384 0.4491898149038462 0.6752057620192308 0.40752314903846154 0.6731481490384615
11 0.4115740745192307 0.7052469134615384 0.4127314807692307 0.7402263365384615 0.45150462980769235 0.7412551442307692 0.4536458341346154 0.7064814807692308 0.41678240625 0.7083333341346154 0.4115740745192307 0.7052469134615384
11 0.4520182283653846 0.7407407403846153 0.4168619783653846 0.7407407403846153 0.4139322908653846 0.7459490745192308 0.4148726850961539 0.777263375 0.45596064903846156 0.7752057620192307 0.4549479158653846 0.7459490745192308 0.4520182283653846 0.7407407403846153
11 0.41341145913461536 0.7790509254807693 0.41341145913461536 0.8033564807692308 0.41634114663461536 0.8085648149038461 0.45428240625 0.8110082307692307 0.4537037043269231 0.7780864206730769 0.41341145913461536 0.7790509254807693
11 0.4158854158653846 0.8119212956730769 0.4158854158653846 0.8362268509615384 0.4188151033653846 0.8414351850961539 0.4549479158653846 0.8396990745192308 0.45596064903846156 0.8091563774038462 0.4158854158653846 0.8119212956730769
11 0.4203776033653846 0.8414351850961539 0.4174479158653846 0.8466435192307693 0.4174479158653846 0.8709490745192308 0.4203776033653846 0.8761574062499999 0.4575231490384616 0.8791152259615385 0.4586805552884616 0.8420781899038462 0.4203776033653846 0.8414351850961539
11 0.41759259374999996 0.8751028798076923 0.4174479158653846 0.9012731490384615 0.4181712956730769 0.9131687235576924 0.4586805552884616 0.9100823052884616 0.4586805552884616 0.8761316874999999 0.41759259374999996 0.8751028798076923
11 0.4181134254807692 0.9072016466346154 0.41637731490384616 0.9452674903846153 0.45978009375 0.9442386826923077 0.45862268509615384 0.9102880649038462 0.4181134254807692 0.9072016466346154
11 0.41536458413461536 0.9472350817307693 0.41634114663461536 0.9767489711538461 0.4560185192307692 0.9777777788461539 0.45638020913461536 0.9472350817307693 0.41536458413461536 0.9472350817307693
11 0.6776041658653846 0.5787037043269231 0.6770833341346154 0.611111110576923 0.7197916658653847 0.6129629639423076 0.7208333341346154 0.5796296298076923 0.6776041658653846 0.5787037043269231
11 0.38593750000000004 0.1546296298076923 0.38541666586538464 0.19074074038461536 0.42708333413461536 0.1888888894230769 0.4276041658653846 0.1546296298076923 0.38593750000000004 0.1546296298076923