11 0.21979166586538462 0.0018518509615384616 0.22222222115384616 0.03395061778846154 0.26215277884615384 0.032921810096153845 0.2614583341346154 0 0.21979166586538462 0.0018518509615384616
11 0.26403356490384616 0.001736110576923077 0.26403356490384616 0.03298611057692308 0.26891637740384616 0.03819444471153846 0.30504918990384616 0.03645833413461538 0.30700231490384616 0 0.26403356490384616 0.001736110576923077
11 0.2194589110576923 0.03733281971153846 0.2194589110576923 0.06511059615384615 0.2223885985576923 0.07031893028846153 0.26331018509615384 0.07304526682692308 0.2624276610576923 0.03443930048076923 0.2194589110576923 0.03733281971153846
11 0.2650462956730769 0.039094649038461535 0.26574074038461537 0.07355967067307692 0.3079282403846154 0.06985596634615385 0.30649594951923076 0.03374485576923077 0.2650462956730769 0.039094649038461535
11 0.2629629639423077 0.07438271634615384 0.2203848389423077 0.07287808653846153 0.2213614014423077 0.10586419711538463 0.2633535889423077 0.10412808653846153 0.2640046298076923 0.10771605048076924 0.2629629639423077 0.07438271634615384
11 0.26485821875000004 0.07309670673076923 0.26355613461538463 0.11013374519230769 0.30902777884615384 0.11111111057692308 0.30782696875 0.07193930048076923 0.26485821875000004 0.07309670673076923
11 0.26188123317307693 0.11168882451923076 0.21866208173076923 0.11119915384615385 0.21963864423076923 0.14418526442307694 0.26268251442307694 0.14801361298076923 0.26163083173076923 0.13897693028846153 0.26188123317307693 0.11168882451923076
11 0.3049406826923077 0.1097479423076923 0.2656027427884615 0.1098369735576923 0.2649016201923077 0.13231738701923076 0.26440081971153845 0.14972301442307692 0.30927261298076925 0.1461617596153846 0.30847133173076924 0.10770022115384616 0.3049406826923077 0.1097479423076923
11 0.21936876682692308 0.1476179158653846 0.22057068990384615 0.1832304519230769 0.26128583413461537 0.18594590865384616 0.26331018509615384 0.14711934134615384 0.21936876682692308 0.1476179158653846
11 0.3097077548076923 0.15520833413461538 0.3107594375 0.149643875 0.26708956490384617 0.149643875 0.2667390048076923 0.15520833413461538 0.2667390048076923 0.17951388942307694 0.26749020673076923 0.18668091105769233 0.3077546298076923 0.18298611057692307 0.311160079326923 0.18383190865384616 0.3097077548076923 0.15520833413461538
11 0.22274639423076922 0.18326903365384617 0.22372295673076922 0.21625514423076925 0.2672676274038462 0.2176796466346154 0.2664663461538461 0.1842038629807692 0.22274639423076922 0.18326903365384617
11 0.2685719375 0.22116175961538462 0.31224181009615387 0.21973725961538462 0.3110398870192308 0.18341247115384615 0.26737001442307695 0.18626147596153847 0.2685719375 0.22116175961538462
11 0.22398504326923077 0.21707818990384614 0.22398504326923077 0.2555397283653846 0.2673611105769231 0.25720164663461537 0.2664529903846154 0.22206394471153848 0.22398504326923077 0.21707818990384614
11 0.26965366826923076 0.22279993750000002 0.2696035889423077 0.22791923798076924 0.2705801514423077 0.25743312740384616 0.3133235408653846 0.2591247235576923 0.3133235408653846 0.2242244375 0.26965366826923076 0.22279993750000002
11 0.23513454807692308 0.25630143990384613 0.22689636778846156 0.25728078605769233 0.22732204807692308 0.29102366346153846 0.2697649567307692 0.29431782211538465 0.2693643173076923 0.2594175360576923 0.23513454807692308 0.25630143990384613
11 0.27329282451923076 0.25893775721153844 0.27138977884615384 0.2917458052884615 0.3123553245192308 0.29018775721153844 0.31546029086538463 0.2582700216346154 0.27329282451923076 0.25893775721153844
11 0.3078703701923077 0.002314814903846154 0.3096064807692308 0.030864197115384615 0.34895833413461536 0.028806584134615384 0.3508391201923077 0 0.3078703701923077 0.002314814903846154
11 0.35416666586538464 0.003086420673076923 0.3547815384615385 0.028652264423076924 0.39890046394230766 0.026954733173076926 0.3987268509615385 0.0010288076923076921 0.35416666586538464 0.003086420673076923
11 0.3999710649038462 0.002314814903846154 0.40062210576923074 0.033564814903846156 0.44033564903846156 0.03298611057692308 0.4432870360576923 0 0.3999710649038462 0.002314814903846154
11 0.447265625 0 0.447265625 0.03587962980769231 0.48763020913461536 0.03645833413461538 0.48893229086538464 0 0.447265625 0
11 0.30781250000000004 0.03209876442307692 0.31022135336538464 0.06797839423076923 0.35026041586538464 0.06624228365384616 0.3505208341346154 0.03302469230769231 0.30781250000000004 0.03209876442307692
11 0.35565682932692305 0.03266460817307692 0.35663339182692305 0.06622942307692307 0.39757389663461534 0.06952358413461539 0.39797453605769234 0.031062045673076924 0.35565682932692305 0.03266460817307692
11 0.4005353004807692 0.02867798317307692 0.4024884254807692 0.06687242788461539 0.44285300961538465 0.06687242788461539 0.44415509375 0.029835391826923078 0.4005353004807692 0.02867798317307692
11 0.4458333341346154 0.03312757211538461 0.4451822908653846 0.0697016466346154 0.48697916586538464 0.07016460817307692 0.48697916586538464 0.03220164663461538 0.4458333341346154 0.03312757211538461
11 0.30937499999999996 0.06903292067307693 0.310546875 0.1060699591346154 0.35026041586538464 0.10433384855769232 0.35026041586538464 0.06787551442307692 0.30937499999999996 0.06903292067307693
11 0.39941684375000003 0.06892212740384615 0.3565482548076923 0.06749762499999999 0.3566984951923077 0.10003857932692307 0.3596281826923077 0.10524691346153846 0.3801359951923077 0.10351080288461538 0.4009693293269231 0.10293209855769231 0.39941684375000003 0.06892212740384615
11 0.3998620024038461 0.06483064182692308 0.3998620024038461 0.10471668269230769 0.44152866826923076 0.10400443269230769 0.44273059134615383 0.06767964663461538 0.3998620024038461 0.06483064182692308
11 0.4433716177884615 0.06942861778846153 0.44377225721153846 0.10575340384615385 0.4874421298076923 0.10860240625 0.48784277163461537 0.07085311778846154 0.4433716177884615 0.06942861778846153
11 0.30821759374999996 0.1023662548076923 0.30909900240384613 0.14218106971153846 0.3523682331730769 0.14218106971153846 0.3523682331730769 0.10514403365384616 0.30821759374999996 0.1023662548076923
11 0.3560318725961539 0.10382241105769231 0.35618211298076924 0.13128857932692306 0.35683315624999995 0.14299620192307694 0.40050302644230773 0.14085944951923077 0.39930110336538466 0.10311016105769231 0.3560318725961539 0.10382241105769231
11 0.4033926514423077 0.10637860096153846 0.3998620024038461 0.10637860096153846 0.3998620024038461 0.14270338701923077 0.4419293100961538 0.14341563701923077 0.44152866826923076 0.10637860096153846 0.4033926514423077 0.10637860096153846
11 0.44543269230769234 0.10595125 0.44453125000000004 0.11320730528846154 0.44543269230769234 0.14441278846153846 0.44941406250000004 0.1427211923076923 0.48669871875 0.14441278846153846 0.4870993581730769 0.10880025240384615 0.44543269230769234 0.10595125
11 0.3543714399038462 0.14022633653846153 0.3099002860576923 0.1416508389423077 0.3116030096153847 0.14659207932692306 0.3116030096153847 0.16395318990384616 0.3119034903846154 0.17940012740384617 0.35557336298076925 0.17583887259615386 0.3545717596153847 0.17089763461538462 0.3543714399038462 0.14022633653846153
11 0.39968393990384615 0.1391183918269231 0.3962384254807692 0.1394032932692308 0.3552127860576923 0.14267964663461538 0.35691550961538465 0.17192643990384615 0.35681534855769226 0.17829218028846153 0.38621238461538465 0.17539866346153848 0.39888265624999997 0.17686768028846153 0.39968393990384615 0.1391183918269231
11 0.4427929134615385 0.14270338701923077 0.4435941947115385 0.18258942788461538 0.4860621442307692 0.18258942788461538 0.48766470913461535 0.1455523894230769 0.4427929134615385 0.14270338701923077
11 0.31392005048076926 0.18066635096153846 0.3147213317307692 0.21984013942307692 0.35718928125000005 0.2162788846153846 0.35638799759615386 0.18066635096153846 0.31392005048076926 0.18066635096153846
11 0.31366631009615387 0.21831275721153845 0.31486823317307694 0.25463754326923077 0.3569355408653846 0.2553497932692308 0.35733618269230766 0.21902500721153845 0.31366631009615387 0.21831275721153845
11 0.3583733966346154 0.25328426682692307 0.31390224278846157 0.25328426682692307 0.31510416586538464 0.25893775721153844 0.31430288461538464 0.2888968028846154 0.31803385336538464 0.28845164663461537 0.35416666586538464 0.2867155360576923 0.35797275721153843 0.28818455288461536 0.3583733966346154 0.25328426682692307
11 0.35779469471153846 0.17942386778846153 0.35779469471153846 0.21503640384615386 0.40146456490384613 0.21289965144230769 0.39906071875 0.17799936778846154 0.35779469471153846 0.17942386778846153
11 0.3588363605769231 0.21628680048076923 0.35923700240384615 0.25403608653846155 0.4025062331730769 0.2533238365384615 0.40050302644230773 0.21628680048076923 0.3588363605769231 0.21628680048076923
11 0.35819533413461535 0.2502374158653846 0.35819533413461535 0.2879867043269231 0.4010639254807692 0.2879867043269231 0.4006632836538462 0.25094966826923076 0.35819533413461535 0.2502374158653846
11 0.4010639254807692 0.17828426682692308 0.4010639254807692 0.21532130528846152 0.4439325144230769 0.2131845528846154 0.4435318725961538 0.17828426682692308 0.4010639254807692 0.17828426682692308
11 0.4452590817307692 0.21841563701923078 0.40078792788461537 0.2162788846153846 0.40198985096153844 0.25189142067307696 0.44045138942307693 0.25140175 0.44485843990384616 0.2533159230769231 0.4452590817307692 0.21841563701923078
11 0.4418625360576923 0.25320512740384615 0.4005965096153846 0.25035612500000004 0.40099715144230774 0.2909544158653846 0.4418625360576923 0.2873931634615384 0.4426638173076923 0.2653133894230769 0.4418625360576923 0.25320512740384615
11 0.4438746442307692 0.18198005769230768 0.4438746442307692 0.21972934375000003 0.48634259375 0.21616809134615386 0.4859419519230769 0.18340455769230768 0.4438746442307692 0.18198005769230768
11 0.4461315889423077 0.21717315625 0.4473335120192308 0.2527856923076923 0.48900017788461536 0.25492244471153847 0.4894008197115385 0.21717315625 0.4461315889423077 0.21717315625
11 0.4436431634615384 0.25146406971153845 0.44404380288461537 0.28992560817307694 0.48530982932692307 0.28992560817307694 0.48651175240384614 0.2536008221153846 0.4436431634615384 0.25146406971153845
11 0.4971064807692308 0 0.49461805528846153 0.024794237980769233 0.5381944447115384 0.026748971153846154 0.5399305552884616 0 0.4971064807692308 0
11 0.5439814807692308 0 0.5420717596153847 0.026646091346153845 0.5850694447115384 0.02366255048076923 0.5868055552884616 0 0.5439814807692308 0
11 0.5879629639423076 0.003086420673076923 0.5890207668269231 0.02242006971153846 0.628472221153846 0.019958848557692307 0.6313657403846153 0 0.5879629639423076 0.003086420673076923
11 0.6310630336538462 0.00071225 0.6307870360576923 0.02469135817307692 0.673611110576923 0.02469135817307692 0.6747829855769231 0 0.6310630336538462 0.00071225
11 0.5042173028846154 0.023559670673076922 0.4960292019230769 0.022491295673076925 0.4954282403846154 0.06059670673076923 0.5399305552884616 0.06481481490384615 0.5409009975961538 0.025340298076923076 0.5042173028846154 0.023559670673076922
11 0.5415420216346154 0.024200697115384615 0.5426938653846154 0.05874485576923077 0.5836093293269231 0.05981323317307692 0.5856125360576923 0.024200697115384615 0.5415420216346154 0.024200697115384615
11 0.5865963317307693 0.022483379807692307 0.5861956899038462 0.05738366586538461 0.62906428125 0.059520418269230775 0.6298655624999999 0.022483379807692307 0.5865963317307693 0.022483379807692307
11 0.6280671298076924 0.02578446394230769 0.6296696947115384 0.06117442307692308 0.6710358798076924 0.061085391826923074 0.670535079326923 0.027698639423076925 0.6280671298076924 0.02578446394230769
11 0.49591346153846155 0.0643558076923077 0.49531250000000004 0.07196798798076923 0.49531250000000004 0.09280132211538462 0.49551281971153843 0.09854384375 0.5383814110576923 0.10281734615384616 0.5387820504807692 0.06649256009615384 0.49591346153846155 0.0643558076923077
11 0.49483173076923076 0.0986150673076923 0.49563301201923077 0.1342276033653846 0.5388020841346154 0.1417952668269231 0.5385016033653847 0.10360082211538463 0.49483173076923076 0.0986150673076923
11 0.5397613966346154 0.13993352403846154 0.49729344711538465 0.13779677163461537 0.4958912043269231 0.14772376442307691 0.4948896009615385 0.17198480528846155 0.533000579326923 0.17550154326923076 0.5389601129807692 0.17697056009615386 0.5397613966346154 0.13993352403846154
11 0.4936298076923077 0.17553814423076922 0.4946814903846154 0.20184690624999999 0.4952323725961539 0.20972618028846154 0.5368990384615384 0.21613643509615385 0.5377003197115384 0.17981164903846156 0.4936298076923077 0.17553814423076922
11 0.4945334759615384 0.21128521634615385 0.4941328341346154 0.24974675480769232 0.5370014254807692 0.25330800961538463 0.5374020649038461 0.21983222596153845 0.4945334759615384 0.21128521634615385
11 0.4958478004807692 0.2490483533653846 0.49454571875000003 0.2872427980769231 0.5388165504807693 0.2907150216346154 0.53751446875 0.2525205769230769 0.4958478004807692 0.2490483533653846
11 0.5392027235576923 0.21503343509615383 0.5401792860576923 0.24801954807692306 0.5813701923076923 0.25024533173076924 0.5817708341346154 0.2160572956730769 0.5392027235576923 0.21503343509615383
11 0.540402420673077 0.17329851201923077 0.5416666658653846 0.2150205769230769 0.5827546298076923 0.21604938221153847 0.5840722932692308 0.17401076201923077 0.540402420673077 0.17329851201923077
11 0.5403846153846155 0.13565210576923076 0.5407852572115385 0.17482589423076922 0.581650641826923 0.17482589423076922 0.5828525649038462 0.13921335817307692 0.5403846153846155 0.13565210576923076
11 0.5411413822115384 0.09840139182692308 0.5407407403846154 0.13543843028846153 0.58631365625 0.13623971153846154 0.5856481490384615 0.10288065865384616 0.5411413822115384 0.09840139182692308
11 0.5844551274038461 0.06442703365384615 0.5446664663461539 0.06122190625 0.5397836538461539 0.06643023798076923 0.5407602163461539 0.09594412740384616 0.5788461538461539 0.09768023798076923 0.5824519230769231 0.0986150673076923 0.5844551274038461 0.06442703365384615
11 0.6167072860576923 0.06100823076923077 0.5861333677884615 0.060652105769230774 0.5865340096153846 0.09697689182692308 0.6278000360576923 0.09840139182692308 0.6269987524038462 0.06278885817307692 0.6167072860576923 0.06100823076923077
11 0.6217664927884615 0.0971450625 0.5868055552884616 0.09567901201923078 0.5860844014423077 0.13266856490384615 0.5944227427884615 0.13186728365384615 0.6273504278846154 0.1340930673076923 0.6305555552884615 0.09705603125000001 0.6217664927884615 0.0971450625
11 0.5831953341346154 0.13485280048076922 0.5831452548076923 0.1622299375 0.5827946947115384 0.1726020889423077 0.6260639254807692 0.1733143389423077 0.6272658485576923 0.14055080769230768 0.5831953341346154 0.13485280048076922
11 0.5834935889423076 0.17299778365384616 0.5838441514423077 0.2028677980769231 0.5842948725961539 0.20932256971153845 0.6255608966346154 0.21145932211538462 0.6255608966346154 0.1744222860576923 0.5834935889423076 0.17299778365384616
11 0.5839075865384615 0.2108499519230769 0.5840327860576923 0.24503798557692308 0.6251736105769231 0.24931149038461536 0.6251736105769231 0.21298670432692307 0.5839075865384615 0.2108499519230769
11 0.5864945024038462 0.2462705769230769 0.5835648149038462 0.25147890865384614 0.5835648149038462 0.28330761298076923 0.6271846057692307 0.2844650216346154 0.6245804399038462 0.2462705769230769 0.5864945024038462 0.2462705769230769
11 0.6258391201923076 0.24996142067307695 0.6238859951923076 0.2817901225961539 0.6688078701923076 0.28364197596153845 0.6688078701923076 0.24822530769230772 0.6258391201923076 0.24996142067307695
11 0.6693815649038461 0.21257716105769228 0.6260372139423077 0.21106362740384615 0.6273893774038461 0.24614197596153845 0.6684050024038461 0.2455632716346154 0.6703581274038461 0.24209105048076923 0.6693815649038461 0.21257716105769228
11 0.6273815889423078 0.1735626394230769 0.6273815889423078 0.20539134134615383 0.6688479350961539 0.2113564423076923 0.6704504975961538 0.17289490384615383 0.6273815889423078 0.1735626394230769
11 0.6273437500000001 0.13404063701923077 0.6279947908653847 0.16934156490384614 0.671875 0.17078189182692308 0.6712962956730769 0.13580246875000002 0.6273437500000001 0.13404063701923077
11 0.6315465865384616 0.09987139903846153 0.6286168990384616 0.10507973317307692 0.6295934615384616 0.13459362259615384 0.6715856490384616 0.13922325 0.6735387740384616 0.10218621394230769 0.6315465865384616 0.09987139903846153
11 0.6292245360576924 0.06295010336538462 0.6279224543269231 0.0947788076923077 0.6721932860576924 0.10172324999999999 0.6721932860576924 0.062371399038461534 0.6292245360576924 0.06295010336538462
11 0.7199074062499999 0.003086420673076923 0.6742165240384614 0 0.6746672451923076 0.008680555288461539 0.6747685192307693 0.02366255048076923 0.7156828701923076 0.03298611057692308 0.7176359951923076 0.026041665865384613 0.7199074062499999 0.003086420673076923
11 0.674386795673077 0.02595659134615385 0.6737357548076923 0.06125751923076923 0.7160534639423077 0.062414925480769226 0.7172053052884616 0.025110795673076922 0.674386795673077 0.02595659134615385
11 0.6750311610576923 0.059829060096153845 0.6732783557692308 0.0983796298076923 0.7155960649038462 0.10069444471153846 0.7162471057692308 0.0625 0.6750311610576923 0.059829060096153845
11 0.6736689807692307 0.09835390865384615 0.6749710649038462 0.13770576201923077 0.7146846057692307 0.14233539182692306 0.7150101274038462 0.10298353846153846 0.6736689807692307 0.09835390865384615
11 0.6733506947115384 0.1373842596153846 0.6720486105769231 0.17268518509615383 0.7130642355769231 0.17384259375 0.7156684038461538 0.1379629639423077 0.6733506947115384 0.1373842596153846
11 0.6732054615384615 0.24926400721153846 0.6702757740384615 0.2544723413461539 0.6683226490384615 0.2851436370192308 0.7106403581730769 0.2863010456730769 0.7125934831730769 0.2515788221153846 0.6732054615384615 0.24926400721153846
11 0.6706819807692308 0.21006647596153846 0.6707320600961538 0.24799382692307692 0.7137008100961538 0.2468364206730769 0.7143518509615384 0.21362773076923075 0.6706819807692308 0.21006647596153846
11 0.6717904206730769 0.17361605769230767 0.6717904206730769 0.20891698317307691 0.7134570865384616 0.21007439182692306 0.7164351850961539 0.17592592548076924 0.6717904206730769 0.17361605769230767
11 0.5369936346153846 0.25205761298076923 0.5376446754807692 0.2867798365384615 0.5839120360576924 0.28806584375 0.5812644687499999 0.24858539182692307 0.5369936346153846 0.25205761298076923
11 0.7171440961538462 0.20936213942307694 0.7151909711538462 0.2463991778846154 0.7562065961538462 0.24350565865384616 0.7585603629807692 0.2104305168269231 0.7171440961538462 0.20936213942307694
11 0.7140914350961538 0.2501671802884615 0.7140914350961538 0.2831532932692308 0.7544560192307692 0.28431069951923077 0.7564091442307692 0.2449588485576923 0.7140914350961538 0.2501671802884615
11 0.7164040240384615 0.1720718581730769 0.717180266826923 0.20715020673076923 0.7576700504807692 0.21053339663461537 0.7609953701923077 0.17489712019230771 0.7164040240384615 0.1720718581730769
11 0.722243923076923 0.13526234615384616 0.719314235576923 0.1404706778846154 0.7199652788461539 0.17025166105769232 0.760329860576923 0.17172067788461537 0.7627314807692307 0.13477366346153846 0.722243923076923 0.13526234615384616
11 0.7218460649038462 0.0936471201923077 0.7218460649038462 0.12779063701923077 0.7247757524038462 0.13299897115384615 0.7633101850961539 0.13580246875000002 0.7642939807692308 0.09711934134615384 0.7218460649038462 0.0936471201923077
11 0.7199630528846155 0.059027778846153844 0.7189864903846155 0.09490740625 0.7623308413461539 0.0990028485576923 0.7631321225961538 0.06125356009615384 0.7199630528846155 0.059027778846153844
11 0.7214587788461538 0.02127354326923077 0.7214587788461538 0.04210687740384615 0.7214587788461538 0.05773187740384615 0.7638265673076923 0.060937004807692305 0.7646278485576924 0.02318771875 0.7214587788461538 0.02127354326923077
11 0.7225405096153845 0.001736110576923077 0.7245370360576923 0.02263374519230769 0.765625 0.02572016346153846 0.7625795721153845 0 0.7225405096153845 0.001736110576923077
11 0.19777866826923077 0.3037907572115385 0.19737802644230767 0.34154004326923076 0.24144854086538461 0.3451012980769231 0.2426504639423077 0.3073520096153846 0.19777866826923077 0.3037907572115385
11 0.24276620432692309 0.30542101923076925 0.2423655625 0.34459480769230766 0.2876379975961539 0.34174580528846155 0.2868367163461538 0.3068455216346154 0.24276620432692309 0.30542101923076925
11 0.2853231826923077 0.31109528365384614 0.28612446634615385 0.34670781971153847 0.33099625961538465 0.34670781971153847 0.33099625961538465 0.31251978365384614 0.2853231826923077 0.31109528365384614
11 0.33157941586538464 0.30997942307692306 0.3335826201923077 0.3484409615384615 0.3768518509615385 0.34701646153846155 0.37725249278846157 0.30997942307692306 0.33157941586538464 0.30997942307692306
11 0.42321937259615383 0.3087606826923077 0.4136791081730769 0.31134259375 0.37995014182692305 0.30947293509615387 0.3783475793269231 0.34722222115384616 0.4068431706730769 0.3443287043269231 0.4236200144230769 0.34722222115384616 0.42321937259615383 0.3087606826923077
11 0.19584780048076922 0.34299125480769227 0.19399483653846156 0.3779360552884615 0.23886663221153848 0.3779360552884615 0.24006855528846155 0.34303577163461535 0.19584780048076922 0.34299125480769227
11 0.24078191826923076 0.3421761225961539 0.24175848076923076 0.3751622355769231 0.2874065168269231 0.38139442788461536 0.28780715865384615 0.34293288942307687 0.24078191826923076 0.3421761225961539
11 0.2885160697115384 0.3488277548076923 0.28786502884615384 0.3839506177884615 0.33393874759615383 0.38822412259615385 0.3331374639423077 0.3497625841346154 0.2885160697115384 0.3488277548076923
11 0.33386306971153845 0.38486862980769226 0.3791355048076923 0.3877176322115385 0.3787348653846154 0.35068059615384617 0.3314592235576923 0.34711934134615385 0.33386306971153845 0.38486862980769226
11 0.3824741802884616 0.34537828365384615 0.3820735408653846 0.38241532211538465 0.4261440528846154 0.38455207451923074 0.4241408485576923 0.34751503605769235 0.3824741802884616 0.34537828365384615
11 0.1950520841346154 0.3820087451923077 0.19314903846153844 0.4143716370192308 0.24042468028846153 0.4172206394230769 0.24042468028846153 0.3787591009615384 0.1950520841346154 0.3820087451923077
11 0.2391493052884615 0.38416923798076924 0.2401258677884615 0.4171553509615385 0.2837206201923077 0.4200933846153846 0.28420138942307693 0.38220164663461537 0.2391493052884615 0.38416923798076924
11 0.2864872692307692 0.3901877572115385 0.2853855048076923 0.42415321394230765 0.3294560192307693 0.4214377572115385 0.3284794567307693 0.3884516466346154 0.2864872692307692 0.3901877572115385
11 0.3303596875 0.39088318990384613 0.33030960576923074 0.3973379639423077 0.3307603269230769 0.4257834759615384 0.37627314903846154 0.4259259254807692 0.37563212259615386 0.38945868990384613 0.3303596875 0.39088318990384613
11 0.4234642091346154 0.3866650841346154 0.42018396153846155 0.3837270504807692 0.37859241346153844 0.3845283317307692 0.3797943365384615 0.42441437259615383 0.4238648509615385 0.4229898701923077 0.42311364903846155 0.4132409375 0.4234642091346154 0.3866650841346154
11 0.19560185096153845 0.42078189182692305 0.1962339735576923 0.45386198076923073 0.24110576923076923 0.4567109855769231 0.2385416658653846 0.4199588485576923 0.19560185096153845 0.42078189182692305
11 0.24149305528846154 0.41853434615384616 0.24189369711538464 0.4569958846153846 0.2851629278846154 0.4562836346153846 0.28275908173076925 0.4220956009615385 0.24149305528846154 0.41853434615384616
11 0.2854099903846154 0.4639947379807693 0.2863114326923077 0.49751503605769226 0.3311832259615385 0.4982272860576923 0.3303819447115384 0.46261475240384614 0.2854099903846154 0.4639947379807693
11 0.3311387115384615 0.4270022163461539 0.28466435096153847 0.4248654639423077 0.2874688389423077 0.46332700240384617 0.3311387115384615 0.46119024999999997 0.3295862259615384 0.4318544230769231 0.3311387115384615 0.4270022163461539
11 0.37379918990384614 0.4308256177884615 0.37086950240384614 0.42561728365384616 0.33376012740384614 0.42561728365384616 0.32887731490384614 0.42597340865384614 0.33083043990384614 0.4551311730769231 0.32967859615384615 0.46229819471153843 0.37184606490384614 0.45860339423076923 0.3753516730769231 0.46087369471153844 0.37379918990384614 0.4308256177884615
11 0.41924189903846154 0.43195730528846155 0.41631221153846154 0.42674897115384613 0.38115596153846154 0.42674897115384613 0.37627314903846154 0.43195730528846155 0.37627314903846154 0.4527906370192308 0.3758725072115385 0.46271763221153844 0.41728877403846154 0.45973508173076927 0.41924189903846154 0.4562628605769231 0.41924189903846154 0.43195730528846155
11 0.23278634615384614 0.45832343990384616 0.19665353365384614 0.46005955288461536 0.19665353365384614 0.48089288461538465 0.19680377403846153 0.49366888221153843 0.24007300480769228 0.49723013701923074 0.24207621153846154 0.4637543533653846 0.23278634615384614 0.45832343990384616
11 0.26874165384615384 0.4557593389423077 0.24042134134615384 0.45749544951923077 0.2417735048076923 0.4939537836538461 0.28464209375 0.4939537836538461 0.285443375 0.4590534975961538 0.26874165384615384 0.4557593389423077
11 0.3303218485576923 0.46731263942307694 0.3312984110576923 0.50029875 0.3752938028846154 0.5003877812499999 0.3752938028846154 0.4640629951923077 0.3303218485576923 0.46731263942307694
11 0.37921118269230775 0.4670227908653847 0.3788105408653846 0.5026353269230769 0.42167913221153847 0.5019230769230769 0.4224804134615385 0.4634615384615385 0.37921118269230775 0.4670227908653847
11 0.24127492788461538 0.4984409615384615 0.23824508173076925 0.4970164615384615 0.20504195673076925 0.49354423798076924 0.1964031346153846 0.49345520673076926 0.19680377403846153 0.5297799927884616 0.24087428846153847 0.5304922451923078 0.24117476923076925 0.5265303509615384 0.24127492788461538 0.4984409615384615
11 0.2769458918269231 0.49598765384615384 0.23976139663461538 0.49456315384615385 0.24081307932692309 0.5011959879807693 0.24096331971153845 0.5308879399038461 0.28583511298076925 0.5337369423076923 0.2854344735576923 0.49527540384615387 0.2769458918269231 0.49598765384615384
11 0.2890714038461538 0.49833016826923077 0.28867076201923075 0.5382162067307692 0.33274127403846154 0.5346549543269231 0.3323406346153846 0.5011791706730769 0.2890714038461538 0.49833016826923077
11 0.3755920576923077 0.5013928461538462 0.3331241105769231 0.5021050961538461 0.33272346875 0.5384298822115384 0.36898148076923076 0.5370498966346153 0.37679398076923076 0.5405666346153846 0.3755920576923077 0.5013928461538462
11 0.42188946875 0.511921295673077 0.4222400288461538 0.5019943028846154 0.37857015625 0.5012820504807692 0.37857015625 0.5383190889423077 0.41798321875 0.5362268509615384 0.42304131009615387 0.5376068365384615 0.42188946875 0.511921295673077
11 0.19768518509615385 0.5334747932692308 0.1970842235576923 0.5653925288461539 0.24235665865384615 0.5689537836538462 0.24115473557692307 0.5319167451923077 0.19768518509615385 0.5334747932692308
11 0.2864716875 0.5323124399038461 0.24240117548076923 0.5330246923076923 0.2428018173076923 0.5700617283653846 0.2868723293269231 0.5700617283653846 0.28637152884615386 0.560223764423077 0.2864716875 0.5323124399038461
11 0.28953993028846153 0.5376414615384616 0.28928952884615383 0.5732985120192308 0.33336004326923074 0.5711617596153846 0.3329594014423077 0.5341247235576924 0.28953993028846153 0.5376414615384616
11 0.3768518509615385 0.5382082932692308 0.3338831009615385 0.5388760288461538 0.3347845432692308 0.5745330793269231 0.3776531346153846 0.573820829326923 0.3768518509615385 0.5458204735576924 0.3768518509615385 0.5382082932692308
11 0.3805772572115385 0.5400205769230769 0.3768963677884616 0.5425134543269231 0.37769764903846154 0.5759892379807693 0.4205662403846154 0.5781259903846154 0.4205662403846154 0.540376701923077 0.3805772572115385 0.5400205769230769
11 0.19912192788461539 0.5693425528846153 0.19912192788461539 0.5971203317307693 0.20137553365384614 0.607937639423077 0.24264156009615384 0.6093621394230769 0.24344284134615385 0.5737496033653846 0.19912192788461539 0.5693425528846153
11 0.2842609278846154 0.5701468028846154 0.24617499038461538 0.5718829134615384 0.24602475 0.6054922451923077 0.2900952644230769 0.6069167451923076 0.28929398076923074 0.5741532139423077 0.2842609278846154 0.5701468028846154
11 0.2901753918269231 0.5758596466346154 0.29197827644230767 0.6089347884615385 0.3356481490384615 0.6110715408653846 0.33524750721153845 0.5754590072115385 0.2901753918269231 0.5758596466346154
11 0.37685908653846156 0.5759516466346154 0.33974971153846156 0.5759516466346154 0.33616898076923074 0.5779993677884615 0.33682002403846156 0.6019933125 0.3369702644230769 0.6093383990384615 0.3802394951923077 0.6079138966346154 0.3810407764423077 0.5744381129807692 0.37685908653846156 0.5759516466346154
11 0.3786970264423077 0.5771021298076924 0.38080039182692305 0.6108895216346154 0.42406962259615383 0.6123140240384616 0.42286769951923076 0.5781259903846154 0.3786970264423077 0.5771021298076924
11 0.20388454807692308 0.6027006177884615 0.20095486057692308 0.6079089495192307 0.20095486057692308 0.6287422836538461 0.20165598317307692 0.6389363725961539 0.2457264951923077 0.6403608725961539 0.24532585576923077 0.6068850913461539 0.20388454807692308 0.6027006177884615
11 0.24738693028846154 0.6080246923076923 0.24658564903846153 0.6400759735576924 0.2918580841346154 0.6443494783653846 0.2898548798076923 0.6108736947115385 0.24738693028846154 0.6080246923076923
11 0.3344039350961538 0.6189686225961538 0.3314742475961538 0.6137602884615384 0.2908342235576923 0.6110003173076923 0.2916355048076923 0.6466128533653847 0.3090133100961538 0.6467463990384614 0.3345040961538462 0.6487496033653847 0.3344039350961538 0.6189686225961538
11 0.3821358629807692 0.6130341875 0.34046919471153847 0.6144586899038461 0.3372640673076923 0.6116096875 0.3384659903846154 0.6472222211538461 0.34239728124999996 0.6483796298076924 0.37853009374999996 0.6466435192307693 0.38048321874999996 0.643171295673077 0.3821358629807692 0.6130341875
11 0.4174061826923077 0.6101673798076923 0.3793202451923077 0.6119034903846153 0.3806223293269231 0.6458689447115386 0.42148771394230766 0.6472934471153846 0.4234909182692308 0.6116809110576923 0.4174061826923077 0.6101673798076923
11 0.2514601129807692 0.6617600504807692 0.2105947283653846 0.6631845528846154 0.2101940889423077 0.6938113317307693 0.2487557860576923 0.6941229423076922 0.2507089110576923 0.6906507211538462 0.2514601129807692 0.6617600504807692
11 0.2926432283653846 0.6647119350961539 0.2526041658653846 0.6647119350961539 0.2526041658653846 0.6872813774038461 0.2526041658653846 0.6953387139423076 0.2916666658653846 0.6942258221153845 0.2936197908653846 0.6907536009615385 0.2926432283653846 0.6647119350961539
11 0.2963252307692308 0.6601090144230769 0.2958244302884615 0.6925609374999999 0.33588853365384613 0.6932731875000001 0.3353877307692308 0.6601090144230769 0.2963252307692308 0.6601090144230769
11 0.3369123942307692 0.6623694206730769 0.3369123942307692 0.6944207019230769 0.37737713701923076 0.6986942067307692 0.37881944471153844 0.6617283942307692 0.3369123942307692 0.6623694206730769
11 0.37783564903846156 0.6634931947115384 0.37863693028846157 0.6998179807692307 0.4199029567307692 0.6983934783653846 0.4191016730769231 0.6656299471153846 0.37783564903846156 0.6634931947115384
11 0.20509593028846154 0.6938855264423077 0.2055466514423077 0.7256251971153845 0.2468126778846154 0.7270496995192308 0.2464120360576923 0.6914371634615384 0.20509593028846154 0.6938855264423077
11 0.25176170673076925 0.697787076923077 0.25273826923076925 0.7273009663461539 0.2946803774038461 0.7316634999999999 0.2946803774038461 0.6967632163461539 0.25176170673076925 0.697787076923077
11 0.2965266658653846 0.6983885336538461 0.2975032283653846 0.727902420673077 0.3382434110576923 0.7308404567307693 0.3378427716346154 0.694515670673077 0.2965266658653846 0.6983885336538461
11 0.3373709038461538 0.698108579326923 0.33897346875 0.7337211153846154 0.3794382115384615 0.7322966129807693 0.37903757211538464 0.7009575817307692 0.3373709038461538 0.698108579326923
11 0.37983885336538464 0.7005539735576923 0.3795634134615385 0.7325162235576923 0.4211048798076923 0.7318930048076923 0.42030359615384616 0.6998417211538462 0.37983885336538464 0.7005539735576923
11 0.2046952908653846 0.7304239879807692 0.2056718533653846 0.7599378750000001 0.24721331971153845 0.7635881610576922 0.2464120360576923 0.7294001274038462 0.2046952908653846 0.7304239879807692
11 0.25214899278846153 0.7316585552884616 0.25312555528846153 0.7611724447115384 0.2946670216346154 0.7633982283653846 0.29586894471153846 0.7306346947115384 0.25214899278846153 0.7316585552884616
11 0.33849826442307696 0.7314943413461539 0.30041232692307696 0.7297582307692309 0.29748263942307696 0.7384387860576923 0.2977831201923077 0.7642133581730769 0.3402510673076923 0.7606521057692308 0.33849826442307696 0.7314943413461539
11 0.3814414182692308 0.7310224759615385 0.34072627403846156 0.7331147115384616 0.34072627403846156 0.7574202668269231 0.34365596153846156 0.7626286009615384 0.37978877403846156 0.7608924903846154 0.38174189903846156 0.7574202668269231 0.3814414182692308 0.7310224759615385
11 0.4241185889423077 0.7312361514423077 0.4160807283653846 0.7288323052884615 0.3848307283653846 0.7288323052884615 0.3819010408653846 0.7340406370192307 0.3819010408653846 0.7583461923076923 0.3848307283653846 0.7635545264423077 0.4209635408653846 0.7618184158653847 0.4229166658653846 0.7583461923076923 0.4241185889423077 0.7312361514423077
11 0.38435274278846154 0.7655587211538462 0.3839521009615385 0.8025957572115385 0.4252181274038461 0.7997467548076924 0.42601940865384613 0.7662709711538462 0.38435274278846154 0.7655587211538462
11 0.3429932331730769 0.7668724278846154 0.34499643990384615 0.8031972139423077 0.38465990144230766 0.7996359615384615 0.38385861778846153 0.7675846778846154 0.3429932331730769 0.7668724278846154
11 0.30028935096153847 0.7640560697115385 0.2998887115384615 0.7948163966346153 0.34155537740384617 0.7933918966346154 0.34195601923076924 0.7613406129807692 0.30028935096153847 0.7640560697115385
11 0.25192418990384613 0.7673482500000001 0.2506721875 0.7981085793269231 0.29293981490384613 0.7985982500000001 0.29196325240384613 0.7656121394230768 0.25192418990384613 0.7673482500000001
11 0.20608084134615384 0.7641104783653846 0.20728276442307692 0.7975862620192308 0.24894943028846153 0.7975862620192308 0.24749710576923079 0.7661136826923076 0.20608084134615384 0.7641104783653846
11 0.24513944471153845 0.7971767163461538 0.20705350721153845 0.7989128293269231 0.20915687259615384 0.8319879711538462 0.2500222572115385 0.8334124711538462 0.24962161778846154 0.8013611899038462 0.24513944471153845 0.7971767163461538
11 0.29558849759615385 0.8023899975961538 0.2555243942307692 0.7988287427884615 0.25512375240384616 0.8323045264423077 0.29373553124999996 0.8340406370192308 0.29568865624999996 0.8305684158653845 0.29558849759615385 0.8023899975961538
11 0.3024667235576923 0.7979681081730768 0.2984953701923077 0.7949588485576923 0.2995370360576923 0.8240097740384615 0.30033831971153846 0.8292181081730768 0.3405526610576923 0.8274819951923077 0.3412037043269231 0.7957423245192307 0.3024667235576923 0.7979681081730768
11 0.3847945600961538 0.8077031899038462 0.3818648725961538 0.8024948557692307 0.34327813461538464 0.8031180745192308 0.3437789350961538 0.8320087451923077 0.3467086225961538 0.8372170793269231 0.3828414350961538 0.8354809663461539 0.3847945600961538 0.8320087451923077 0.3847945600961538 0.8077031899038462
11 0.4271011394230769 0.8017727139423076 0.38423255048076926 0.7989237091346154 0.38443287019230765 0.8056455769230768 0.38443287019230765 0.8299511322115385 0.38736255769230765 0.8351594639423077 0.41568287019230765 0.8334233533653846 0.42509793509615384 0.8338239951923078 0.4271011394230769 0.8017727139423076
11 0.2106626153846154 0.8337062764423078 0.2116391778846154 0.8632201634615384 0.2516782403846154 0.8614840528846154 0.2524795216346154 0.8292101923076923 0.2106626153846154 0.8337062764423078
11 0.2564525456730769 0.8356610072115385 0.2561520649038461 0.8653529591346154 0.2974681706730769 0.8634387860576923 0.2964916081730769 0.8339248966346153 0.2564525456730769 0.8356610072115385
11 0.3431579423076923 0.8313786009615385 0.30028935096153847 0.8335153533653846 0.30028935096153847 0.8400591562499999 0.3018919158653846 0.8662788846153846 0.3413049759615384 0.8643647115384615 0.3432581009615384 0.8608924903846155 0.3431579423076923 0.8313786009615385
11 0.3830656826923077 0.8360853918269231 0.3479094326923077 0.8360853918269231 0.3449797451923077 0.8412937235576923 0.3449797451923077 0.8655992788461538 0.3479094326923077 0.8708076129807693 0.38739761298076925 0.8732114591346154 0.3859953701923077 0.8412937235576923 0.3830656826923077 0.8360853918269231
11 0.4257256057692308 0.8358578653846155 0.38914207211538465 0.8350565841346154 0.38621238461538465 0.8402649182692308 0.38621238461538465 0.8645704735576923 0.38914207211538465 0.8697788076923078 0.40574363461538465 0.8680426947115384 0.42732817067307693 0.8700459014423078 0.4257256057692308 0.8358578653846155
11 0.25174334374999996 0.8639403293269231 0.24588396875 0.8639403293269231 0.21658709375 0.8674125504807692 0.21425836778846152 0.8641183918269231 0.21365740625 0.8934542187500001 0.21658709375 0.8986625504807692 0.25467303124999996 0.8969264399038461 0.25662615624999996 0.8691486634615385 0.25174334374999996 0.8639403293269231
11 0.25970886778846153 0.8666666658653847 0.26013454807692304 0.8990740745192307 0.30097489423076923 0.9001424495192307 0.29977297115384616 0.8659544158653846 0.25970886778846153 0.8666666658653847
11 0.3030381947115385 0.8670138894230769 0.3027377139423077 0.899643875 0.3428018173076923 0.8960826201923078 0.34480502163461535 0.8647435889423077 0.3030381947115385 0.8670138894230769
11 0.38786502884615387 0.8715811971153846 0.34699964423076923 0.8694444447115385 0.3478009254807692 0.9001157403846154 0.3507306129807692 0.9053240745192308 0.3614728004807692 0.9035879639423077 0.390268875 0.9043447283653846 0.38786502884615387 0.8715811971153846
11 0.38569155048076925 0.87244084375 0.38666811298076925 0.901954733173077 0.4272079783653846 0.903023108173077 0.4272079783653846 0.870259576923077 0.38569155048076925 0.87244084375
11 0.3867999903846154 0.9043932019230769 0.3877765528846154 0.9339070913461539 0.4271144951923077 0.9344412788461539 0.4275151346153846 0.9023899975961539 0.3867999903846154 0.9043932019230769
11 0.4287793798076923 0.9347578341346154 0.38911591826923075 0.9368945865384616 0.38806423557692304 0.9651620360576924 0.39099392307692304 0.9703703701923078 0.42712673557692304 0.9686342596153845 0.42907986057692304 0.9651620360576924 0.4287793798076923 0.9347578341346154
11 0.3442886394230769 0.9373743677884616 0.3454905625 0.9661760048076923 0.3867565889423077 0.9661760048076923 0.3867565889423077 0.9355492235576922 0.3442886394230769 0.9373743677884616
11 0.3457843653846154 0.9035058557692307 0.3449830841346154 0.9341326370192308 0.3872507115384615 0.9332868389423077 0.3862741490384615 0.9037729495192307 0.3457843653846154 0.9035058557692307
11 0.301953125 0.8997813774038461 0.30080128125 0.9318771754807693 0.34286858894230765 0.9311649254807691 0.34199218750000004 0.8980452668269231 0.301953125 0.8997813774038461
11 0.3448640048076923 0.9407536009615385 0.3419343173076923 0.9355452668269231 0.3035478990384615 0.936079454326923 0.30394854086538464 0.9681307379807692 0.3409577548076923 0.9685313774038461 0.3448640048076923 0.9650591562499999 0.3448640048076923 0.9407536009615385
11 0.30512152884615384 0.9422710913461538 0.30219184134615384 0.9370627572115384 0.26508246634615384 0.9370627572115384 0.26215277884615384 0.9422710913461538 0.26215277884615384 0.9561599783653846 0.26508246634615384 0.9683127572115384 0.30316840384615384 0.9665766466346154 0.30512152884615384 0.963104423076923 0.30512152884615384 0.9422710913461538
11 0.26169259615384616 0.9365879230769232 0.22458322115384616 0.9365879230769232 0.22165353365384616 0.9417962572115385 0.22200409615384614 0.9685501730769231 0.26006499278846157 0.9699746754807692 0.26266915865384616 0.9626295889423078 0.26169259615384616 0.9365879230769232
11 0.2360604735576923 0.8987654326923077 0.2158030625 0.8998338076923077 0.2155526610576923 0.9248070985576924 0.2204354735576923 0.9334876538461538 0.25546652403846154 0.9325973413461538 0.2558671658653846 0.8998338076923077 0.2360604735576923 0.8987654326923077
11 0.2980396418269231 0.9026491778846153 0.25815081971153847 0.9023820841346153 0.2580005793269231 0.92869084375 0.2577501778846154 0.9358578653846154 0.2970630793269231 0.9356352884615385 0.2990162043269231 0.9321630649038462 0.2980396418269231 0.9026491778846153
11 0.42290219951923075 0.3131815841346154 0.42387876201923075 0.34616769471153847 0.4672453701923077 0.34938271634615387 0.4695601850961539 0.3133744855769231 0.42290219951923075 0.3131815841346154
11 0.4728009254807692 0.31172839423076926 0.4733796298076923 0.3446502067307692 0.5166087956730769 0.35133744951923074 0.5171875 0.31430041105769235 0.4728009254807692 0.31172839423076926
11 0.5536675336538461 0.31491769471153847 0.51521990625 0.3154320985576923 0.5175347211538461 0.3444315841346154 0.5163773149038462 0.3504115216346154 0.5609375 0.3534979423076923 0.5619212956730769 0.3158436225961539 0.5536675336538461 0.31491769471153847
11 0.6052083341346154 0.3169753076923077 0.5875651033653846 0.31604938221153844 0.5627893509615385 0.3165637860576923 0.5611979158653846 0.3455632716346154 0.5641276033653846 0.3507716057692308 0.5963541658653846 0.35250771634615385 0.6067708341346154 0.3515432091346154 0.6052083341346154 0.3169753076923077
11 0.6524450240384615 0.32326388942307693 0.6495153365384615 0.3145833341346154 0.6094762740384615 0.31631944471153844 0.60896990625 0.35277777884615386 0.6517939807692308 0.35380658413461535 0.6524450240384615 0.34062499999999996 0.6524450240384615 0.32326388942307693
11 0.653703704326923 0.31631944471153844 0.6522569447115385 0.34969135817307695 0.6979745360576923 0.35277777884615386 0.6956597211538462 0.3157407403846154 0.653703704326923 0.31631944471153844
11 0.7424768509615384 0.3168724278846154 0.6961516201923076 0.31611368269230766 0.6962962956730769 0.3515432091346154 0.7396990745192308 0.35565843509615386 0.7391203701923076 0.31958590625 0.7424768509615384 0.3168724278846154
11 0.6991319447115385 0.3568930048076923 0.7012731490384615 0.3910493822115385 0.74178240625 0.3910493822115385 0.7419632524038462 0.35195473317307696 0.6991319447115385 0.3568930048076923
11 0.652777778846154 0.3539094639423077 0.654513889423077 0.3899176947115385 0.7001736105769231 0.39197530769230765 0.70020978125 0.35596707932692306 0.652777778846154 0.3539094639423077
11 0.6095196754807692 0.3556455769230769 0.6099537043269231 0.39094650240384615 0.6550925937500001 0.3899176947115385 0.6539351850961539 0.35596707932692306 0.6095196754807692 0.3556455769230769
11 0.5645978004807692 0.35461676923076924 0.5648148149038461 0.3899176947115385 0.607638889423077 0.3930041153846154 0.6064814807692308 0.3539094639423077 0.5645978004807692 0.35461676923076924
11 0.5538845480769231 0.3551697524038462 0.5157986105769231 0.3569058653846154 0.5163773149038462 0.3915637860576923 0.5609375 0.3946502067307692 0.5597800937499999 0.35864197596153846 0.5538845480769231 0.3551697524038462
11 0.4740162043269231 0.34938271634615387 0.47459490625 0.3864197524038462 0.515827545673077 0.38609825 0.514850983173077 0.35311213942307695 0.4740162043269231 0.34938271634615387
11 0.4730758100961538 0.38740997836538466 0.4730758100961538 0.41518775721153844 0.4760054975961538 0.42039609134615386 0.5174189807692308 0.42849794230769234 0.5168402788461539 0.38837448557692306 0.4730758100961538 0.38740997836538466
11 0.5621889471153846 0.39110082211538466 0.5190393509615384 0.3872427980769231 0.5207754639423077 0.4242798365384616 0.5592592596153846 0.42408693509615386 0.5631655096153846 0.4206147115384615 0.5621889471153846 0.39110082211538466
11 0.607638889423077 0.3905349783653846 0.564236110576923 0.39197530769230765 0.5645978004807692 0.4218492788461538 0.5675274879807692 0.4270576129807692 0.6056134254807692 0.42532150240384614 0.6075665504807692 0.4218492788461538 0.607638889423077 0.3905349783653846
11 0.61015625 0.3943801442307692 0.6100115745192307 0.42890946394230767 0.651171875 0.4256301442307692 0.6522569447115385 0.3918724278846154 0.61015625 0.3943801442307692
11 0.6537471057692308 0.39345421875 0.6547236682692308 0.4264403293269231 0.6995370360576924 0.4269547331730769 0.6989583341346154 0.3930041153846154 0.6537471057692308 0.39345421875
11 0.6991464110576923 0.3953060697115385 0.6991464110576923 0.4230838485576923 0.7020760985576923 0.4282921802884615 0.7401620360576923 0.4265560697115385 0.7391854735576923 0.39356995913461534 0.6991464110576923 0.3953060697115385
11 0.7427010985576923 0.427263375 0.7029513894230769 0.4288065841346154 0.70353009375 0.46687242788461536 0.7457754639423076 0.46378600721153845 0.7456307860576923 0.43247170673076923 0.7427010985576923 0.427263375
11 0.6990740745192308 0.4276748966346154 0.6568287043269231 0.4287037043269231 0.6573712379807692 0.46188271634615385 0.6954571754807692 0.46361882692307693 0.7002314807692307 0.4647119350961538 0.6990740745192308 0.4276748966346154
11 0.6525535312499999 0.42579732451923075 0.6125144687499999 0.4275334350961538 0.6115740745192307 0.46604938221153847 0.6556712956730769 0.46399176923076924 0.6554832187499999 0.4344778798076923 0.6525535312499999 0.42579732451923075
11 0.5655671298076923 0.42962962980769226 0.5661458341346154 0.43676697596153846 0.5661458341346154 0.4576003076923077 0.5690755216346154 0.46280864182692305 0.6107060192307693 0.4656378605769231 0.6112847211538461 0.43065843509615387 0.5655671298076923 0.42962962980769226
11 0.5225694447115384 0.4253086418269231 0.5237268509615385 0.46440329326923074 0.5648148149038461 0.46028806490384616 0.5653935192307692 0.4263374495192308 0.5225694447115384 0.4253086418269231
11 0.4762442139423077 0.4283822019230769 0.4762442139423077 0.4665766466346154 0.4791739014423077 0.47178497836538463 0.5211660889423076 0.47352109134615383 0.525 0.4353909471153846 0.4762442139423077 0.4283822019230769
11 0.50841290625 0.4729166658653846 0.47911603124999996 0.4729166658653846 0.47343749999999996 0.47047325 0.47170138942307693 0.4982510288461538 0.51329571875 0.4989583341346154 0.5168402788461539 0.47561728365384615 0.50841290625 0.4729166658653846
11 0.56114728125 0.4604166658653846 0.5232060192307693 0.4628600817307692 0.52110821875 0.4760416658653846 0.5226273149038462 0.49681069951923074 0.5654513894230769 0.49681069951923074 0.56407696875 0.46562499999999996 0.56114728125 0.4604166658653846
11 0.60411603125 0.4641203701923077 0.56603009375 0.4658564807692308 0.5671875 0.5025720168269231 0.6082754639423077 0.5036008221153846 0.60704571875 0.4693287043269231 0.60411603125 0.4641203701923077
11 0.648980033653846 0.4644290120192308 0.6108940961538462 0.46616512259615384 0.6118706586538462 0.4991512355769231 0.65625 0.5008230456730769 0.6568287043269231 0.46378600721153845 0.648980033653846 0.4644290120192308
11 0.6985677091346154 0.46963734615384617 0.6956380216346154 0.4644290120192308 0.6585286466346154 0.4644290120192308 0.6555989591346154 0.46963734615384617 0.654513889423077 0.49897119230769227 0.6967592596153847 0.5018518509615385 0.6985677091346154 0.4939429014423077 0.6985677091346154 0.46963734615384617
11 0.7441333918269231 0.46432613221153846 0.7021412043269231 0.46606224278846153 0.7021412043269231 0.4938400216346154 0.7050708918269231 0.4990483533653846 0.7431568293269231 0.49731224278846153 0.7451099543269231 0.4938400216346154 0.7441333918269231 0.46432613221153846
11 0.7009837956730769 0.5009902259615384 0.7019603581730769 0.5339763365384615 0.7440972211538461 0.5348765432692308 0.7423611105769231 0.49886831249999997 0.7009837956730769 0.5009902259615384
11 0.6916087956730769 0.5025720168269231 0.6499421298076923 0.5066872427884616 0.6501953125 0.5387088485576923 0.686328125 0.5404449591346154 0.6916087956730769 0.5396090528846154 0.6916087956730769 0.5025720168269231
11 0.6057870360576924 0.5058641971153846 0.6063657403846153 0.537757201923077 0.64803240625 0.5356995889423077 0.6478515625000001 0.5045781899038462 0.6057870360576924 0.5058641971153846
11 0.5594328701923077 0.503703704326923 0.5605179399038461 0.5325745889423077 0.5634476274038461 0.5377829206730769 0.6039930552884616 0.5397119350961538 0.6045717596153847 0.5047325096153846 0.5594328701923077 0.503703704326923
11 0.518757233173077 0.49987139903846156 0.515827545673077 0.505079733173077 0.515827545673077 0.5293852884615384 0.518757233173077 0.5345936225961538 0.5608217596153846 0.5396090528846154 0.5619791658653847 0.5015432091346154 0.518757233173077 0.49987139903846156
11 0.46938657451923077 0.4970164615384615 0.47094184134615386 0.5327674903846155 0.5145254639423077 0.5371399182692308 0.5139467596153846 0.5031893004807693 0.46938657451923077 0.4970164615384615
11 0.5065176514423076 0.5335648149038461 0.4734953701923077 0.53240740625 0.4703848389423077 0.5630787043269231 0.4733145264423077 0.5682870360576924 0.5140046298076923 0.5715020576923077 0.5145833341346153 0.5365226346153846 0.5065176514423076 0.5335648149038461
11 0.5172453701923077 0.5365226346153846 0.5166666658653847 0.5715020576923077 0.5618055552884615 0.5735596706730769 0.5588035312499999 0.53806584375 0.5172453701923077 0.5365226346153846
11 0.5617693870192307 0.5388888894230769 0.5617693870192307 0.5701388894230769 0.6046296298076923 0.5743827163461538 0.6046296298076923 0.5394032932692308 0.5617693870192307 0.5388888894230769
11 0.6425998269230769 0.5373456778846154 0.6045138894230769 0.5390817908653847 0.6053819447115385 0.5748971201923078 0.6493634254807692 0.5707818918269231 0.6476273149038462 0.5399176947115385 0.6425998269230769 0.5373456778846154
11 0.6902416081730769 0.53919753125 0.64803240625 0.5386831274038462 0.6491898149038462 0.5746913581730769 0.6892650456730769 0.572183641826923 0.6912181706730769 0.568711420673077 0.6902416081730769 0.53919753125
11 0.6937500000000001 0.5366255144230769 0.6929904519230768 0.5725051442307693 0.737847221153846 0.5720164615384615 0.7384259254807692 0.5360082307692308 0.6937500000000001 0.5366255144230769
11 0.6906394687499999 0.5802597740384615 0.6877097812499999 0.5750514399038461 0.6497685192307692 0.5768518509615385 0.6486111105769231 0.61080246875 0.6886863437499999 0.6080375504807692 0.6906394687499999 0.6045653293269231 0.6906394687499999 0.5802597740384615
11 0.6084852427884615 0.5750514399038461 0.60353009375 0.5758230456730768 0.6046875 0.61080246875 0.6475115745192308 0.6097736634615385 0.6486689807692307 0.5758230456730768 0.6084852427884615 0.5750514399038461
11 0.56134259375 0.5702674903846154 0.5590277788461538 0.6083333341346153 0.6041666658653846 0.6093621394230769 0.6030092596153847 0.5743827163461538 0.56134259375 0.5702674903846154
11 0.5177228004807692 0.5779192379807692 0.517361110576923 0.61193415625 0.5619212956730769 0.6139917692307693 0.5619212956730769 0.5759259254807693 0.5177228004807692 0.5779192379807692
11 0.5161747692307692 0.5776877572115384 0.5132450817307692 0.5724794230769231 0.4726273149038462 0.5711934158653846 0.47204861057692304 0.6041152259615384 0.5142216442307692 0.6054655360576923 0.5161747692307692 0.6019933125 0.5161747692307692 0.5776877572115384
11 0.5077184615384616 0.6052469134615385 0.4733217596153846 0.6062757211538462 0.47395833413461536 0.6450617283653847 0.517361110576923 0.6481481490384616 0.5161458341346153 0.6052469134615385 0.5077184615384616 0.6052469134615385
11 0.5612702548076923 0.6207947524038461 0.5583405673076923 0.6121141971153846 0.5183015048076923 0.6138503076923076 0.5190972211538462 0.6456790120192307 0.5573640048076923 0.6451003076923078 0.5612702548076923 0.6416280865384615 0.5612702548076923 0.6207947524038461
11 0.5623263894230769 0.60967078125 0.5617476850961538 0.64259259375 0.6045717596153847 0.6456790120192307 0.6045717596153847 0.6106995889423077 0.5623263894230769 0.60967078125
11 0.60802228125 0.6127572019230769 0.60313946875 0.6214377572115384 0.60313946875 0.6422710913461539 0.60606915625 0.6474794230769232 0.6467592596153846 0.6470164615384615 0.64646990625 0.6137860072115384 0.60802228125 0.6127572019230769
11 0.6891203701923078 0.61193415625 0.6491898149038462 0.61193415625 0.6488281250000001 0.6404192379807692 0.6491898149038462 0.6489711923076923 0.6859375000000001 0.6438914615384616 0.6914351850961539 0.6458847740384616 0.6891203701923078 0.61193415625
11 0.6919560192307692 0.6097736634615385 0.6919560192307692 0.6478395072115385 0.7342013894230769 0.645781891826923 0.7311993629807693 0.61080246875 0.6919560192307692 0.6097736634615385
11 0.6925347211538462 0.6579218100961538 0.6896412043269231 0.6908436225961538 0.7278356490384615 0.6939300408653846 0.7307291658653846 0.6599794230769231 0.6925347211538462 0.6579218100961538
11 0.6493055552884616 0.6584362139423077 0.6487702548076922 0.6875128605769232 0.6516999423076922 0.6927211923076922 0.6878327548076922 0.6909850817307692 0.6896412043269231 0.6612139927884615 0.6493055552884616 0.6584362139423077
11 0.6047453701923077 0.6617283942307692 0.6046802668269231 0.6915895072115384 0.6445023149038461 0.6940329206730769 0.6439236105769232 0.6600823052884616 0.6047453701923077 0.6617283942307692
11 0.6052083341346154 0.6597736634615384 0.5674117475961539 0.6579732500000001 0.5644820600961539 0.6631815841346154 0.5644820600961539 0.6874871394230768 0.5703414350961539 0.6909593629807692 0.6046296298076923 0.6885802475961539 0.6052083341346154 0.6597736634615384
11 0.5237268509615385 0.6612139927884615 0.5230034711538462 0.68892746875 0.5259331586538462 0.6941358028846154 0.5625 0.6961934158653846 0.5638888894230769 0.6598765432692308 0.5237268509615385 0.6612139927884615
11 0.48084490625000004 0.6628600817307693 0.4811704278846154 0.6937242788461538 0.5213541658653846 0.6926954735576923 0.5201967596153846 0.6587448557692308 0.48084490625000004 0.6628600817307693
11 0.520891204326923 0.6957818918269231 0.4791087956730769 0.6926954735576923 0.4787181706730769 0.7222093629807692 0.4816478581730769 0.7274176947115384 0.4904369206730769 0.7256815841346154 0.51915509375 0.7266460913461539 0.520891204326923 0.6957818918269231
11 0.5221643509615385 0.6968106995192307 0.5204065384615385 0.7262088485576924 0.5591435192307692 0.7289094639423077 0.5603009254807693 0.698045266826923 0.5221643509615385 0.6968106995192307
11 0.5623842596153846 0.6959876538461539 0.5618634254807693 0.7256172836538461 0.6023148149038462 0.7278806586538462 0.6017722812499999 0.6959876538461539 0.5623842596153846 0.6959876538461539
11 0.6070963533653846 0.6942386826923077 0.60625 0.7275720168269231 0.6473958341346153 0.7303497932692308 0.6473958341346153 0.6960905360576923 0.6070963533653846 0.6942386826923077
11 0.6492476850961538 0.6921810697115384 0.6475115745192308 0.7271604927884615 0.6868634254807693 0.7281893004807691 0.6862847211538461 0.6942386826923077 0.6492476850961538 0.6921810697115384
11 0.691840278846154 0.6949588485576924 0.6895254639423077 0.7309670793269232 0.7298900456730769 0.7279449591346154 0.7311921298076923 0.6959876538461539 0.691840278846154 0.6949588485576924
11 0.6922598389423077 0.7298739711538461 0.6901620360576923 0.7644032932692307 0.7306712956730769 0.7633744855769231 0.73240740625 0.7283950625 0.6922598389423077 0.7298739711538461
11 0.6491898149038462 0.7280864206730769 0.6491898149038462 0.7568930048076923 0.6873842596153845 0.7620370360576924 0.6873842596153845 0.7280864206730769 0.6491898149038462 0.7280864206730769
11 0.6052083341346154 0.7288065841346154 0.6053168413461538 0.7618569951923077 0.6457175937499999 0.7648148149038462 0.6434027788461538 0.729835391826923 0.6052083341346154 0.7288065841346154
11 0.5623263894230769 0.7260288076923077 0.5594328701923077 0.76306584375 0.6005208341346153 0.7610082307692309 0.6010995360576923 0.7291152259615384 0.5623263894230769 0.7260288076923077
11 0.5200231490384616 0.7268518509615384 0.5200231490384616 0.7597736634615385 0.5601851850961539 0.759362139423077 0.5586877884615384 0.72556584375 0.5200231490384616 0.7268518509615384
11 0.5173032403846154 0.7286008221153846 0.4784143509615385 0.7280864206730769 0.4790002884615384 0.7616512355769232 0.5184606490384616 0.7646090528846153 0.5173032403846154 0.7368312764423077 0.5173032403846154 0.7286008221153846
11 0.47853009375 0.7604938269230769 0.4773726850961539 0.7975308653846154 0.5184606490384616 0.7934156370192308 0.5161096634615384 0.7651234567307692 0.47853009375 0.7604938269230769
11 0.5595486105769231 0.7661522644230769 0.5184606490384616 0.7620370360576924 0.5184606490384616 0.7970164615384616 0.557233795673077 0.7959876538461538 0.5595486105769231 0.7970164615384616 0.5595486105769231 0.7661522644230769
11 0.5987268509615384 0.7617283942307692 0.5588541658653846 0.7624485600961539 0.5587239591346154 0.7903420793269231 0.5616536466346154 0.7955504110576922 0.5958333341346154 0.7938143004807692 0.5987268509615384 0.7967078197115385 0.5987268509615384 0.7617283942307692
11 0.646701389423077 0.7671682091346154 0.643771701923077 0.7619598774038461 0.6073495360576924 0.7618312764423076 0.607638889423077 0.7914737644230769 0.610568576923077 0.7966820985576923 0.644748264423077 0.7949459879807693 0.646701389423077 0.7914737644230769 0.646701389423077 0.7671682091346154
11 0.6473379639423077 0.759979423076923 0.6463975697115385 0.7906507211538462 0.6493272572115385 0.7958590528846153 0.6890046298076923 0.7970164615384616 0.6878472211538462 0.7640946490384616 0.6473379639423077 0.759979423076923
11 0.6916811346153846 0.7662422836538462 0.6916811346153846 0.7836033942307693 0.6897280096153846 0.7905478389423077 0.6926576971153846 0.795756173076923 0.7287905096153846 0.7940200625 0.73009259375 0.7660493822115384 0.6916811346153846 0.7662422836538462
11 0.7295717596153846 0.7960905360576922 0.6916160312499999 0.79771090625 0.6886863437499999 0.8029192379807693 0.6886863437499999 0.8272247932692308 0.6916160312499999 0.8324331274038462 0.7140769687499999 0.830697016826923 0.7290509254807692 0.827572016826923 0.7295717596153846 0.7960905360576922
11 0.6786241322115385 0.8011831274038462 0.6473379639423077 0.7988683125 0.6463975697115385 0.8272247932692308 0.6493272572115385 0.8324331274038462 0.6854600697115385 0.830697016826923 0.6872685192307693 0.7957818918269232 0.6786241322115385 0.8011831274038462
11 0.6065393509615384 0.7986239711538462 0.60509259375 0.830967079326923 0.6479166658653847 0.830967079326923 0.6473379639423077 0.7959876538461538 0.6065393509615384 0.7986239711538462
11 0.5997106490384615 0.7968106995192308 0.5600694447115384 0.7967078197115385 0.5609736682692308 0.8313014399038461 0.5971064807692308 0.8295653293269231 0.5990596057692308 0.826093108173077 0.5997106490384615 0.7968106995192308
11 0.5576967596153847 0.7975308653846154 0.5183449062500001 0.7965020576923076 0.518923610576923 0.8269161514423077 0.521853298076923 0.8321244855769231 0.556032985576923 0.8303883750000001 0.557986110576923 0.8269161514423077 0.5576967596153847 0.7975308653846154
11 0.5184606490384616 0.7953703701923077 0.4779513894230769 0.7943415649038462 0.4780237259615384 0.8292566874999999 0.4916956009615384 0.8292566874999999 0.5161096634615384 0.8275205769230769 0.5184606490384616 0.7953703701923077
11 0.4769820600961538 0.8320087451923077 0.4779586225961538 0.8615226346153846 0.5179976850961538 0.8635802475961539 0.5168402788461539 0.8306584350961538 0.4769820600961538 0.8320087451923077
11 0.5179976850961538 0.8306584350961538 0.5183955432692308 0.8615226346153846 0.5573495360576923 0.8635802475961539 0.5573495360576923 0.8316872427884616 0.5179976850961538 0.8306584350961538
11 0.5588541658653846 0.8316872427884616 0.5597583918269231 0.8625514399038461 0.5987847211538462 0.8625514399038461 0.5987847211538462 0.8316872427884616 0.5588541658653846 0.8316872427884616
11 0.6049768509615384 0.8310828197115385 0.6049768509615384 0.8588605961538461 0.6079065384615384 0.8640689302884615 0.6446180552884615 0.8636831274038462 0.6463541658653846 0.8317901225961539 0.6049768509615384 0.8310828197115385
11 0.6710431129807692 0.8325360072115384 0.6495587379807692 0.8325360072115384 0.6466290504807692 0.8377443413461538 0.6476056129807692 0.8637860072115384 0.6851851850961539 0.8668724278846154 0.685763889423077 0.8308641971153846 0.6710431129807692 0.8325360072115384
11 0.6877314807692307 0.8317901225961539 0.6883101850961538 0.8647119350961538 0.7270833341346153 0.8657407403846153 0.7276620360576923 0.8297325096153846 0.6877314807692307 0.8317901225961539
11 0.7248914927884615 0.8672582307692308 0.6894097211538461 0.8637860072115384 0.6878472211538462 0.8980452668269231 0.7276041658653847 0.8997942379807693 0.7268446177884615 0.8637860072115384 0.7248914927884615 0.8672582307692308
11 0.646701389423077 0.8638888894230768 0.6461226850961539 0.8968106995192309 0.685763889423077 0.8981481490384616 0.6851851850961539 0.86419753125 0.646701389423077 0.8638888894230768
11 0.6064742475961539 0.8660236634615385 0.6035445600961539 0.8712319951923077 0.6045211225961539 0.8972736634615385 0.6439814807692308 0.8965020576923077 0.6445601850961539 0.8666666658653847 0.6064742475961539 0.8660236634615385
11 0.559375 0.8668724278846154 0.559375 0.9008230456730769 0.6004629639423077 0.8987654326923077 0.5998842596153846 0.8658436225961539 0.559375 0.8668724278846154
11 0.5200231490384616 0.8645061730769231 0.5194444447115385 0.8746013365384615 0.5194444447115385 0.8919624495192308 0.5223741322115385 0.89717078125 0.5585069447115385 0.895434670673077 0.5611111105769231 0.8655349783653846 0.5200231490384616 0.8645061730769231
11 0.4766348389423077 0.8647762355769231 0.4766348389423077 0.8890817908653846 0.4754629639423077 0.8966049375 0.5160879639423077 0.892901235576923 0.5147207764423076 0.8630401225961539 0.4766348389423077 0.8647762355769231
11 0.47968026682692305 0.8985082307692308 0.47675057932692305 0.9037165649038462 0.47772714182692305 0.9297582307692308 0.5166087956730769 0.9296296298076924 0.5177662043269231 0.8987654326923077 0.47968026682692305 0.8985082307692308
11 0.5199652788461538 0.8977366250000001 0.5204861105769231 0.9277134783653846 0.5253689230769231 0.9329218100961539 0.5595486105769231 0.9311856995192307 0.5585720480769231 0.9016718100961539 0.5199652788461538 0.8977366250000001
11 0.5600694447115384 0.8983539086538461 0.5600694447115384 0.9312757211538462 0.6 0.9333333341346154 0.6016782403846154 0.8939300408653845 0.5600694447115384 0.8983539086538461
11 0.6029658557692308 0.9037165649038462 0.6029658557692308 0.9280221201923078 0.6058955432692308 0.9332304519230769 0.6428240745192307 0.9306584350961539 0.6428240745192307 0.8997942379807693 0.6029658557692308 0.9037165649038462
11 0.6456597211538462 0.8976337451923077 0.6462384254807693 0.9346707812499999 0.6844328701923076 0.9336419759615384 0.6855902788461539 0.902777778846154 0.6456597211538462 0.8976337451923077
11 0.644097221153846 0.9359953701923077 0.644097221153846 0.9656378605769231 0.6828703701923077 0.9646090528846153 0.6846064807692307 0.9327160504807692 0.644097221153846 0.9359953701923077
11 0.7257523149038462 0.8990740745192307 0.6900101274038462 0.9013888894230769 0.6870804399038462 0.9065972211538462 0.6870804399038462 0.9309027788461539 0.7232132524038462 0.9326388894230769 0.7261429399038462 0.9239583341346154 0.7257523149038462 0.8990740745192307
11 0.6870225697115384 0.9310570985576923 0.6865162043269231 0.9637860072115385 0.7252893509615385 0.95967078125 0.7270254639423077 0.9329218100961539 0.6870225697115384 0.9310570985576923
11 0.6433449062500001 0.9327160504807692 0.6028356490384615 0.9358024687500001 0.6028356490384615 0.9666666658653846 0.6210648149038461 0.9641589495192308 0.6445023149038461 0.9635802475961538 0.6433449062500001 0.9327160504807692
11 0.559186920673077 0.93494084375 0.560163483173077 0.964454733173077 0.5991898149038462 0.9631687235576922 0.5997685192307692 0.9302469134615384 0.559186920673077 0.93494084375
11 0.55799334375 0.9356738677884615 0.51875 0.9337448557692307 0.5193865745192308 0.9655349783653846 0.55701678125 0.9651877572115384 0.55896990625 0.9617155360576923 0.55799334375 0.9356738677884615
11 0.4782407403846154 0.9300411514423076 0.47928240625 0.9633744855769231 0.5174334495192308 0.9614068918269231 0.5164568870192308 0.9318930048076923 0.4782407403846154 0.9300411514423076
11 0.4679759831730769 0.34508744951923076 0.4271412043269231 0.3459876538461539 0.4271412043269231 0.38405349759615387 0.47343749999999996 0.38508230528846155 0.4709056706730769 0.35029578125000005 0.4679759831730769 0.34508744951923076
11 0.42534722115384616 0.38580246875 0.4273509831730769 0.42358539182692306 0.4712962956730769 0.42551440384615385 0.47071759375 0.38436213942307695 0.42534722115384616 0.38580246875
11 0.42303240625 0.42798353846153847 0.42252604086538464 0.45657150240384614 0.42545572836538464 0.46177983653846155 0.4692708341346154 0.46131687259615384 0.4678819447115385 0.4244855961538461 0.42303240625 0.42798353846153847
11 0.42482638942307693 0.5006172836538462 0.46996527884615386 0.49855967067307694 0.4676504639423077 0.4604938269230769 0.42251157451923077 0.46493055528846156 0.42482638942307693 0.5006172836538462
11 0.4649233221153847 0.5019290120192308 0.4278139471153847 0.5019290120192308 0.4248842596153847 0.5071373461538461 0.4248842596153847 0.5314429014423078 0.4278139471153847 0.5366512355769231 0.4677083341346154 0.5385802475961539 0.4678530096153847 0.5071373461538461 0.4649233221153847 0.5019290120192308
11 0.4225694447115385 0.5379501033653846 0.42378472115384613 0.5751028798076923 0.4665509254807692 0.5696502067307693 0.4665509254807692 0.53467078125 0.4225694447115385 0.5379501033653846
11 0.4276041658653846 0.5774691346153846 0.4283998846153846 0.6041538076923076 0.4313295721153846 0.6093621394230769 0.4694155096153846 0.6076260288461538 0.4684389471153846 0.5746399182692308 0.4276041658653846 0.5774691346153846
11 0.42504340384615386 0.6086033942307693 0.4242476850961538 0.6455761322115384 0.46880787019230774 0.6445473245192308 0.46938657451923077 0.6095679014423078 0.42504340384615386 0.6086033942307693
11 0.42199074038461537 0.6628600817307693 0.4225332764423077 0.6992541153846153 0.4625723389423077 0.6975180048076923 0.46365740625 0.6649176947115384 0.42199074038461537 0.6628600817307693
11 0.4248842596153847 0.6970164615384615 0.4260416658653846 0.7319958846153847 0.4648148149038462 0.7330246923076923 0.46695601923076924 0.6982510288461538 0.43009259375000003 0.7001028798076923 0.4248842596153847 0.6970164615384615
11 0.4653284134615384 0.7325102884615385 0.4301721634615384 0.7325102884615385 0.4272424759615384 0.7377186225961538 0.4281828701923077 0.7690329206730768 0.4692708341346154 0.7669753076923077 0.4682581009615384 0.7377186225961538 0.4653284134615384 0.7325102884615385
11 0.42498553125 0.7708204735576923 0.42498553125 0.7951260288461538 0.42791521875 0.8003343629807692 0.4658564807692308 0.8027777788461539 0.46527777884615384 0.7698559663461538 0.42498553125 0.7708204735576923
11 0.42861689903846156 0.8047196490384615 0.42861689903846156 0.8290252067307692 0.43154658653846156 0.8342335384615385 0.46767939903846156 0.8324974278846154 0.46869212980769226 0.801954733173077 0.42861689903846156 0.8047196490384615
11 0.4313729735576923 0.8362911514423076 0.4284432860576923 0.8414994855769231 0.4284432860576923 0.8658050408653846 0.4313729735576923 0.871013375 0.46851851923076926 0.8739711923076924 0.46967592548076925 0.83693415625 0.4313729735576923 0.8362911514423076
11 0.4285879639423077 0.8679012355769231 0.4284432860576923 0.8940715024038461 0.4291666658653846 0.905967079326923 0.46967592548076925 0.902880658653846 0.46967592548076925 0.8689300408653846 0.4285879639423077 0.8679012355769231
11 0.4296875 0.9020576129807693 0.427951389423077 0.9401234567307692 0.47135416586538464 0.9390946490384615 0.47019675961538465 0.9051440336538461 0.4296875 0.9020576129807693
11 0.4286747692307692 0.9400334350961538 0.4296513317307692 0.9695473245192308 0.4693287043269231 0.9705761322115385 0.4696903942307692 0.9400334350961538 0.4286747692307692 0.9400334350961538
11 0.6926504639423077 0.5756172836538462 0.6921296298076923 0.6080246923076923 0.7348379639423077 0.6098765432692308 0.7358796298076923 0.5765432091346153 0.6926504639423077 0.5756172836538462
11 0.40040509375 0.14228394951923076 0.39988425961538465 0.17839506249999998 0.4415509254807692 0.17654320913461538 0.4420717596153846 0.14228394951923076 0.40040509375 0.14228394951923076