11 0.2679315480769231 0.07294973557692308 0.2679315480769231 0.032208995192307695 0.2231398798076923 0.035449735576923075 0.22287946394230768 0.07341269951923077 0.2679315480769231 0.07294973557692308
11 0.2677083341346154 0.11223544951923076 0.26796875 0.07149470913461539 0.22395833413461538 0.07380952403846154 0.22395833413461538 0.10992063461538462 0.2677083341346154 0.11223544951923076
11 0.2692418990384616 0.14372427884615385 0.2692418990384616 0.10529835336538462 0.22575231490384617 0.10761316826923076 0.22549189903846154 0.14372427884615385 0.2692418990384616 0.14372427884615385
11 0.2673611105769231 0.18194444471153848 0.26892361057692304 0.1467592596153846 0.2251736105769231 0.14351851923076925 0.2251736105769231 0.1805555552884615 0.2673611105769231 0.18194444471153848
11 0.2662037043269231 0.21893004086538465 0.2667245360576923 0.18235596634615386 0.2229745360576923 0.18096707932692307 0.22271412019230769 0.21754115144230768 0.2662037043269231 0.21893004086538465
11 0.2693287043269231 0.25689300480769234 0.2714120360576923 0.2193930048076923 0.22714120432692309 0.2180041153846154 0.22714120432692309 0.25411522596153846 0.2693287043269231 0.25689300480769234
11 0.2708912043269231 0.2939300408653846 0.27245370432692306 0.2536522644230769 0.22714120432692309 0.25411522596153846 0.2274016201923077 0.2902263365384615 0.2708912043269231 0.2939300408653846
11 0.2742476850961538 0.32911522596153847 0.27554976923076924 0.2925411514423077 0.23101851923076921 0.28930041105769233 0.23075810096153845 0.32633744951923077 0.2742476850961538 0.32911522596153847
11 0.2469328701923077 0.377263375 0.2487557860576923 0.33976337500000003 0.20370370432692309 0.33467078125000005 0.20292245432692307 0.3740226346153846 0.2469328701923077 0.377263375
11 0.3130208341346154 0.07350823076923077 0.31328124999999996 0.033693415865384616 0.26875 0.03230452644230769 0.2692708341346154 0.07304526682692308 0.3130208341346154 0.07350823076923077
11 0.3130787043269231 0.1118312764423077 0.3133391201923077 0.07155349759615384 0.2667245360576923 0.07016460817307692 0.2662037043269231 0.10905349759615385 0.3130787043269231 0.1118312764423077
11 0.31562500000000004 0.14804526682692307 0.3135416658653846 0.10776749038461539 0.2690104158653846 0.10869341586538463 0.2703125 0.11193415625 0.2700520841346154 0.14665637740384616 0.31562500000000004 0.14804526682692307
11 0.3128472211538461 0.18549382692307692 0.314670139423077 0.14521605048076924 0.26753472115384613 0.1438271610576923 0.26857638942307693 0.1845679014423077 0.3128472211538461 0.18549382692307692
11 0.31597222115384616 0.22412551442307693 0.3167534711538461 0.18338477403846154 0.2706597211538461 0.18384773557692308 0.2703993052884615 0.22366255048076925 0.31597222115384616 0.22412551442307693
11 0.31663773076923074 0.2573045264423077 0.3150752307692307 0.21610082211538462 0.27002314903846153 0.21748971153846153 0.27132523076923076 0.25869341586538463 0.31663773076923074 0.2573045264423077
11 0.31817129567307695 0.2938271610576923 0.3199942139423077 0.25401234615384616 0.27494212980769234 0.25540123557692307 0.27494212980769234 0.2952160504807692 0.31817129567307695 0.2938271610576923
11 0.31990740624999997 0.33194444471153844 0.31912615625 0.2912037043269231 0.27615740624999996 0.2921296298076923 0.27459490625 0.33240740625000004 0.31990740624999997 0.33194444471153844
11 0.2912615745192308 0.37283950721153847 0.29178240624999996 0.33441357932692306 0.24803240625 0.3385802475961538 0.2485532403846154 0.3746913581730769 0.2912615745192308 0.37283950721153847
11 0.3565972211538462 0.06990740625 0.35607638942307696 0.03194444471153846 0.31206597115384616 0.02962962980769231 0.310763889423077 0.037037036057692305 0.31128472115384614 0.07129629567307692 0.3565972211538462 0.06990740625
11 0.3557291658653846 0.1043724278846154 0.3565104158653846 0.06594650240384616 0.3125 0.06965020673076923 0.3130208341346154 0.10761316826923076 0.3557291658653846 0.1043724278846154
11 0.3568287043269231 0.14125514423076924 0.35708912019230765 0.10375514423076923 0.3109953701923077 0.1023662548076923 0.3133391201923077 0.14310699519230768 0.3568287043269231 0.14125514423076924
11 0.35818865625 0.18086419711538462 0.35740740625 0.14058642067307692 0.3139178245192307 0.14058642067307692 0.3123553245192308 0.18271605048076925 0.35818865625 0.18086419711538462
11 0.3596932860576923 0.21733539182692307 0.3599537043269231 0.17752057692307693 0.31464120432692305 0.1789094639423077 0.3156828701923077 0.2177983533653846 0.3596932860576923 0.21733539182692307
11 0.3600983798076923 0.25272633653846155 0.35983796394230766 0.21661522596153848 0.3166087956730769 0.21568930048076923 0.3150462956730769 0.25272633653846155 0.3600983798076923 0.25272633653846155
11 0.36064814903846154 0.28842592548076923 0.36064814903846154 0.2504629639423077 0.3163773149038462 0.25092592548076925 0.3184606490384615 0.28888888942307694 0.36064814903846154 0.28842592548076923
11 0.36053240625 0.32520576201923074 0.36183449038461535 0.28770576201923076 0.31652199038461537 0.2872427980769231 0.3178240745192307 0.32705761298076924 0.36053240625 0.32520576201923074
11 0.3361979158653846 0.3853395072115384 0.3364583341346154 0.34645061778846153 0.2924479158653846 0.34413580288461537 0.2927083341346154 0.3853395072115384 0.3361979158653846 0.3853395072115384
11 0.40167298076923075 0.06598391346153845 0.40190972115384616 0.027263375 0.35811237259615386 0.030209502403846154 0.35834911538461534 0.06640478846153847 0.40167298076923075 0.06598391346153845
11 0.40356691826923075 0.10825851201923077 0.4033301778846154 0.06911709615384615 0.35953282932692304 0.06995884855769231 0.36000631250000004 0.10741675961538462 0.40356691826923075 0.10825851201923077
11 0.40561868749999996 0.14220912740384614 0.40467171634615384 0.1022259639423077 0.35969065625 0.10306771394230768 0.361111110576923 0.14557613221153848 0.40561868749999996 0.14220912740384614
11 0.4473379639423077 0.06991208413461539 0.4468644783653846 0.02950804326923077 0.4018834182692308 0.029928918269230772 0.40283038701923074 0.06949120913461539 0.4473379639423077 0.06991208413461539
11 0.44646990625 0.10601384134615384 0.4467066490384616 0.06813505528846155 0.40196233173076923 0.06813505528846155 0.40409301442307693 0.10853909375 0.44646990625 0.10601384134615384
11 0.4915298822115384 0.10938084615384615 0.491766625 0.06897680528846153 0.4482060192307692 0.06645155288461538 0.4484427620192308 0.0723438076923077 0.44749579086538466 0.10895997115384616 0.4915298822115384 0.10938084615384615
11 0.49216119471153846 0.07150205769230769 0.4916877115384616 0.031098016826923078 0.4462331658653846 0.03193976923076923 0.4481271033653846 0.06981855528846154 0.49216119471153846 0.07150205769230769
11 0.44625946875 0.1433314639423077 0.4455492427884616 0.10587355048076923 0.4029356057692308 0.10461092307692307 0.4031723485576923 0.14627759134615384 0.44625946875 0.1433314639423077
11 0.4056712956730769 0.18060231971153848 0.40590803846153845 0.14061915384615384 0.3599800096153846 0.1385147764423077 0.36045349278846156 0.1789188173076923 0.4056712956730769 0.18060231971153848
11 0.40635521874999997 0.21604938221153847 0.40635521874999997 0.17480359134615384 0.3618476442307692 0.17606621875 0.36137415865384614 0.21731200961538463 0.40635521874999997 0.21604938221153847
11 0.40509259375 0.2528526009615385 0.40272516826923077 0.2107650576923077 0.36011153125 0.21371118509615383 0.3610585024038461 0.2549569783653846 0.40509259375 0.2528526009615385
11 0.40530303125 0.28918817788461537 0.40625 0.24752151201923075 0.36197916586538464 0.24836326201923078 0.36292613701923077 0.29171343028846153 0.40530303125 0.28918817788461537
11 0.40643413221153846 0.3258043389423077 0.40738110336538463 0.2845585480769231 0.3626367836538461 0.28371679807692307 0.36168981490384616 0.3279087163461538 0.40643413221153846 0.3258043389423077
11 0.38186553125 0.38266928605769235 0.3828125 0.3443696225961539 0.3375946971153846 0.34268612019230765 0.33948863701923077 0.3860362884615384 0.38186553125 0.38266928605769235
11 0.4474168774038461 0.1790591105769231 0.4474168774038461 0.14033856971153846 0.40314604326923076 0.13823419471153847 0.4038562716346154 0.14454732451923077 0.4038562716346154 0.17990086057692306 0.4474168774038461 0.1790591105769231
11 0.44899516105769227 0.21516086778846155 0.44781144711538456 0.17559857932692308 0.4047243269230769 0.17475682692307692 0.4047243269230769 0.2164234951923077 0.44899516105769227 0.21516086778846155
11 0.4499947379807692 0.2560793125 0.4497579975961538 0.21483351923076924 0.4050136778846154 0.21483351923076924 0.40382996634615387 0.25523756009615384 0.4499947379807692 0.2560793125
11 0.4905829134615385 0.21965020673076924 0.49081965384615384 0.1792461658653846 0.4456018509615385 0.17672091346153845 0.44702230528846154 0.22175458173076923 0.4905829134615385 0.21965020673076924
11 0.4900831225961539 0.1820987644230769 0.4907933509615384 0.14379910096153845 0.4477062283653846 0.14169472596153845 0.44675925961538465 0.18167788942307692 0.4900831225961539 0.1820987644230769
11 0.4491266826923077 0.2901234567307692 0.44817971394230766 0.24803591586538462 0.4034353966346154 0.2488776658653846 0.4055660769230769 0.2922278341346154 0.4491266826923077 0.2901234567307692
11 0.4474168774038461 0.3278151899038461 0.4481271033653846 0.28572764663461536 0.4045664975961539 0.2844650216346154 0.4043297548076923 0.32865693990384615 0.4474168774038461 0.3278151899038461
11 0.4263731057692308 0.38156565625 0.4263731057692308 0.3407407403846153 0.38162878846153847 0.33989899038461535 0.3809185600961538 0.38156565625 0.4263731057692308 0.38156565625
11 0.49124053125 0.25084175 0.49100378846153847 0.21548821634615384 0.44933712019230765 0.2142255889423077 0.44625946875 0.21927609375 0.44767992307692306 0.25294612740384614 0.49124053125 0.25084175
11 0.4916877115384616 0.2932566394230769 0.49239793750000005 0.2532734759615385 0.44694339182692305 0.2528526009615385 0.4476536201923077 0.2940983918269231 0.4916877115384616 0.2932566394230769
11 0.49208228125000003 0.3255705192307692 0.4925557668269231 0.2868499807692308 0.4447337956730769 0.28811260817307693 0.44662773557692304 0.3259913966346154 0.49208228125000003 0.3255705192307692
11 0.4725852283653846 0.3851430985576923 0.47163825721153846 0.34347643028846153 0.4292613629807692 0.3447390576923077 0.4290246201923077 0.3859848485576923 0.4725852283653846 0.3851430985576923
11 0.4898989903846154 0.14590347836538461 0.4903724735576923 0.1050785625 0.44681186778846155 0.10255331009615384 0.44562815625 0.1442199783653846 0.4898989903846154 0.14590347836538461
11 0.5422453701923077 0.06724653846153847 0.5439025673076923 0.027263375 0.4998684759615385 0.02263374519230769 0.4984480216346154 0.061775158653846154 0.5422453701923077 0.06724653846153847
11 0.5436132163461539 0.10465768750000001 0.5436132163461539 0.06425364663461539 0.49981586778846154 0.05836139182692308 0.49863215384615384 0.06593714903846154 0.4993423822115384 0.10171156009615386 0.5436132163461539 0.10465768750000001
11 0.5423768942307692 0.1453423125 0.5435606057692308 0.10241301923076923 0.4966856057692308 0.09652076201923077 0.4969223485576923 0.10283389423076923 0.4971590913461539 0.13818743028846153 0.5423768942307692 0.1453423125
11 0.5423768942307692 0.18041526442307693 0.5430871201923076 0.1395903485576923 0.4985795456730769 0.1311728389423077 0.4969223485576923 0.17368125721153846 0.5423768942307692 0.18041526442307693
11 0.5412457908653846 0.21838757932692307 0.5424295024038461 0.1754582860576923 0.4983954134615385 0.16872427884615385 0.49863215384615384 0.1750374110576923 0.49768518509615384 0.21207444711538462 0.5412457908653846 0.21838757932692307
11 0.5407460024038462 0.2529928918269231 0.5409827451923077 0.21216797596153844 0.4960016826923077 0.20501309375000001 0.4962384254807692 0.21679760576923077 0.49742213701923077 0.25004676442307694 0.5407460024038462 0.2529928918269231
11 0.540151514423077 0.29326599278846155 0.54157196875 0.25202020192307695 0.49659090865384614 0.24528619471153845 0.49659090865384614 0.2515993269230769 0.49659090865384614 0.28779461298076925 0.540151514423077 0.29326599278846155
11 0.5399621201923077 0.33055555528846153 0.5409090913461538 0.28804713701923074 0.49739583413461536 0.28472222115384616 0.49545454567307695 0.2859427620192308 0.49531250000000004 0.3226851850961538 0.5399621201923077 0.33055555528846153
11 0.5642482524038461 0.3895040144230769 0.5654319639423077 0.34825822355769226 0.5209243870192307 0.34236596634615385 0.5192671923076924 0.3848743846153846 0.5642482524038461 0.3895040144230769
11 0.5872632572115385 0.06687710336538462 0.5886837115384616 0.023106060096153846 0.5451231057692307 0.020159932692307696 0.5437026514423077 0.06351010096153846 0.5872632572115385 0.06687710336538462
11 0.5884706442307692 0.10353535336538461 0.5877604158653846 0.06018518509615385 0.5411221586538462 0.05681818269230769 0.5415956442307692 0.0635521875 0.5434895841346153 0.1022727283653846 0.5884706442307692 0.10353535336538461
11 0.5875 0.13758417548076923 0.5875 0.0971801346153846 0.5418087115384616 0.09675925961538462 0.5422821971153846 0.1392676778846154 0.5875 0.13758417548076923
11 0.5879498100961539 0.17537878846153848 0.5886600384615385 0.1316077451923077 0.5422585216346154 0.13539562259615384 0.54391571875 0.1736952860576923 0.5879498100961539 0.17537878846153848
11 0.5852035985576923 0.21519360336538462 0.5866240528846154 0.17310606009615384 0.541879735576923 0.16805555528846156 0.5411695072115384 0.21351010096153844 0.5852035985576923 0.21519360336538462
11 0.6330018942307691 0.06506733894230769 0.6334753798076923 0.02340067307692308 0.5882575769230769 0.02045454567307692 0.5894412884615384 0.06085858653846154 0.6330018942307691 0.06506733894230769
11 0.6318181826923077 0.10147306490384615 0.632054923076923 0.061910774038461534 0.5899147716346154 0.05854377163461539 0.5877840913461538 0.0631734014423077 0.5877840913461538 0.10105218749999999 0.6318181826923077 0.10147306490384615
11 0.584848485576923 0.2513047139423077 0.585795454326923 0.20921717067307694 0.5403409086538461 0.20627104326923076 0.538920454326923 0.25004208653846155 0.584848485576923 0.2513047139423077
11 0.5844696971153847 0.2876683509615385 0.5849431826923077 0.24600168269230768 0.5411458341346154 0.24389730528846154 0.5413825769230769 0.2864057235576923 0.5844696971153847 0.2876683509615385
11 0.5852035985576923 0.32508417548076923 0.5859138269230769 0.2846801346153846 0.5397490528846154 0.28173400721153846 0.5402225384615384 0.28762626201923075 0.5402225384615384 0.3263468004807692 0.5852035985576923 0.32508417548076923
11 0.60842803125 0.38684926201923076 0.6079545456730769 0.3464452211538462 0.5629734855769231 0.34476171875 0.56344696875 0.35191660096153843 0.5632102283653846 0.3889536394230769 0.60842803125 0.38684926201923076
11 0.63108428125 0.14120370432692309 0.6315577644230769 0.09743266105769231 0.5889441298076923 0.09574915865384616 0.5870501899038462 0.10122053846153846 0.5879971586538462 0.13952020192307693 0.63108428125 0.14120370432692309
11 0.6308475384615384 0.17718855288461538 0.6315577644230769 0.1338383846153846 0.5863399615384616 0.1296296298076923 0.5856297355769231 0.13678451201923078 0.5856297355769231 0.17382154807692307 0.6308475384615384 0.17718855288461538
11 0.6287168557692309 0.21835016826923076 0.6303740528846155 0.175 0.5865767043269231 0.17037037019230766 0.58515625 0.17920875480769233 0.5846827644230769 0.21245791346153847 0.6287168557692309 0.21835016826923076
11 0.6773674230769231 0.06565656490384615 0.6766571971153846 0.02483164903846154 0.6330965913461538 0.01936026923076923 0.6326231057692309 0.0618686875 0.6773674230769231 0.06565656490384615
11 0.6764204543269231 0.10399831730769231 0.6771306826923078 0.061910774038461534 0.6321496201923077 0.05686026923076923 0.6319128798076924 0.0648569014423077 0.6323863629807692 0.10231481490384617 0.6764204543269231 0.10399831730769231
11 0.6302556826923078 0.24995791346153845 0.6304924230769231 0.2087121201923077 0.5862215913461538 0.20366161538461539 0.5862215913461538 0.24743266105769232 0.6302556826923078 0.24995791346153845
11 0.6269649615384616 0.2861952860576923 0.6269649615384616 0.24410774519230768 0.5829308701923077 0.24158249038461538 0.5831676129807692 0.2849326610576923 0.6269649615384616 0.2861952860576923
11 0.6275568173076922 0.3255892259615385 0.6277935600961538 0.2835016826923077 0.5825757572115384 0.2813973052884615 0.5823390144230769 0.3260101009615385 0.6275568173076922 0.3255892259615385
11 0.6529902379807692 0.38610463701923076 0.6527534975961539 0.34696322115384615 0.6082459206730769 0.34359621875 0.6084826634615385 0.3848420096153846 0.6529902379807692 0.38610463701923076
11 0.6705965913461539 0.3247895625 0.6698863629807692 0.2827020192307692 0.6267992427884616 0.2793350168269231 0.6265624999999999 0.28564814903846153 0.6265624999999999 0.3222643100961538 0.6705965913461539 0.3247895625
11 0.6959134615384616 0.3866550120192308 0.6963869471153846 0.34667184615384616 0.6556490384615384 0.34829059855769234 0.654246795673077 0.3496179735576923 0.6535365673076924 0.3849715096153846 0.6959134615384616 0.3866550120192308
11 0.6710227283653847 0.2849326610576923 0.6700757572115384 0.24368686778846155 0.6276988629807693 0.2407407403846154 0.6269886370192308 0.2853535360576923 0.6710227283653847 0.2849326610576923
11 0.6722774615384615 0.24920033653846152 0.6708570072115384 0.20711279567307692 0.6289535985576923 0.20542929326923076 0.6282433701923077 0.2458333341346154 0.6722774615384615 0.24920033653846152
11 0.6746448870192308 0.21245791346153847 0.6741714014423077 0.1707912451923077 0.6284801129807692 0.1691077451923077 0.6287168557692309 0.2120370360576923 0.6746448870192308 0.21245791346153847
11 0.6763731057692308 0.1392676778846154 0.6766098485576924 0.09633838461538462 0.6313920456730769 0.09381313221153846 0.6306818173076922 0.13800505048076922 0.6763731057692308 0.1392676778846154
11 0.6752130673076924 0.17777777884615384 0.6754498100961539 0.1365319855769231 0.6307054927884616 0.13148148076923077 0.6302320072115385 0.13779461298076923 0.6302320072115385 0.17483164903846155 0.6752130673076924 0.17777777884615384
11 0.7232244326923076 0.06561447836538462 0.7232244326923076 0.0243686875 0.6770596586538461 0.018476430288461538 0.6763494326923076 0.026052187499999997 0.6775331442307693 0.0609848485576923 0.7232244326923076 0.06561447836538462
11 0.7648200769230769 0.06683501682692308 0.7655303028846153 0.025168350961538462 0.7222064399038461 0.01927609375 0.7214962115384616 0.02558922596153846 0.7219696971153847 0.06178451201923077 0.7648200769230769 0.06683501682692308
11 0.7204071971153846 0.10404040384615384 0.71969696875 0.06195286298076923 0.6758996201923076 0.05900673317307692 0.6766098485576924 0.10151515144230769 0.7204071971153846 0.10404040384615384
11 0.7629261370192307 0.1006734014423077 0.7643465913461539 0.06195286298076923 0.71936553125 0.05816498317307692 0.719839014423077 0.09478114423076923 0.7629261370192307 0.1006734014423077
11 0.7624526514423077 0.14036195192307693 0.7626893942307693 0.10037878846153846 0.7203124999999999 0.09659090865384615 0.71936553125 0.1348905721153846 0.7624526514423077 0.14036195192307693
11 0.765317235576923 0.17634680048076923 0.7660274615384615 0.13720538701923077 0.7205729158653846 0.13131313221153845 0.7210464014423077 0.17382154807692307 0.765317235576923 0.17634680048076923
11 0.7167376899038461 0.14179293028846154 0.7179214014423076 0.09928451201923078 0.6750710216346154 0.09591750961538462 0.6736505673076922 0.14053030288461538 0.7167376899038461 0.14179293028846154
11 0.7198153413461538 0.17760942788461537 0.7195785985576924 0.13846801442307693 0.6738873100961539 0.13846801442307693 0.6736505673076922 0.17466330048076922 0.7198153413461538 0.17760942788461537
11 0.7175662884615384 0.21502525240384618 0.7182765144230768 0.17293771153846155 0.6747159086538462 0.16957070673076924 0.6730587115384616 0.1758838389423077 0.6744791658653846 0.21334175 0.7175662884615384 0.21502525240384618
11 0.7153172355769232 0.2506313125 0.7160274615384616 0.2089646466346154 0.6722301129807692 0.20601851923076925 0.6717566298076924 0.24726431009615385 0.7153172355769232 0.2506313125
11 0.7155066298076923 0.28564814903846153 0.7157433701923076 0.24566498317307695 0.6733664783653845 0.24061447836538463 0.6724195072115384 0.24734848557692307 0.6733664783653845 0.2835437716346154 0.7155066298076923 0.28564814903846153
11 0.7134943173076922 0.3219276105769231 0.7153882572115384 0.2832070697115385 0.6718276514423077 0.2789983173076923 0.6704071971153845 0.32150673317307693 0.7134943173076922 0.3219276105769231
11 0.7454290504807692 0.3889536394230769 0.7451923076923077 0.3493913485576923 0.7013949591346154 0.3481287235576923 0.7004479903846155 0.39021626442307694 0.7454290504807692 0.3889536394230769
11 0.7651751899038461 0.21220538701923075 0.7654119326923077 0.1743265985576923 0.7211410985576923 0.16969696875 0.7209043557692307 0.21094276201923076 0.7651751899038461 0.21220538701923075
11 0.7604166658653846 0.25 0.7611268942307692 0.21043771153846155 0.71875 0.20370370432692309 0.71875 0.20412457932692307 0.7182765144230768 0.2100168341346154 0.7175662884615384 0.2462121201923077 0.7604166658653846 0.25
11 0.7580492427884615 0.2838804711538461 0.75875946875 0.24684343509615386 0.7144886370192308 0.24389730528846154 0.7142518942307692 0.28051346875 0.7580492427884615 0.2838804711538461
11 0.7541666658653846 0.32361111057692304 0.7544034086538461 0.28152356971153847 0.71344696875 0.27815656490384616 0.712026514423077 0.2844696971153846 0.7124999999999999 0.3219276105769231 0.7541666658653846 0.32361111057692304
11 0.2476588798076923 0.41760194471153844 0.24742213701923077 0.37761878125000004 0.2003103966346154 0.3750935288461538 0.20054713701923077 0.41423494230769226 0.2476588798076923 0.41760194471153844
11 0.2438683701923077 0.45336700240384614 0.2438683701923077 0.4138047139423077 0.19723011298076923 0.4108585865384615 0.1974668557692308 0.45042087499999994 0.2438683701923077 0.45336700240384614
11 0.24512310576923074 0.49292929326923074 0.24464962019230768 0.4516835024038462 0.19848484855769233 0.4466329975961539 0.19730113701923077 0.4537878798076923 0.19848484855769233 0.4908249158653846 0.24512310576923074 0.49292929326923074
11 0.24517045432692308 0.5310606057692308 0.24422348557692308 0.48855218749999996 0.20018939423076926 0.48434343509615385 0.1985321971153846 0.4898148149038462 0.19876893990384614 0.5276936033653846 0.24517045432692308 0.5310606057692308
11 0.2460227283653846 0.566835016826923 0.2460227283653846 0.5255892259615385 0.19985795432692305 0.5205387211538461 0.19962121153846152 0.5268518509615384 0.20033143990384616 0.5638888894230769 0.2460227283653846 0.566835016826923
11 0.29195601923076925 0.4187242788461539 0.29100904807692307 0.3762158629807692 0.24673821634615384 0.3736906105769231 0.24555450240384616 0.4153572764423077 0.29195601923076925 0.4187242788461539
11 0.2911931826923077 0.4528619519230769 0.2921401514423077 0.41287878846153847 0.24360795432692306 0.40782828365384616 0.24195075721153847 0.4149831658653846 0.24313446875 0.45328282932692304 0.2911931826923077 0.4528619519230769
11 0.2901515144230769 0.49326599278846156 0.29086174278846155 0.4490740745192308 0.24517045432692308 0.4465488221153846 0.24351325721153844 0.4553872043269231 0.24351325721153844 0.4941077451923077 0.2901515144230769 0.49326599278846156
11 0.2912168557692308 0.5300505048076923 0.2912168557692308 0.48754208653846154 0.24363162980769232 0.48459595913461534 0.24481534134615385 0.5266835024038461 0.2912168557692308 0.5300505048076923
11 0.29124053125 0.5665824903846154 0.29124053125 0.5236531995192307 0.24625946875 0.5211279471153847 0.24554924278846152 0.527441076923077 0.24578598557692308 0.5661616153846154 0.29124053125 0.5665824903846154
11 0.2462357956730769 0.6021885528846154 0.24694602163461538 0.5622053870192307 0.19983428125 0.5584175096153846 0.19959753846153847 0.597979798076923 0.2462357956730769 0.6021885528846154
11 0.24801136298076923 0.6418771033653846 0.24848484855769232 0.5981060600961539 0.20160984855769232 0.5934764302884615 0.20113636298076923 0.6018939399038461 0.2008996201923077 0.6380892259615384 0.24801136298076923 0.6418771033653846
11 0.24969223557692308 0.6787037043269231 0.2499289783653846 0.6366161610576923 0.2044744326923077 0.63072390625 0.20281723557692308 0.6399831658653846 0.20281723557692308 0.6753366995192308 0.24969223557692308 0.6787037043269231
11 0.257391625 0.7313411899038461 0.2581018509615384 0.6900953990384615 0.2121738221153846 0.682940516826923 0.21099011057692307 0.6909371490384615 0.21075336778846154 0.7262906850961539 0.257391625 0.7313411899038461
11 0.29164299278846156 0.6047979807692307 0.2918797355769231 0.5614478125 0.24524147836538462 0.5589225600961538 0.2459517043269231 0.6039562283653847 0.29164299278846156 0.6047979807692307
11 0.2956676129807692 0.6396885528846153 0.29519412980769233 0.6009680144230769 0.2478456442307692 0.6001262620192308 0.2483191298076923 0.6396885528846153 0.2956676129807692 0.6396885528846153
11 0.29734848557692306 0.6778619519230769 0.29758522836538465 0.6361952860576923 0.25071022836538465 0.63198653125 0.24905303125 0.6391414134615385 0.25 0.6761784519230769 0.29734848557692306 0.6778619519230769
11 0.2998474326923077 0.7314347163461539 0.3000841754807692 0.6897680504807693 0.25439288701923074 0.6897680504807693 0.25439288701923074 0.7297512163461538 0.2998474326923077 0.7314347163461539
11 0.3371922355769231 0.4229797980769231 0.33577178125 0.38173400721153844 0.29031723557692307 0.37878787980769235 0.2896070072115385 0.4229797980769231 0.3371922355769231 0.4229797980769231
11 0.33702651442307696 0.4623316490384616 0.3360795456730769 0.42066498317307693 0.29038825721153844 0.4189814807692308 0.2892045456730769 0.4265572379807692 0.28967803125 0.4640151514423077 0.33702651442307696 0.4623316490384616
11 0.3356534086538462 0.4960016826923077 0.33517992307692307 0.4560185192307692 0.28877840865384613 0.45475589182692305 0.2894886370192308 0.4964225600961539 0.3356534086538462 0.4960016826923077
11 0.3348958341346154 0.5346801346153847 0.3346590913461539 0.4959595961538461 0.2889678028846154 0.4955387211538461 0.29038825721153844 0.5317340072115384 0.3348958341346154 0.5346801346153847
11 0.33830492307692306 0.5729377115384615 0.33664772836538465 0.5300084182692307 0.28953598557692306 0.5262205384615385 0.2916666658653846 0.5733585865384615 0.33830492307692306 0.5729377115384615
11 0.33657670432692305 0.6090488221153846 0.3358664783653846 0.5673821538461539 0.29064867307692305 0.5665404038461539 0.2930160985576923 0.6077861947115385 0.33657670432692305 0.6090488221153846
11 0.3394412884615384 0.645664983173077 0.33967803125 0.6035774399038462 0.29422348557692307 0.6031565649038462 0.29303977163461536 0.6094696971153846 0.29469696875 0.6465067331730769 0.3394412884615384 0.645664983173077
11 0.3394176129807692 0.6822390576923076 0.3394176129807692 0.641414141826923 0.29277935576923075 0.6384680144230769 0.2934895841346154 0.6822390576923076 0.3394176129807692 0.6822390576923076
11 0.3417771466346154 0.7319491201923077 0.34106691826923075 0.6894407043269232 0.29419191826923075 0.689019826923077 0.2951388894230769 0.7285821177884616 0.3417771466346154 0.7319491201923077
11 0.3842329543269231 0.42420033653846156 0.3825757572115384 0.3812710432692308 0.3373579543269231 0.3795875432692308 0.33664772836538465 0.42209595913461534 0.3842329543269231 0.42420033653846156
11 0.3805634471153846 0.46090067307692306 0.3808001899038462 0.41881313221153843 0.33439867307692306 0.41881313221153843 0.3336884471153846 0.4255471370192308 0.3348721586538461 0.46090067307692306 0.3805634471153846 0.46090067307692306
11 0.3811553028846154 0.4999158245192307 0.3799715913461539 0.45698653125 0.3359375 0.45656565624999995 0.33380681730769235 0.4620370360576923 0.3359375 0.500757576923077 0.3811553028846154 0.4999158245192307
11 0.3822916658653846 0.5337542091346154 0.38205492307692307 0.49292929326923074 0.33446969711538466 0.49292929326923074 0.3368371201923077 0.5354377115384615 0.3822916658653846 0.5337542091346154
11 0.3824100384615384 0.5720117836538462 0.38051609855769236 0.5303451177884615 0.33577178125 0.5295033677884615 0.3341145841346154 0.537920875 0.3348248100961539 0.5741161610576924 0.3824100384615384 0.5720117836538462
11 0.38271780288461543 0.6109427620192307 0.38200757692307696 0.56885521875 0.33560606009615385 0.56885521875 0.3348958341346154 0.5747474735576923 0.3367897716346154 0.6109427620192307 0.38271780288461543 0.6109427620192307
11 0.3838541658653846 0.6444444447115385 0.38361742307692304 0.6048821538461538 0.3369791658653846 0.6027777788461539 0.33816287980769233 0.6431818173076922 0.3838541658653846 0.6444444447115385
11 0.38487215865384616 0.6806818173076923 0.3853456442307692 0.6415404038461539 0.33799715865384616 0.6402777788461538 0.3394176129807692 0.6802609423076924 0.38487215865384616 0.6806818173076923
11 0.38315446153846155 0.73185559375 0.3836279471153846 0.6906098028846154 0.3399884254807692 0.6918724278846154 0.33769991586538467 0.7297512163461538 0.38315446153846155 0.73185559375
11 0.4266098485576923 0.5362794615384615 0.4249526514423077 0.49250841826923075 0.3799715913461539 0.49208754326923076 0.3797348485576923 0.49966330048076923 0.38020833413461536 0.5367003365384615 0.4266098485576923 0.5362794615384615
11 0.4299005673076923 0.4196127956730769 0.4289535985576923 0.3821548822115384 0.3844460216346154 0.37878787980769235 0.38231534134615386 0.38468013461538464 0.38231534134615386 0.41835016826923077 0.4299005673076923 0.4196127956730769
11 0.47585227163461535 0.42382154807692307 0.47561553125 0.38299663221153846 0.43039772836538465 0.3808922548076923 0.4296875 0.4234006730769231 0.47585227163461535 0.42382154807692307
11 0.4294034086538462 0.4600168341346154 0.42798295432692307 0.41877104326923076 0.3801609855769231 0.41624579086538466 0.3801609855769231 0.4600168341346154 0.4294034086538462 0.4600168341346154
11 0.4254734855769231 0.4986111105769231 0.4257102283653846 0.4552609423076923 0.3776515144230769 0.45736531971153843 0.3785984855769231 0.5011363629807692 0.4254734855769231 0.4986111105769231
11 0.47270359855769234 0.45677609375 0.4729403413461538 0.41805555528846156 0.4260653413461538 0.4193181826923077 0.4277225384615385 0.45719696875 0.47270359855769234 0.45677609375
11 0.4719933701923077 0.49873737259615386 0.4712831442307692 0.4600168341346154 0.4248816298076923 0.4570707067307692 0.4236979158653846 0.46380471394230766 0.4263020841346154 0.49873737259615386 0.4719933701923077 0.49873737259615386
11 0.47336647836538465 0.5328282836538462 0.47170928125 0.4924242427884616 0.4243607956730769 0.49116161538461534 0.4241240528846154 0.49873737259615386 0.42507102163461535 0.5336700336538461 0.47336647836538465 0.5328282836538462
11 0.42708333413461536 0.5732744110576923 0.42708333413461536 0.5316077451923077 0.37926136298076923 0.5311868677884616 0.37902462019230765 0.5732744110576923 0.42708333413461536 0.5732744110576923
11 0.4252604158653846 0.6098905721153847 0.42597064423076925 0.56780303125 0.38051609855769236 0.5673821538461539 0.3798058701923077 0.6119949495192307 0.4252604158653846 0.6098905721153847
11 0.4707623100961538 0.5697390576923077 0.4709990528846154 0.5289141418269231 0.42317708413461536 0.5272306394230769 0.42530776442307694 0.5705808076923077 0.4707623100961538 0.5697390576923077
11 0.47090435576923073 0.6071548822115385 0.47043087019230767 0.5667508413461538 0.42497632692307696 0.5659090913461539 0.4228456442307692 0.5718013461538461 0.42544981009615385 0.6079966322115384 0.47090435576923073 0.6071548822115385
11 0.42769886298076926 0.6441077451923077 0.42746212019230767 0.603282829326923 0.38224431730769226 0.6020202019230769 0.3831912884615385 0.6449494951923077 0.42769886298076926 0.6441077451923077
11 0.4287168557692308 0.6819023557692308 0.42800662980769233 0.6410774399038461 0.38089488701923074 0.6381313125 0.38065814423076927 0.6785353533653846 0.4287168557692308 0.6819023557692308
11 0.4234269783653846 0.7320894134615384 0.4241372043269231 0.6900018701923076 0.3801031153846154 0.6874766177884616 0.37939288701923074 0.6933688750000001 0.3789194014423077 0.7308267860576922 0.4234269783653846 0.7320894134615384
11 0.4746685600961538 0.6451178461538463 0.47230113701923077 0.6042929302884615 0.4294507572115384 0.6034511778846153 0.4277935600961538 0.6097643100961538 0.4280303028846154 0.6459595961538462 0.4746685600961538 0.6451178461538463
11 0.47135416586538464 0.6807659927884615 0.4718276514423077 0.6407828293269231 0.42589962019230765 0.638678451923077 0.42708333413461536 0.6807659927884615 0.47135416586538464 0.6807659927884615
11 0.46643518509615384 0.7347549567307692 0.46643518509615384 0.6959876538461539 0.42071759375 0.6954732499999999 0.4190866995192308 0.6964552932692307 0.41956018509615384 0.7334923317307692 0.46643518509615384 0.7347549567307692
11 0.5207859855769231 0.38897306490384614 0.522679923076923 0.3485690240384616 0.47409540625 0.3449230985576923 0.4755681826923077 0.3851851850961538 0.5207859855769231 0.38897306490384614
11 0.5214251899038461 0.4255892259615385 0.5216619326923077 0.3822390576923077 0.47668087019230765 0.3776094278846154 0.4745501899038462 0.38350168269230767 0.47526041586538464 0.42306397355769226 0.5214251899038461 0.4255892259615385
11 0.51796875 0.4640572379807692 0.5208096586538461 0.4215488221153846 0.47440814423076927 0.4190235697115385 0.4739346586538461 0.4585858581730769 0.51796875 0.4640572379807692
11 0.5250710216346154 0.511531985576923 0.52578125 0.4664983173076923 0.4753551129807692 0.46102693509615383 0.4755918557692308 0.5047979807692308 0.5250710216346154 0.511531985576923
11 0.5172821971153846 0.536531985576923 0.5172821971153846 0.49696969711538463 0.4715909086538461 0.4923400673076923 0.47277462019230765 0.5319023557692307 0.5172821971153846 0.536531985576923
11 0.5162878798076923 0.56948653125 0.5184185600961538 0.5311868677884616 0.47178030288461537 0.5248737379807692 0.4710700769230769 0.5652777788461538 0.5162878798076923 0.56948653125
11 0.5153882572115385 0.6089225600961539 0.51657196875 0.5680976442307692 0.47277462019230765 0.5617845120192307 0.47277462019230765 0.6042929302884615 0.5153882572115385 0.6089225600961539
11 0.5175426129807692 0.6461700336538462 0.5189630673076923 0.6011363629807692 0.4746922355769231 0.5952441081730769 0.47208806730769226 0.6007154879807692 0.4713778413461539 0.6394360264423077 0.5175426129807692 0.6461700336538462
11 0.5185369326923077 0.6824494951923078 0.5206676129807692 0.6399410769230769 0.47450284134615384 0.6336279471153846 0.4735558701923077 0.6769781153846155 0.5185369326923077 0.6824494951923078
11 0.5644303605769231 0.4275123028846154 0.5651405889423077 0.3866873870192308 0.5211064975961539 0.38205775721153845 0.5175553605769231 0.38710826201923076 0.5180288461538461 0.42498705048076924 0.5644303605769231 0.4275123028846154
11 0.5665064110576923 0.4658767163461538 0.5662696682692308 0.42210567307692304 0.5217620913461538 0.41915954326923077 0.5210518653846153 0.4633514639423077 0.5665064110576923 0.4658767163461538
11 0.5689284663461538 0.5011331250000001 0.569401951923077 0.45946645913461537 0.5232371802884616 0.45399507932692307 0.522526951923077 0.49692437259615385 0.5689284663461538 0.5011331250000001
11 0.5679268653846153 0.5377169134615385 0.5672166370192308 0.4952084951923077 0.52365603125 0.49184149278846157 0.521288608173077 0.5351916610576923 0.5679268653846153 0.5377169134615385
11 0.5620629375 0.5702538197115385 0.5627731634615385 0.53195415625 0.5196860432692307 0.5273245264423078 0.5170818774038461 0.53195415625 0.5173186177884616 0.5710955721153846 0.5620629375 0.5702538197115385
11 0.5606789038461538 0.6082944831730769 0.5613891322115385 0.5725200721153846 0.5204326923076923 0.5662069423076923 0.5185387524038462 0.5737826995192308 0.5185387524038462 0.6036648533653847 0.5606789038461538 0.6082944831730769
11 0.5639932980769231 0.6448135192307693 0.5637565552884616 0.6044094783653846 0.5190122379807692 0.6027259783653846 0.5180652692307692 0.6431300192307692 0.5639932980769231 0.6448135192307693
11 0.5628095865384615 0.6812030552884616 0.5630463293269231 0.6407990168269231 0.5178285264423077 0.6382737644230769 0.5183020096153846 0.6812030552884616 0.5628095865384615 0.6812030552884616
11 0.5255155721153846 0.7311541346153846 0.5262258004807692 0.6882248413461538 0.4817182235576923 0.6865413389423077 0.4810079975961538 0.6936962211538462 0.4812447379807692 0.7273662548076923 0.5255155721153846 0.7311541346153846
11 0.6113417836538462 0.42825692788461533 0.6111050408653846 0.3849067596153847 0.5644667836538462 0.3836441346153846 0.5649402692307692 0.4240481730769231 0.6113417836538462 0.42825692788461533
11 0.6562682115384615 0.42783605288461535 0.655557983173077 0.3874320120192308 0.6103401802884615 0.38616938701923076 0.611523891826923 0.42741517788461536 0.6562682115384615 0.42783605288461535
11 0.6996284975961539 0.42929293028846155 0.6998652379807692 0.3859427620192308 0.6539372091346153 0.38468013461538464 0.656541375 0.4288720528846154 0.6996284975961539 0.42929293028846155
11 0.6122887524038462 0.4650349639423077 0.6120520096153846 0.4237891730769231 0.5668342067307692 0.4200012956730769 0.5649402692307692 0.4633514639423077 0.6122887524038462 0.4650349639423077
11 0.6123980192307692 0.5030432524038462 0.6126347620192308 0.4596930841346154 0.5662332451923077 0.45843045913461544 0.5669434735576924 0.49967625 0.6123980192307692 0.5030432524038462
11 0.6125619182692308 0.5387205384615384 0.6116149471153846 0.49579124519230766 0.5680543413461538 0.4945286201923077 0.5663971442307693 0.500420875 0.5681089735576923 0.5359686610576924 0.6125619182692308 0.5387205384615384
11 0.6073717956730769 0.5756928245192308 0.6073717956730769 0.5336052836538461 0.5621539927884616 0.53065915625 0.561443764423077 0.5727466971153846 0.6073717956730769 0.5756928245192308
11 0.6074446394230769 0.6124384879807692 0.6062609254807693 0.5682465673076923 0.5645942596153847 0.5665630673076923 0.56199009375 0.5724553221153846 0.5615166081730769 0.6094923605769231 0.6074446394230769 0.6124384879807692
11 0.6064976682692308 0.6470473966346154 0.6067344110576923 0.6062224807692307 0.5600961538461539 0.6041181033653846 0.5627003197115384 0.6428386418269232 0.6064976682692308 0.6470473966346154
11 0.6057291658653846 0.6822390576923076 0.6057291658653846 0.6384680144230769 0.5595643942307692 0.6372053870192308 0.5602746201923077 0.6809764302884616 0.6057291658653846 0.6822390576923076
11 0.5674715913461539 0.7310606057692308 0.5686553028846154 0.6881313125 0.5236742427884615 0.6864478125000001 0.5227272716346154 0.7285353533653847 0.5674715913461539 0.7310606057692308
11 0.6524621201923076 0.7310606057692308 0.6486742427884615 0.6868686875 0.6062973485576924 0.6877104374999999 0.6048768942307692 0.6927609423076924 0.6060606057692308 0.7289562283653847 0.6524621201923076 0.7310606057692308
11 0.656942016826923 0.46535871634615383 0.6562317884615385 0.42369204807692307 0.6114874711538462 0.42369204807692307 0.6114874711538462 0.4640960889423077 0.656942016826923 0.46535871634615383
11 0.7010671610576923 0.46662134134615385 0.7003569350961538 0.4232711730769231 0.6537186778846155 0.4207459206730769 0.6551391322115384 0.46493783894230767 0.7010671610576923 0.46662134134615385
11 0.7443707908653846 0.4284511778846154 0.74271359375 0.3876262620192307 0.7005734423076924 0.38425925961538465 0.6979692764423077 0.38930976442307696 0.6991529879807692 0.42634680048076923 0.7443707908653846 0.4284511778846154
11 0.7469486538461538 0.46623643750000004 0.7457649399038462 0.4228862692307693 0.7003103966346154 0.4212027692307692 0.6996001682692307 0.4275158990384615 0.7000736538461538 0.46371118509615383 0.7469486538461538 0.46623643750000004
11 0.7477114903846154 0.4988776658653846 0.7470012620192308 0.4601571274038462 0.7017834591346154 0.459315375 0.7029671706730769 0.4988776658653846 0.7477114903846154 0.4988776658653846
11 0.6588359567307692 0.49977337499999996 0.6581257283653846 0.46063196153846153 0.6112507283653846 0.4585275841346154 0.6119609567307692 0.4648407139423077 0.6133814110576923 0.5010359999999999 0.6588359567307692 0.49977337499999996
11 0.7016681225961539 0.5028166274038461 0.7014313822115384 0.4607290865384615 0.657160548076923 0.45946645913461537 0.6573972908653847 0.5049210048076923 0.7016681225961539 0.5028166274038461
11 0.6567052740384616 0.5390119134615385 0.6559950456730769 0.4952408701923077 0.6103037596153846 0.4956617451923077 0.6126711826923077 0.5390119134615385 0.6567052740384616 0.5390119134615385
11 0.6534273028846154 0.5750776995192308 0.6522435889423076 0.5329901586538461 0.6060788173076923 0.5329901586538461 0.6074992716346154 0.5767612019230769 0.6534273028846154 0.5750776995192308
11 0.6507502908653847 0.6098161105769231 0.6502768076923077 0.5689911947115385 0.6045855192307692 0.5685703197115385 0.6048222620192308 0.5765669519230769 0.6055324879807692 0.6102369855769231 0.6507502908653847 0.6098161105769231
11 0.6510780889423077 0.6476301466346153 0.6498943774038461 0.6047008557692307 0.6051500576923077 0.6051217307692307 0.6060970288461538 0.6467883966346153 0.6510780889423077 0.6476301466346153
11 0.649603 0.6813325552884616 0.6503132283653846 0.6413493918269231 0.6062791370192308 0.6392450144230769 0.6055689110576923 0.6796490552884615 0.649603 0.6813325552884616
11 0.7004844110576923 0.5391414134615384 0.7000109254807693 0.4974747475961539 0.6550298653846155 0.4949494951923077 0.6555033509615384 0.5395622884615384 0.7004844110576923 0.5391414134615384
11 0.7467908245192307 0.5364758701923077 0.7456071129807692 0.49396745192307695 0.7008627956730769 0.49438832692307694 0.70228325 0.5364758701923077 0.7467908245192307 0.5364758701923077
11 0.6954763990384615 0.576243201923077 0.6947661706730769 0.5345765336538462 0.6497851105769231 0.5324721586538461 0.6490748846153847 0.5387852884615385 0.6490748846153847 0.5749805745192308 0.6954763990384615 0.576243201923077
11 0.6928358100961538 0.6098808605769231 0.693309295673077 0.5682141923076923 0.6497486899038462 0.5673724423076923 0.649275204326923 0.6098808605769231 0.6928358100961538 0.6098808605769231
11 0.7470801778846153 0.5729517403846154 0.745659721153846 0.5321268245192308 0.701388889423077 0.5312850721153846 0.7002051778846153 0.5375982043269231 0.7011521466346153 0.5737934903846154 0.7470801778846153 0.5729517403846154
11 0.7399515985576923 0.60853909375 0.7397148557692308 0.5672933028846153 0.6933133413461537 0.5660306778846154 0.6935500841346154 0.5736064350961538 0.6937868269230769 0.6072764687500001 0.7399515985576923 0.60853909375
11 0.6942380528846154 0.6456228966346154 0.6935278269230769 0.6043771033653846 0.6483100240384616 0.6026936033653846 0.6492569927884616 0.6447811442307692 0.6942380528846154 0.6456228966346154
11 0.6938192019230769 0.6816886826923076 0.6938192019230769 0.6408637668269231 0.6471809447115385 0.639180264423077 0.6467074591346154 0.6821095576923076 0.6938192019230769 0.6816886826923076
11 0.6950757572115385 0.7306397307692307 0.6931818173076922 0.6893939399038461 0.6486742427884615 0.6872895625000001 0.6484375 0.7310606057692308 0.6950757572115385 0.7306397307692307
11 0.7386889735576924 0.6455761322115384 0.7386889735576924 0.6055929663461538 0.693471170673077 0.6043303413461538 0.693471170673077 0.6459970072115385 0.7386889735576924 0.6455761322115384
11 0.7364793774038462 0.6848578365384616 0.7355324062499999 0.642770295673077 0.6910248317307693 0.641928545673077 0.6903146033653846 0.6499251778846153 0.6910248317307693 0.6835952115384616 0.7364793774038462 0.6848578365384616
11 0.7346117427884615 0.7319023557692308 0.73532196875 0.6914983173076923 0.6891571971153846 0.6923400673076923 0.6903409086538462 0.733585858173077 0.7346117427884615 0.7319023557692308
11 0.25043402884615384 0.7627314807692307 0.2508680552884615 0.7229938269230769 0.2081163197115385 0.7226080240384616 0.2078993052884615 0.76080246875 0.25043402884615384 0.7627314807692307
11 0.2518807860576923 0.7965534975961539 0.25274884375 0.7583590528846155 0.2084780096153846 0.7556584350961538 0.20804398076923075 0.7610596706730769 0.20782696875 0.7969393004807692 0.2518807860576923 0.7965534975961539
11 0.2520254639423077 0.8301183125 0.2524594903846154 0.7938528798076923 0.20840567067307691 0.7888374495192308 0.20775462980769233 0.7942386826923078 0.2075376153846154 0.8305041153846153 0.2520254639423077 0.8301183125
11 0.2532552091346154 0.8630401225961539 0.2541232644230769 0.8260030865384616 0.20941840384615384 0.8236882716346153 0.21050347115384616 0.8294753076923077 0.21050347115384616 0.86419753125 0.2532552091346154 0.8630401225961539
11 0.25549768509615384 0.8989197524038463 0.2561487259615384 0.8591820985576923 0.2133969903846154 0.8572530865384616 0.21209490625 0.86419753125 0.21231192067307691 0.8993055552884616 0.25549768509615384 0.8989197524038463
11 0.2578125 0.9331275721153846 0.2586805552884615 0.8949331274038462 0.2159288197115385 0.8933899182692309 0.21484375 0.8991769543269231 0.21419270913461538 0.9323559663461538 0.2578125 0.9331275721153846
11 0.302734375 0.899691358173077 0.302734375 0.8614969134615384 0.2586805552884615 0.8595679014423077 0.2586805552884615 0.8973765432692308 0.302734375 0.899691358173077
11 0.2596932860576923 0.9691358028846154 0.26012731490384616 0.930941358173077 0.21715856490384616 0.9263117283653847 0.2162905096153846 0.965663579326923 0.2596932860576923 0.9691358028846154
11 0.30374710576923075 0.9364711923076924 0.30374710576923075 0.8978909471153845 0.2583912043269231 0.896347735576923 0.25860821875 0.9356995889423078 0.30374710576923075 0.9364711923076924
11 0.29962384375 0.9714506177884614 0.3007089110576923 0.9317129639423077 0.2577401610576923 0.9286265432692308 0.2570891201923077 0.9351851850961539 0.25622106490384616 0.9695216057692307 0.29962384375 0.9714506177884614
11 0.29701967548076924 0.7651748966346154 0.2985387740384616 0.7285236634615385 0.25491898076923075 0.7254372427884616 0.25470196875 0.7628600817307691 0.29701967548076924 0.7651748966346154
11 0.2977430552884615 0.7988683125 0.29839409615384616 0.7583590528846155 0.2536892355769231 0.7564300408653846 0.25347222115384616 0.7957818918269232 0.2977430552884615 0.7988683125
11 0.29586226923076925 0.8342335384615385 0.2969473389423077 0.7941100817307691 0.2520254639423077 0.7921810697115385 0.25180844951923076 0.8330761322115384 0.29586226923076925 0.8342335384615385
11 0.2977430552884615 0.8670267500000001 0.298828125 0.8269032932692307 0.2549913197115385 0.8249742788461538 0.2545572908653846 0.8666409471153845 0.2977430552884615 0.8670267500000001
11 0.33984375 0.7649176947115385 0.3409288197115385 0.7263374495192308 0.2975260408653846 0.7232510288461539 0.2966579855769231 0.7626028798076923 0.33984375 0.7649176947115385
11 0.3408564807692308 0.7970679014423077 0.34020543990384616 0.7584876538461539 0.2961516201923077 0.7561728389423077 0.2948495360576923 0.7962962956730769 0.3408564807692308 0.7970679014423077
11 0.3430266201923077 0.8297325096153846 0.3436776610576923 0.7907664615384615 0.2994068293269231 0.7899948557692308 0.29962384375 0.7973251033653846 0.29984085576923075 0.8312757211538462 0.3430266201923077 0.8297325096153846
11 0.3457754639423077 0.8652263365384615 0.3455584495192308 0.8274176947115385 0.30258969951923076 0.8274176947115385 0.30237268509615384 0.8366769543269231 0.30237268509615384 0.864454733173077 0.3457754639423077 0.8652263365384615
11 0.3451244206730769 0.8977623461538461 0.34534143509615384 0.8591820985576923 0.30237268509615384 0.857638889423077 0.3028067139423077 0.8649691346153846 0.30258969951923076 0.899691358173077 0.3451244206730769 0.8977623461538461
11 0.34490740625 0.9322273653846154 0.34534143509615384 0.8940329206730768 0.3030237259615384 0.8917181081730768 0.30258969951923076 0.9326131682692308 0.34490740625 0.9322273653846154
11 0.3457754639423077 0.9663065841346155 0.3459924759615385 0.9284979423076922 0.3030237259615384 0.926954733173077 0.3028067139423077 0.9323559663461538 0.30258969951923076 0.9678497932692308 0.3457754639423077 0.9663065841346155
11 0.3817997692307692 0.7642746923076923 0.3828848389423077 0.7280092596153847 0.3379629639423077 0.7276234567307692 0.3377459495192308 0.7631172836538462 0.3817997692307692 0.7642746923076923
11 0.38411458413461536 0.7998971201923077 0.38433159615384616 0.7617026754807692 0.34244791586538464 0.7601594639423077 0.342013889423077 0.8014403293269231 0.38411458413461536 0.7998971201923077
11 0.4227430552884615 0.7656893004807692 0.423611110576923 0.728652264423077 0.380859375 0.7251800408653846 0.37934027884615384 0.7641460913461539 0.4227430552884615 0.7656893004807692
11 0.46715856490384616 0.7689043221153846 0.4678096057692308 0.7334104927884616 0.42418981490384616 0.7307098774038461 0.4239728004807692 0.7669753076923077 0.46715856490384616 0.7689043221153846
11 0.46918402884615384 0.805941358173077 0.46940104086538464 0.7631172836538462 0.4268663197115385 0.7623456778846154 0.4266493052884615 0.80169753125 0.46918402884615384 0.805941358173077
11 0.427951389423077 0.7996399182692309 0.427951389423077 0.7614454735576923 0.38606770913461536 0.7595164615384615 0.38411458413461536 0.7687757211538462 0.384765625 0.7988683125 0.427951389423077 0.7996399182692309
11 0.4287471057692308 0.8342335384615385 0.42918113461538465 0.79603909375 0.3866464110576923 0.7921810697115385 0.38556134375 0.8330761322115384 0.4287471057692308 0.8342335384615385
11 0.3864293990384615 0.8341049375 0.3866464110576923 0.795138889423077 0.3428096057692308 0.7943672836538462 0.3438946754807692 0.8009259254807692 0.34411168990384616 0.8348765432692308 0.3864293990384615 0.8341049375
11 0.3865740745192308 0.872427983173077 0.3867910889423077 0.8303755144230769 0.3438223389423077 0.8307613173076922 0.3431712956730769 0.8704989711538461 0.3865740745192308 0.872427983173077
11 0.38932291586538464 0.9065072019230769 0.3895399302884615 0.8656121394230769 0.34700520913461536 0.8632973245192308 0.345920139423077 0.8698559663461538 0.345703125 0.9049639927884615 0.38932291586538464 0.9065072019230769
11 0.38917824038461535 0.9399434158653845 0.38982928125 0.8990483533653847 0.34686053125 0.8971193413461538 0.3466435192307692 0.9032921802884615 0.3464265048076923 0.9380144038461539 0.38917824038461535 0.9399434158653845
11 0.38982928125 0.9696502067307692 0.3889612259615385 0.9318415649038462 0.3466435192307692 0.9302983533653847 0.3464265048076923 0.9688786009615384 0.38982928125 0.9696502067307692
11 0.4286747692307692 0.8668981490384616 0.42932581009615384 0.829861110576923 0.3867910889423077 0.8279320985576923 0.3857060192307692 0.8356481490384616 0.3870081009615385 0.8665123461538461 0.4286747692307692 0.8668981490384616
11 0.43113425961538465 0.9013631682692308 0.43048321875 0.8616255144230769 0.3872974543269231 0.8639403293269231 0.38751446875 0.9021347740384615 0.43113425961538465 0.9013631682692308
11 0.43127893509615384 0.9372427980769231 0.43084490625 0.8978909471153845 0.3896122692307692 0.8982767500000001 0.38917824038461535 0.9395576129807692 0.43127893509615384 0.9372427980769231
11 0.4293981490384615 0.9701646081730769 0.4293981490384615 0.9304269543269231 0.38512731490384616 0.9308127572115384 0.38621238461538465 0.9701646081730769 0.4293981490384615 0.9701646081730769
11 0.47005208413461536 0.972222221153846 0.470703125 0.9336419759615384 0.427951389423077 0.9336419759615384 0.427734375 0.9714506177884614 0.47005208413461536 0.972222221153846
11 0.4729456009615385 0.934927983173077 0.4725115745192308 0.8998199591346154 0.4295428245192308 0.89943415625 0.4304108798076923 0.9364711923076924 0.4729456009615385 0.934927983173077
11 0.4725115745192308 0.9047067908653846 0.4709924759615385 0.8634259254807692 0.4286747692307692 0.8657407403846153 0.4295428245192308 0.9058641971153846 0.4725115745192308 0.9047067908653846
11 0.4697627307692308 0.8378343629807692 0.4704137740384615 0.79771090625 0.4270109951923077 0.7953960913461539 0.4267939807692308 0.801954733173077 0.42657696875 0.8366769543269231 0.4697627307692308 0.8378343629807692
11 0.4717881947115385 0.8711419759615384 0.4717881947115385 0.8337191346153846 0.427951389423077 0.8306327163461538 0.429470485576923 0.871527778846154 0.4717881947115385 0.8711419759615384
11 0.5232796706730769 0.7609427620192307 0.5226286298076923 0.7231341177884616 0.47944286538461534 0.7227483173076923 0.47835779567307696 0.7613285624999999 0.5232796706730769 0.7609427620192307
11 0.5197679927884615 0.7945426490384615 0.5199850072115384 0.7582772163461539 0.4776672980769231 0.7571198100961538 0.47810132692307694 0.7968574639423077 0.5197679927884615 0.7945426490384615
11 0.5202809350961538 0.8291947259615384 0.5209319759615385 0.7902286754807691 0.47774621153846153 0.7902286754807691 0.47731218509615386 0.8303521322115385 0.5202809350961538 0.8291947259615384
11 0.5207938774038461 0.8642326033653845 0.5210108894230769 0.8241091466346154 0.4784761682692308 0.8241091466346154 0.4784761682692308 0.8646184062500001 0.5207938774038461 0.8642326033653845
11 0.5623027139423077 0.8640923125 0.5616516730769231 0.8255120649038462 0.5202020192307693 0.8235830528846153 0.5191169519230769 0.8644781153846155 0.5623027139423077 0.8640923125
11 0.5189393942307692 0.895973625 0.5200244639423077 0.8581649831730769 0.47814078365384616 0.8566217740384615 0.47727272836538465 0.8955878221153846 0.5189393942307692 0.895973625
11 0.5205571346153847 0.9311167235576924 0.5209911610576923 0.8917648701923077 0.4782394254807692 0.890993266826923 0.47693734134615384 0.9303451177884615 0.5205571346153847 0.9311167235576924
11 0.5210898052884615 0.9673120096153845 0.5215238317307692 0.9275743557692308 0.4785550817307692 0.9241021322115385 0.4774700120192307 0.9310465769230769 0.47833806730769235 0.9634539831730768 0.5210898052884615 0.9673120096153845
11 0.5626380985576923 0.9680134687499999 0.5624210865384616 0.9267326033653845 0.52053740625 0.9255751971153846 0.5207544182692307 0.9649270480769231 0.5626380985576923 0.9680134687499999
11 0.5629142980769231 0.9333613918269231 0.5629142980769231 0.8928521322115385 0.5208136057692307 0.8909231201923077 0.5197285360576923 0.9318181826923078 0.5629142980769231 0.9333613918269231
11 0.5605666033653847 0.8976220528846154 0.5614346586538461 0.8601992139423077 0.5186829230769231 0.8574985961538462 0.5184659086538461 0.8632856346153847 0.5178148677884615 0.8980078557692307 0.5605666033653847 0.8976220528846154
11 0.5619081442307692 0.8310185192307693 0.5625591850961539 0.7905092596153847 0.5202414783653846 0.7885802475961537 0.5189393942307692 0.8294753076923077 0.5619081442307692 0.8310185192307693
11 0.5613557451923077 0.7987864759615384 0.5628748413461538 0.7578914134615384 0.5186040096153847 0.7582772163461539 0.5183869951923077 0.763678451923077 0.5190380360576923 0.7984006730769231 0.5613557451923077 0.7987864759615384
11 0.5639007259615385 0.7621352403846154 0.5645517668269231 0.7243265985576923 0.5224510721153846 0.7258698100961538 0.52180003125 0.7613636370192308 0.5639007259615385 0.7621352403846154
11 0.6083885721153846 0.7263257572115385 0.6090396153846154 0.6900603245192307 0.5654198221153846 0.6873597091346154 0.5652028100961538 0.7236251394230769 0.6083885721153846 0.7263257572115385
11 0.6034564399038461 0.796085858173077 0.6034564399038461 0.7586630192307692 0.5609217163461538 0.7559624014423078 0.5615727596153847 0.7968574639423077 0.6034564399038461 0.796085858173077
11 0.6028645841346154 0.8306327163461538 0.603515625 0.7905092596153847 0.5616319447115384 0.7889660504807693 0.560763889423077 0.8302469134615384 0.6028645841346154 0.8306327163461538
11 0.6028053966346154 0.8632505600961539 0.6032394254807693 0.8265993269230769 0.5604876899038461 0.8258277211538462 0.5604876899038461 0.8644079687499999 0.6028053966346154 0.8632505600961539
11 0.6017400576923077 0.9011293485576922 0.6021740841346154 0.8598484855769232 0.5592053341346154 0.8590768798076923 0.5594223485576924 0.8652497187500001 0.5598563774038461 0.9022867572115385 0.6017400576923077 0.9011293485576922
11 0.6032196971153846 0.9349396754807693 0.6038707379807693 0.8944304158653846 0.561336016826923 0.8936588100961539 0.5606849735576923 0.8998316490384616 0.5622040721153846 0.9345538725961539 0.6032196971153846 0.9349396754807693
11 0.6049163509615385 0.9676627379807693 0.6049163509615385 0.9310115048076923 0.5597774615384615 0.9283108870192307 0.5604285048076924 0.9661195288461539 0.6049163509615385 0.9676627379807693
11 0.6515151514423076 0.7629068461538462 0.6512981370192308 0.7250982043269231 0.6063762620192308 0.7266414134615384 0.6072443173076923 0.7629068461538462 0.6515151514423076 0.7629068461538462
11 0.6899068822115384 0.7637135240384616 0.6912089639423077 0.7251332764423076 0.6491082692307693 0.7239758701923077 0.6478061875 0.7629419182692309 0.6899068822115384 0.7637135240384616
11 0.7304884783653847 0.7682379350961538 0.7317905625 0.7319725024038461 0.692511048076923 0.7281144783653846 0.6892558389423077 0.7666947259615384 0.7304884783653847 0.7682379350961538
11 0.6497395841346154 0.7977342884615385 0.650390625 0.7599256442307692 0.6078559038461538 0.7579966322115385 0.607204860576923 0.7633978677884615 0.6067708341346154 0.7985058918269231 0.6497395841346154 0.7977342884615385
11 0.6493252836538462 0.8314393942307692 0.6506273677884615 0.79247334375 0.6065735480769231 0.7905443317307692 0.6065735480769231 0.8314393942307692 0.6493252836538462 0.8314393942307692
11 0.648220485576923 0.8652847932692308 0.6495225697115384 0.8263187427884616 0.6065538197115384 0.8259329399038461 0.6063368052884616 0.8645131875000001 0.648220485576923 0.8652847932692308
11 0.6483585865384616 0.9026024134615385 0.6485755985576923 0.8620931538461538 0.6066919182692307 0.8593925360576923 0.6053898365384616 0.8651795745192307 0.6049558076923077 0.9029882163461539 0.6483585865384616 0.9026024134615385
11 0.6461489903846154 0.9353956225961538 0.6465830168269231 0.8937289567307692 0.6060014206730769 0.8933431538461538 0.6053503798076924 0.9006734014423077 0.6049163509615385 0.9373246346153846 0.6461489903846154 0.9353956225961538
11 0.6912286923076922 0.9022516826923077 0.6907946658653846 0.8613566225961539 0.6454387620192308 0.8625140288461538 0.6460898052884616 0.9018658822115384 0.6912286923076922 0.9022516826923077
11 0.6892755673076922 0.9336770480769231 0.6881904975961538 0.8935535913461539 0.6463068173076922 0.8920103822115385 0.6454387620192308 0.9352202572115385 0.6892755673076922 0.9336770480769231
11 0.6461095336538462 0.9675925937500001 0.6463265456730769 0.9263117283653847 0.6042258533653846 0.9274691346153846 0.6031407836538462 0.934413579326923 0.6020557139423077 0.9695216057692307 0.6461095336538462 0.9675925937500001
11 0.6876380985576923 0.9667508413461537 0.6869870576923076 0.9277847932692308 0.64358428125 0.9304854086538461 0.6440183076923076 0.9652076322115384 0.6876380985576923 0.9667508413461537
11 0.690972221153846 0.7984357451923076 0.6905381947115384 0.7575406850961539 0.6497395841346154 0.7575406850961539 0.649956596153846 0.7995931538461538 0.690972221153846 0.7984357451923076
11 0.7302122788461538 0.80148709375 0.7319483894230768 0.7621352403846154 0.6902817235576924 0.759434625 0.6891966538461538 0.7652216610576923 0.6898476947115384 0.7995580817307691 0.7302122788461538 0.80148709375
11 0.7324416033653847 0.8337542091346154 0.7330926442307693 0.7955597644230769 0.690557923076923 0.7936307524038462 0.6903409086538462 0.7998035913461539 0.690557923076923 0.8352974182692308 0.7324416033653847 0.8337542091346154
11 0.6910511370192308 0.833473625 0.6912681514423077 0.7937359711538462 0.6478653725961538 0.7925785624999999 0.6485164134615384 0.7987514038461538 0.6485164134615384 0.8330878221153846 0.6910511370192308 0.833473625
11 0.6895123100961539 0.8684764302884616 0.6912484206730769 0.8295103822115385 0.6482796706730769 0.8264239615384615 0.6482796706730769 0.8337542091346154 0.6478456442307692 0.8692480360576924 0.6895123100961539 0.8684764302884616
11 0.7327572596153846 0.8667578557692307 0.7334083028846153 0.827020201923077 0.6906565649038462 0.827020201923077 0.6900055240384616 0.8663720528846154 0.7327572596153846 0.8667578557692307
11 0.7301925504807693 0.8999368677884616 0.7308435913461538 0.8636714375000001 0.6893939399038461 0.8605850168269231 0.6885258846153846 0.9010942764423077 0.7301925504807693 0.8999368677884616
11 0.7310606057692308 0.8939744663461539 0.6887428966346154 0.8943602692307693 0.6867897716346154 0.9352553317307692 0.7308435913461538 0.9325547139423077 0.7310606057692308 0.8939744663461539
11 0.7286537235576923 0.9665053317307692 0.7297387932692309 0.9298540961538462 0.6880721274038462 0.9286966899038462 0.6874210865384616 0.9344837259615384 0.6869870576923076 0.9676627379807693 0.7286537235576923 0.9665053317307692
11 0.26605902884615384 1 0.2654079855769231 0.9645061730769231 0.22265625 0.962191358173077 0.22113715384615384 0.9992283942307693 0.26605902884615384 1
11 0.30512152884615384 1 0.3059895841346154 0.96875 0.2643229158653846 0.9664351850961539 0.2647569447115385 0.9992283942307693 0.30512152884615384 1
11 0.34722222115384616 0.9988425937500001 0.347873264423077 0.9672067908653846 0.30707465384615384 0.9641203701923077 0.3055555552884615 0.9699074062499999 0.30512152884615384 0.9988425937500001 0.34722222115384616 0.9988425937500001
11 0.388888889423077 1 0.38910590384615384 0.9672067908653846 0.34765625 0.9664351850961539 0.347439235576923 1 0.388888889423077 1
11 0.43098958413461536 1 0.43098958413461536 0.965663579326923 0.38997395913461536 0.9645061730769231 0.38910590384615384 1 0.43098958413461536 1
11 0.47135416586538464 1 0.4715711802884615 0.9710648149038461 0.42925347115384616 0.9699074062499999 0.43098958413461536 0.9992283942307693 0.47135416586538464 1
11 0.6053503798076924 0.7601010096153846 0.6051136370192307 0.7264309759615385 0.5648674230769231 0.7247474735576923 0.5648674230769231 0.7601010096153846 0.6053503798076924 0.7601010096153846
11 0.5198863629807693 0.9974747475961538 0.5208333341346154 0.9608585865384616 0.4794034086538461 0.9583333341346154 0.47774621153846153 0.9945286201923077 0.5198863629807693 0.9974747475961538
11 0.5603693173076923 1 0.5617897716346154 0.9612794615384614 0.5189393942307692 0.9612794615384614 0.5189393942307692 0.9987373725961538 0.5603693173076923 1
11 0.6020359855769231 0.99915825 0.6015625 0.9642255889423077 0.5632102283653846 0.9612794615384614 0.56155303125 0.9671717163461538 0.5603693173076923 1 0.6020359855769231 0.99915825
11 0.6448863629807692 1 0.6460700769230769 0.9646464639423077 0.6034564399038461 0.9629629639423077 0.6032196971153846 0.96885521875 0.6032196971153846 1 0.6448863629807692 1
11 0.6877367427884615 1 0.6867897716346154 0.9621212115384616 0.6458333341346154 0.9621212115384616 0.6460700769230769 1 0.6877367427884615 1
11 0.7267992427884615 0.99915825 0.7277462115384616 0.9625420865384615 0.6877367427884615 0.9604377115384615 0.6879734855769232 0.9983164975961538 0.7267992427884615 0.99915825