11 0.2141826923076923 0.03319088221153846 0.21434294951923077 0.06481481490384615 0.25654380288461537 0.06426084134615385 0.2558493581730769 0.031339031249999996 0.2141826923076923 0.03319088221153846
11 0.2580239495192308 0.033075141826923074 0.2580239495192308 0.06432514182692307 0.2629067620192308 0.06953347596153846 0.2990395745192308 0.06779736538461538 0.3009926995192308 0.031339031249999996 0.2580239495192308 0.033075141826923074
11 0.21224737259615384 0.07009635096153846 0.21224737259615384 0.0978741298076923 0.21517706009615384 0.1030824639423077 0.2560986466346154 0.10580880048076922 0.25521612259615384 0.06720283413461538 0.21224737259615384 0.07009635096153846
11 0.25743411778846154 0.07114593269230769 0.2581285600961538 0.10561095192307693 0.2988782043269231 0.10470085576923077 0.3012820504807692 0.06837606730769231 0.25743411778846154 0.07114593269230769
11 0.21317330048076924 0.10421711778846153 0.21414986298076924 0.13720322836538462 0.2548076923076923 0.14102564182692306 0.25575142548076923 0.10572174759615384 0.21317330048076924 0.10421711778846153
11 0.2572460384615385 0.10372348798076923 0.2559439543269231 0.1407605264423077 0.30141559855769234 0.1417378918269231 0.3002147884615385 0.10256608173076923 0.2572460384615385 0.10372348798076923
11 0.25466969471153844 0.14231560576923077 0.21145054326923077 0.1418259326923077 0.21242710576923077 0.17481204567307693 0.25547097596153845 0.17864039182692307 0.25441929326923074 0.16960371153846154 0.25466969471153844 0.14231560576923077
11 0.2973285024038462 0.1417992235576923 0.25799056249999996 0.14188825480769232 0.2572894399038462 0.16436866826923074 0.2567886394230769 0.1817742956730769 0.30166043509615387 0.1782130432692308 0.3008591514423077 0.1397515048076923 0.2973285024038462 0.1417992235576923
11 0.21175658894230767 0.17539569471153846 0.21295851201923074 0.21100823076923078 0.25367365625 0.21372368509615386 0.2544070504807692 0.17877492788461538 0.21175658894230767 0.17539569471153846
11 0.30249621634615387 0.18512286298076924 0.3035478990384615 0.17955840384615385 0.2598780264423077 0.17955840384615385 0.25952746634615387 0.18512286298076924 0.25952746634615387 0.20942841826923075 0.26027866826923074 0.2165954423076923 0.30054309134615387 0.21290064182692306 0.30394854086538464 0.21374643990384617 0.30249621634615387 0.18512286298076924
11 0.21473357451923075 0.21460806490384615 0.21571013701923075 0.24759417548076923 0.2592548076923077 0.24901867788461537 0.2584535264423077 0.21554289423076925 0.21473357451923075 0.21460806490384615
11 0.2605591177884615 0.25250079086538463 0.30422898798076925 0.25107629086538463 0.3030270649038461 0.21475150480769228 0.25935719471153845 0.21760050721153845 0.2605591177884615 0.25250079086538463
11 0.21757478605769232 0.24841722115384618 0.21757478605769232 0.2868787596153846 0.26095085576923077 0.2885406778846154 0.2600427355769231 0.2534029759615385 0.21757478605769232 0.24841722115384618
11 0.2620414879807692 0.25271446634615385 0.2619914086538462 0.2578337692307692 0.2629679711538462 0.28734765865384615 0.3057113605769231 0.28903925240384615 0.3057113605769231 0.25413896875 0.2620414879807692 0.25271446634615385
11 0.22712172836538463 0.28621597115384617 0.21888354807692306 0.28719531490384614 0.21930922836538463 0.3209381923076923 0.2617521370192308 0.32423235096153846 0.2613514951923077 0.2893320673076923 0.22712172836538463 0.28621597115384617
11 0.26407807932692307 0.2917012908653846 0.2621750360576923 0.32450933894230766 0.30528846153846156 0.3226495721153846 0.3062455480769231 0.29103355528846153 0.26407807932692307 0.2917012908653846
11 0.3024839735576923 0.029202278846153847 0.3019943028846154 0.06149097836538461 0.34415064182692306 0.0669515673076923 0.3432269399038462 0.03062678125 0.3024839735576923 0.029202278846153847
11 0.34895833413461536 0.028490028846153845 0.3483712836538461 0.06497705048076924 0.39102564182692306 0.06552706490384616 0.39022435817307694 0.028490028846153845 0.34895833413461536 0.028490028846153845
11 0.39142628125 0.028490028846153845 0.3914073629807693 0.06347934375 0.4338942307692308 0.06481481490384615 0.43407229326923075 0.029914528846153848 0.39142628125 0.028490028846153845
11 0.43765024038461536 0.03205128125 0.43765024038461536 0.0679309110576923 0.4780148245192307 0.06850961538461539 0.47931690625 0.03205128125 0.43765024038461536 0.03205128125
11 0.30060096153846155 0.06557454807692308 0.30300981490384615 0.10145417788461539 0.34304887740384615 0.09971806730769231 0.3433092956730769 0.06650047596153846 0.30060096153846155 0.06557454807692308
11 0.3484452908653846 0.06756489423076922 0.3494218533653846 0.10112970913461537 0.3903623581730769 0.10442386778846154 0.39076299759615385 0.06596232932692307 0.3484452908653846 0.06756489423076922
11 0.39292312259615386 0.06429051923076923 0.39487624759615386 0.10248496394230769 0.43524082932692304 0.10248496394230769 0.4365429134615385 0.06544792548076923 0.39292312259615386 0.06429051923076923
11 0.43701923076923077 0.06731560576923076 0.4363681899038462 0.10388968028846154 0.47816506490384614 0.10435264423076923 0.47816506490384614 0.06638968028846154 0.43701923076923077 0.06731560576923076
11 0.30176281971153845 0.10250870432692308 0.30293469471153844 0.13954574278846155 0.3449519230769231 0.13746438701923075 0.3457532043269231 0.10398860336538461 0.30176281971153845 0.10250870432692308
11 0.39100338221153846 0.10382241105769231 0.34813479326923075 0.1023979110576923 0.34828503365384617 0.1349388653846154 0.35121472115384617 0.14014719951923077 0.37172253365384617 0.13841108653846154 0.3925558677884616 0.13783238461538463 0.39100338221153846 0.10382241105769231
11 0.3918491802884615 0.10044317788461539 0.3918491802884615 0.14032921875 0.4335158485576923 0.13961696634615384 0.4347177716346154 0.10329218028846153 0.3918491802884615 0.10044317788461539
11 0.4357594375 0.10504115144230769 0.436160079326923 0.1413659375 0.4798299495192308 0.14421494230769233 0.48023059134615387 0.10646565384615385 0.4357594375 0.10504115144230769
11 0.30180733653846153 0.13655428846153847 0.30268874759615383 0.1763691033653846 0.3459579783653846 0.1763691033653846 0.3459579783653846 0.1393320673076923 0.30180733653846153 0.13655428846153847
11 0.34841969471153844 0.13729819471153845 0.3485699350961538 0.1647643629807692 0.34922097596153845 0.17647198557692306 0.3928908485576923 0.17433523317307692 0.3916889254807692 0.13658594471153845 0.34841969471153844 0.13729819471153845
11 0.3957804711538462 0.13842988221153846 0.3922498221153846 0.13842988221153846 0.3922498221153846 0.17475466826923075 0.4343171298076923 0.1754669206730769 0.4339164879807692 0.13842988221153846 0.3957804711538462 0.13842988221153846
11 0.43661858894230765 0.14085153605769232 0.43571714663461536 0.1481075889423077 0.43661858894230765 0.1793130745192308 0.44059995913461536 0.1776214783653846 0.4778846153846154 0.1793130745192308 0.4782852572115385 0.14370053846153846 0.43661858894230765 0.14085153605769232
11 0.3475605408653846 0.17441437259615386 0.30308938701923077 0.17583887259615386 0.30479211298076925 0.18078011298076924 0.30479211298076925 0.19814122355769231 0.30509259375000003 0.21358816105769232 0.3487624639423077 0.21002690625 0.34776086298076925 0.20508566826923078 0.3475605408653846 0.17441437259615386
11 0.38902688701923077 0.17145457451923077 0.34800124759615386 0.1747309278846154 0.34970397115384616 0.2039777235576923 0.3496038100961538 0.21034346394230768 0.39167111778846153 0.2089189615384615 0.39247240144230766 0.1711696730769231 0.38902688701923077 0.17145457451923077
11 0.435581375 0.17475466826923075 0.43638265625000006 0.2146407091346154 0.4788506057692308 0.2146407091346154 0.4804531706730769 0.17760367307692307 0.435581375 0.17475466826923075
11 0.3055065889423077 0.21200538221153845 0.3063078701923077 0.25117917067307693 0.3487758197115385 0.2476179158653846 0.3479745360576923 0.21200538221153845 0.3055065889423077 0.21200538221153845
11 0.3056534903846154 0.24893953846153846 0.3068554134615385 0.2852643245192308 0.34892272115384615 0.28597657451923075 0.34932336298076927 0.24965178846153846 0.3056534903846154 0.24893953846153846
11 0.30548878125 0.2853355480769231 0.3066907043269231 0.29098903846153845 0.3058894230769231 0.32094808413461534 0.3096203918269231 0.3205029278846154 0.3495592956730769 0.32023583413461537 0.34995993509615386 0.2853355480769231 0.30548878125 0.2853355480769231
11 0.35058315624999997 0.2114751514423077 0.35058315624999997 0.24708768509615384 0.39425302644230764 0.24495093269230767 0.3918491802884615 0.21005064903846152 0.35058315624999997 0.2114751514423077
11 0.35002225721153846 0.24833808173076924 0.3504228990384615 0.2860873701923077 0.3936921298076923 0.28537511778846153 0.3916889254807692 0.24833808173076924 0.35002225721153846 0.24833808173076924
11 0.35058315624999997 0.28300094951923077 0.35058315624999997 0.32075023798076924 0.3934517451923077 0.32075023798076924 0.39305110336538457 0.2837131995192308 0.35058315624999997 0.28300094951923077
11 0.3934517451923077 0.2124723004807692 0.3934517451923077 0.2495093389423077 0.43632033413461535 0.24737258653846156 0.43591969471153846 0.2124723004807692 0.3934517451923077 0.2124723004807692
11 0.4368456201923077 0.24975466826923076 0.39237446634615386 0.2476179158653846 0.39357638942307693 0.28323045192307694 0.43203792788461537 0.28274078125 0.43644497836538465 0.28465495432692306 0.4368456201923077 0.24975466826923076
11 0.43545227884615384 0.28383190865384617 0.39418625240384614 0.28098290625 0.3945868942307692 0.32158119711538463 0.43545227884615384 0.3180199423076923 0.43625356009615385 0.29594017067307693 0.43545227884615384 0.28383190865384617
11 0.4358618245192308 0.2147435889423077 0.4358618245192308 0.2524928774038461 0.4783297716346154 0.248931625 0.4779291322115385 0.21616809134615386 0.4358618245192308 0.2147435889423077
11 0.43731748557692307 0.2506489399038462 0.43851940865384614 0.28626147596153845 0.4801860745192308 0.28839822836538465 0.4805867163461538 0.2506489399038462 0.43731748557692307 0.2506489399038462
11 0.4352297019230769 0.28493985336538463 0.4356303413461538 0.32340139182692307 0.47689636778846156 0.32340139182692307 0.47809829086538463 0.2870766057692308 0.4352297019230769 0.28493985336538463
11 0.4918981490384615 0 0.4894097211538462 0.024794237980769233 0.532986110576923 0.026748971153846154 0.5347222211538462 0 0.4918981490384615 0
11 0.5355680192307692 0 0.5336582980769231 0.026646091346153845 0.576655983173077 0.02366255048076923 0.57839209375 0 0.5355680192307692 0
11 0.5787482187499999 0.003086420673076923 0.5798060240384616 0.02242006971153846 0.6201923076923077 0.023504274038461538 0.6221509975961539 0 0.5787482187499999 0.003086420673076923
11 0.6222489326923076 0.001424502403846154 0.6209935889423076 0.022792021634615387 0.6647970096153847 0.025403608173076925 0.6659688846153846 0.00071225 0.6222489326923076 0.001424502403846154
11 0.49500256009615384 0.06059670673076923 0.4868144591346154 0.05952833173076923 0.48621349759615384 0.09763374519230769 0.5307158125 0.10185185096153847 0.5316862524038461 0.06237733413461539 0.49500256009615384 0.06059670673076923
11 0.532727920673077 0.06408673557692307 0.5338797620192308 0.09863089663461538 0.5747952283653845 0.09969927163461538 0.5767984326923077 0.06408673557692307 0.532727920673077 0.06408673557692307
11 0.5777822283653846 0.060232668269230766 0.5773815889423077 0.09513295432692306 0.6202501778846153 0.09726970673076923 0.6210514591346155 0.060232668269230766 0.5777822283653846 0.060232668269230766
11 0.6200543100961539 0.06495825480769231 0.6216568725961539 0.10034821153846153 0.6630230600961539 0.10025918028846154 0.6625222572115385 0.06687242788461539 0.6200543100961539 0.06495825480769231
11 0.48830128125 0.09783159134615384 0.48770031971153843 0.1054437716346154 0.48770031971153843 0.12627710576923076 0.48790064182692305 0.13201962740384615 0.5307692307692308 0.13629312980769231 0.5311698725961539 0.09996834375 0.48830128125 0.09783159134615384
11 0.4860176274038462 0.13280310336538462 0.4868189110576923 0.1684156370192308 0.5299879807692307 0.1759833004807692 0.5296875 0.13778885817307693 0.4860176274038462 0.13280310336538462
11 0.4872774206730769 0.1741215576923077 0.48587517788461543 0.18404855288461539 0.48487357451923074 0.20830959134615384 0.5289440889423077 0.21329534615384615 0.5297453701923077 0.17625831009615386 0.4872774206730769 0.1741215576923077
11 0.48401442307692305 0.21115068028846154 0.48506610576923076 0.2374594423076923 0.48561698798076924 0.24533871394230772 0.5272836538461538 0.25174897115384615 0.5280849350961538 0.21542418509615385 0.48401442307692305 0.21115068028846154
11 0.48531873317307694 0.24547325 0.4849180913461538 0.28393478846153847 0.5277866802884615 0.2874960432692308 0.5281873221153845 0.2540202596153846 0.48531873317307694 0.24547325
11 0.4858317764423077 0.2839486394230769 0.48452969230769233 0.3221430841346154 0.5288005264423077 0.3256153052884615 0.5274984423076924 0.28742086057692307 0.4858317764423077 0.2839486394230769
11 0.53044871875 0.2457264951923077 0.5305639014423077 0.2836320841346154 0.5717548076923077 0.2858578653846154 0.5729166658653846 0.24857549759615385 0.53044871875 0.2457264951923077
11 0.5300480769230769 0.2101139591346154 0.5300480769230769 0.2492086105769231 0.5711360408653846 0.2502374158653846 0.5737179495192307 0.2136752139423077 0.5300480769230769 0.2101139591346154
11 0.5311698725961539 0.1705523894230769 0.5315705120192308 0.20972618028846154 0.5724358966346154 0.20972618028846154 0.5736378197115385 0.17411364423076922 0.5311698725961539 0.1705523894230769
11 0.5303240745192308 0.13401392788461539 0.5299234326923077 0.17105096634615385 0.5737179495192307 0.17450142548076922 0.5748308413461538 0.13849319471153845 0.5303240745192308 0.13401392788461539
11 0.5756410264423077 0.10146406971153846 0.5358523629807692 0.0982589423076923 0.5309695504807692 0.10346727644230769 0.5319461129807692 0.1329811658653846 0.5700320504807692 0.1347172764423077 0.5736378197115385 0.13565210576923076 0.5756410264423077 0.10146406971153846
11 0.6066912620192307 0.09875751923076924 0.57611734375 0.09840139182692308 0.5765179831730769 0.13472618028846153 0.6177840096153846 0.13615068028846153 0.6169827283653846 0.10053814423076922 0.6066912620192307 0.09875751923076924
11 0.6105485432692308 0.1348943485576923 0.5755876057692307 0.13342830048076923 0.574866451923077 0.17041785336538462 0.6161324783653845 0.17184235576923076 0.6193376057692308 0.1348053173076923 0.6105485432692308 0.1348943485576923
11 0.5747818725961539 0.1711775889423077 0.5747317932692307 0.1985547235576923 0.5743812331730769 0.20892687499999998 0.6176504639423077 0.20963912740384616 0.6188523870192307 0.17687559375 0.5747818725961539 0.1711775889423077
11 0.5734775649038462 0.20789806971153846 0.573828125 0.2377680841346154 0.5742788461538462 0.24422285576923078 0.6155448725961539 0.24635960817307692 0.6155448725961539 0.20932256971153845 0.5734775649038462 0.20789806971153846
11 0.5730902788461538 0.24575023798076925 0.5732154783653847 0.2799382716346154 0.6143563028846154 0.2842117764423077 0.6143563028846154 0.24788699038461537 0.5730902788461538 0.24575023798076925
11 0.5756771947115384 0.2825953629807692 0.5727475072115384 0.28780369471153844 0.5727475072115384 0.3196323990384615 0.6141826923076923 0.3205128197115385 0.6137631322115384 0.2825953629807692 0.5756771947115384 0.2825953629807692
11 0.6150218125 0.28414945432692307 0.6130686875 0.31597815865384615 0.65544871875 0.3198005697115385 0.6566506418269231 0.2834757836538462 0.6150218125 0.28414945432692307
11 0.6578525649038462 0.24715099759615383 0.6145833341346154 0.24643874759615383 0.6157707884615384 0.2831790120192308 0.6567864134615384 0.2826003076923077 0.6587395384615384 0.27912808653846155 0.6578525649038462 0.24715099759615383
11 0.6165642812500001 0.20988742548076925 0.6165865384615384 0.24358974278846152 0.6580306274038462 0.24768122836538461 0.6596331899038461 0.20921968990384615 0.6165642812500001 0.20988742548076925
11 0.6173277235576923 0.1717899254807692 0.617978766826923 0.20709085096153845 0.6618589735576923 0.20853118028846154 0.6612802716346154 0.17355175721153845 0.6173277235576923 0.1717899254807692
11 0.6211299182692307 0.13548393509615383 0.6182002307692307 0.14069226923076922 0.6191767932692307 0.17020615625000002 0.6611689807692307 0.1748357860576923 0.6631221057692307 0.13779875 0.6211299182692307 0.13548393509615383
11 0.6196091514423077 0.09998713942307692 0.6183070697115384 0.13181584375 0.6625779014423077 0.13876028846153846 0.6625779014423077 0.09940843509615385 0.6196091514423077 0.09998713942307692
11 0.6646011394230769 0 0.665051860576923 0.008680555288461539 0.6651531346153846 0.02366255048076923 0.708020610576923 0.026041665865384613 0.7102920216346154 0.003086420673076923 0.6646011394230769 0
11 0.6643707716346154 0.06513038221153847 0.6637197283653846 0.1004313076923077 0.7060374374999999 0.1015887139423077 0.70718928125 0.06428458413461538 0.6643707716346154 0.06513038221153847
11 0.6646144951923076 0.09971509855769231 0.6628616899038462 0.1382656706730769 0.7051793990384615 0.14058048317307692 0.7058304399038462 0.10238604086538462 0.6646144951923076 0.09971509855769231
11 0.66084846875 0.13539094711538463 0.6621505528846154 0.17474279807692308 0.70186409375 0.1793724278846154 0.7021896153846154 0.14002057692307693 0.66084846875 0.13539094711538463
11 0.6625333870192307 0.17655804807692307 0.6612313028846154 0.2118589735576923 0.7043269230769231 0.21296296394230768 0.7048510961538461 0.17713675240384616 0.6625333870192307 0.17655804807692307
11 0.6595836682692308 0.2834520408653846 0.6566539807692308 0.288660375 0.6547008557692308 0.3193316706730769 0.6970185625 0.32048907932692305 0.6989716875 0.2857668557692308 0.6595836682692308 0.2834520408653846
11 0.657460826923077 0.24567901201923076 0.65751090625 0.28360636298076924 0.70047965625 0.2824489543269231 0.7011306971153846 0.24924026682692307 0.657460826923077 0.24567901201923076
11 0.6601718293269231 0.21065309375 0.6601718293269231 0.24595401923076923 0.7018384975961538 0.2471114278846154 0.7027243581730769 0.2143874639423077 0.6601718293269231 0.21065309375
11 0.5285801730769231 0.28553339663461536 0.5292312139423078 0.32025561778846157 0.5717147427884616 0.3219373221153846 0.5709134615384616 0.2856125360576923 0.5285801730769231 0.28553339663461536
11 0.7035223028846154 0.24426242548076924 0.7015691778846154 0.2812994615384615 0.7443910264423077 0.28133903125 0.7449385673076924 0.24533080048076925 0.7035223028846154 0.24426242548076924
11 0.701121795673077 0.28133903125 0.70087028125 0.31805357692307695 0.7412348653846154 0.3192109855769231 0.7415865384615384 0.2834757836538462 0.701121795673077 0.28133903125
11 0.7051860745192309 0.20982114663461537 0.7059623173076923 0.24489949278846154 0.7464521009615385 0.24828268509615384 0.7497774206730768 0.21264640625 0.7051860745192309 0.20982114663461537
11 0.7110259759615385 0.17229938221153845 0.7080962884615385 0.17750771634615384 0.7087473293269231 0.2072886995192308 0.7491119134615385 0.20875771634615384 0.7515135336538462 0.17181069951923078 0.7110259759615385 0.17229938221153845
11 0.7090255528846154 0.13353315865384616 0.7090255528846154 0.16767667788461538 0.7119552403846154 0.17288501201923076 0.7504896730769232 0.17568850961538462 0.75147346875 0.13700538221153846 0.7090255528846154 0.13353315865384616
11 0.7071425384615384 0.0982015673076923 0.7061659759615384 0.1340811971153846 0.7495103269230768 0.13817663701923077 0.7503116105769231 0.10042735096153846 0.7071425384615384 0.0982015673076923
11 0.7086382668269231 0.06329633653846153 0.7086382668269231 0.08412966826923077 0.7086382668269231 0.09975466826923077 0.7510060552884615 0.10295979807692308 0.7518073365384615 0.06521050961538462 0.7086382668269231 0.06329633653846153
11 0.7081174326923076 0.001736110576923077 0.7101139591346153 0.02263374519230769 0.7512019230769231 0.02572016346153846 0.7481564951923076 0 0.7081174326923076 0.001736110576923077
11 0.18896456490384614 0.3315685336538462 0.18856392548076922 0.3693178221153846 0.23263443749999999 0.37287907451923075 0.23383636057692309 0.33512978846153846 0.18896456490384614 0.3315685336538462
11 0.2335514591346154 0.33106204567307695 0.23315081971153845 0.37023583413461536 0.27884615384615385 0.3725071225961539 0.2776442307692308 0.33333333413461536 0.2335514591346154 0.33106204567307695
11 0.2793135673076923 0.3402975625 0.28011485096153843 0.3759100985576923 0.3233173076923077 0.38176638221153847 0.32498664423076923 0.3759100985576923 0.32498664423076923 0.3417220649038461 0.2793135673076923 0.3402975625
11 0.32436787740384615 0.34060620432692307 0.3263710817307693 0.37906774278846156 0.3696403125 0.3776432403846154 0.3700409543269231 0.34060620432692307 0.32436787740384615 0.34060620432692307
11 0.40646756971153847 0.3419693725961538 0.3727386033653846 0.3400997139423077 0.37113604086538465 0.3778490024038461 0.4164084759615384 0.3778490024038461 0.4160078341346154 0.3393874639423077 0.40646756971153847 0.3419693725961538
11 0.18863626201923075 0.3729057860576923 0.1867832980769231 0.4078505865384615 0.23165509375 0.4078505865384615 0.23285701682692309 0.3729503004807692 0.18863626201923075 0.3729057860576923
11 0.23316973798076923 0.37137840384615384 0.23357371875000002 0.40883190865384617 0.27979433653846153 0.41059670673076926 0.2801949783653846 0.37213516826923076 0.23316973798076923 0.37137840384615384
11 0.2801026081730769 0.37803003365384613 0.27945156730769233 0.41315289663461535 0.3255252860576923 0.4174264014423077 0.32472400240384613 0.37896486298076926 0.2801026081730769 0.37803003365384613
11 0.32625088942307695 0.41478315865384613 0.37152332692307694 0.41763216105769235 0.3711226850961538 0.38059512500000003 0.32384704326923075 0.37703387259615384 0.32625088942307695 0.41478315865384613
11 0.37285879567307695 0.3760050649038461 0.37245815624999995 0.4130421009615385 0.41652866826923074 0.4151788533653846 0.4170673076923077 0.3774928774038461 0.37285879567307695 0.3760050649038461
11 0.18543669951923075 0.4119232740384616 0.18353365384615383 0.4442861658653846 0.23080929567307693 0.4471351682692308 0.23080929567307693 0.4086736298076923 0.18543669951923075 0.4119232740384616
11 0.23157051201923076 0.40740740625 0.23171240624999997 0.4470698798076923 0.27530715865384614 0.45000791346153846 0.27578792788461537 0.41211617548076923 0.23157051201923076 0.40740740625
11 0.2784744471153846 0.41796553605769227 0.27737268509615387 0.45193099038461537 0.32211538461538464 0.4537037043269231 0.3204666346153846 0.4162294230769231 0.2784744471153846 0.41796553605769227
11 0.3227475072115385 0.41937321875 0.3226974278846154 0.4258279903846154 0.32314814903846156 0.4542735048076923 0.36866096875000004 0.45441595432692306 0.3680199423076923 0.41794871875 0.3227475072115385 0.41937321875
11 0.41344818269230765 0.4187163653846154 0.41016793509615385 0.4157783317307692 0.3685763894230769 0.41657961298076923 0.3697783125 0.45646565384615384 0.4138488245192308 0.4550411514423077 0.41309762259615385 0.4452922211538462 0.41344818269230765 0.4187163653846154
11 0.18718838942307692 0.4485596706730769 0.18782051201923075 0.48163975961538463 0.2326923076923077 0.48448876201923075 0.23012820432692307 0.447736625 0.18718838942307692 0.4485596706730769
11 0.23227831250000003 0.44916112740384617 0.23267895192307692 0.48762266586538466 0.2759481826923077 0.48691041586538464 0.2776442307692308 0.4508547019230769 0.23227831250000003 0.44916112740384617
11 0.2768429495192308 0.4900284903846154 0.2778979711538462 0.5295663173076923 0.3227697644230769 0.5302785697115385 0.3219684831730769 0.49466603365384615 0.2768429495192308 0.4900284903846154
11 0.32152332692307695 0.45762899759615383 0.27504896634615383 0.4554922451923077 0.27785345432692304 0.4939537836538461 0.32152332692307695 0.49181703125000004 0.31997084134615383 0.4624812043269231 0.32152332692307695 0.45762899759615383
11 0.36618700961538464 0.4628768990384616 0.36325732211538464 0.4576685649038461 0.32614794711538464 0.4576685649038461 0.32126513461538464 0.4580246923076923 0.32321825961538464 0.4871824543269231 0.3220664182692307 0.4943494783653846 0.36423388461538464 0.49065467788461536 0.36773949519230764 0.4929249759615385 0.36618700961538464 0.4628768990384616
11 0.41162971875000004 0.4625840841346154 0.40870003125000004 0.45737575240384615 0.37354378125000004 0.45737575240384615 0.36866096875000004 0.4625840841346154 0.36866096875000004 0.48341741826923074 0.3682603269230769 0.49334441346153846 0.40967659375000004 0.4903618629807692 0.4106570504807693 0.49430199519230766 0.41162971875000004 0.4625840841346154
11 0.1882400721153846 0.4871250793269231 0.1882400721153846 0.5079584134615385 0.1883903125 0.5207344086538461 0.23165954326923074 0.5242956634615384 0.23317307692307693 0.4857549855769231 0.1882400721153846 0.4871250793269231
11 0.2320078798076923 0.4852732283653846 0.23336004326923077 0.5217315600961538 0.2762286322115385 0.5217315600961538 0.2770299134615385 0.4868312764423077 0.2320078798076923 0.4852732283653846
11 0.32270966826923075 0.49722716826923075 0.32368623076923075 0.5302132788461539 0.367681625 0.5303023100961538 0.367681625 0.49397752403846157 0.32270966826923075 0.49722716826923075
11 0.3695957980769231 0.4969373221153846 0.36919515625 0.5325498581730769 0.41206374759615383 0.5318376057692308 0.4128650288461539 0.4933760673076923 0.3695957980769231 0.4969373221153846
11 0.23165954326923074 0.5262187403846154 0.2286296971153846 0.5247942379807692 0.1954265721153846 0.521322016826923 0.18678775 0.5212329855769231 0.18718838942307692 0.5575577716346154 0.23125890384615386 0.5582700216346154 0.2315593846153846 0.5543081274038462 0.23165954326923074 0.5262187403846154
11 0.2697343533653846 0.5259021850961538 0.2325498581730769 0.5244776826923077 0.23360154086538462 0.5311105168269231 0.23375178125 0.56080246875 0.2786235745192308 0.5636514711538462 0.27822293509615387 0.5251899326923077 0.2697343533653846 0.5259021850961538
11 0.27945601923076924 0.5268201971153846 0.2790553774038461 0.5667062355769231 0.3231258894230769 0.5631449831730769 0.32272525 0.5296691995192307 0.27945601923076924 0.5268201971153846
11 0.3247106490384616 0.5291706225961538 0.32431000721153846 0.5654954110576923 0.36838051923076925 0.5676321610576923 0.3671785961538462 0.5284583725961538 0.3247106490384616 0.5291706225961538
11 0.4126747235576923 0.541835826923077 0.41302528605769234 0.5319088317307693 0.36935541346153844 0.5311965817307692 0.36935541346153844 0.5682336177884616 0.4087684735576923 0.5661413822115384 0.4138265673076923 0.5675213677884615 0.4126747235576923 0.541835826923077
11 0.18847044230769233 0.5605403221153846 0.18786948076923077 0.5924580552884615 0.23314191586538463 0.5960193100961538 0.23193999278846153 0.5589822740384616 0.18847044230769233 0.5605403221153846
11 0.2776575865384615 0.55937796875 0.23358707211538463 0.56009021875 0.2339877139423077 0.5971272548076922 0.27805822596153845 0.5971272548076922 0.2775574254807692 0.5872892932692307 0.2776575865384615 0.55937796875
11 0.27952390384615383 0.5682682403846153 0.2792735048076923 0.6039252932692307 0.3233440168269231 0.6017885408653846 0.32294337500000003 0.5647515048076923 0.27952390384615383 0.5682682403846153
11 0.36643518509615386 0.5688350745192308 0.32346643509615386 0.5695028100961539 0.32436787740384615 0.6051598605769231 0.36723646634615387 0.6044476105769231 0.36643518509615386 0.5764472548076923 0.36643518509615386 0.5688350745192308
11 0.37136251442307694 0.5656616009615385 0.367681625 0.5681544783653846 0.36848290625 0.6016302620192308 0.4113514951923077 0.6037670144230769 0.41225961538461536 0.5662393173076923 0.37136251442307694 0.5656616009615385
11 0.18990718509615384 0.5928468269230769 0.18990718509615384 0.6206246033653847 0.19216079086538462 0.6314419110576923 0.23342681730769232 0.6328664134615385 0.2342280985576923 0.5972538774038462 0.18990718509615384 0.5928468269230769
11 0.2738442620192308 0.5986368317307693 0.23575832451923076 0.6003729423076923 0.23560808413461537 0.6339822740384615 0.27967859615384616 0.6354067740384616 0.27887731490384615 0.6026432403846154 0.2738442620192308 0.5986368317307693
11 0.2801593653846154 0.6050619254807692 0.28196224999999997 0.6381370697115384 0.3256321225961539 0.6402738197115384 0.3252314807692308 0.6046612860576923 0.2801593653846154 0.6050619254807692
11 0.36604177884615385 0.6065784278846154 0.32893240384615385 0.6065784278846154 0.3253516730769231 0.6086261466346155 0.32600271634615385 0.6326200937500001 0.3261529567307692 0.6399651778846154 0.3694221875 0.6385406778846154 0.37022346875 0.6050648942307693 0.36604177884615385 0.6065784278846154
11 0.36988292307692305 0.60487990625 0.3719862884615385 0.6386673004807691 0.41525551923076925 0.6400918004807692 0.4140535961538462 0.6059037668269232 0.36988292307692305 0.60487990625
11 0.19462528846153845 0.6294495889423076 0.19169560096153845 0.6346579206730769 0.19169560096153845 0.6554912548076923 0.1923967235576923 0.66568534375 0.23646723557692306 0.66710984375 0.23606659615384615 0.6336340625 0.19462528846153845 0.6294495889423076
11 0.23777154567307693 0.63437796875 0.23697026442307692 0.6664292500000001 0.28224269951923076 0.6707027548076923 0.2802394951923077 0.6372269711538461 0.23777154567307693 0.63437796875
11 0.3247885504807692 0.6453218966346154 0.3218588629807692 0.6401135649038461 0.2812188389423077 0.63735359375 0.2820201201923077 0.6729661274038462 0.2993979254807692 0.6730996754807692 0.32488871153846155 0.6751028798076923 0.3247885504807692 0.6453218966346154
11 0.3705172716346154 0.6415242163461539 0.32885060576923075 0.6429487187499999 0.3256454783653846 0.6400997139423077 0.3268474014423077 0.67571225 0.3307786899038462 0.6768696586538462 0.3669115024038462 0.675133548076923 0.3688646274038462 0.6716613245192308 0.3705172716346154 0.6415242163461539
11 0.4069895168269231 0.6407941586538463 0.3689035793269231 0.6425302716346154 0.3702056634615385 0.6764957259615384 0.4142628197115385 0.6794871802884616 0.41307425240384615 0.6423076923076922 0.4069895168269231 0.6407941586538463
11 0.2416221514423077 0.6895378293269231 0.20075676682692306 0.6909623293269231 0.200356125 0.721589110576923 0.23891782451923077 0.7219007211538462 0.24087094951923077 0.7184284975961539 0.2416221514423077 0.6895378293269231
11 0.2828052668269231 0.69146090625 0.24276620432692309 0.69146090625 0.24276620432692309 0.7140303509615384 0.24276620432692309 0.722087685096154 0.2818287043269231 0.7209747932692309 0.2837818293269231 0.7175025721153846 0.2828052668269231 0.69146090625
11 0.28532986057692306 0.6899444038461537 0.28482906009615383 0.7223963269230769 0.32489316346153846 0.7231085793269231 0.3243923605769231 0.6899444038461537 0.28532986057692306 0.6899444038461537
11 0.3264957259615385 0.6942624254807692 0.3264957259615385 0.7263137067307692 0.3669604711538461 0.7305872115384615 0.36840277884615386 0.6936213990384614 0.3264957259615385 0.6942624254807692
11 0.36741898076923074 0.6912709711538461 0.3682202644230769 0.7275957572115386 0.40948628846153845 0.7261712572115384 0.4086850072115385 0.6934077235576923 0.36741898076923074 0.6912709711538461
11 0.19467926442307693 0.7237209158653847 0.1951299855769231 0.7554605889423077 0.23639601201923074 0.7568850913461538 0.2359953701923077 0.7212725552884615 0.19467926442307693 0.7237209158653847
11 0.2413194447115385 0.7201646081730769 0.24174289903846152 0.7550787427884615 0.28368500721153844 0.7594412788461539 0.28368500721153844 0.7245409927884615 0.2413194447115385 0.7201646081730769
11 0.28495259134615386 0.7271951177884616 0.28592915384615386 0.7567090072115386 0.32666933653846153 0.7596470408653846 0.32626869711538464 0.7233222548076923 0.28495259134615386 0.7271951177884616
11 0.32637553365384614 0.7258863557692308 0.3279780985576923 0.7614988918269231 0.36844284134615385 0.760074391826923 0.36804220192307696 0.7287353581730769 0.32637553365384614 0.7258863557692308
11 0.3694221875 0.7273029447115384 0.36914674519230767 0.7592651947115385 0.4106882115384615 0.7586419759615384 0.40988693028846157 0.7265906923076924 0.3694221875 0.7273029447115384
11 0.19427862259615386 0.7582017644230769 0.19525518509615386 0.7877156538461538 0.2367966514423077 0.7913659375000001 0.2359953701923077 0.7571779038461539 0.19427862259615386 0.7582017644230769
11 0.24247685096153845 0.7592592596153847 0.24328759375 0.7910078341346154 0.28482906009615383 0.7932336177884616 0.2860309831730769 0.7604700865384615 0.24247685096153845 0.7592592596153847
11 0.32692418990384614 0.7603009254807692 0.28883825240384614 0.7585648149038462 0.28590856490384614 0.7672453701923078 0.2862090456730769 0.7930199423076923 0.32867699519230764 0.789458689903846 0.32692418990384614 0.7603009254807692
11 0.37102475 0.7598290600961538 0.33030960576923074 0.7619212956730769 0.33030960576923074 0.7862268509615385 0.33323929326923074 0.7914351850961538 0.36937210576923074 0.7896990745192307 0.37132523076923074 0.7862268509615385 0.37102475 0.7598290600961538
11 0.41485932932692304 0.7641579615384615 0.40682146874999997 0.7617541153846153 0.37557146874999997 0.7617541153846153 0.37264178124999997 0.7669624495192308 0.37264178124999997 0.7912680048076923 0.37557146874999997 0.7964763365384615 0.41170428124999997 0.7947402259615385 0.41365740624999997 0.7912680048076923 0.41485932932692304 0.7641579615384615
11 0.37451477884615386 0.7933365 0.3741141370192308 0.8303735360576923 0.41538016346153844 0.8275245336538462 0.4161814447115385 0.79404875 0.37451477884615386 0.7933365
11 0.33084045673076923 0.7956790120192309 0.3328436610576923 0.8320037980769232 0.3725071225961539 0.8284425456730768 0.3717058413461538 0.7963912620192308 0.33084045673076923 0.7956790120192309
11 0.28929398076923074 0.7938914615384616 0.28889334134615385 0.8246517884615384 0.3305600072115385 0.8232272860576924 0.33096064903846156 0.7911760048076922 0.28929398076923074 0.7938914615384616
11 0.2397714110576923 0.7940972211538462 0.23851940865384616 0.8248575504807693 0.2807870360576923 0.8253472211538462 0.2798104735576923 0.7923611105769232 0.2397714110576923 0.7940972211538462
11 0.19624287740384616 0.7908594495192307 0.19744480048076923 0.8243352331730769 0.23911146634615385 0.8243352331730769 0.23765914423076923 0.7928626538461538 0.19624287740384616 0.7908594495192307
11 0.23414407451923078 0.8249544951923077 0.19605813701923078 0.8266906057692308 0.19816150240384617 0.8597657475961539 0.23902688701923078 0.8611902499999999 0.23862624759615383 0.8291389687499999 0.23414407451923078 0.8249544951923077
11 0.28343571875 0.8301677740384614 0.24337161778846153 0.8266065216346153 0.24297097596153844 0.8600823052884615 0.2815827548076923 0.8618184158653845 0.2835358798076923 0.8583461923076924 0.28343571875 0.8301677740384614
11 0.29262876201923077 0.8267746923076923 0.28865740624999997 0.8237654326923077 0.28969907451923077 0.852816358173077 0.2905003557692308 0.8580246923076923 0.33071469951923077 0.856288579326923 0.3313657403846154 0.8245489086538461 0.29262876201923077 0.8267746923076923
11 0.3732204855769231 0.8323945480769231 0.3702907980769231 0.8271862139423077 0.33170406009615383 0.8278094326923077 0.3322048605769231 0.8567001033653846 0.3351345480769231 0.8619084350961538 0.3712673605769231 0.8601723245192308 0.3732204855769231 0.8567001033653846 0.3732204855769231 0.8323945480769231
11 0.41726317548076924 0.8316081033653846 0.3743945865384615 0.8287591009615384 0.37459490624999997 0.8354809663461539 0.37459490624999997 0.8597865216346154 0.37752459374999997 0.8649948557692307 0.40584490624999997 0.8632587451923077 0.4152599711538461 0.8636593870192308 0.41726317548076924 0.8316081033653846
11 0.20024594951923075 0.8645704735576923 0.20122251201923075 0.8940843629807692 0.24126157451923075 0.8923482500000001 0.24206285576923078 0.8600743918269231 0.20024594951923075 0.8645704735576923
11 0.24652777884615384 0.8621399182692309 0.2445779903846154 0.8951883509615384 0.28589409615384614 0.8932741778846154 0.28491753365384614 0.8637602884615384 0.24652777884615384 0.8621399182692309
11 0.33100516346153847 0.8591563774038461 0.28813657451923075 0.8612931298076922 0.28813657451923075 0.8678369350961539 0.28973913701923076 0.8940566634615384 0.32915219951923075 0.8921424903846155 0.33110532451923075 0.8886702668269231 0.33100516346153847 0.8591563774038461
11 0.3714916081730769 0.8648919759615384 0.3363353581730769 0.8648919759615384 0.3334056706730769 0.8701003076923077 0.3334056706730769 0.8944058653846153 0.3363353581730769 0.8996141971153846 0.3758235408653846 0.9020180432692307 0.3744212956730769 0.8701003076923077 0.3714916081730769 0.8648919759615384
11 0.41588764182692306 0.8646644519230768 0.3793041081730769 0.8638631682692307 0.3763744206730769 0.8690715024038462 0.3763744206730769 0.8933770576923077 0.3793041081730769 0.8985853918269231 0.3959056706730769 0.8968492788461538 0.41749020673076925 0.8988524855769231 0.41588764182692306 0.8646644519230768
11 0.24016927163461538 0.8937757211538462 0.23430989663461538 0.8937757211538462 0.20370370432692309 0.8930041153846153 0.20208333413461538 0.9232896081730769 0.20501302163461538 0.9284979423076922 0.24309895913461538 0.9267618317307692 0.24505208413461538 0.8989840528846155 0.24016927163461538 0.8937757211538462
11 0.24697738701923078 0.8965020576923077 0.2474030673076923 0.9289094639423077 0.2882434110576923 0.9299778413461539 0.2870414879807692 0.8957898076923076 0.24697738701923078 0.8965020576923077
11 0.2908854158653846 0.8968492788461538 0.29058493509615385 0.9294792644230768 0.3306490384615385 0.9259180120192307 0.3326522427884615 0.8945789807692308 0.2908854158653846 0.8968492788461538
11 0.37513354807692306 0.90038778125 0.3342681634615384 0.8982510288461539 0.3350694447115385 0.9289223245192308 0.3379991322115385 0.934130658653846 0.3487413197115385 0.932394548076923 0.3775373942307692 0.9331513149038462 0.37513354807692306 0.90038778125
11 0.3746961802884616 0.9012474278846153 0.3756727427884616 0.9307613173076923 0.41621260576923075 0.9318296923076923 0.41621260576923075 0.8990661610576923 0.3746961802884616 0.9012474278846153
11 0.3752259158653847 0.9352573990384615 0.3762024783653847 0.9647712884615385 0.4155404206730769 0.9653054759615384 0.4159410600961539 0.9332541947115385 0.3752259158653847 0.9352573990384615
11 0.4166266033653846 0.9635644182692308 0.3769631418269231 0.9657011706730769 0.3759114591346154 0.9939686225961538 0.3788411466346154 0.9991769543269231 0.4149739591346154 0.99744084375 0.4169270841346154 0.9939686225961538 0.4166266033653846 0.9635644182692308
11 0.33329326923076924 0.9692673701923076 0.3344951923076923 0.9980690096153846 0.37576121875 0.9980690096153846 0.37576121875 0.9674422283653846 0.33329326923076924 0.9692673701923076
11 0.3336315889423077 0.935398860576923 0.3328303052884615 0.9660256418269231 0.37509793509615386 0.96517984375 0.37412137259615386 0.935665954326923 0.3336315889423077 0.935398860576923
11 0.28922164423076924 0.9296167692307692 0.28806980048076924 0.9617125673076923 0.33013710817307695 0.9610003173076923 0.32926070673076924 0.9278806586538462 0.28922164423076924 0.9296167692307692
11 0.33386863461538463 0.9685313774038461 0.33093894711538463 0.9633230456730769 0.29255252884615385 0.9638572331730769 0.2929531706730769 0.9959085144230768 0.32996238461538463 0.9963091562499999 0.33386863461538463 0.9928369350961539 0.33386863461538463 0.9685313774038461
11 0.2923900456730769 0.9710776754807693 0.2894603581730769 0.9658693413461539 0.2523509831730769 0.9658693413461539 0.24942129567307691 0.9710776754807693 0.24942129567307691 0.9849665649038462 0.2523509831730769 0.9971193413461539 0.2904369206730769 0.9953832307692309 0.2923900456730769 0.9919110072115385 0.2923900456730769 0.9710776754807693
11 0.24953981971153846 0.9643657019230769 0.21243044471153846 0.9643657019230769 0.20950075721153846 0.9695740336538462 0.2098513173076923 0.9963279519230769 0.24791221394230767 0.997752454326923 0.2505163822115385 0.9904073677884615 0.24953981971153846 0.9643657019230769
11 0.2250651033653846 0.9265432091346154 0.2048076923076923 0.9276115865384615 0.2045572908653846 0.9525848774038461 0.2094401033653846 0.9612654326923077 0.24447115384615387 0.9603751177884615 0.24487179567307693 0.9276115865384615 0.2250651033653846 0.9265432091346154
11 0.2864655673076923 0.9324845673076924 0.24657674519230768 0.9322174735576922 0.2464265048076923 0.9585262355769231 0.24617610336538462 0.9656932572115384 0.2854890048076923 0.9654706778846154 0.2874421298076923 0.9619984567307692 0.2864655673076923 0.9324845673076924
11 0.4148893774038462 0.3430961153846154 0.4158659399038462 0.3760822259615385 0.4592325504807692 0.3792972451923077 0.4615473653846154 0.34328901442307697 0.4148893774038462 0.3430961153846154
11 0.4631855408653846 0.3459164302884616 0.4637642451923077 0.3788382403846154 0.5069934110576922 0.38552548317307694 0.5075721153846154 0.34848844471153845 0.4631855408653846 0.3459164302884616
11 0.5448534326923077 0.3476812283653846 0.5064058052884616 0.34819563221153843 0.5087206201923077 0.37719511778846154 0.5075632115384615 0.3831750552884615 0.5521233966346154 0.3862614759615385 0.5531071947115385 0.34860715384615387 0.5448534326923077 0.3476812283653846
11 0.5951923076923077 0.35187559375 0.577549079326923 0.35094966826923074 0.5527733269230769 0.3514640697115385 0.551181891826923 0.3804635576923077 0.554111579326923 0.3856718894230769 0.586338141826923 0.38740800000000003 0.5967548076923077 0.3864434951923077 0.5951923076923077 0.35187559375
11 0.6412270745192308 0.35816417307692305 0.6382973870192308 0.34948361778846154 0.5982583245192308 0.3512197283653846 0.5977519591346154 0.38767806250000003 0.6405760336538461 0.38870687019230765 0.6412270745192308 0.37552528605769225 0.6412270745192308 0.35816417307692305
11 0.6416844735576923 0.35264423076923074 0.6402377139423077 0.38601614423076924 0.6859553052884616 0.38910256490384615 0.6836404903846154 0.3520655264423077 0.6416844735576923 0.35264423076923074
11 0.732460826923077 0.3524849639423077 0.68613559375 0.35172621875 0.6862802716346154 0.3871557451923077 0.7296830480769232 0.3912709711538461 0.72910434375 0.35519843990384614 0.732460826923077 0.3524849639423077
11 0.6863114326923078 0.39036878846153844 0.6884526346153846 0.42452516586538463 0.7289618942307693 0.42452516586538463 0.7291427403846154 0.38543051682692303 0.6863114326923078 0.39036878846153844
11 0.642361110576923 0.38880975 0.644097221153846 0.4248179807692308 0.6879006418269231 0.4230769230769231 0.6870993581730769 0.3881766370192308 0.642361110576923 0.38880975
11 0.5987023677884615 0.3876968581730769 0.5991363966346154 0.4229977836538461 0.6442752860576924 0.4219689783653846 0.6431178774038462 0.38801836057692307 0.5987023677884615 0.3876968581730769
11 0.5529792115384615 0.3880925528846154 0.5531962259615384 0.4233934783653846 0.5960202980769231 0.42647989903846156 0.5948628918269231 0.38738524759615384 0.5529792115384615 0.3880925528846154
11 0.5462723701923077 0.38365978125000005 0.5081864326923077 0.3853958918269231 0.5087651346153846 0.4200538149038462 0.5533253197115384 0.423140233173077 0.5521679134615385 0.3871320048076923 0.5462723701923077 0.38365978125000005
11 0.46520210096153847 0.3814339975961539 0.4639423076923077 0.41737891826923074 0.5068108966346154 0.4230769230769231 0.5060368822115385 0.3851634230769231 0.46520210096153847 0.3814339975961539
11 0.46225850240384614 0.4208857620192308 0.46225850240384614 0.4486635408653846 0.46518818990384614 0.453871875 0.506601673076923 0.46197372596153846 0.5060229711538462 0.42185026923076924 0.46225850240384614 0.4208857620192308
11 0.5528846153846154 0.4230769230769231 0.5086226850961538 0.4221430841346154 0.510358795673077 0.4591801201923077 0.54884259375 0.45898721875 0.55274884375 0.4555149975961538 0.5528846153846154 0.4230769230769231
11 0.5968215817307693 0.4254352644230769 0.5536858966346154 0.4237891730769231 0.5537804927884615 0.45674956490384616 0.5567101802884615 0.4619578990384615 0.5947961177884615 0.46022178605769226 0.5967492427884615 0.45674956490384616 0.5968215817307693 0.4254352644230769
11 0.5989583341346154 0.42521367548076927 0.5991942668269231 0.46238524759615385 0.64142628125 0.4608262115384615 0.6414396370192308 0.42534821153846153 0.5989583341346154 0.42521367548076927
11 0.6421285168269232 0.4276422524038462 0.6431050793269232 0.4606283629807692 0.6879184471153846 0.46114276682692307 0.6873397427884615 0.4271921490384616 0.6421285168269232 0.4276422524038462
11 0.6871271802884615 0.42735735096153843 0.6871271802884615 0.45513512980769233 0.6900568677884615 0.4603434639423077 0.7281428052884615 0.45860735096153843 0.7271662427884615 0.4256212403846154 0.6871271802884615 0.42735735096153843
11 0.7298805865384614 0.45931465625 0.690130875 0.4608578653846154 0.6907095793269231 0.4989237091346154 0.7329549495192308 0.49583729086538464 0.7328102740384614 0.4645229903846154 0.7298805865384614 0.45931465625
11 0.68705484375 0.4625751826923077 0.6448094735576924 0.46360398798076924 0.6453520072115384 0.49678300000000003 0.6834379447115384 0.49851911298076923 0.68821225 0.49961221875 0.68705484375 0.4625751826923077
11 0.6421368629807692 0.4592731081730769 0.6020978004807692 0.46100921875 0.60115740625 0.49952516586538465 0.6452546298076923 0.4974675528846154 0.6450665504807692 0.46795366346153844 0.6421368629807692 0.4592731081730769
11 0.5539485408653846 0.4616809110576923 0.5545272427884615 0.4688182572115384 0.5545272427884615 0.4896515913461539 0.5574569302884615 0.49485992307692306 0.5990874278846154 0.49768914182692303 0.5996661322115384 0.46270971875 0.5539485408653846 0.4616809110576923
11 0.5125534182692307 0.45664767307692306 0.5137108269230769 0.4957423245192307 0.5548878197115384 0.49572649519230766 0.5553774927884615 0.4576764807692308 0.5125534182692307 0.45664767307692306
11 0.4662281875 0.4590089831730769 0.4662281875 0.49720342788461536 0.469157875 0.5024117596153845 0.5111500625000001 0.5041478701923077 0.5149839735576923 0.46601772596153845 0.4662281875 0.4590089831730769
11 0.49799623798076925 0.5028311971153846 0.46869936298076925 0.5028311971153846 0.4630208341346154 0.5003877812499999 0.4612847211538461 0.5281655576923077 0.5028790504807692 0.5288728629807692 0.5064236105769231 0.5055318149038461 0.49799623798076925 0.5028311971153846
11 0.5503299735576923 0.4953169519230769 0.5123887115384615 0.4977603677884615 0.5102909110576923 0.5109419519230769 0.5118100072115385 0.5317109855769231 0.5546340817307692 0.5317109855769231 0.5532596610576923 0.5005252860576923 0.5503299735576923 0.4953169519230769
11 0.553209579326923 0.49648326201923076 0.5543669879807692 0.533198798076923 0.5989583341346154 0.5356125360576923 0.5993589735576923 0.49786324759615386 0.553209579326923 0.49648326201923076
11 0.6357588798076923 0.49790479567307694 0.5976729423076923 0.49964090625 0.5986495048076923 0.5326270192307693 0.6430288461538461 0.5342988293269231 0.6436075504807692 0.49726179086538463 0.6357588798076923 0.49790479567307694
11 0.6865484783653847 0.5038253798076924 0.6836187908653847 0.4986170456730769 0.6465094158653847 0.4986170456730769 0.6435797283653847 0.5038253798076924 0.6424946586538461 0.5331592283653847 0.6847400288461538 0.5360398870192308 0.6865484783653847 0.5281309350961538 0.6865484783653847 0.5038253798076924
11 0.7321141610576922 0.4985141658653846 0.6901219735576922 0.5002502764423077 0.6901219735576922 0.5280280552884615 0.6930516610576922 0.5332363870192307 0.7311375985576922 0.5315002764423077 0.7330907235576922 0.5280280552884615 0.7321141610576922 0.4985141658653846
11 0.6887019230769231 0.53133903125 0.6895404879807692 0.5703011225961538 0.7316773509615384 0.5712013293269231 0.7299412403846154 0.5351930985576924 0.6887019230769231 0.53133903125
11 0.6806891033653847 0.5370370360576924 0.6370192307692307 0.5341880336538462 0.6373748004807692 0.5707601298076923 0.6735076129807692 0.5724962403846153 0.6787882836538461 0.5716603365384615 0.6806891033653847 0.5370370360576924
11 0.594150641826923 0.5341880336538462 0.5943465096153846 0.569808483173077 0.6370192307692307 0.5698005697115385 0.6358323317307693 0.5366294711538462 0.594150641826923 0.5341880336538462
11 0.5490162043269231 0.534330483173077 0.5501012740384615 0.5632013701923078 0.5530309615384615 0.5684097019230769 0.5935763894230769 0.5703387139423077 0.59415509375 0.5353592908653846 0.5490162043269231 0.534330483173077
11 0.5071386442307693 0.5319226802884616 0.5042089567307693 0.537131014423077 0.5042089567307693 0.5614365697115384 0.5071386442307693 0.5666449038461538 0.5492031706730769 0.5716603365384615 0.5503605769230769 0.5335944927884616 0.5071386442307693 0.5319226802884616
11 0.4601718293269231 0.5283554927884615 0.46172709615384616 0.5641065216346154 0.50531071875 0.5684789495192308 0.504732016826923 0.5345283317307692 0.4601718293269231 0.5283554927884615
11 0.49529970192307693 0.5670405985576923 0.462277420673077 0.5658831899038461 0.45916688942307693 0.5965544879807692 0.46209657692307693 0.6017628197115384 0.5027866802884615 0.6049778413461538 0.5033653846153846 0.5699984182692307 0.49529970192307693 0.5670405985576923
11 0.5060274206730769 0.5678616658653847 0.5054487187500001 0.6028410889423077 0.5505876057692307 0.6048987019230769 0.5475855817307692 0.569404875 0.5060274206730769 0.5678616658653847
11 0.5493495144230769 0.571652420673077 0.5493495144230769 0.602902420673077 0.5922097572115385 0.60714625 0.5922097572115385 0.5721668245192307 0.5493495144230769 0.571652420673077
11 0.6313818774038461 0.5715337139423077 0.5932959399038462 0.5732698245192307 0.5941639951923077 0.6090851538461538 0.6381454783653846 0.6049699278846153 0.6364093653846153 0.5741057307692308 0.6313818774038461 0.5715337139423077
11 0.6778217379807692 0.5733855649038462 0.6356125360576923 0.5728711610576923 0.6367699423076923 0.6088793918269231 0.6768451754807692 0.6063716754807692 0.6787983004807692 0.602899454326923 0.6778217379807692 0.5733855649038462
11 0.6813301274038461 0.5686767956730769 0.6805705793269231 0.6045564254807693 0.7254273509615385 0.6040677427884615 0.7260060552884616 0.5680595120192308 0.6813301274038461 0.5686767956730769
11 0.6794215192307692 0.6108865552884615 0.6764918317307692 0.6056782211538462 0.6385505697115386 0.6074786322115384 0.6373931634615384 0.64142925 0.6794871802884616 0.6424501418269231 0.6794215192307692 0.635192110576923 0.6794215192307692 0.6108865552884615
11 0.5976679350961539 0.6063904711538461 0.5927127860576923 0.6071620769230769 0.5938701923076923 0.6421414999999999 0.6366942668269231 0.6411126947115384 0.637851673076923 0.6071620769230769 0.5976679350961539 0.6063904711538461
11 0.5509259254807692 0.6016065216346154 0.548611110576923 0.6396723653846154 0.59375 0.6407011706730769 0.59259259375 0.6057217475961538 0.5509259254807692 0.6016065216346154
11 0.5069054927884615 0.604984766826923 0.5065438028846153 0.6389996826923077 0.5511039879807692 0.641057295673077 0.5511039879807692 0.6029914519230769 0.5069054927884615 0.604984766826923
11 0.5057581009615385 0.6097390384615384 0.5028284134615385 0.6045307067307693 0.46221064903846154 0.6032446971153846 0.4616319447115385 0.6361665072115384 0.5052083341346154 0.6410256418269231 0.5057581009615385 0.6340445937499999 0.5057581009615385 0.6097390384615384
11 0.46210381009615387 0.6333412475961538 0.46274038461538464 0.6721272548076923 0.5061431634615384 0.6752136754807693 0.5056089735576923 0.6424501418269231 0.46210381009615387 0.6333412475961538
11 0.5467219783653846 0.6406042259615384 0.5066829158653846 0.6423403365384615 0.5074786322115384 0.6741690408653847 0.5500801274038462 0.6766381754807692 0.5496516658653846 0.64928478125 0.5467219783653846 0.6406042259615384
11 0.550707798076923 0.6417220649038462 0.5501290961538461 0.674643875 0.592953170673077 0.6777302932692308 0.592953170673077 0.6427508701923077 0.550707798076923 0.6417220649038462
11 0.5925480769230769 0.639601139423077 0.5923221610576923 0.6506400360576923 0.5923221610576923 0.6714733701923077 0.5952518485576923 0.676681701923077 0.6359419519230769 0.6762187403846155 0.6356525985576924 0.6429882884615385 0.5925480769230769 0.639601139423077
11 0.6367699423076923 0.6425609375 0.6364082524038461 0.6710460192307692 0.6367699423076923 0.6795979735576924 0.6790153125 0.6765115552884615 0.6767004975961538 0.6425609375 0.6367699423076923 0.6425609375
11 0.6795361466346154 0.6404004423076923 0.6795361466346154 0.6784662860576923 0.7217815168269232 0.6764086730769231 0.71955128125 0.639601139423077 0.6795361466346154 0.6404004423076923
11 0.6798032403846155 0.6949588485576924 0.6769097211538462 0.7278806586538462 0.7151041658653846 0.7309670793269232 0.7179976850961538 0.6970164615384615 0.6798032403846155 0.6949588485576924
11 0.6377314807692307 0.6903292187500001 0.6371961802884616 0.7194058653846154 0.6401258677884616 0.7246141971153846 0.6762586802884616 0.7228780865384615 0.6780671298076922 0.6931069951923077 0.6377314807692307 0.6903292187500001
11 0.5960648149038461 0.6936213990384614 0.5959997115384615 0.7234825096153846 0.6358217596153846 0.7259259254807693 0.6352430552884616 0.6919753076923078 0.5960648149038461 0.6936213990384614
11 0.5936342596153846 0.6916666658653846 0.5558376730769231 0.6898662548076923 0.5529079855769231 0.6950745889423077 0.5529079855769231 0.7193801442307692 0.5587673605769231 0.7228523653846154 0.5930555552884615 0.7204732500000001 0.5936342596153846 0.6916666658653846
11 0.5121527788461538 0.690020576923077 0.5114293990384615 0.7177340528846153 0.5143590865384615 0.7229423870192307 0.5509259254807692 0.7250000000000001 0.5523148149038462 0.6886831274038462 0.5121527788461538 0.690020576923077
11 0.4704282403846154 0.6937242788461538 0.47075376201923075 0.7245884783653846 0.5109375 0.723559670673077 0.50978009375 0.6896090528846154 0.4704282403846154 0.6937242788461538
11 0.5087384254807692 0.723559670673077 0.46695601923076924 0.7204732500000001 0.46656539423076926 0.7499871394230768 0.46949508173076926 0.7551954735576923 0.47828414423076926 0.7534593629807692 0.5070023149038462 0.7544238677884615 0.5087384254807692 0.723559670673077
11 0.5111689807692308 0.7256172836538461 0.5094111682692307 0.7550154326923076 0.5481481490384615 0.7577160504807693 0.5493055552884616 0.7268518509615384 0.5111689807692308 0.7256172836538461
11 0.5508101850961539 0.7247942379807693 0.5502893509615384 0.7544238677884615 0.5907407403846153 0.7566872427884616 0.5901982067307693 0.7247942379807693 0.5508101850961539 0.7247942379807693
11 0.594943576923077 0.7220164615384616 0.5940972211538461 0.7553497932692307 0.6352430552884616 0.7581275721153846 0.6352430552884616 0.7238683124999999 0.594943576923077 0.7220164615384616
11 0.6376736105769231 0.7209876538461538 0.6359375 0.7559670793269231 0.6752893509615384 0.7569958846153846 0.6747106490384615 0.723045266826923 0.6376736105769231 0.7209876538461538
11 0.6785300937500001 0.7258230456730769 0.676215278846154 0.7618312764423076 0.716579860576923 0.75880915625 0.7178819447115384 0.7268518509615384 0.6785300937500001 0.7258230456730769
11 0.6801070600961538 0.7627957812499999 0.6780092596153846 0.7973251033653846 0.7185185192307693 0.7962962956730769 0.7202546298076923 0.7613168725961538 0.6801070600961538 0.7627957812499999
11 0.6370370360576924 0.759979423076923 0.6370370360576924 0.7887860072115385 0.6752314807692308 0.7939300408653847 0.6752314807692308 0.759979423076923 0.6370370360576924 0.759979423076923
11 0.5936342596153846 0.7565843629807693 0.5937427668269231 0.7896347740384615 0.6341435192307692 0.79259259375 0.6318287043269231 0.7576131682692308 0.5936342596153846 0.7565843629807693
11 0.5519097211538462 0.754835391826923 0.5490162043269231 0.7918724278846153 0.5901041658653846 0.7898148149038462 0.5906828701923077 0.7579218100961539 0.5519097211538462 0.754835391826923
11 0.5078703701923077 0.7587448557692308 0.5078703701923077 0.7916666658653846 0.54803240625 0.7912551442307693 0.5465350120192307 0.7574588485576924 0.5078703701923077 0.7587448557692308
11 0.5063078701923077 0.75740740625 0.4674189807692307 0.7568930048076923 0.46800491826923074 0.7904578197115384 0.5074652788461539 0.7934156370192308 0.5063078701923077 0.7656378605769232 0.5063078701923077 0.75740740625
11 0.4692708341346154 0.7893004110576923 0.46811342548076923 0.8263374495192307 0.5092013894230769 0.8222222211538461 0.50685040625 0.7939300408653847 0.4692708341346154 0.7893004110576923
11 0.5479745360576923 0.7929012355769232 0.5068865745192308 0.7887860072115385 0.5068865745192308 0.8237654326923077 0.5456597211538461 0.822736625 0.5479745360576923 0.8237654326923077 0.5479745360576923 0.7929012355769232
11 0.58946759375 0.7905349783653846 0.5495949062500001 0.7912551442307693 0.5494646995192307 0.8191486634615385 0.5523943870192307 0.8243569951923077 0.5865740745192307 0.8226208846153846 0.58946759375 0.8255144038461538 0.58946759375 0.7905349783653846
11 0.6328125 0.7959747932692308 0.6298828125 0.7907664615384615 0.5934606490384615 0.7906378605769231 0.59375 0.8202803509615385 0.5966796875 0.8254886826923078 0.630859375 0.8237525721153846 0.6328125 0.8202803509615385 0.6328125 0.7959747932692308
11 0.6369212956730769 0.7908436225961538 0.6359809038461539 0.8215149182692307 0.6389105913461539 0.82672325 0.6785879639423077 0.8278806586538461 0.6774305552884615 0.7949588485576923 0.6369212956730769 0.7908436225961538
11 0.6789496538461539 0.7971064807692307 0.6789496538461539 0.81446759375 0.6769965288461539 0.8214120360576923 0.6799262163461539 0.8266203701923077 0.7160590288461539 0.8248842596153847 0.717361110576923 0.7969135793269231 0.6789496538461539 0.7971064807692307
11 0.7162615745192308 0.8269547331730769 0.67830584375 0.8285751033653846 0.67537615625 0.8337834350961538 0.67537615625 0.8580889927884615 0.67830584375 0.8632973245192308 0.70076678125 0.8615612139423077 0.7157407403846154 0.8584362139423077 0.7162615745192308 0.8269547331730769
11 0.6676287620192307 0.8299897115384615 0.63634259375 0.8276748966346154 0.6354021995192307 0.8560313774038462 0.6383318870192307 0.8612397115384615 0.6744646995192307 0.8595036009615384 0.6762731490384616 0.8245884783653845 0.6676287620192307 0.8299897115384615
11 0.5938078701923077 0.8294881682692308 0.5923611105769231 0.8618312764423077 0.6351851850961538 0.8618312764423077 0.6346064807692307 0.8268518509615385 0.5938078701923077 0.8294881682692308
11 0.5875578701923077 0.8256172836538462 0.5479166658653847 0.8255144038461538 0.5488208918269231 0.8601080240384615 0.5849537043269231 0.8583719134615385 0.5869068293269231 0.8548996923076922 0.5875578701923077 0.8256172836538462
11 0.5461226850961538 0.8242798365384616 0.5067708341346153 0.8232510288461538 0.5073495360576923 0.8536651225961538 0.5102792235576923 0.8588734567307692 0.5444589110576923 0.8571373461538462 0.5464120360576923 0.8536651225961538 0.5461226850961538 0.8242798365384616
11 0.5068865745192308 0.8252057620192308 0.4663773149038462 0.8241769543269231 0.4664496538461539 0.859092079326923 0.4801215288461539 0.859092079326923 0.5045355913461539 0.8573559663461539 0.5068865745192308 0.8252057620192308
11 0.4659866899038461 0.8628729423076924 0.4669632524038461 0.8923868317307692 0.5070023149038462 0.8944444447115385 0.50584490625 0.8615226346153846 0.4659866899038461 0.8628729423076924
11 0.50584490625 0.8594650216346154 0.506242766826923 0.89032921875 0.5451967596153846 0.8923868317307692 0.5451967596153846 0.860493826923077 0.50584490625 0.8594650216346154
11 0.5467013894230769 0.8615226346153846 0.5476056129807693 0.8923868317307692 0.5866319447115385 0.8923868317307692 0.5866319447115385 0.8615226346153846 0.5467013894230769 0.8615226346153846
11 0.5928240745192308 0.8629758221153847 0.5928240745192308 0.8907536009615384 0.5957537620192308 0.8959619350961538 0.6324652788461538 0.8955761322115384 0.634201389423077 0.8636831274038462 0.5928240745192308 0.8629758221153847
11 0.6583116322115384 0.8644290120192307 0.6368272572115384 0.8644290120192307 0.6338975697115384 0.8696373461538461 0.6348741322115384 0.8956790120192307 0.6724537043269231 0.8987654326923077 0.6730324062499999 0.8627572019230769 0.6583116322115384 0.8644290120192307
11 0.6767361105769231 0.8636831274038462 0.6773148149038462 0.8966049375 0.7160879639423077 0.8976337451923077 0.7166666658653846 0.8616255144230769 0.6767361105769231 0.8636831274038462
11 0.7121600120192307 0.8991512355769231 0.6766782403846154 0.8956790120192307 0.6751157403846153 0.9299382716346154 0.7148726850961539 0.9316872427884615 0.7141131370192307 0.8956790120192307 0.7121600120192307 0.8991512355769231
11 0.6339699062499999 0.8968106995192309 0.6333912043269231 0.9297325096153847 0.6730324062499999 0.9310699591346154 0.6724537043269231 0.8971193413461538 0.6339699062499999 0.8968106995192309
11 0.5954788774038462 0.8979166658653847 0.5925491899038462 0.903125 0.5935257524038462 0.9291666658653847 0.6329861105769231 0.9283950625 0.6335648149038462 0.8985596706730768 0.5954788774038462 0.8979166658653847
11 0.5483796298076923 0.8936213990384616 0.5483796298076923 0.927572016826923 0.58946759375 0.9255144038461538 0.5888888894230769 0.89259259375 0.5483796298076923 0.8936213990384616
11 0.5078703701923077 0.8933127572115385 0.5072916658653847 0.903407920673077 0.5072916658653847 0.9207690336538461 0.5102213533653847 0.9259773653846154 0.5463541658653847 0.9242412548076923 0.5489583341346154 0.8943415649038461 0.5078703701923077 0.8933127572115385
11 0.466796875 0.894611625 0.466796875 0.9189171802884615 0.46562499999999996 0.9264403293269231 0.5063657403846153 0.926954733173077 0.5048828125 0.8928755144230769 0.466796875 0.894611625
11 0.4686848966346154 0.9273148149038462 0.4657552091346154 0.9325231490384615 0.4667317716346154 0.9585648149038462 0.5056134254807693 0.9584362139423077 0.5067708341346153 0.927572016826923 0.4686848966346154 0.9273148149038462
11 0.5078125 0.927572016826923 0.5083333341346153 0.9575488677884615 0.5132161466346153 0.962757201923077 0.5473958341346153 0.9610210913461539 0.5464192716346153 0.931507201923077 0.5078125 0.927572016826923
11 0.5484953701923077 0.9271604927884615 0.5484953701923077 0.9600823052884616 0.5884259254807692 0.9621399182692307 0.5885416658653846 0.9290123461538461 0.5484953701923077 0.9271604927884615
11 0.59139178125 0.9335519543269231 0.59139178125 0.9578575096153846 0.59432146875 0.96306584375 0.6312500000000001 0.9604938269230769 0.6312500000000001 0.9296296298076924 0.59139178125 0.9335519543269231
11 0.6335069447115385 0.9274691346153846 0.6340856490384615 0.9645061730769231 0.67228009375 0.9634773653846154 0.6734374999999999 0.9326131682692308 0.6335069447115385 0.9274691346153846
11 0.6325231490384616 0.9668595673076923 0.6325231490384616 0.9965020576923076 0.6712962956730769 0.99547325 0.6730324062499999 0.9635802475961538 0.6325231490384616 0.9668595673076923
11 0.6772786466346153 0.9312242788461538 0.6743489591346153 0.9364326129807693 0.6743489591346153 0.9607381682692308 0.715277778846154 0.9629629639423077 0.7130208341346154 0.9289094639423077 0.6772786466346153 0.9312242788461538
11 0.6737123846153845 0.9639789086538462 0.6732060192307692 0.9967078197115384 0.7119791658653847 0.99259259375 0.715277778846154 0.9650205769230769 0.6737123846153845 0.9639789086538462
11 0.6311921298076922 0.9625514399038462 0.5906828701923077 0.9656378605769231 0.5906828701923077 0.9965020576923076 0.6089120360576923 0.9939943413461538 0.6323495360576923 0.9934156370192307 0.6311921298076922 0.9625514399038462
11 0.5464554399038462 0.9678626538461538 0.5474320024038462 0.9973765432692308 0.5864583341346153 0.9960905360576924 0.5870370360576923 0.9631687235576922 0.5464554399038462 0.9678626538461538
11 0.5452618629807693 0.9644804519230769 0.5060185192307692 0.9625514399038462 0.50665509375 0.9943415649038462 0.5442853004807693 0.9939943413461538 0.5462384254807693 0.9905221201923078 0.5452618629807693 0.9644804519230769
11 0.4660879639423077 0.9598765432692308 0.46712962980769235 0.9932098774038463 0.5052806706730769 0.9912422836538461 0.5043041081730769 0.9617283942307692 0.4660879639423077 0.9598765432692308
11 0.4583605985576923 0.37856323317307694 0.41752581971153846 0.3794634375 0.41752581971153846 0.41752928125 0.4638221153846154 0.41855808894230767 0.4612902860576923 0.3837715649038461 0.4583605985576923 0.37856323317307694
11 0.41452991346153845 0.415717 0.41653367548076925 0.45349992067307693 0.46047898798076925 0.4554289326923077 0.45990028605769234 0.4142766706730769 0.41452991346153845 0.415717
11 0.41261574038461535 0.4593225697115385 0.412109375 0.4879105336538462 0.4150390625 0.49311886778846153 0.4588541658653846 0.4926559038461538 0.45746527884615384 0.4558246274038461 0.41261574038461535 0.4593225697115385
11 0.41561164423076924 0.5312440649038461 0.4599358966346154 0.5306267812500001 0.45843571875 0.4911206081730769 0.4132968293269231 0.4955573365384615 0.41561164423076924 0.5312440649038461
11 0.45530793750000004 0.5311312908653846 0.41819856250000004 0.5311312908653846 0.41526887500000004 0.536339625 0.41526887500000004 0.5606451802884616 0.41819856250000004 0.565853514423077 0.45809294951923074 0.5677825264423076 0.45823762500000004 0.536339625 0.45530793750000004 0.5311312908653846
11 0.41215277884615387 0.5692891346153846 0.4133680552884615 0.6064419110576923 0.4561342596153847 0.6009892379807693 0.4561342596153847 0.5660098125 0.41215277884615387 0.5692891346153846
11 0.41638621875 0.6073836658653846 0.41718193509615387 0.6340683365384615 0.42011162259615387 0.6392766706730769 0.46033653846153844 0.6367521370192308 0.45953525721153843 0.6039886033653846 0.41638621875 0.6073836658653846
11 0.41582865865384616 0.6399424254807692 0.41503294230769233 0.6769151634615385 0.45959312740384617 0.6758863557692307 0.45913461538461536 0.6417378918269231 0.41582865865384616 0.6399424254807692
11 0.4109953701923077 0.6926954735576923 0.41153790625000003 0.7290895072115385 0.45157696875000003 0.7273533942307692 0.45266203605769234 0.6947530865384616 0.4109953701923077 0.6926954735576923
11 0.41331018509615386 0.7278806586538462 0.41446759375000003 0.7628600817307691 0.45324074038461537 0.763888889423077 0.4553819447115384 0.7291152259615384 0.4185185192307692 0.7309670793269232 0.41331018509615386 0.7278806586538462
11 0.4525969326923077 0.7633744855769231 0.4174406826923077 0.7633744855769231 0.4145109951923077 0.7685828197115385 0.4154513894230769 0.7998971201923077 0.4565393509615384 0.7978395072115384 0.4555266201923077 0.7685828197115385 0.4525969326923077 0.7633744855769231
11 0.4157262740384615 0.7985982500000001 0.4149305552884615 0.8353909471153845 0.45659722115384616 0.8305555552884616 0.4560185192307692 0.7976337451923077 0.4157262740384615 0.7985982500000001
11 0.41820023076923074 0.8345550408653846 0.41820023076923074 0.8588605961538461 0.42112991826923074 0.8640689302884615 0.45726273076923074 0.8623328197115385 0.4582754639423077 0.8317901225961539 0.41820023076923074 0.8345550408653846
11 0.42095630769230774 0.8640689302884615 0.41802662019230774 0.869277264423077 0.41802662019230774 0.8935828197115385 0.42095630769230774 0.8987911514423076 0.45810185096153844 0.9017489711538461 0.4592592596153846 0.8647119350961538 0.42095630769230774 0.8640689302884615
11 0.4181712956730769 0.8987654326923077 0.41802662019230774 0.9249356995192308 0.41874999999999996 0.9368312764423077 0.4592592596153846 0.9337448557692307 0.4592592596153846 0.8997942379807693 0.4181712956730769 0.8987654326923077
11 0.41753472115384616 0.9308641971153846 0.415798610576923 0.9689300408653847 0.459201389423077 0.967901235576923 0.4580439807692308 0.9339506177884616 0.41753472115384616 0.9308641971153846
11 0.4171006947115385 0.9694573052884615 0.4180772572115385 0.9989711923076924 0.4577546298076923 1 0.4581163197115385 0.9694573052884615 0.4171006947115385 0.9694573052884615
11 0.6826344375000001 0.6069563149038462 0.6821136033653846 0.6393637235576922 0.7248219375 0.6412155745192307 0.7258636033653846 0.6078822403846154 0.6826344375000001 0.6069563149038462
11 0.39279291346153844 0.17718423557692306 0.39227207932692304 0.21329534615384615 0.43393874759615386 0.21144349519230768 0.4344595793269231 0.17718423557692306 0.39279291346153844 0.17718423557692306
11 0.5328525649038461 0.025641026442307695 0.5283203125 0.027777778846153844 0.4891826923076923 0.024216524038461536 0.48828125 0.03298611057692308 0.4891826923076923 0.06054131009615385 0.529296875 0.06076388942307693 0.53125 0.05381944471153846 0.5328525649038461 0.025641026442307695
11 0.5720402644230769 0.024928774038461537 0.5339543269230769 0.02666488701923077 0.5332532043269231 0.06054131009615385 0.5757211538461539 0.06125356009615384 0.5761217956730769 0.022079771634615386 0.5720402644230769 0.024928774038461537
11 0.5780749206730769 0.024528134615384615 0.578125 0.057692307692307696 0.6213942307692307 0.059829060096153845 0.6213942307692307 0.027065526442307693 0.5780749206730769 0.024528134615384615
11 0.6217948725961538 0.022792021634615387 0.6225961538461539 0.06054131009615385 0.6630608966346153 0.0633903125 0.6646634615384616 0.028490028846153845 0.6217948725961538 0.022792021634615387
11 0.6656149831730769 0.024617165865384615 0.6638621802884616 0.06267806249999999 0.7083333341346154 0.06267806249999999 0.7079326923076923 0.025641026442307695 0.6656149831730769 0.024617165865384615
11 0.4326923076923077 0.001424502403846154 0.4334935889423077 0.029914528846153848 0.4766125793269231 0.029602920673076922 0.4767628197115385 0 0.4326923076923077 0.001424502403846154
11 0.7109375 0.026041665865384613 0.7087339735576923 0.06125356009615384 0.751953125 0.06076388942307693 0.7509765625 0.027777778846153844 0.7109375 0.026041665865384613
11 0.3894230769230769 0.001424502403846154 0.39022435817307694 0.029914528846153848 0.43229166586538464 0.027777778846153844 0.4306640625 0 0.3894230769230769 0.001424502403846154
11 0.34615384615384615 0.001424502403846154 0.3477564110576923 0.024928774038461537 0.3894230769230769 0.029202278846153847 0.390625 0 0.34615384615384615 0.001424502403846154
11 0.34517728365384615 0 0.3012820504807692 0.002136752403846154 0.3004807692307692 0.028490028846153845 0.34420072115384615 0.026041665865384613 0.34615384615384615 0.022569444711538465 0.34517728365384615 0
11 0.25696113701923073 0.001736110576923077 0.25793769951923073 0.027777778846153844 0.29967948798076927 0.032763533653846155 0.3016826923076923 0.00071225 0.25696113701923073 0.001736110576923077
11 0.21484375 0.001736110576923077 0.21484375 0.015625 0.21674679567307692 0.028490028846153845 0.25801281971153844 0.029202278846153847 0.25721153846153844 0.002849002403846154 0.21484375 0.001736110576923077