10 0.4406462980769231 0.5152016442307692 0.5563780745192308 0.5157584615384615 0.5593455865384616 0.5062924567307692 0.5597061634615385 0.4853740192307692 0.4436138100961538 0.4873604567307692 0.4406462980769231 0.5152016442307692
10 0.4549244302884615 0.4834712932692308 0.5749164471153846 0.4853740192307692 0.5782965817307693 0.45302779326923076 0.4583044350961538 0.45112506490384613 0.4549244302884615 0.4834712932692308
10 0.44478428365384615 0.4825199471153846 0.45154442548076923 0.45017368269230773 0.3384867451923077 0.4494933341346154 0.3294686009615385 0.48061721875 0.44478428365384615 0.4825199471153846
10 0.2137098173076923 0.47254891346153843 0.3300426514423077 0.4769400432692308 0.3337135120192307 0.44775196153846153 0.21593847115384615 0.44236229326923077 0.2137098173076923 0.47254891346153843
10 0.31932845432692303 0.4834712932692308 0.31594844951923073 0.5101094086538461 0.4325604591346154 0.5120121009615385 0.4325604591346154 0.4834712932692308 0.31932845432692303 0.4834712932692308
10 0.18750628846153847 0.5082066802884616 0.3058083028846154 0.5101094086538461 0.3108783125 0.48061721875 0.1948094591346154 0.4780175024038461 0.18750628846153847 0.5082066802884616
10 0.08610456250000001 0.4663468149038461 0.20609657932692307 0.47300634374999995 0.20947658413461537 0.4425628100961539 0.08916439423076923 0.43760826442307693 0.08610456250000001 0.4663468149038461
10 0.06981664663461538 0.5012327692307692 0.18472835096153845 0.5062614206730769 0.19203723557692307 0.47654666586538463 0.07258428125 0.4720549975961538 0.06981664663461538 0.5012327692307692
10 0.5762319014423076 0.48917947596153843 0.6911537812499999 0.4901308221153846 0.6936413581730769 0.4568332139423077 0.5829919134615384 0.4568332139423077 0.5762319014423076 0.48917947596153843
10 0.5677817572115385 0.4901308221153846 0.5661403822115385 0.5169243846153846 0.6832963990384615 0.5190676875 0.6855906778846154 0.4909128076923077 0.5677817572115385 0.4901308221153846
10 0.7063640649038461 0.48727674759615386 0.822976076923077 0.4834712932692308 0.822976076923077 0.45493048557692306 0.7080540673076924 0.45588186778846157 0.7063640649038461 0.48727674759615386
10 0.7046740625 0.5177202836538461 0.8263560817307692 0.5167689014423077 0.8263560817307692 0.48917947596153843 0.7061315649038461 0.4899025721153846 0.7046740625 0.5177202836538461
10 0.949728233173077 0.5139148269230769 0.9512528341346154 0.48305860096153846 0.8327854134615384 0.4869814471153846 0.8297988846153845 0.5150017499999999 0.949728233173077 0.5139148269230769
10 0.7776631802884615 0.681903485576923 0.8897252884615384 0.6800214807692307 0.8897252884615384 0.651066639423077 0.7800088245192308 0.6528537524038461 0.7776631802884615 0.681903485576923
10 0.7759852596153846 0.5823515865384615 0.8897252884615384 0.5797931899038461 0.8867577764423077 0.550838360576923 0.7773618413461538 0.5539384086538461 0.7759852596153846 0.5823515865384615
10 0.6832963990384615 0.5529051971153847 0.7984692355769231 0.5503221826923077 0.7980103533653846 0.5219090024038462 0.6819198533653845 0.5239754134615384 0.6832963990384615 0.5529051971153847
10 0.5474756899038462 0.5486110673076923 0.6602399519230769 0.5497247091346154 0.661229173076923 0.52244034375 0.55179978125 0.5204658125 0.5474756899038462 0.5486110673076923
10 0.052895281249999995 0.5341336466346154 0.16929852644230767 0.539633375 0.17011061057692306 0.5231759783653847 0.17132876923076923 0.5090043245192308 0.05438679086538461 0.5060328509615385 0.052895281249999995 0.5341336466346154
10 0.1770134543269231 0.539633375 0.29128304326923077 0.5430428293269232 0.2942504783653846 0.5129743413461538 0.18066786538461538 0.5094614759615385 0.17823158173076925 0.5222616754807692 0.1770134543269231 0.539633375
10 0.3046662091346154 0.5416015673076923 0.4184510216346154 0.5453070769230769 0.4189823846153846 0.5184877043269231 0.3075327932692308 0.5159595961538461 0.3046662091346154 0.5416015673076923
10 0.4277871802884615 0.5474974158653846 0.5405515192307692 0.5486110673076923 0.5405515192307692 0.5190993990384615 0.4306066370192308 0.5190745649038462 0.4277871802884615 0.5474974158653846
10 0.8096032091346154 0.5441564711538461 0.8105924302884616 0.5491678822115384 0.9223676225961538 0.5463837620192308 0.9223676225961538 0.517985764423077 0.8086141394230769 0.5196562259615385 0.8096032091346154 0.5441564711538461
10 0.047949478365384615 0.5680998990384615 0.16316059615384615 0.57144084375 0.16467043750000002 0.5430428293269232 0.04940711298076923 0.5397018846153846 0.047949478365384615 0.5680998990384615
10 0.17404142548076923 0.5731113100961539 0.28779491105769234 0.5758954302884616 0.28977320192307693 0.5480542403846154 0.17503056971153846 0.5447132956730769 0.17404142548076923 0.5731113100961539
10 0.29570815144230767 0.575338625 0.40748334375 0.579236375 0.41045078125 0.550838360576923 0.2996648076923077 0.5480542403846154 0.29570815144230767 0.575338625
10 0.4153965841346154 0.5786795480769231 0.5242042668269231 0.5814636682692308 0.5281609230769231 0.551952 0.4153965841346154 0.550838360576923 0.4153965841346154 0.5786795480769231
10 0.5331067283653846 0.5825773076923076 0.6448819206730769 0.5842477860576923 0.6488385048076922 0.5564065985576924 0.5340958725961539 0.5530656538461538 0.5331067283653846 0.5825773076923076
10 0.7709378870192308 0.5841596899038461 0.771396701923077 0.5557465216346154 0.6592603461538461 0.5567026899038462 0.6585181778846153 0.5862261105769231 0.7709378870192308 0.5841596899038461
10 0.1760836201923077 0.4369032908653846 0.29263300240384615 0.44206932451923076 0.29355073557692307 0.41133143028846153 0.17852576682692306 0.40665240625000004 0.1760836201923077 0.4369032908653846
10 0.14992885096153846 0.4363866850961538 0.16965966586538464 0.3725861899038462 0.1154221826923077 0.36663899759615387 0.09644813942307692 0.4299291442307692 0.14992885096153846 0.4363866850961538
10 0.29375613942307693 0.4071986033653846 0.29559160576923077 0.37620240625 0.17766563942307692 0.3715529783653846 0.17583020913461536 0.4020325721153846 0.29375613942307693 0.4071986033653846
10 0.3026011298076923 0.4076756658653846 0.4205270600961538 0.41180849999999997 0.42328022115384617 0.3808123028846154 0.30535425721153847 0.37693778365384617 0.3026011298076923 0.4076756658653846
10 0.47001509855769236 0.41124406971153843 0.5856467836538461 0.41511859375 0.5888587620192308 0.3841223966346154 0.4728179375 0.38083730288461537 0.47001509855769236 0.41124406971153843
10 0.6732882019230769 0.4520557331730769 0.6751236682692308 0.4205429326923077 0.561736625 0.42020533413461536 0.5581154014423076 0.45102252403846155 0.6732882019230769 0.4520557331730769
10 0.7765307596153845 0.41382708413461533 0.7756130625 0.38257259134615385 0.6590637139423077 0.38541390625000005 0.6604402956730768 0.41666840865384613 0.7765307596153845 0.41382708413461533
10 0.7796577067307692 0.3784397596153846 0.7796577067307692 0.3469269735576923 0.6649970360576922 0.34953649038461543 0.6649437548076923 0.38128108413461537 0.7796577067307692 0.3784397596153846
10 0.6406244182692308 0.38128108413461537 0.6452129759615384 0.34976828365384616 0.5291224399038461 0.3469269735576923 0.5249927307692308 0.3774065600961538 0.6406244182692308 0.38128108413461537
10 0.26638285576923076 0.37146562499999997 0.3847676682692308 0.3753401490384615 0.38660306490384616 0.34382734375 0.26913598317307696 0.3402111201923077 0.26638285576923076 0.37146562499999997
10 0.12918496153846154 0.3631999711538461 0.2469699206730769 0.3701741153846154 0.2510996298076923 0.33866131009615386 0.1327148173076923 0.33194547115384615 0.12918496153846154 0.3631999711538461
10 0.1492344110576923 0.32753588942307693 0.2676192259615385 0.33683474278846154 0.27174893509615383 0.30454704086538464 0.15290527163461537 0.2970562980769231 0.1492344110576923 0.32753588942307693
10 0.3089162475961539 0.3006725168269231 0.31212822596153844 0.2683848173076923 0.19401482932692307 0.2627332091346154 0.18915488942307693 0.2944732836538461 0.3089162475961539 0.3006725168269231
10 0.43890390625 0.30583854807692307 0.44073933653846153 0.27200103846153845 0.3236640120192308 0.26886429567307696 0.32097797596153843 0.30196402403846156 0.43890390625 0.30583854807692307
10 0.44730075721153845 0.3042887427884616 0.5638501057692308 0.3073883653846154 0.5656855360576923 0.2895655480769231 0.5656855360576923 0.27406744951923073 0.44929750961538456 0.2720911826923077 0.44730075721153845 0.3042887427884616
10 0.6817760721153847 0.3120377908653846 0.6877412115384616 0.28052499038461537 0.5760783485576924 0.2753180697115385 0.5698152451923076 0.3076466610576923 0.6817760721153847 0.3120377908653846
10 0.6519504447115385 0.3466502139423077 0.6560801177884615 0.3146208076923077 0.5405108725961538 0.3111365264423077 0.5354010600961538 0.3430340072115384 0.6519504447115385 0.3466502139423077
10 0.4064625841346154 0.3407092692307692 0.5253062451923077 0.34277568990384616 0.5276005264423077 0.31126288942307695 0.4097143533653846 0.3092003942307692 0.4064625841346154 0.3407092692307692
10 0.3991208990384615 0.3390043341346154 0.4000385961538461 0.32402284374999996 0.40141517788461534 0.3092996442307693 0.2858018605769231 0.30468275 0.28257149759615385 0.33554323557692306 0.3991208990384615 0.3390043341346154
10 0.5083285600961539 0.3774912716346154 0.5101639903846154 0.3459784807692308 0.3954500384615385 0.3446869735576923 0.3926969086538462 0.3764580721153846 0.5083285600961539 0.3774912716346154
10 0.7483101634615384 0.34313715625 0.7579461634615385 0.2759787331730769 0.7034328557692308 0.2733819375 0.6932474663461539 0.34055414182692306 0.7483101634615384 0.34313715625
10 0.8014622860576923 0.45008269471153844 0.8014622860576923 0.42037800721153845 0.6890911322115384 0.4218187788461538 0.6867483317307692 0.4516325096153846 0.8014622860576923 0.45008269471153844
10 0.9102110985576922 0.40875443990384613 0.9088345865384616 0.37749993990384617 0.79366175 0.3798246538461539 0.7927440168269231 0.41056254807692305 0.9102110985576922 0.40875443990384613
10 0.8757969134615385 0.3391210600961539 0.8767146802884616 0.3262059783653846 0.8757969134615385 0.30709165865384613 0.7610829951923077 0.30993297355769234 0.7601652620192307 0.34247897836538466 0.8757969134615385 0.3391210600961539
10 0.9057536610576923 0.3737334807692308 0.9051637259615385 0.34247897836538466 0.7900568677884615 0.34630960336538463 0.787696610576923 0.3770914014423077 0.9057536610576923 0.3737334807692308
10 1 0.32801408653846154 0.9539335216346154 0.3243978653846154 0.9305318485576923 0.3923311899038462 0.985594545673077 0.3956891201923077 1 0.34919482692307696 1 0.32801408653846154
10 0.043627728365384616 0.6011927043269231 0.15772737980769233 0.603478454326923 0.16138179086538462 0.5762780288461539 0.047820468750000004 0.5725893052884615 0.043627728365384616 0.6011927043269231
10 0.1662543918269231 0.6055356322115385 0.2807740985576923 0.6089642572115385 0.28197821153846153 0.5806209495192308 0.1682846346153846 0.576735173076923 0.1662543918269231 0.6055356322115385
10 0.28727086778846156 0.6087356778846154 0.3993402451923077 0.6119357331730769 0.40096447596153845 0.5831352812499999 0.2888950673076923 0.5799352259615385 0.28727086778846156 0.6087356778846154
10 0.04892041346153846 0.6350218076923078 0.16017770673076923 0.637536139423077 0.1642381923076923 0.6089642572115385 0.05086635817307693 0.6057133629807692 0.04892041346153846 0.6350218076923078
10 0.06962888221153846 0.667936625 0.18291641826923077 0.6722795384615385 0.18535270192307693 0.6432505144230769 0.07206516586538461 0.6395933076923076 0.06962888221153846 0.667936625
10 0.16829867788461536 0.638679014423077 0.27996201201923077 0.6423362115384615 0.28321038221153844 0.6135357596153846 0.17032892067307692 0.6103357043269231 0.16829867788461536 0.638679014423077
10 0.2596595889423077 0.6795939495192307 0.3713229230769231 0.68233684375 0.37335316586538464 0.6533078197115384 0.2625557355769231 0.6511161658653847 0.2596595889423077 0.6795939495192307
10 0.5180494567307693 0.6130786081730769 0.5200796995192307 0.58427815625 0.4092661201923077 0.5831547379807692 0.40719820673076923 0.6119357331730769 0.5180494567307693 0.6130786081730769
10 0.6358035192307692 0.6174215360576922 0.6390519206730769 0.5872496298076924 0.5285634903846154 0.5860102596153847 0.5253583100961539 0.6153643581730769 0.6358035192307692 0.6174215360576922
10 0.4076042475961538 0.645536264423077 0.51967365625 0.646679139423077 0.5208917836538461 0.6178786802884615 0.41078906490384615 0.616278795673077 0.4076042475961538 0.645536264423077
10 0.2890381009615385 0.6432505144230769 0.39867119471153845 0.646679139423077 0.4031377211538461 0.6167358052884615 0.29149169471153846 0.6145654807692308 0.2890381009615385 0.6432505144230769
10 0.40741194951923076 0.6880192355769231 0.519481329326923 0.6896192788461538 0.5215115697115384 0.6612759543269231 0.41106639423076924 0.6592187836538461 0.40741194951923076 0.6880192355769231
10 0.6368293485576924 0.6503043533653846 0.6388595913461538 0.6205895985576924 0.5280558413461539 0.6194198701923077 0.5259780985576923 0.64779003125 0.6368293485576924 0.6503043533653846
10 0.54425028125 0.6914478605769231 0.6555076033653846 0.6937336105769231 0.6595680889423078 0.6642474350961538 0.5503923701923077 0.6642515673076923 0.54425028125 0.6914478605769231
10 0.2993978365384615 0.44240426442307695 0.41374974038461537 0.44570537259615384 0.41726825 0.41599540144230773 0.3044046057692308 0.41248035576923076 0.2993978365384615 0.44240426442307695
10 0.4278238293269231 0.4450451610576923 0.5439349663461539 0.4496667043269231 0.5492127548076924 0.42028685336538457 0.43490562259615384 0.4153671418269231 0.4278238293269231 0.4450451610576923
10 0.8339594927884615 0.42160728846153844 0.8316138028846154 0.45296781009615383 0.9541755961538462 0.4519774807692307 0.9571076947115384 0.42028685336538457 0.8359396442307693 0.42196550721153847 0.8339594927884615 0.42160728846153844
10 0.94948421875 0.47904656730769235 0.9512434951923077 0.4549484831730769 0.8352064927884615 0.45619453125000003 0.8339594927884615 0.48036700240384617 0.94948421875 0.47904656730769235
10 0.6621384086538461 0.681903485576923 0.768280423076923 0.681903485576923 0.7712125240384615 0.6538440697115384 0.6636489759615384 0.6553827043269231 0.6621384086538461 0.681903485576923
10 0.7647619134615385 0.6518634110576923 0.7653483245192307 0.6221534423076923 0.655687798076923 0.6234738774038462 0.6504522451923077 0.6236280673076924 0.6492371875 0.653183858173077 0.7647619134615385 0.6518634110576923
10 0.6498235985576923 0.6195125576923076 0.7630026802884615 0.6188523341346154 0.7612434014423077 0.5891423653846154 0.6492371875 0.5904628004807692 0.6498235985576923 0.6195125576923076
10 0.8298545264423077 0.6495526586538461 0.8521385048076924 0.5907929182692307 0.8000152067307693 0.5848626682692308 0.7753174903846154 0.6432805216346154 0.8298545264423077 0.6495526586538461
10 0.9160582956730768 0.6340374230769231 0.9518299519230768 0.5765981586538461 0.9033896081730769 0.5671295576923077 0.8667990048076923 0.6257846538461538 0.9160582956730768 0.6340374230769231
10 0.23471809375 0.7778800769230769 0.3559868413461539 0.750799641826923 0.324918 0.7203341826923076 0.21075341826923077 0.7493525264423078 0.23471809375 0.7778800769230769
10 0.2778136346153846 0.8235783125 0.29485136298076925 0.7919844735576922 0.17817559615384615 0.7697919759615384 0.15754709375 0.7964978966346153 0.2778136346153846 0.8235783125
10 0.23972919951923075 0.7778800769230769 0.3559868413461539 0.7502354543269232 0.32692241105769226 0.7197699711538461 0.2086603581730769 0.7513638533653846 0.23972919951923075 0.7778800769230769
10 0.419387125 0.8247700096153847 0.4414359591346154 0.7937403389423078 0.3185108245192308 0.765563125 0.2951116826923077 0.79656121875 0.419387125 0.8247700096153847
10 0.4544648653846154 0.8055880216346154 0.5857558245192307 0.7813284663461538 0.5647091947115385 0.7514271514423078 0.43503918269230774 0.7754304447115385 0.4544648653846154 0.8055880216346154
10 0.5877602355769231 0.8292834110576923 0.7180489879807692 0.8016387860576923 0.6960001538461539 0.7734299951923076 0.5691094447115385 0.8022131730769231 0.5877602355769231 0.8292834110576923
10 0.44906155528846153 0.8518473221153846 0.5807370793269231 0.8264788389423077 0.5582043870192307 0.7979392980769231 0.42889984615384613 0.8250842259615384 0.44906155528846153 0.8518473221153846
10 0.41244591826923077 0.8677026201923077 0.4321620096153846 0.8383703413461538 0.3012510769230769 0.8117141177884615 0.2807703389423077 0.8411449927884616 0.41244591826923077 0.8677026201923077
10 0.8627964975961538 0.7761382620192308 0.8712462427884616 0.7432385216346155 0.7370175625000001 0.7324838485576923 0.7254877740384615 0.76662509375 0.8627964975961538 0.7761382620192308
10 0.9972886754807693 0.791597185096154 1 0.75671553125 0.8822730576923077 0.7428828197115384 0.8677255072115385 0.7773274086538462 0.9972886754807693 0.791597185096154
10 0.8656131514423078 0.8201367259615384 0.8768794447115386 0.7896152716346154 0.7396585721153847 0.7760604951923077 0.7290085096153847 0.8106235408653847 0.8656131514423078 0.8201367259615384
10 0.999401139423077 0.8332173437500001 0.999401139423077 0.7991284423076923 0.8884354134615384 0.7849739014423077 0.8733587067307693 0.8189475649038461 0.999401139423077 0.8332173437500001
10 0.39834348798076924 0.901451170673077 0.4208761802884616 0.8705333437499999 0.2906870408653846 0.8458821706730769 0.2715969735576923 0.8752899350961538 0.39834348798076924 0.901451170673077
10 0.24695181971153846 0.8637948389423078 0.26737210096153846 0.8336697764423077 0.1392691923076923 0.8077526033653846 0.11879697596153846 0.8372372115384615 0.24695181971153846 0.8637948389423078
10 0.21878592548076922 0.8955054350961539 0.23779788221153847 0.8645876057692308 0.11175550480769231 0.8396155144230769 0.09203941105769231 0.8689478076923076 0.21878592548076922 0.8955054350961539
10 0.19554904326923075 0.9276124230769232 0.21526518990384616 0.8982801153846154 0.08997035817307693 0.8716320096153846 0.07021085576923078 0.8994692596153846 0.19554904326923075 0.9276124230769232
10 0.1779453605769231 0.9581991610576923 0.19625318028846153 0.9292632451923077 0.07148329326923077 0.9043144951923078 0.05119884615384615 0.9296596225961539 0.1779453605769231 0.9581991610576923
10 0.15330020673076922 0.9883242235576923 0.17372048798076925 0.9609738413461538 0.05035522115384616 0.9345210360576923 0.030074427884615382 0.96137021875 0.15330020673076922 0.9883242235576923
10 0.3539821875 0.9324343028846154 0.37440246875 0.9034983870192307 0.24667022596153845 0.8785646586538461 0.22723567307692308 0.9074622115384615 0.3539821875 0.9324343028846154
10 0.3514408293269231 0.9682493317307692 0.370427375 0.9401437980769232 0.2428238966346154 0.9154690144230769 0.22345727403846152 0.9433106009615385 0.3514408293269231 0.9682493317307692
10 0.32190613701923076 0.9967507115384616 0.3387830961538461 0.9690410240384615 0.21205330769230768 0.9461297091346155 0.19603224759615384 0.9733953990384615 0.32190613701923076 0.9967507115384616
10 0.45270247596153845 0.8902663533653846 0.582092420673077 0.8661193317307692 0.5602930408653847 0.8368262427884615 0.43272239663461537 0.8610710072115384 0.45270247596153845 0.8902663533653846
10 0.4041812908653846 0.9357893942307692 0.5349776298076923 0.9140175120192308 0.5117718028846154 0.8843285624999999 0.3887644110576923 0.9050839399038462 0.4041812908653846 0.9357893942307692
10 0.38589788942307696 0.97022859375 0.3978524254807692 0.97022859375 0.5195070600961539 0.9575612908653847 0.5061461875 0.9266848004807693 0.3773353341346154 0.9406899086538462 0.38589788942307696 0.97022859375
10 0.5441192764423077 0.9504359615384614 0.6678836057692308 0.9239138149038462 0.6453809759615384 0.8954124350961539 0.5181006706730769 0.9219345504807692 0.5441192764423077 0.9504359615384614
10 0.568028298076923 0.9068921514423077 0.6967150480769231 0.8843285624999999 0.6735092235576924 0.8538479038461539 0.5476353076923076 0.8803700360576923 0.568028298076923 0.9068921514423077
10 0.521616701923077 0.9908129206730769 0.6453809759615384 0.9615198173076924 0.6207687596153846 0.9353935480769231 0.49953853605769233 0.962943639423077 0.521616701923077 0.9908129206730769
10 0.7248432956730769 0.8435557259615384 0.85915571875 0.8542437500000001 0.8704069519230769 0.8221796899038462 0.7333950192307692 0.8126073269230769 0.7248432956730769 0.8435557259615384
10 0.85142040625 0.8874953798076923 0.8619684999999999 0.8554313052884616 0.7263617427884616 0.8462351850961538 0.7178112331730768 0.8779949110576923 0.85142040625 0.8874953798076923
10 0.8331370024038461 0.921142858173077 0.8401690649038461 0.8898704903846154 0.7070202283653846 0.8808521009615385 0.6967150480769231 0.9104548629807692 0.8331370024038461 0.921142858173077
10 0.7993831923076923 0.9524152235576923 0.8071183966346154 0.9215387043269231 0.6744913197115385 0.9110182668269231 0.6643675745192308 0.9421230600961539 0.7993831923076923 0.9524152235576923
10 0.47872113461538457 1 0.4773146899038462 0.9726037043269231 0.3430481057692308 0.970856076923077 0.34229912740384616 1 0.47872113461538457 1
10 0.6074078317307692 1 0.6524130384615384 0.9999175456730769 0.7360946370192308 0.9749788149038461 0.7072631418269231 0.9476649735576923 0.589212826923077 0.978768514423077 0.6074078317307692 1
10 1 0.8352428245192307 0.8802519038461539 0.8217838293269231 0.86548453125 0.8514727788461538 1 0.8684944567307693 1 0.8352428245192307
10 0.994874423076923 0.9009543629807693 0.9997969519230769 0.8716612740384615 0.871423096153846 0.8556312067307693 0.85774921875 0.8847244399038462 0.994874423076923 0.9009543629807693
10 0.9716687043269231 0.9346018533653846 0.9822167980769231 0.902933625 0.8494441033653846 0.8897535913461538 0.8380595336538461 0.9195594399038461 0.9716687043269231 0.9346018533653846
10 0.9442436009615385 0.9634990817307691 0.9561980841346155 0.9338101322115384 0.8213109927884615 0.9214033413461539 0.8099312860576924 0.948852545673077 0.9442436009615385 0.9634990817307691
10 0.9041608701923077 0.9935839086538463 0.9175217451923078 0.9642908052884616 0.7832094302884616 0.9524152235576923 0.7726613365384616 0.9809166057692308 0.9041608701923077 0.9935839086538463
10 0.9196670408653845 0.21970210817307695 0.9252803485576924 0.1749365456730769 0.7634275552884616 0.17546320192307693 0.7624919326923076 0.21970210817307695 0.9196670408653845 0.21970210817307695