12 0.05881984375 0.04181212740384615 0.06229206490384616 0.06720275240384616 0.06402817788461539 0.06817931490384616 0.22722262259615383 0.06817931490384616 0.23243095432692307 0.06524962740384616 0.23243095432692307 0.030093377403846155 0.22722262259615383 0.023257439903846155 0.060555954326923074 0.023257439903846155 0.05881984375 0.024234002403846155 0.05881984375 0.04181212740384615
12 0.24284762259615383 0.06518957932692307 0.2445837331730769 0.06616614182692307 0.25847262259615383 0.06811926682692307 0.40083373317307697 0.07007239182692307 0.40777817788461534 0.07007239182692307 0.41298650961538463 0.06714270432692307 0.41298650961538463 0.024173954326923076 0.4112503990384615 0.023197391826923076 0.2445837331730769 0.023197391826923076 0.24284762259615383 0.024173954326923076 0.24284762259615383 0.06518957932692307
12 0.42677114903846153 0.06524966586538462 0.4319794831730769 0.06817935336538462 0.5778128149038462 0.07403872836538462 0.5882294831730769 0.07403872836538462 0.5969100384615385 0.06915591586538462 0.6003822596153846 0.051577790865384616 0.6003822596153846 0.030093415865384613 0.5951739278846154 0.025210603365384613 0.5778128149038462 0.023257478365384613 0.4389239278846154 0.019351228365384613 0.4354517043269231 0.019351228365384613 0.43024337259615386 0.022280915865384613 0.42677114903846153 0.026187165865384613 0.42677114903846153 0.06524966586538462
12 0.6039584495192307 0.08288775961538461 0.6056945600961539 0.08386432211538461 0.7445834495192307 0.08972369711538461 0.7619445600961539 0.08972369711538461 0.7671528942307693 0.08679400961538461 0.7706251153846153 0.07898150961538461 0.7740973389423077 0.04968463461538461 0.7654167836538461 0.04480182211538461 0.6543056730769231 0.04089557211538461 0.6091667836538461 0.04089557211538461 0.6074306730769231 0.04187213461538461 0.6039584495192307 0.05945025961538461 0.6039584495192307 0.08288775961538461
12 0.6059027788461538 0 0.6041666658653846 0.0009765625 0.6006944447115384 0.0068359375 0.6006944447115384 0.0322265625 0.6024305552884616 0.033203125 0.720486110576923 0.037109375 0.7586805552884616 0.037109375 0.763888889423077 0.0341796875 0.767361110576923 0.0087890625 0.767361110576923 0.0009765625 0.765625 0 0.6059027788461538 0
12 0.421875 0 0.420138889423077 0.0009765625 0.420138889423077 0.0068359375 0.4288194447115385 0.01171875 0.546875 0.015625 0.5885416658653846 0.015625 0.59375 0.0107421875 0.59375 0.0009765625 0.592013889423077 0 0.421875 0
12 0.7743055552884616 0.0498046875 0.7760416658653846 0.05078125 0.828125 0.052734375 0.9288194447115384 0.052734375 0.9305555552884616 0.0517578125 0.934027778846154 0.0439453125 0.934027778846154 0.0166015625 0.9288194447115384 0.013671875 0.810763889423077 0.009765625 0.779513889423077 0.009765625 0.7743055552884616 0.0126953125 0.7743055552884616 0.0498046875
12 0.7725694447115384 0.09765625 0.921875 0.099609375 0.9270833341346154 0.0966796875 0.934027778846154 0.0615234375 0.9288194447115384 0.056640625 0.779513889423077 0.052734375 0.7708333341346154 0.0576171875 0.767361110576923 0.0947265625 0.7725694447115384 0.09765625
12 0.592013889423077 0.130859375 0.609375 0.1328125 0.7413194447115384 0.13671875 0.75 0.1337890625 0.753472221153846 0.1240234375 0.7569444447115384 0.1005859375 0.7569444447115384 0.0947265625 0.751736110576923 0.091796875 0.734375 0.08984375 0.6336805552884616 0.0859375 0.595486110576923 0.0859375 0.5902777788461538 0.0908203125 0.5868055552884616 0.1279296875 0.592013889423077 0.130859375
12 0.762152778846154 0.14453125 0.9114583341346154 0.1484375 0.920138889423077 0.1416015625 0.923611110576923 0.1259765625 0.923611110576923 0.1044921875 0.9149305552884616 0.1015625 0.769097221153846 0.099609375 0.7604166658653846 0.1044921875 0.7569444447115384 0.1416015625 0.762152778846154 0.14453125
12 0.421875 0.111328125 0.5711805552884616 0.1171875 0.579861110576923 0.1142578125 0.5833333341346154 0.0966796875 0.5833333341346154 0.0732421875 0.5746527788461538 0.0703125 0.4461805552884615 0.06640625 0.421875 0.06640625 0.41666666586538464 0.0693359375 0.4131944447115385 0.1064453125 0.421875 0.111328125
12 0.23611111057692308 0.1103515625 0.24479166586538462 0.11328125 0.404513889423077 0.11328125 0.40625 0.1123046875 0.40972222115384616 0.0732421875 0.40104166586538464 0.06640625 0.2413194447115385 0.064453125 0.23611111057692308 0.0673828125 0.23263888942307692 0.0732421875 0.23611111057692308 0.1103515625
12 0.05871559375 0.11023142788461539 0.06218781490384616 0.11609080288461539 0.07086837259615385 0.11902049038461539 0.23059059375 0.11706736538461539 0.23232670432692307 0.11609080288461539 0.23232670432692307 0.07702830288461539 0.22711837259615386 0.07214549038461539 0.06392392788461539 0.07214549038461539 0.056979483173076925 0.07409861538461539 0.05524337259615385 0.07702830288461539 0.05871559375 0.11023142788461539
12 0.05513940384615385 0.1611328125 0.06729218269230769 0.166015625 0.22701440384615384 0.162109375 0.23222273798076923 0.1572265625 0.2252782932692308 0.1201171875 0.22006995913461538 0.1171875 0.05687551682692308 0.119140625 0.05513940384615385 0.1201171875 0.051667182692307696 0.1240234375 0.05513940384615385 0.1611328125
12 0.24274337259615386 0.1629658846153846 0.2444794831730769 0.1639424471153846 0.3972572596153846 0.1658955721153846 0.4076739278846154 0.1658955721153846 0.40941003846153845 0.1649190096153846 0.4128822596153846 0.1492940096153846 0.4128822596153846 0.12195025961538461 0.41114614903846153 0.12097369711538461 0.32086837259615386 0.11902057211538461 0.24795170432692307 0.11902057211538461 0.24274337259615386 0.12195025961538461 0.23927114903846156 0.1278096346153846 0.24274337259615386 0.1629658846153846
12 0.4164584495192308 0.16290583653846152 0.41819456009615386 0.16388239903846152 0.5605556730769231 0.16974177403846152 0.5779167836538461 0.16974177403846152 0.5831251153846154 0.16681208653846152 0.5865973389423077 0.12774958653846152 0.5813890048076923 0.12481989903846154 0.4702778942307692 0.12091364903846154 0.4216667836538462 0.12091364903846154 0.4164584495192308 0.12384333653846154 0.4164584495192308 0.16290583653846152
12 0.5900695600961539 0.17865093028846155 0.5952778942307693 0.18158061778846155 0.7272223389423077 0.18548686778846155 0.7480556730769231 0.18548686778846155 0.7497917836538461 0.18451030528846155 0.7532640048076923 0.16888530528846155 0.7532640048076923 0.14349468028846155 0.7480556730769231 0.14056499278846155 0.6230556730769231 0.13665874278846155 0.5952778942307693 0.13665874278846155 0.5935417836538461 0.13763530528846155 0.5900695600961539 0.14154155528846155 0.5900695600961539 0.17865093028846155
12 0.7669443942307693 0.1942158846153846 0.7721527283653846 0.1971455721153846 0.9110416177884615 0.2010518221153846 0.9231943942307693 0.1981221346153846 0.9266666177884615 0.1942158846153846 0.9301388389423076 0.1610127596153846 0.9301388389423076 0.1571065096153846 0.9249305048076923 0.1541768221153846 0.841597173076923 0.1522236971153846 0.7721527283653846 0.1522236971153846 0.7669443942307693 0.1551533846153846 0.7669443942307693 0.1942158846153846
12 0.7498957500000001 0.24115097115384615 0.7551040841346153 0.24408065865384615 0.8071874158653846 0.24603378365384615 0.9078818605769231 0.24603378365384615 0.9130901947115385 0.24310409615384615 0.920034639423077 0.20404159615384615 0.9113540841346153 0.19915878365384615 0.7620485288461538 0.19720565865384615 0.7568401947115385 0.20013534615384615 0.7498957500000001 0.23333847115384615 0.7498957500000001 0.24115097115384615
12 0.5865976225961538 0.2275390625 0.5883337331730769 0.228515625 0.5952781778846153 0.23046875 0.6820837331730769 0.232421875 0.7480559543269231 0.232421875 0.7497920649038462 0.2314453125 0.7567365096153846 0.1943359375 0.7480559543269231 0.1875 0.6022226225961538 0.181640625 0.5987503990384615 0.181640625 0.59006984375 0.1865234375 0.5865976225961538 0.2080078125 0.5865976225961538 0.2275390625
12 0.4230909927884615 0.21167395432692307 0.4317715480769231 0.21460364182692307 0.5255215480769231 0.21850989182692307 0.5845493269230769 0.21850989182692307 0.5862854375000001 0.21753332932692307 0.5897576586538462 0.20776770432692307 0.5897576586538462 0.18042395432692307 0.5845493269230769 0.17749426682692307 0.47343821634615385 0.17163489182692307 0.4317715480769231 0.17163489182692307 0.42656321634615385 0.17456457932692307 0.4230909927884615 0.18042395432692307 0.4230909927884615 0.21167395432692307
12 0.23243095432692307 0.2060546875 0.23763928846153848 0.208984375 0.3938892884615385 0.2109375 0.40256984375 0.2060546875 0.40256984375 0.1689453125 0.39736150961538463 0.166015625 0.23416706490384614 0.1640625 0.23243095432692307 0.1650390625 0.23243095432692307 0.2060546875
12 0.058611343749999996 0.1943359375 0.06208356730769231 0.2119140625 0.07076412259615385 0.21484375 0.20618078846153848 0.212890625 0.22701412259615386 0.2109375 0.23222245432692307 0.2080078125 0.2287502331730769 0.1689453125 0.22354189903846156 0.166015625 0.06034745432692308 0.169921875 0.058611343749999996 0.1708984375 0.058611343749999996 0.1943359375
10 0.19995385817307693 0.3133564951923077 0.20168997115384618 0.3143330576923077 0.20863441346153846 0.3162861826923077 0.26071774759615385 0.3201924326923077 0.2989121923076923 0.3221455576923077 0.3197455264423077 0.3221455576923077 0.3214816370192307 0.3211689951923077 0.3249538581730769 0.3172627451923077 0.3284260817307692 0.2938252451923077 0.3284260817307692 0.2899189951923077 0.32321774759615385 0.2869893076923077 0.31627330288461536 0.2850361826923077 0.2190510817307692 0.2791768076923077 0.21210663701923077 0.2791768076923077 0.2034260817307692 0.2821064951923077 0.19995385817307693 0.2860127451923077 0.19995385817307693 0.3133564951923077
10 0.33373847596153844 0.32599181490384616 0.4379051418269231 0.32794493990384616 0.44311347596153844 0.32501525240384616 0.44658569711538465 0.31134337740384616 0.44658569711538465 0.29571837740384616 0.4413773653846154 0.29278868990384616 0.33373847596153844 0.28888243990384616 0.3250579206730769 0.29376525240384616 0.32158569711538465 0.32110900240384616 0.33373847596153844 0.32599181490384616
10 0.44842596394230766 0.32668284615384613 0.5039815192307693 0.32863597115384613 0.5560648533653846 0.32863597115384613 0.5612731875 0.32570628365384613 0.5647454086538461 0.31008128365384613 0.5647454086538461 0.29640940865384613 0.5630092980769231 0.29543284615384613 0.48662040865384615 0.29152659615384613 0.4518981875 0.29152659615384613 0.44668985336538464 0.29445628365384613 0.4432176322115385 0.32375315865384613 0.44842596394230766 0.32668284615384613
10 0.5699539302884615 0.33122012259615385 0.6463428197115384 0.33512637259615385 0.6741205985576924 0.33512637259615385 0.6793289302884615 0.33219668509615385 0.6828011538461538 0.30875918509615385 0.6775928197115384 0.30192324759615385 0.6046761538461538 0.29801699759615385 0.5699539302884615 0.29801699759615385 0.5682178197115385 0.29899356009615385 0.5647455985576924 0.32829043509615385 0.5699539302884615 0.33122012259615385
10 0.6810428942307692 0.3559235144230769 0.6844110552884615 0.3634959182692308 0.6834142307692308 0.3651142932692307 0.7354975625000001 0.3651142932692307 0.7441781177884615 0.3602314807692307 0.7511225625000001 0.3172627307692307 0.7511225625000001 0.2977314807692308 0.7424420072115385 0.2948017932692308 0.701251766826923 0.2966063918269231 0.6922700336538461 0.2978684567307692 0.6922700336538461 0.3054408605769231 0.6799201418269232 0.34330284615384615 0.6810428942307692 0.3559235144230769
10 0.7562271177884615 0.3676384639423077 0.8603937836538461 0.3656853389423077 0.8690743413461538 0.3627556514423077 0.8725465625000001 0.3510369014423077 0.8725465625000001 0.3354119014423077 0.8673382283653847 0.3305290889423077 0.7978937836538461 0.3305290889423077 0.7527548966346154 0.3324822139423077 0.7510187836538461 0.3334587764423077 0.7475465625000001 0.3627556514423077 0.7562271177884615 0.3676384639423077
10 1 0.3563483485576923 0.9938480096153846 0.35508627644230767 0.9444486298076923 0.34940699038461537 0.9379679014423077 0.35425370432692305 0.9365649158653846 0.36373138461538457 0.9332213004807692 0.3696000408653846 0.9219941610576924 0.4118792764423077 0.9288194447115384 0.41526453125 0.9774305552884616 0.41721765625 0.9814981177884616 0.41692753605769234 0.9837436201923077 0.4055689350961539 1 0.36545984375 1 0.3563483485576923
10 0.7764470913461538 0.3947567451923077 0.7816554254807693 0.3976864326923077 0.8927665360576923 0.3957333076923077 0.8979748701923077 0.3928036201923077 0.8979748701923077 0.3635067451923077 0.8962387596153847 0.3625301826923077 0.8858220913461538 0.3605770576923077 0.871933201923077 0.3605770576923077 0.7816554254807693 0.3644833076923077 0.7764470913461538 0.3674129951923077 0.7764470913461538 0.3947567451923077
10 0.7799189375 0.4292218701923077 0.7851272716346155 0.4321515576923077 0.8441550480769231 0.4321515576923077 0.8927661586538461 0.4301984326923077 0.9014467139423077 0.4233624951923077 0.9014467139423077 0.4018781201923077 0.8927661586538461 0.3969953076923077 0.7955439375 0.3989484326923077 0.7851272716346155 0.4009015576923077 0.7799189375 0.4038312451923077 0.7799189375 0.4292218701923077
10 0.8168918004807693 0.46319923557692305 0.8180143629807692 0.470140576923077 0.8255675961538462 0.4719051826923077 0.9401509278846153 0.4719051826923077 0.9488314831730769 0.4670223701923077 0.9488314831730769 0.4396786201923077 0.9436231514423077 0.4367489326923077 0.9111999278846153 0.43669579807692305 0.8483277163461539 0.4379579038461538 0.8303642548076924 0.4392199567307692 0.8191371153846153 0.43985098076923074 0.8168918004807693 0.46319923557692305
10 0.8170951634615384 0.4989033701923077 0.8188312740384615 0.4998799326923077 0.9125812740384615 0.4998799326923077 0.9299423846153847 0.4979268076923077 0.93515071875 0.4930439951923077 0.93515071875 0.4735127451923077 0.9334146057692307 0.4725361826923077 0.8223034951923077 0.4725361826923077 0.8170951634615384 0.4754658701923077 0.8170951634615384 0.4989033701923077
10 0.8203588846153846 0.5282002451923077 0.82556721875 0.5330830576923077 0.933206108173077 0.5311299326923077 0.9384144399038461 0.5282002451923077 0.9418866634615385 0.5203877451923077 0.9418866634615385 0.5028096201923077 0.9366783293269231 0.4998799326923077 0.82556721875 0.5018330576923077 0.823831108173077 0.5028096201923077 0.8203588846153846 0.5067158701923077 0.8203588846153846 0.5282002451923077
10 0.794930766826923 0.5652496538461539 0.8001390985576923 0.5681793413461539 0.9077779879807693 0.5662262163461539 0.9129863221153846 0.5632965288461539 0.9129863221153846 0.5359527788461539 0.9112502115384615 0.5349762163461539 0.8036113221153846 0.5369293413461539 0.794930766826923 0.5418121538461539 0.794930766826923 0.5652496538461539
10 0.7637849206730769 0.5952975673076923 0.7689932548076922 0.5982272548076923 0.8245488100961539 0.5982272548076923 0.8696876995192308 0.5962741298076923 0.8783682548076922 0.5894381923076923 0.8783682548076922 0.5679538173076923 0.8731599206730769 0.5650241298076923 0.7898265889423077 0.5669772548076923 0.7672571442307692 0.5699069423076923 0.7637849206730769 0.5738131923076923 0.7637849206730769 0.5952975673076923
10 0.7825700552884616 0.6645134639423076 0.8068756105769231 0.6664665889423076 0.8242367211538462 0.6664665889423076 0.8294450552884616 0.6635369014423076 0.8502783870192308 0.6166619014423076 0.8502783870192308 0.6088494014423077 0.8468061658653846 0.6049431514423077 0.8346533870192308 0.6020134639423077 0.7964589423076922 0.6020134639423077 0.7912506105769231 0.6049431514423077 0.7808339423076922 0.6283806514423076 0.7704172764423076 0.6596306514423076 0.7825700552884616 0.6645134639423076
10 0.8534491514423077 0.6449822139423076 0.8985880408653847 0.6527947139423076 0.9072685961538463 0.6479119014423076 0.9107408173076923 0.6440056514423076 0.9281019302884614 0.6166619014423076 0.9385185961538463 0.5971306514423077 0.9385185961538463 0.5932244014423077 0.9055781225961539 0.5822305552884616 0.8864919086538462 0.5778133221153846 0.8822696346153845 0.5880325096153846 0.8685282572115385 0.6106270456730769 0.8485966802884615 0.6370005216346153 0.8534491514423077 0.6449822139423076
10 0.7700120408653847 0.700240747596154 0.8741787067307693 0.700240747596154 0.8793870408653847 0.697311060096154 0.8856509903846154 0.6705259567307693 0.8561742668269231 0.6663781105769231 0.8393378822115385 0.6663781105769231 0.7682759278846153 0.668014185096154 0.7648037067307693 0.695357935096154 0.7700120408653847 0.700240747596154
10 0.5508077475961538 0.6783815769230769 0.5469678653846154 0.7044924807692308 0.5487039759615384 0.7054690432692308 0.59711246875 0.7083879423076923 0.6563428653846154 0.7113284182692308 0.6543710168269231 0.7052327860576924 0.6615511971153847 0.6791018557692308 0.6580789759615384 0.6751956057692308 0.6350074639423077 0.6789664567307692 0.5777529399038461 0.6783815769230769 0.5642802956730769 0.6790125745192307 0.5508077475961538 0.6783815769230769
10 0.15675920432692306 0.34753620913461536 0.2574536490384615 0.35534870913461536 0.2713425360576923 0.35534870913461536 0.27655087019230773 0.35046589663461536 0.28002309375 0.34265339663461536 0.28002309375 0.32312214663461536 0.2782869807692308 0.32214558413461536 0.19148142548076924 0.31433308413461536 0.16023142548076924 0.31433308413461536 0.15502309375 0.31921589663461536 0.15155087019230767 0.34460652163461536 0.15675920432692306 0.34753620913461536
10 0.29921346153846157 0.3568962716346154 0.3078940168269231 0.3598259591346154 0.40858846153846157 0.3637322091346154 0.4172690168269231 0.3588493966346154 0.4172690168269231 0.3315056466346154 0.40858846153846157 0.3285759591346154 0.35997735096153843 0.3266228341346154 0.3044217956730769 0.3266228341346154 0.29921346153846157 0.3295525216346154 0.2957412403846154 0.3529900216346154 0.29921346153846157 0.3568962716346154
10 0.4157410288461539 0.36247012980769233 0.45740769471153847 0.36442325480769233 0.5303243629807692 0.36442325480769233 0.5355326947115384 0.35954044230769233 0.5355326947115384 0.33414981730769233 0.5303243629807692 0.33122012980769233 0.5025465841346154 0.32926700480769233 0.4192132524038461 0.32926700480769233 0.41400491826923075 0.33219669230769233 0.41053269471153847 0.35758731730769233 0.4157410288461539 0.36247012980769233
10 0.5401276706730769 0.3653398293269231 0.5453360024038462 0.3682695168269231 0.590474891826923 0.3702226418269231 0.6529748918269231 0.3702226418269231 0.6616554471153846 0.3653398293269231 0.6651276706730769 0.3419023293269231 0.6564471153846154 0.3370195168269231 0.5557526706730769 0.3331132668269231 0.5488082259615384 0.3331132668269231 0.543599891826923 0.3360429543269231 0.5401276706730769 0.3399492043269231 0.5401276706730769 0.3653398293269231
10 0.6581831322115386 0.3998650264423077 0.6668636875 0.4047478389423077 0.7745025745192307 0.4027947139423077 0.7797109086538462 0.3998650264423077 0.7831831322115386 0.3940056514423077 0.7831831322115386 0.3744744014423077 0.777974798076923 0.3695915889423077 0.6668636875 0.3695915889423077 0.6581831322115386 0.3744744014423077 0.6581831322115386 0.3998650264423077
10 0.6468521177884615 0.4305439951923077 0.6555326730769231 0.4354268076923077 0.6728937836538461 0.4373799326923077 0.7631715625000001 0.4354268076923077 0.7718521177884615 0.4305439951923077 0.7718521177884615 0.4051533701923077 0.7666437836538461 0.4022236826923077 0.6520604519230768 0.4022236826923077 0.6468521177884615 0.4051533701923077 0.6468521177884615 0.4305439951923077
10 0.6824887812499999 0.46954650240384616 0.6876971153846154 0.47247618990384616 0.7015860024038462 0.47442931490384616 0.7953360024038462 0.47247618990384616 0.8040165576923077 0.46759337740384616 0.8040165576923077 0.44024962740384616 0.7953360024038462 0.43731993990384616 0.7363082259615384 0.43731993990384616 0.6876971153846154 0.43927306490384616 0.6824887812499999 0.44220275240384616 0.6824887812499999 0.46954650240384616
10 0.7033221153846154 0.5007964735576923 0.7120026706730769 0.5056792860576923 0.7710304471153846 0.5056792860576923 0.8196415576923077 0.5037261610576923 0.8248498918269231 0.5007964735576923 0.8248498918269231 0.4754058485576923 0.8196415576923077 0.4724761610576923 0.8057526706730769 0.4705230360576923 0.7085304471153846 0.4744292860576923 0.7067943365384616 0.4754058485576923 0.7033221153846154 0.4871245985576923 0.7033221153846154 0.5007964735576923
10 0.6976043894230769 0.5365237043269231 0.7062849447115384 0.5414065168269231 0.7965627211538462 0.5394533918269231 0.8191321658653846 0.5365237043269231 0.8191321658653846 0.5091799543269231 0.8173960552884616 0.5082033918269231 0.7062849447115384 0.5082033918269231 0.6976043894230769 0.5130862043269231 0.6976043894230769 0.5365237043269231
10 0.6790165576923077 0.5672027235576923 0.6876971153846154 0.5720855360576923 0.7397804471153846 0.5720855360576923 0.7918637812499999 0.5701324110576923 0.7970721153846154 0.5672027235576923 0.8005443365384616 0.5613433485576923 0.8005443365384616 0.5437652235576923 0.7953360024038462 0.5388824110576923 0.6807526706730769 0.5388824110576923 0.6790165576923077 0.5398589735576923 0.6755443365384616 0.5437652235576923 0.6790165576923077 0.5672027235576923
10 0.6575700552884616 0.6039665625 0.7652089423076922 0.6039665625 0.7704172764423076 0.601036875 0.7704172764423076 0.573693125 0.7686811658653846 0.5727165625 0.6679867211538462 0.5707634375 0.6558339423076922 0.57564625 0.6523617211538462 0.59908375 0.6575700552884616 0.6039665625
10 0.638680576923077 0.6303937980769232 0.6438889110576922 0.6352766105769232 0.7515278004807692 0.6352766105769232 0.7567361322115385 0.6323469230769232 0.7567361322115385 0.6050031730769231 0.7550000216346154 0.6040266105769231 0.6473611322115385 0.6020734855769231 0.638680576923077 0.6069562980769231 0.638680576923077 0.6303937980769232
10 0.6409262692307693 0.6654299807692308 0.6496068245192308 0.6722659182692308 0.7537734927884615 0.6722659182692308 0.7589818245192308 0.6693362307692308 0.7624540480769231 0.6478518557692308 0.7589818245192308 0.6419924807692308 0.7537734927884615 0.6390627932692308 0.6461346033653845 0.6390627932692308 0.6443984927884615 0.6400393557692308 0.6409262692307693 0.6458987307692308 0.6409262692307693 0.6654299807692308
10 0.6594101322115384 0.6980621538461539 0.6611462427884616 0.6990387163461539 0.7583684663461538 0.6990387163461539 0.7670490216346154 0.6961090288461539 0.7670490216346154 0.6687652788461539 0.7653129110576924 0.6677887163461539 0.6611462427884616 0.6697418413461539 0.6559379110576924 0.6726715288461539 0.6594101322115384 0.6980621538461539
10 0.4048150649038461 0.7044924807692308 0.40655117548076924 0.7054690432692308 0.41696784134615383 0.7074221682692308 0.5176622860576923 0.7074221682692308 0.5193983966346154 0.7064456057692308 0.5228706201923077 0.7005862307692308 0.5228706201923077 0.6751956057692308 0.518248889423077 0.6714402091346153 0.4587449326923077 0.6727022620192307 0.4183270961538461 0.6727022620192307 0.40822261298076923 0.6714402091346153 0.4048150649038461 0.6791018557692308 0.4048150649038461 0.7044924807692308
10 0.5183798004807693 0.6603817716346154 0.5201159134615385 0.6613583341346154 0.5305325793269231 0.6633114591346154 0.6277548004807693 0.6633114591346154 0.6329631346153846 0.6603817716346154 0.6329631346153846 0.6349911466346154 0.6312270240384615 0.6340145841346154 0.5687270240384615 0.6320614591346154 0.5235881346153847 0.6320614591346154 0.5218520240384615 0.6330380216346154 0.5183798004807693 0.6369442716346154 0.5183798004807693 0.6603817716346154
10 0.4090048004807692 0.65940515625 0.51317146875 0.65940515625 0.5149075793269231 0.65842859375 0.5183798004807693 0.63303796875 0.5096992451923077 0.62815515625 0.4090048004807692 0.62815515625 0.40379646875 0.63108484375 0.4003242451923077 0.65452234375 0.4090048004807692 0.65940515625
10 0.4133915576923077 0.626833110576923 0.44811378125 0.628786235576923 0.5175582259615384 0.628786235576923 0.5227665576923077 0.625856548076923 0.52623878125 0.602419048076923 0.5210304471153846 0.599489360576923 0.51061378125 0.597536235576923 0.4307526706730769 0.595583110576923 0.41686378125 0.595583110576923 0.4116554471153846 0.598512798076923 0.4081832259615385 0.621950298076923 0.4133915576923077 0.626833110576923
10 0.5195024591346153 0.62976271875 0.5212385697115385 0.63073928125 0.5490163485576923 0.63269240625 0.6288774591346153 0.63269240625 0.6340857932692308 0.62976271875 0.6375580144230769 0.60632521875 0.6323496802884615 0.60144240625 0.5524885697115385 0.59948928125 0.5247107932692308 0.59948928125 0.5229746802884615 0.60046584375 0.5195024591346153 0.60437209375 0.5195024591346153 0.62976271875
10 0.5271643245192308 0.5956431057692307 0.5479976586538462 0.5975962307692307 0.6348032139423078 0.5975962307692307 0.6400115456730769 0.5927134182692307 0.6400115456730769 0.5692759182692307 0.6382754350961538 0.5682993557692307 0.5375809903846154 0.5643931057692307 0.5306365456730769 0.5643931057692307 0.5254282139423077 0.5673227932692307 0.5219559903846154 0.5907602932692307 0.5271643245192308 0.5956431057692307
10 0.5347222211538462 0.5595703125 0.5399305552884616 0.5625 0.578125 0.564453125 0.6475694447115384 0.564453125 0.652777778846154 0.5595703125 0.652777778846154 0.5341796875 0.6510416658653846 0.533203125 0.5746527788461538 0.53125 0.5399305552884616 0.53125 0.5381944447115384 0.5322265625 0.5347222211538462 0.5478515625 0.5347222211538462 0.5595703125
10 0.5679052596153846 0.5339995985576923 0.5696413701923077 0.5349761610576923 0.5800580360576923 0.5369292860576923 0.6807524807692308 0.5388824110576923 0.6859608149038461 0.5339995985576923 0.6859608149038461 0.5086089735576923 0.6842247043269231 0.5076324110576923 0.5731135913461538 0.5056792860576923 0.5679052596153846 0.5086089735576923 0.5679052596153846 0.5339995985576923
10 0.5615743629807692 0.4705230360576923 0.5824076947115384 0.4724761610576923 0.6726854735576923 0.4724761610576923 0.6778938076923077 0.4695464735576923 0.6778938076923077 0.4422027235576923 0.6761576947115385 0.4412261610576923 0.6067132524038461 0.4392730360576923 0.5615743629807692 0.4392730360576923 0.5598382524038461 0.4402495985576923 0.5563660288461538 0.4656402235576923 0.5615743629807692 0.4705230360576923
10 0.46405096394230766 0.42663777163461536 0.4727315192307693 0.43152058413461536 0.5039815192307693 0.43347370913461536 0.5803704086538461 0.43347370913461536 0.5855787427884616 0.42859089663461536 0.5855787427884616 0.40320027163461536 0.5838426322115384 0.40222370913461536 0.5734259639423077 0.40027058413461536 0.5213426322115384 0.39831745913461536 0.4692592980769231 0.39831745913461536 0.4675231875 0.39929402163461536 0.46405096394230766 0.41296589663461536 0.46405096394230766 0.42663777163461536
10 0.5297110024038462 0.39728087740384616 0.5349193365384616 0.40021056490384616 0.6182526706730769 0.40411681490384616 0.6390860024038462 0.40411681490384616 0.6477665576923077 0.40118712740384616 0.6512387812499999 0.38946837740384616 0.6512387812499999 0.37189025240384616 0.6495026706730769 0.37091368990384616 0.559224891826923 0.36700743990384616 0.5349193365384616 0.36700743990384616 0.5331832259615384 0.36798400240384616 0.5297110024038462 0.37384337740384616 0.5297110024038462 0.39728087740384616
10 0.3978706201923077 0.39469669951923075 0.39960673076923076 0.39567326201923075 0.4239122860576923 0.39762638701923075 0.5141900649038461 0.39762638701923075 0.5159261754807692 0.39664982451923075 0.5193983966346154 0.38297794951923075 0.5193983966346154 0.36930607451923075 0.5141900649038461 0.36637638701923075 0.4725233966346154 0.36442326201923075 0.4030789543269231 0.36442326201923075 0.3978706201923077 0.36735294951923075 0.3978706201923077 0.39469669951923075
10 0.27736153365384614 0.39136143990384614 0.2790976442307692 0.39233800240384614 0.2860420889423077 0.39429112740384614 0.36243097596153845 0.39819737740384614 0.39368097596153845 0.39819737740384614 0.3988893100961538 0.39526768990384614 0.40236153365384614 0.36792393990384614 0.3971531995192308 0.36499425240384614 0.31381986538461537 0.36108800240384614 0.28256986538461537 0.36108800240384614 0.2808337548076923 0.36206456490384614 0.27736153365384614 0.37573643990384614 0.27736153365384614 0.39136143990384614
10 0.13827552884615385 0.38269245913461536 0.23202552884615385 0.38855183413461536 0.24938663942307693 0.38855183413461536 0.2545949735576923 0.38562214663461536 0.2615394182692308 0.36218464663461536 0.2615394182692308 0.35827839663461536 0.25633108413461536 0.35534870913461536 0.24591441826923077 0.35339558413461536 0.1591088629807692 0.34753620913461536 0.14174775240384616 0.34753620913461536 0.13306719711538462 0.35437214663461536 0.1295949735576923 0.37976277163461536 0.13827552884615385 0.38269245913461536
10 0.106921375 0.4503607884615385 0.14164359615384614 0.4542670384615385 0.1555324855769231 0.4542670384615385 0.15897084615384616 0.4497135793269231 0.16164101923076923 0.43961703125 0.17244348798076922 0.4049102019230769 0.17810193028846152 0.3888373509615385 0.169421375 0.3859076634615385 0.13469915144230768 0.3820014134615385 0.12428248557692309 0.3820014134615385 0.11560193028846154 0.3888373509615385 0.11212970673076923 0.3986029759615385 0.09824081730769231 0.4435248509615385 0.106921375 0.4503607884615385
10 0.1792247764423077 0.4175031730769231 0.1844331081730769 0.4204328605769231 0.20179421874999998 0.4223859855769231 0.28165533173076923 0.4262922355769231 0.29554421875 0.4262922355769231 0.3007525528846154 0.4233625480769231 0.3042247764423077 0.4155500480769231 0.3042247764423077 0.3960187980769231 0.2990164423076923 0.3930891105769231 0.20873866346153847 0.3872297355769231 0.18790533173076923 0.3872297355769231 0.18269699759615385 0.3901594230769231 0.1792247764423077 0.4018781730769231 0.1792247764423077 0.4175031730769231
10 0.30647018509615387 0.42336257451923076 0.3116785168269231 0.42629226201923076 0.3290396298076923 0.42824538701923076 0.3811229615384616 0.43019851201923076 0.4227896298076923 0.43019851201923076 0.4245257403846154 0.42922194951923076 0.4279979615384616 0.41945632451923076 0.4279979615384616 0.39992507451923076 0.4227896298076923 0.39699538701923076 0.36723407451923074 0.39504226201923076 0.3116785168269231 0.39504226201923076 0.30994240624999997 0.39601882451923076 0.30647018509615387 0.40969069951923076 0.30647018509615387 0.42336257451923076
10 0.29850705048076925 0.4585187980769231 0.30024316105769233 0.4594953605769231 0.3176042716346154 0.4614484855769231 0.3835764951923077 0.4634016105769231 0.4148264951923077 0.4634016105769231 0.41656260576923076 0.4624250480769231 0.4200348269230769 0.4546125480769231 0.4200348269230769 0.4350812980769231 0.4148264951923077 0.4321516105769231 0.3210764951923077 0.4282453605769231 0.30718760576923076 0.4282453605769231 0.3019792716346154 0.4311750480769231 0.29850705048076925 0.4428937980769231 0.29850705048076925 0.4585187980769231
10 0.18483825240384616 0.45139734375 0.1900465841346154 0.45432703125 0.2768521394230769 0.45823328125 0.2976854735576923 0.45823328125 0.30289380769230767 0.45530359375 0.3063660288461538 0.42991296875 0.30115769471153847 0.42698328125 0.20740769471153844 0.42112390625 0.1900465841346154 0.42112390625 0.18831047355769231 0.42210046875 0.18483825240384616 0.42600671875 0.18483825240384616 0.45139734375
10 0.4269792716346154 0.46179396875 0.42871538221153843 0.46277053125 0.4356598269230769 0.46472365625 0.5224653822115385 0.46862990625 0.5363542716346154 0.46862990625 0.5450348269230769 0.46570021875 0.5485070504807692 0.45007521875 0.5485070504807692 0.43835646875 0.5398264951923077 0.43347365625 0.45302093749999994 0.42956740625 0.4356598269230769 0.42956740625 0.4304514951923077 0.43249709375 0.4269792716346154 0.43640334375 0.4269792716346154 0.46179396875
10 0.46343760576923076 0.5011420120192308 0.5189931610576923 0.5030951370192308 0.5641320504807692 0.5030951370192308 0.5728126057692308 0.49625919951923075 0.5728126057692308 0.47477482451923075 0.5676042716346154 0.47184513701923075 0.4807987163461539 0.46793888701923075 0.45996538221153843 0.46793888701923075 0.45475705048076925 0.47086857451923075 0.4512848269230769 0.49625919951923075 0.46343760576923076 0.5011420120192308
10 0.3317012836538461 0.49465163701923076 0.43586794951923075 0.49855788701923076 0.4445485048076923 0.49367507451923076 0.4445485048076923 0.46828444951923076 0.44281239423076924 0.46730788701923076 0.4323957283653846 0.46535476201923076 0.3455901730769231 0.46340163701923076 0.3351735048076923 0.46340163701923076 0.3299651730769231 0.46633132451923076 0.32649294951923075 0.49172194951923076 0.3317012836538461 0.49465163701923076
10 0.21057883653846154 0.48718464663461536 0.21925939182692306 0.49011433413461536 0.3060649471153846 0.49402058413461536 0.31995383653846154 0.49402058413461536 0.32863439182692306 0.49109089663461536 0.3321066153846154 0.46570027163461536 0.32689828125000003 0.46277058413461536 0.22620383653846154 0.45691120913461536 0.21925939182692306 0.45691120913461536 0.21405106009615385 0.45984089663461536 0.21057883653846154 0.47546589663461536 0.21057883653846154 0.48718464663461536
10 0.08333333413461538 0.4775390625 0.08506944471153846 0.478515625 0.09201388942307692 0.48046875 0.15798611057692308 0.484375 0.203125 0.484375 0.20486111057692308 0.4833984375 0.20833333413461538 0.4775390625 0.20833333413461538 0.4541015625 0.20659722115384616 0.453125 0.10243055528846154 0.4453125 0.09201388942307692 0.447265625 0.08680555528846154 0.4501953125 0.08333333413461538 0.4658203125 0.08333333413461538 0.4775390625
10 0.07505782692307693 0.5157904759615385 0.08373838221153845 0.5187201634615385 0.17054393750000002 0.5226264134615385 0.18443282692307694 0.5226264134615385 0.18964115865384615 0.5196967259615385 0.19311338221153845 0.5040717259615385 0.19311338221153845 0.4923529759615385 0.19137727163461538 0.4913764134615385 0.09415504807692308 0.4855170384615385 0.08373838221153845 0.4855170384615385 0.07505782692307693 0.4884467259615385 0.07158560336538461 0.5118842259615385 0.07505782692307693 0.5157904759615385
10 0.18862265865384617 0.5190656730769231 0.19383099038461538 0.5219953605769231 0.29452543509615386 0.5278547355769231 0.3066782139423077 0.5249250480769231 0.31015043509615386 0.5014875480769231 0.30841432451923073 0.4966047355769231 0.29799765865384614 0.4946516105769231 0.21813654567307694 0.4907453605769231 0.19730321394230768 0.4907453605769231 0.1920948798076923 0.4956281730769231 0.18862265865384617 0.5073469230769231 0.18862265865384617 0.5190656730769231
10 0.3112731875 0.5242940216346154 0.3199537427884615 0.5272237091346154 0.3789815192307693 0.5291768341346154 0.42412040865384615 0.5291768341346154 0.4293287427884615 0.5262471466346154 0.43280096394230766 0.5125752716346154 0.43280096394230766 0.5008565216346154 0.4275926322115385 0.49792683413461536 0.35467596394230766 0.49597370913461536 0.3164815192307693 0.49597370913461536 0.31474540865384615 0.49695027163461536 0.3112731875 0.5106221466346154 0.3112731875 0.5242940216346154
10 0.4385186899038462 0.52756921875 0.44372702403846154 0.53049890625 0.49233813461538467 0.53245203125 0.5513659134615385 0.53245203125 0.5565742451923077 0.52952234375 0.56004646875 0.50608484375 0.5478936899038461 0.50120203125 0.46456035817307695 0.49924890625 0.44372702403846154 0.49924890625 0.44199091346153846 0.50022546875 0.4385186899038462 0.50999109375 0.4385186899038462 0.52756921875
10 0.421875 0.55859375 0.4461805552884615 0.560546875 0.5260416658653846 0.560546875 0.5347222211538462 0.5556640625 0.5347222211538462 0.5322265625 0.532986110576923 0.53125 0.435763889423077 0.52734375 0.42534722115384616 0.52734375 0.420138889423077 0.5302734375 0.41666666586538464 0.5556640625 0.421875 0.55859375
10 0.40625 0.5888671875 0.407986110576923 0.58984375 0.421875 0.591796875 0.5121527788461538 0.59375 0.5208333341346154 0.5888671875 0.5208333341346154 0.5634765625 0.5190972211538462 0.5625 0.46354166586538464 0.560546875 0.41145833413461536 0.560546875 0.40972222115384616 0.5615234375 0.40625 0.5732421875 0.40625 0.5888671875
10 0.2881945384615385 0.58811609375 0.29340287259615383 0.59104578125 0.3350695384615384 0.59299890625 0.3975695384615384 0.59299890625 0.4027778725961539 0.59006921875 0.40625009375 0.56663171875 0.40104176201923075 0.56370203125 0.39062509375 0.56174890625 0.3246528725961539 0.55979578125 0.29687509375 0.55979578125 0.29166676201923075 0.56272546875 0.2881945384615385 0.57444421875 0.2881945384615385 0.58811609375
10 0.2974882644230769 0.5568661201923077 0.29922437740384616 0.5578426826923077 0.3096410432692308 0.5597958076923077 0.40686326442307696 0.5617489326923077 0.4155438197115385 0.5549129951923077 0.4155438197115385 0.5314754951923077 0.41380770913461534 0.5304989326923077 0.3235299326923077 0.5265926826923077 0.3061688197115385 0.5265926826923077 0.30096048798076924 0.5295223701923077 0.2974882644230769 0.5353817451923077 0.2974882644230769 0.5568661201923077
10 0.2921759639423077 0.6255109591346154 0.3477315192307693 0.6274640841346154 0.3893981875 0.6274640841346154 0.3980787427884615 0.6225812716346154 0.3980787427884615 0.5991437716346154 0.39287040865384615 0.5962140841346154 0.2921759639423077 0.5923078341346154 0.28349540865384615 0.5971906466346154 0.2800231875 0.6206281466346154 0.2921759639423077 0.6255109591346154
10 0.2898264951923077 0.6587141370192308 0.3939931610576923 0.6606672620192308 0.3992014951923077 0.6557844495192308 0.3992014951923077 0.6303938245192308 0.39746538221153843 0.6294172620192308 0.2898264951923077 0.6255110120192308 0.28461816105769233 0.6303938245192308 0.2811459375 0.6557844495192308 0.2898264951923077 0.6587141370192308
10 0.25112265865384614 0.6909406995192308 0.2563309903846154 0.6938703870192308 0.30494210096153845 0.6958235120192308 0.36396987980769235 0.6958235120192308 0.3691782139423077 0.6928938245192308 0.37265043509615386 0.6655500745192308 0.3674421009615385 0.6606672620192308 0.2598032139423077 0.6587141370192308 0.2545948798076923 0.6616438245192308 0.25112265865384614 0.6694563245192308 0.25112265865384614 0.6909406995192308
10 0.17473395673076922 0.5529598701923077 0.1764700673076923 0.5539364326923077 0.2424422908653846 0.5578426826923077 0.2910534014423077 0.5578426826923077 0.29278951201923076 0.5568661201923077 0.2962617355769231 0.5431942451923077 0.2962617355769231 0.5295223701923077 0.2910534014423077 0.5265926826923077 0.19730340144230768 0.5226864326923077 0.1799422908653846 0.5226864326923077 0.17820618028846152 0.5236629951923077 0.17473395673076922 0.5295223701923077 0.17473395673076922 0.5529598701923077
10 0.171875 0.5877705576923077 0.1961805552884615 0.5897236826923077 0.26215277884615384 0.5916768076923077 0.2760416658653846 0.5916768076923077 0.28472222115384616 0.5887471201923077 0.28472222115384616 0.5614033701923077 0.2829861105769231 0.5604268076923077 0.19270833413461538 0.5565205576923077 0.17534722115384616 0.5565205576923077 0.17013888942307692 0.5594502451923077 0.16666666586538462 0.5848408701923077 0.171875 0.5877705576923077
10 0.16431719711538462 0.6180440216346154 0.17299775240384616 0.6209737091346154 0.23202552884615385 0.6229268341346154 0.2736921971153846 0.6229268341346154 0.27890052884615385 0.6199971466346154 0.27890052884615385 0.5946065216346154 0.2771644182692308 0.5936299591346154 0.20077552884615385 0.5897237091346154 0.1660533076923077 0.5897237091346154 0.16431719711538462 0.5907002716346154 0.16431719711538462 0.6180440216346154
10 0.16717606009615385 0.6528547620192308 0.23662050240384616 0.6567610120192308 0.2748149471153846 0.6567610120192308 0.2765510600961539 0.6557844495192308 0.28002328125 0.6499250745192308 0.28002328125 0.6264875745192308 0.27828717067307696 0.6255110120192308 0.1914816153846154 0.6216047620192308 0.17064828124999998 0.6216047620192308 0.16543994711538462 0.6245344495192308 0.16196772596153847 0.6479719495192308 0.16717606009615385 0.6528547620192308
10 0.05320599038461538 0.5483625745192308 0.05494210096153846 0.5493391370192308 0.06188654567307693 0.5512922620192308 0.16258099038461538 0.5551985120192308 0.16778932451923076 0.5522688245192308 0.17473376923076925 0.5268781995192308 0.17473376923076925 0.5249250745192308 0.16952543509615386 0.5219953870192308 0.08619210096153845 0.5180891370192308 0.05841432451923077 0.5180891370192308 0.056678213942307695 0.5190656995192308 0.05320599038461538 0.5229719495192308 0.05320599038461538 0.5483625745192308
10 0.04738420432692308 0.5809346466346154 0.049120314903846156 0.5819112091346154 0.05606475961538461 0.5838643341346154 0.11162031490384615 0.5858174591346154 0.16370364903846155 0.5858174591346154 0.16543975961538462 0.5848408966346154 0.16891198076923078 0.5770283966346154 0.16891198076923078 0.5555440216346154 0.1671758701923077 0.5545674591346154 0.06995364903846155 0.5506612091346154 0.05259253605769231 0.5506612091346154 0.05085642548076923 0.5516377716346154 0.04738420432692308 0.5574971466346154 0.04738420432692308 0.5809346466346154
10 0.04391226442307693 0.6147687980769231 0.045648375 0.6157453605769232 0.13592615384615384 0.6196516105769232 0.1532872644230769 0.6196516105769232 0.1584955985576923 0.6167219230769232 0.16196781971153845 0.5913312980769231 0.15675948557692307 0.5884016105769231 0.04912059855769231 0.5844953605769231 0.04391226442307693 0.5874250480769231 0.04391226442307693 0.6147687980769231
10 0.04391207692307692 0.6466498509615385 0.049120408653846155 0.6495795384615385 0.14287040865384615 0.6534857884615385 0.15328707692307691 0.6534857884615385 0.15849540865384615 0.6505561009615385 0.16196763221153845 0.6349311009615385 0.16196763221153845 0.6232123509615385 0.16023151923076923 0.6222357884615385 0.06995374278846155 0.6183295384615385 0.049120408653846155 0.6183295384615385 0.04738429807692308 0.6193061009615385 0.04391207692307692 0.6232123509615385 0.04391207692307692 0.6466498509615385
10 0.0625 0.6792219495192308 0.06770833413461538 0.6821516370192308 0.09895833413461538 0.6841047620192308 0.14409722115384616 0.6860578870192308 0.17534722115384616 0.6860578870192308 0.18402777884615384 0.6811750745192308 0.1944444447115385 0.6616438245192308 0.1944444447115385 0.6577375745192308 0.18923611057692308 0.6548078870192308 0.16840277884615384 0.6528547620192308 0.11631944471153846 0.6509016370192308 0.07118055528846154 0.6509016370192308 0.06597222115384616 0.6538313245192308 0.0625 0.6635969495192308 0.0625 0.6792219495192308
10 0.5814283028846154 0.47209901682692307 0.5822700937499999 0.5066925576923077 0.7018088125 0.5081142067307692 0.7043342403846153 0.4749423221153846 0.5828176081730769 0.47285185817307696 0.5814283028846154 0.47209901682692307
12 0.86628715625 0.7772383149038462 0.8463675072115385 0.7911350961538461 0.9873727115384615 0.8083133942307692 1 0.7709950216346153 0.9494907091346154 0.7644791153846153 0.8719007259615386 0.7583073221153847 0.86628715625 0.7772383149038462
12 0.7203018197115385 0.7628180625 0.7224063677884616 0.7823657836538461 0.8528887620192307 0.7942128822115385 0.8665682884615384 0.7580792211538461 0.8034317091346155 0.7503786009615384 0.7278186634615385 0.7446129254807693 0.7203018197115385 0.7628180625
12 0.5644332259615384 0.8202378677884615 0.5817943365384616 0.8456284927884615 0.5870026706730769 0.8505113052884615 0.5974193365384616 0.8505113052884615 0.6529748918269231 0.8407456802884615 0.7050582259615384 0.8290269302884615 0.7172110024038462 0.8241441177884615 0.7172110024038462 0.8163316177884615 0.6998498918269231 0.7909409927884615 0.6946415576923077 0.7860581802884615 0.6842248918269231 0.7860581802884615 0.5661693365384616 0.8075425552884615 0.5644332259615384 0.8085191177884615 0.5644332259615384 0.8202378677884615
12 0.727523514423077 0.8211090024038461 0.7362040697115385 0.8259918149038461 0.8299540697115385 0.8338043149038461 0.8646762908653846 0.8338043149038461 0.8664124038461539 0.8328277524038461 0.8733568485576922 0.8132965024038461 0.8733568485576922 0.7996246274038461 0.869884625 0.7957183774038461 0.8612040697115385 0.7908355649038461 0.7535651802884615 0.7830230649038461 0.7327318485576922 0.7830230649038461 0.7309957355769231 0.7839996274038461 0.727523514423077 0.8035308774038461 0.727523514423077 0.8211090024038461
12 1 0.8139875480769232 0.996527778846154 0.8100812980769232 0.987847221153846 0.8051984855769232 0.8697916658653846 0.7915266105769232 0.8733219759615385 0.7938021706730769 0.8710766610576923 0.8001125096153847 0.8541666658653846 0.8296125480769232 0.859375 0.8325422355769232 0.970486110576923 0.8462141105769232 0.984375 0.8462141105769232 0.986111110576923 0.8452375480769232 0.9930555552884616 0.8354719230769232 1 0.8198469230769232 1 0.8139875480769232
12 1 0.8497748245192308 0.9947916658653846 0.8468451370192308 0.890625 0.8351263870192308 0.8663194447115384 0.8351263870192308 0.861111110576923 0.8380560745192308 0.8541666658653846 0.8595404495192308 0.8541666658653846 0.8634466995192308 0.859375 0.8663763870192308 0.8802083341346154 0.8702826370192308 0.9600694447115384 0.8800482620192308 0.984375 0.8800482620192308 0.986111110576923 0.8790716995192308 0.9930555552884616 0.8693060745192308 1 0.8536810745192308 1 0.8497748245192308
12 0.7206832259615384 0.85311009375 0.7224193365384616 0.85408665625 0.7293637812499999 0.85603978125 0.7467248918269231 0.85799290625 0.8161693365384616 0.86385228125 0.8474193365384616 0.86580540625 0.8560998918269231 0.86287571875 0.8630443365384616 0.84334446875 0.8630443365384616 0.83357884375 0.8613082259615384 0.83260228125 0.7467248918269231 0.82283665625 0.7258915576923077 0.82283665625 0.7241554471153846 0.82381321875 0.7206832259615384 0.83748509375 0.7206832259615384 0.85311009375
12 0.7148615336538462 0.8895283966346154 0.7235420889423078 0.8924580841346154 0.7617365336538462 0.8963643341346154 0.8311809759615384 0.9002705841346154 0.8381254206730768 0.9002705841346154 0.8468059759615384 0.8973408966346154 0.8572226442307692 0.8719502716346154 0.8572226442307692 0.8699971466346154 0.8520143100961538 0.8670674591346154 0.7235420889423078 0.8553487091346154 0.7183337548076923 0.8563252716346154 0.7148615336538462 0.8641377716346154 0.7113893100961538 0.8856221466346154 0.7148615336538462 0.8895283966346154
12 0.8469099447115384 0.8972808221153846 0.8521182764423076 0.9021636346153846 0.8764238341346153 0.9060698846153846 0.9458682764423076 0.9138823846153846 0.9771182764423076 0.9138823846153846 0.982326610576923 0.9109526971153846 0.9927432764423076 0.8875151971153846 0.9927432764423076 0.8855620721153846 0.9840627211538462 0.8806792596153846 0.8764238341346153 0.8689605096153846 0.8590627211538462 0.8689605096153846 0.8503821658653846 0.8816558221153846 0.8469099447115384 0.8894683221153846 0.8469099447115384 0.8972808221153846
12 0.8348615096153846 0.9372599182692307 0.9390281778846153 0.9489786682692307 0.9529170649038462 0.9489786682692307 0.9581253990384616 0.9460489807692307 0.9685420649038462 0.9245646057692307 0.9685420649038462 0.9187052307692307 0.9563892884615384 0.9157755432692307 0.8487503990384616 0.9040567932692307 0.8383337331730769 0.9040567932692307 0.8365976225961538 0.9050333557692307 0.8296531778846153 0.9187052307692307 0.8261809543269231 0.9343302307692307 0.8348615096153846 0.9372599182692307
12 0.6929054471153846 0.9258866778846154 0.6946415576923077 0.9268632403846154 0.7050582259615384 0.9288163653846154 0.7988082259615384 0.9346757403846154 0.8231137812499999 0.9346757403846154 0.8317943365384616 0.9278398028846154 0.8387387812499999 0.9083085528846154 0.8387387812499999 0.9063554278846154 0.8335304471153846 0.9034257403846154 0.7120026706730769 0.8936601153846154 0.7050582259615384 0.8936601153846154 0.6963776706730769 0.9004960528846154 0.6929054471153846 0.9083085528846154 0.6929054471153846 0.9258866778846154
12 0.6622689014423078 0.9568511899038461 0.7560189014423078 0.9646636899038461 0.7907411225961538 0.9646636899038461 0.7959494567307692 0.9617340024038461 0.8028939014423078 0.9402496274038461 0.8028939014423078 0.9363433774038461 0.7976855673076924 0.9334136899038461 0.6796300120192308 0.9236480649038461 0.6692133461538461 0.9236480649038461 0.6640050120192308 0.9285308774038461 0.6570605673076924 0.9519683774038461 0.6622689014423078 0.9568511899038461
12 0.8016668990384616 0.9629961057692308 0.810347454326923 0.9678789182692308 0.9110418990384616 0.9776445432692308 0.935347454326923 0.9776445432692308 0.9370835673076924 0.9766679807692308 0.947500233173077 0.9551836057692308 0.947500233173077 0.9493242307692308 0.9457641225961539 0.9483476682692308 0.8485418990384616 0.9366289182692308 0.8138196778846154 0.9366289182692308 0.8051391225961539 0.9493242307692308 0.8016668990384616 0.9571367307692308 0.8016668990384616 0.9629961057692308
12 0.8892939375 1 0.8945022716346155 0.9970703125 0.9014467139423077 0.9794921875 0.9014467139423077 0.9716796875 0.8996827163461538 0.9761738894230769 0.8469150817307691 0.970494576923077 0.7975153245192307 0.9667083942307693 0.774777548076923 0.9684510961538462 0.7705702259615385 0.9793290721153846 0.7590856033653846 0.9873046875 0.7683249110576923 0.9919497259615385 0.8615161586538461 1 0.8892939375 1
12 0.5247107932692308 1 0.5906830144230769 0.984375 0.6323496802884615 0.97265625 0.6340857932692308 0.9716796875 0.6340857932692308 0.9599609375 0.6271413485576923 0.9501953125 0.6149885697115385 0.943359375 0.608044125 0.943359375 0.49172468028846156 0.9697265625 0.4882524591346154 0.9736328125 0.5056135697115385 0.9951171875 0.514294125 1 0.5247107932692308 1
12 0.5146994567307692 0.9376054278846154 0.5320605673076924 0.9610429278846154 0.5407411225961538 0.9639726153846154 0.5754633461538462 0.9581132403846154 0.6587966778846154 0.9405351153846154 0.6640050120192308 0.9356523028846154 0.6640050120192308 0.9317460528846154 0.6518522355769231 0.9092851153846154 0.6379633461538461 0.9092851153846154 0.5199077908653846 0.9327226153846154 0.5146994567307692 0.9356523028846154 0.5146994567307692 0.9376054278846154
12 0.5459494567307692 0.8972808221153846 0.5563661225961538 0.9129058221153846 0.5650466778846154 0.9216948846153846 0.5754633461538462 0.9216948846153846 0.6831022355769231 0.9002105096153846 0.6952550120192308 0.8953276971153846 0.6952550120192308 0.8894683221153846 0.6848383461538461 0.8718901971153846 0.6761577908653845 0.8650542596153846 0.6692133461538461 0.8650542596153846 0.5476855673076924 0.8865386346153846 0.5459494567307692 0.8875151971153846 0.5459494567307692 0.8972808221153846
12 0.55994240625 0.8523589735576922 0.577303516826923 0.8777495985576922 0.5859840745192307 0.8806792860576922 0.6345951850961539 0.8728667860576922 0.6970951850961539 0.8591949110576922 0.7092479615384615 0.8543120985576922 0.7092479615384615 0.8464995985576922 0.6988312956730769 0.8308745985576922 0.6901507403846154 0.8240386610576922 0.5651507403846154 0.8455230360576922 0.55994240625 0.8484527235576922 0.55994240625 0.8523589735576922
12 0.47813696875 1 0.47987307932692314 0.9990234375 0.4713638341346154 0.9879972620192308 0.46841622355769236 0.9853961730769231 0.3568466442307692 0.9816869471153846 0.3444564134615385 0.9794921875 0.34098418990384616 0.9873046875 0.34098418990384616 0.9990234375 0.3427203004807692 1 0.47813696875 1
12 0.37009284134615383 0.9655802043269232 0.3770372860576923 0.9812052043269232 0.3822456201923077 0.9841348918269232 0.4100233966346154 0.9841348918269232 0.4864122860576923 0.9763223918269232 0.5072456201923077 0.9724161418269232 0.5159261754807692 0.9675333293269232 0.5089817307692308 0.9460489543269232 0.5055095096153847 0.9401895793269232 0.5003011754807692 0.9372598918269232 0.37530117548076924 0.9528848918269232 0.37009284134615383 0.9558145793269232 0.37009284134615383 0.9655802043269232
12 0.3816322596153846 0.9219804807692308 0.39552114903846153 0.9454179807692308 0.4007294831730769 0.9483476682692308 0.41809059375 0.9483476682692308 0.4319794831730769 0.9463945432692308 0.5048961490384616 0.9346757932692308 0.5257294831730769 0.9307695432692308 0.5309378149038462 0.9278398557692308 0.5309378149038462 0.9180742307692308 0.5239933725961539 0.9044023557692308 0.5153128149038462 0.8956132932692308 0.5083683725961539 0.8956132932692308 0.38684059375 0.9170976682692308 0.3816322596153846 0.9200273557692308 0.3816322596153846 0.9219804807692308
12 0.42677114903846153 0.8745344230769232 0.4371878149038461 0.8901594230769232 0.4441322596153846 0.8979719230769232 0.44934059375 0.9009016105769232 0.4667017043269231 0.9009016105769232 0.5673961490384616 0.8813703605769232 0.576076704326923 0.8784406730769232 0.576076704326923 0.8725812980769232 0.5569794831730769 0.8481672355769232 0.5465628149038462 0.8481672355769232 0.44239614903846153 0.8637922355769232 0.4354517043269231 0.8657453605769232 0.42677114903846153 0.8706281730769232 0.42677114903846153 0.8745344230769232
12 0.4290165576923077 0.8457485072115385 0.4463776706730769 0.8672328822115385 0.45158600240384617 0.8701625697115385 0.4620026706730769 0.8701625697115385 0.5140860024038462 0.8603969447115385 0.5661693365384616 0.8486781947115385 0.5783221153846154 0.8437953822115385 0.5783221153846154 0.8359828822115385 0.559224891826923 0.8057094447115385 0.5488082259615384 0.8057094447115385 0.44811378125 0.8232875697115385 0.4411693365384615 0.8252406947115385 0.43248878125 0.8301235072115385 0.4290165576923077 0.8340297572115385 0.4255443365384615 0.8398891322115385 0.4290165576923077 0.8457485072115385
12 0.2798150649038461 0.8593603870192308 0.28990416826923077 0.8591895360576923 0.3235856826923077 0.8673929543269231 0.3763534110576923 0.8774895024038462 0.3864578004807692 0.8793825817307692 0.4117595096153846 0.8827978870192308 0.4291206201923077 0.8613135120192308 0.4291206201923077 0.8535010120192308 0.4204400649038461 0.8447119495192308 0.31280117548076924 0.8212744495192308 0.3023845096153846 0.8212744495192308 0.29717617548076924 0.8242041370192308 0.2867595096153846 0.8378760120192308 0.2798150649038461 0.8535010120192308 0.2798150649038461 0.8593603870192308
12 0.15716453605769232 0.8100812716346154 0.1589006466346154 0.8110578341346154 0.2700117572115385 0.8344953341346154 0.2769562019230769 0.8344953341346154 0.2856367572115385 0.8296125216346154 0.2925812019230769 0.8159406466346154 0.2925812019230769 0.8081281466346154 0.2839006466346154 0.8012922091346154 0.18320620192307693 0.7798078341346154 0.17626175721153844 0.7798078341346154 0.1710534230769231 0.7827375216346154 0.1641089783653846 0.7925031466346154 0.15716453605769232 0.8042218966346154 0.15716453605769232 0.8100812716346154
12 0.12172489182692307 0.8558596682692308 0.14255822596153847 0.8617190432692308 0.22936378125 0.8792971682692308 0.2467248918269231 0.8792971682692308 0.2554054471153846 0.8744143557692308 0.2692943365384615 0.8568362307692308 0.2727665576923077 0.8490237307692308 0.2663270408653846 0.8471998822115385 0.2607134711538462 0.8427826490384616 0.16079158413461536 0.822589576923077 0.15068719471153846 0.8200654471153845 0.1373498918269231 0.8255862307692308 0.11998878125 0.8509768557692308 0.12172489182692307 0.8558596682692308
12 0.09680588221153846 0.8848710528846154 0.10201421634615385 0.8878007403846154 0.2027086610576923 0.9092851153846154 0.21659755048076923 0.9112382403846154 0.22527810576923077 0.9083085528846154 0.24263921634615387 0.8868241778846154 0.24263921634615387 0.8809648028846154 0.23743088221153846 0.8780351153846154 0.11937532692307692 0.8526444903846154 0.11069477163461539 0.8575273028846154 0.09680588221153846 0.8770585528846154 0.09680588221153846 0.8848710528846154
12 0.07250032692307692 0.9148590024038461 0.0742364375 0.9158355649038461 0.1818753269230769 0.9392730649038461 0.1992364375 0.9392730649038461 0.20097255048076923 0.9382965024038461 0.2183336610576923 0.9168121274038461 0.2183336610576923 0.9109527524038461 0.21659755048076923 0.9099761899038461 0.09854199278846153 0.8845855649038461 0.09506977163461539 0.8845855649038461 0.08638921634615385 0.8894683774038461 0.07250032692307692 0.9089996274038461 0.07250032692307692 0.9148590024038461
12 0.23171325240384616 0.9249101153846154 0.28032436298076924 0.9366288653846154 0.3393521394230769 0.9483476153846154 0.3532410288461539 0.9483476153846154 0.35844936298076924 0.9454179278846154 0.37581047355769226 0.9200273028846154 0.37581047355769226 0.9141679278846154 0.3706021394230769 0.9112382403846154 0.2594910288461538 0.8819413653846154 0.25601880769230767 0.8819413653846154 0.24733825240384616 0.8868241778846154 0.22997713942307693 0.9102616778846154 0.22650491826923075 0.9219804278846154 0.23171325240384616 0.9249101153846154
12 0.2230327908653846 0.95845875 0.22476890144230768 0.9594353125 0.3393522355769231 0.9828728125 0.34976890144230766 0.9809196875 0.3549772355769231 0.97799 0.36886612259615387 0.95845875 0.36886612259615387 0.952599375 0.36365779086538463 0.9496696875 0.24213001201923076 0.9262321875 0.23344945673076925 0.933068125 0.2230327908653846 0.95064625 0.2230327908653846 0.95845875
12 0.3232179375 1 0.3249540480769231 0.9990234375 0.3353707139423077 0.9833984375 0.3353707139423077 0.9775390625 0.33016237980769236 0.974609375 0.2550999014423077 0.9639410504807693 0.22254104326923077 0.9582617884615385 0.21580481490384618 0.9569996850961539 0.1999540480769231 0.9599609375 0.1895373798076923 0.9775390625 0.1895373798076923 0.9814453125 0.1947457139423077 0.984375 0.21905126923076923 0.990234375 0.2780790480769231 1 0.3232179375 1
12 0.04952564663461538 0.9461089735576922 0.051261757211538465 0.9470855360576922 0.13459509134615383 0.9666167860576922 0.16584509134615383 0.9724761610576922 0.1693173125 0.9724761610576922 0.17799786778846152 0.9675933485576922 0.19188675721153844 0.9500152235576922 0.19188675721153844 0.9422027235576922 0.1901506466346154 0.9412261610576922 0.07209509134615386 0.9158355360576922 0.06862286778846154 0.9158355360576922 0.0634145360576923 0.9187652235576922 0.04952564663461538 0.9382964735576922 0.04952564663461538 0.9461089735576922
12 0.14960673076923078 1 0.1582872860576923 0.9931640625 0.1687039543269231 0.9794921875 0.1687039543269231 0.9716796875 0.16696784134615386 0.970703125 0.05585673076923077 0.9453125 0.04544006490384615 0.9453125 0.04370395432692308 0.9462890625 0.029815064903846153 0.9638671875 0.026342841346153847 0.9736328125 0.035023396634615386 0.978515625 0.0801622860576923 0.990234375 0.1322456201923077 1 0.14960673076923078 1
12 0.20657932692307693 0.7609025048076923 0.22867715144230769 0.7922973341346153 0.3591594759615385 0.7632719278846154 0.32548663942307693 0.7289153221153846 0.2059320769230769 0.7590358798076923 0.20657932692307693 0.7609025048076923
12 0.45077797596153846 0.8202540793269232 0.5812603701923077 0.79715221875 0.5581102740384616 0.7639803293269231 0.4304343653846154 0.7863196225961538 0.45077797596153846 0.8202540793269232
12 0.5777514423076924 0.7963664951923076 0.7050769807692308 0.7750417043269231 0.7145474807692308 0.7714875721153847 0.6935019326923076 0.7365386129807692 0.6840314302884616 0.73535390625 0.5567653341346154 0.7636332163461539 0.5777514423076924 0.7963664951923076
12 0.3196837235576923 0.7740556346153846 0.29083193509615385 0.8076985745192308 0.41815747115384616 0.8396857572115385 0.4465689735576923 0.8071062211538462 0.3196837235576923 0.7740556346153846