10 0.18210958653846154 0.32452616826923075 0.31371819230769227 0.3348559134615385 0.31907435817307694 0.29439774278846154 0.1867005841346154 0.2875112475961539 0.18210958653846154 0.32452616826923075
10 0.3092507043269231 0.33193171875 0.4381802980769231 0.33852471153846153 0.4431391298076923 0.30048822596153846 0.3155619447115384 0.2954166947115385 0.3092507043269231 0.33193171875
10 0.43772949759615387 0.2989667668269231 0.4314182572115385 0.33751040384615383 0.5639542740384615 0.3418212067307692 0.5639542740384615 0.30378472115384614 0.43772949759615387 0.2989667668269231
10 0.5490777812500001 0.3402997451923077 0.674400954326923 0.34689273798076925 0.6798105865384615 0.3106312884615384 0.5553890216346153 0.3027704158653846 0.5490777812500001 0.3402997451923077
10 0.6671881105769231 0.37503973557692305 0.7357101322115385 0.37808265384615386 0.7505866225961538 0.30657406249999997 0.6807121923076923 0.3035311442307692 0.6671881105769231 0.37503973557692305
10 0.7369518533653847 0.33651530769230764 0.7316171442307693 0.37638272596153843 0.8634606514423078 0.37509668028846155 0.8665090552884614 0.33694399038461537 0.7369518533653847 0.33651530769230764
10 0.9173179014423076 0.3498246225961538 0.8901093197115385 0.42489115865384613 0.9639611850961539 0.43436557451923075 0.9924654134615385 0.36002784134615384 0.9173179014423076 0.3498246225961538
10 0.13733855528846153 0.36002784134615384 0.2785640528846154 0.37241746394230774 0.2876335793269231 0.32723178365384614 0.15029502403846154 0.31775736778846153 0.13733855528846153 0.36002784134615384
10 0.2678855120192308 0.3668733100961538 0.39964144711538463 0.3733312644230769 0.40784202403846154 0.33427601682692304 0.2788196153846154 0.3284331057692308 0.2678855120192308 0.3668733100961538
10 0.3952678076923077 0.3333534519230769 0.39362769230769235 0.3721011778846154 0.5226501009615384 0.3764064807692308 0.5292105625 0.3379662764423077 0.3952678076923077 0.3333534519230769
10 0.5231968076923077 0.335813625 0.5144495240384616 0.3751763942307692 0.6456587548076923 0.38009674038461544 0.6544060384615384 0.34134901442307697 0.5231968076923077 0.335813625
10 0.1299999639423077 0.3543335432692307 0.12378673076923077 0.391164875 0.25140331490384615 0.4006338798076923 0.2591124447115385 0.3630518677884615 0.1299999639423077 0.3543335432692307
10 0.38459995913461537 0.40665663942307695 0.38845452403846153 0.36690643509615384 0.26039730048076926 0.3604018557692308 0.25440131009615385 0.40015206009615384 0.38459995913461537 0.40665663942307695
10 0.37903225480769226 0.40545208653846154 0.5066611947115385 0.4093066514423077 0.5083743341346154 0.37268828125 0.3803171081730769 0.36835189663461537 0.37903225480769226 0.40545208653846154
10 0.5132385168269231 0.37055496153846157 0.5071749399038462 0.40807334615384616 0.6323445024038462 0.4139203677884616 0.6392743052884615 0.3761583557692308 0.5132385168269231 0.37055496153846157
10 0.6427392067307692 0.3751838533653846 0.6379749663461538 0.41270223798076927 0.76747565625 0.4117277355769231 0.7683418822115384 0.3739657235576923 0.6427392067307692 0.3751838533653846
10 0.7622783028846154 0.37177309134615383 0.7622783028846154 0.4105096057692308 0.8891803173076924 0.40807334615384616 0.8917789927884615 0.3710422115384615 0.7622783028846154 0.37177309134615383
10 0.08459556490384615 0.45649344230769234 0.1543773533653846 0.4641846322115385 0.17970583413461538 0.39358445192307695 0.10897055769230769 0.38686340625000004 0.08459556490384615 0.45649344230769234
10 0.17205877644230771 0.39170256009615384 0.16441172115384614 0.42960925961538465 0.294889625 0.43713682932692305 0.3001469783653846 0.3994989735576923 0.17205877644230771 0.39170256009615384
10 0.2953675673076923 0.39815476442307696 0.2891543341346154 0.43606146394230766 0.4172425336538461 0.44116945673076924 0.4220219447115384 0.4040692836538462 0.2953675673076923 0.39815476442307696
10 0.5797424903846153 0.4449332427884615 0.5826101370192307 0.40729538701923074 0.45738958173076927 0.40460696874999996 0.4535660528846154 0.4409006153846154 0.5797424903846153 0.4449332427884615
10 0.6399630624999999 0.40917727884615385 0.6366174759615385 0.44735281971153845 0.764227733173077 0.4468151370192308 0.7637497932692308 0.4070265432692307 0.6399630624999999 0.40917727884615385
10 0.7685292043269231 0.4059511778846154 0.7656615576923076 0.4422448245192308 0.890404170673077 0.4414383004807692 0.892793875 0.4038004423076923 0.7685292043269231 0.4059511778846154
10 0.2919135408653846 0.46955275240384614 0.2992113774038462 0.4319759014423077 0.17121851923076925 0.4269235528846154 0.16279793509615384 0.4645004038461539 0.2919135408653846 0.46955275240384614
10 0.28950478365384613 0.43287986778846155 0.28475172115384617 0.46982413461538464 0.4122202451923077 0.47517133173076925 0.4174054038461538 0.43774095432692306 0.28950478365384613 0.43287986778846155
10 0.4174054038461538 0.4355534663461539 0.4130844375 0.47298384134615384 0.5383924783653846 0.4793032548076923 0.5448739278846154 0.4423589879807693 0.4174054038461538 0.4355534663461539
10 0.5422813485576923 0.440657608173077 0.5366640913461539 0.4790602019230769 0.6628363269230769 0.48173380048076925 0.6671572932692308 0.4445464783653846 0.5422813485576923 0.440657608173077
10 0.6641326153846154 0.4401715 0.6606758413461539 0.48197685336538465 0.7868480769230769 0.4814907451923077 0.7907369471153847 0.4438173149038462 0.6641326153846154 0.4401715
10 0.8062924278846153 0.44503258653846156 0.8002430745192307 0.48440739903846153 0.9350572427884616 0.48489350721153845 0.9398103052884615 0.44576175 0.8062924278846153 0.44503258653846156
10 0.8075391033653846 0.47738677163461535 0.8049673245192307 0.5121058100961539 0.9326990937499999 0.5096947644230769 0.9344136129807693 0.4778689807692308 0.8075391033653846 0.47738677163461535
10 0.6849508966346154 0.4769045625 0.6815218557692307 0.5149990625 0.8092536250000001 0.5145168533653846 0.8109681442307692 0.4759401442307692 0.6849508966346154 0.4769045625
10 0.6900944567307692 0.5164456899038462 0.693523497596154 0.4778689807692308 0.5623626875000001 0.4749757259615385 0.5589336466346154 0.5169278990384615 0.6900944567307692 0.5164456899038462
10 0.5666489903846154 0.5140346442307693 0.57007803125 0.47449351923076927 0.4423462620192308 0.4716002644230769 0.4372026995192308 0.5101769735576923 0.5666489903846154 0.5140346442307693
10 0.44748982211538463 0.5096947644230769 0.4526333822115385 0.4711180552884615 0.32061531249999997 0.46774259375 0.3189007932692308 0.5048726754807692 0.44748982211538463 0.5096947644230769
10 0.3300451754807692 0.5058370937500001 0.3351887355769231 0.46533155048076924 0.20488518749999998 0.4614738798076923 0.19888436538461537 0.49860396153846154 0.3300451754807692 0.5058370937500001
10 0.0820945408653846 0.4565450961538462 0.07532385817307692 0.49344003124999997 0.20608268990384618 0.5008190192307692 0.20946803125 0.46106769951923077 0.0820945408653846 0.4565450961538462
10 0.1887328125 0.5312870961538462 0.1908486514423077 0.49463019230769234 0.06305199278846153 0.4893934903846154 0.05712764423076923 0.5253363004807692 0.1887328125 0.5312870961538462
10 0.3063734423076923 0.5365237980769231 0.311874625 0.5003429567307692 0.1828084639423077 0.49463019230769234 0.1764609471153846 0.5317631610576923 0.3063734423076923 0.5365237980769231
10 0.30510393990384616 0.5005809879807692 0.29706375240384614 0.536047733173077 0.4248604110576923 0.5408083701923077 0.4303615913461538 0.5043894975961538 0.30510393990384616 0.5005809879807692
10 0.4303615913461538 0.5029613052884615 0.4227445721153846 0.5400942764423077 0.5492717259615385 0.5443788485576924 0.55477290625 0.5074839110576923 0.4303615913461538 0.5029613052884615
10 0.5496948942307692 0.5074839110576923 0.5446168798076922 0.5439027860576923 0.6690281971153845 0.548901454326923 0.6753757115384615 0.5105783269230769 0.5496948942307692 0.5074839110576923
10 0.6829927307692307 0.5112924206730769 0.67791471875 0.547949326923077 0.8069808798076923 0.5455690072115384 0.8074040480769231 0.5101022620192308 0.6829927307692307 0.5112924206730769
10 0.8061345432692307 0.5086740721153846 0.8040187043269231 0.5439027860576923 0.9271605168269231 0.5439027860576923 0.9305458581730769 0.5062937524038461 0.8061345432692307 0.5086740721153846
10 0.7811676466346154 0.5408083701923077 0.7803213125 0.5760370865384615 0.9013472860576923 0.5781793725961538 0.9051557956730769 0.5398562427884616 0.7811676466346154 0.5408083701923077
10 0.7862456610576923 0.5779413413461538 0.7832834855769231 0.5410464038461538 0.6571794999999999 0.5431886899038462 0.6597185072115385 0.5815118173076923 0.7862456610576923 0.5779413413461538
10 0.8708792091346154 0.6072192572115385 0.8708792091346154 0.5717525120192307 0.7498532355769231 0.5743708629807692 0.7498532355769231 0.6103136730769231 0.8708792091346154 0.6072192572115385
10 0.8713023750000001 0.5872245817307692 0.8323709447115385 0.6514931826923077 0.8945766009615385 0.6626806802884615 0.9335080336538462 0.5984120793269231 0.8713023750000001 0.5872245817307692
10 0.7739737956730769 0.6029346850961539 0.7447752211538461 0.6686314759615384 0.8078272139423077 0.6769625913461539 0.8382952932692308 0.6117418629807692 0.7739737956730769 0.6029346850961539
10 0.7511227379807692 0.6702976995192308 0.7498532355769231 0.7067165721153846 0.86664753125 0.7057644447115384 0.8700328725961538 0.671011795673077 0.7511227379807692 0.6702976995192308
10 0.7578934206730769 0.6117418629807692 0.7562007500000001 0.5753229903846153 0.6330589375 0.5762751177884615 0.6313662668269231 0.6122179278846154 0.7578934206730769 0.6117418629807692
10 0.6245955841346155 0.6088854807692308 0.6237492475961539 0.6445902596153845 0.7456215576923076 0.6441141947115384 0.7490068990384615 0.6084094182692308 0.6245955841346155 0.6088854807692308
10 0.6233260793269231 0.6410197812499999 0.6224797451923076 0.6772006225961539 0.7447752211538461 0.67815275 0.7498532355769231 0.6422099399038461 0.6233260793269231 0.6410197812499999
10 0.6381369519230768 0.671487858173077 0.6351747764423077 0.7062405096153845 0.7515459062500001 0.7071926370192307 0.7557775817307693 0.6722019543269231 0.6381369519230768 0.671487858173077
10 0.6498497932692308 0.5781267403846153 0.6522455528846154 0.5427518509615384 0.5288639326923077 0.53971971875 0.5240724134615384 0.5771160288461539 0.6498497932692308 0.5781267403846153
10 0.6366731153846155 0.6108063990384616 0.6372720552884614 0.5737469927884615 0.5150883149038461 0.5717255697115384 0.5126925552884616 0.6091218798076923 0.6366731153846155 0.6108063990384616
10 0.6270900769230768 0.6434860576923077 0.627689016826923 0.6050790360576923 0.5037084567307692 0.6027207091346154 0.5007137572115384 0.6404539230769231 0.6270900769230768 0.6434860576923077
10 0.6270900769230768 0.6748181009615385 0.627689016826923 0.63876940625 0.5043073966346154 0.6367479831730769 0.5007137572115384 0.6734704855769231 0.6270900769230768 0.6748181009615385
10 0.643261454326923 0.7176048701923077 0.64685509375 0.6825668846153847 0.52227559375 0.6791978485576924 0.5210777139423077 0.7172679663461538 0.643261454326923 0.7176048701923077
10 0.5079010360576923 0.7142358317307692 0.5138904350961538 0.6778502331730769 0.3887119951923077 0.6741442932692308 0.3857172956730769 0.710866795673077 0.5079010360576923 0.7142358317307692
10 0.510895735576923 0.6724597740384616 0.5120936153846154 0.63438965625 0.38931093509615383 0.6327051394230769 0.3875141153846154 0.669764545673077 0.510895735576923 0.6724597740384616
10 0.3647543990384615 0.7058132403846155 0.3689469783653846 0.669764545673077 0.24137278125 0.6660586033653846 0.23837808173076924 0.7034549134615384 0.3647543990384615 0.7058132403846155
10 0.39170669471153846 0.6707752572115384 0.39769609375 0.6333789471153846 0.2695229567307692 0.6300099086538461 0.26712719711538463 0.6653847980769231 0.39170669471153846 0.6707752572115384
10 0.3947013942307693 0.6380955985576923 0.39709715384615385 0.5990147692307692 0.2707208365384615 0.5956457331730769 0.26772613701923076 0.6350634639423076 0.3947013942307693 0.6380955985576923
10 0.510895735576923 0.6384325024038462 0.5138904350961538 0.6027207091346154 0.38691517548076926 0.6003623846153846 0.38392047596153844 0.6370848870192307 0.510895735576923 0.6384325024038462
10 0.5198798341346154 0.6074373605769231 0.5216766538461538 0.5700410504807693 0.3994929134615385 0.5676827259615385 0.3947013942307693 0.6040683245192308 0.5198798341346154 0.6074373605769231
10 0.5330565120192308 0.5754315096153846 0.5360512115384616 0.5383721033653847 0.40967489182692307 0.5363506826923077 0.40907595192307694 0.5734100889423077 0.5330565120192308 0.5754315096153846
10 0.2749134158653846 0.6003623846153846 0.4012897331730769 0.6060897475961539 0.4102738317307692 0.5680196298076923 0.2826996346153846 0.5626291706730769 0.2749134158653846 0.6003623846153846
10 0.4162632307692308 0.5723993774038462 0.41865899038461535 0.5350030673076923 0.2934805528846154 0.5323078365384615 0.2886890336538462 0.5690303413461538 0.4162632307692308 0.5723993774038462
10 0.29647525240384615 0.5326447403846154 0.16710423317307693 0.5269173774038461 0.16351059375000002 0.5636398822115385 0.2904858533653846 0.5693672427884615 0.29647525240384615 0.5326447403846154
10 0.29108479326923076 0.5663351105769231 0.16231271394230767 0.5612815552884615 0.15871907451923079 0.5963195384615385 0.2838975144230769 0.60137309375 0.29108479326923076 0.5663351105769231
10 0.28030387500000004 0.59733025 0.155724375 0.5929505024038462 0.15153179567307692 0.6296730048076923 0.2749134158653846 0.6333789471153846 0.28030387500000004 0.59733025
10 0.28030387500000004 0.6286622932692307 0.155724375 0.6252932572115385 0.14973497596153845 0.6606681442307691 0.27431447596153846 0.6667324110576923 0.28030387500000004 0.6286622932692307
10 0.17369257211538464 0.5262435721153846 0.045519432692307696 0.5232114375 0.041326853365384615 0.5589232283653847 0.1700989326923077 0.5629660745192308 0.17369257211538464 0.5262435721153846
10 0.16650529326923078 0.56027084375 0.040727913461538465 0.5558910961538461 0.036535334134615384 0.5912659831730769 0.16530741346153846 0.5959826370192307 0.16650529326923078 0.56027084375
10 0.15931801442307691 0.5922766947115384 0.03294169471153846 0.5872231394230769 0.03174381490384615 0.6259670649038462 0.15991695432692307 0.6286622932692307 0.15931801442307691 0.5922766947115384
10 0.16231271394230767 0.6252932572115385 0.036535334134615384 0.6215873173076923 0.03294169471153846 0.6559514927884614 0.1569222548076923 0.6613419519230769 0.16231271394230767 0.6252932572115385
10 0.18387455048076923 0.6579729158653845 0.056300350961538466 0.6542669759615385 0.05450353125 0.6893049591346153 0.1802809110576923 0.6946954182692308 0.18387455048076923 0.6579729158653845