10 0.18530936538461537 0.32609603125 0.31399171634615386 0.3333833725961538 0.3167690336538461 0.2959056153846154 0.19185186298076923 0.28864583173076924 0.18530936538461537 0.32609603125
10 0.3130659423076923 0.3349449471153846 0.4380452043269231 0.33858861778846155 0.44174829326923076 0.30215190865384617 0.3177777884615385 0.2980208317307692 0.3130659423076923 0.3349449471153846
10 0.4361936610576923 0.33806809134615384 0.5583956057692308 0.3427528125 0.5620986947115385 0.3042340072115385 0.4409259375 0.30010416586538463 0.4361936610576923 0.33806809134615384
10 0.554692516826923 0.3427528125 0.6759686874999999 0.3479580552884615 0.6778202331730768 0.3115213485576923 0.5612963076923078 0.3063541658653846 0.554692516826923 0.3427528125
10 0.6722655985576923 0.3776279471153846 0.7398469783653846 0.3771074230769231 0.7463273846153846 0.3073571538461538 0.687222233173077 0.3053124975961538 0.6722655985576923 0.3776279471153846
10 0.7398469783653846 0.3411912379807692 0.7398469783653846 0.37814847115384614 0.8648262379807693 0.37450480048076923 0.862048923076923 0.33858861778846155 0.7509562451923077 0.3406707139423077 0.7398469783653846 0.3411912379807692
10 0.14364961057692308 0.35784801923076925 0.27048041826923075 0.36982008173076925 0.2797381394230769 0.33442442067307687 0.15383310576923076 0.3224523605769231 0.14364961057692308 0.35784801923076925
10 0.2760350504807692 0.36669693509615386 0.3862019567307692 0.3734637524038461 0.3982369951923077 0.3719021778846154 0.4010143125 0.33858861778846155 0.27888889903846154 0.3339583317307693 0.2760350504807692 0.36669693509615386
10 0.3982369951923077 0.3729432283653846 0.5204389399038462 0.3765868990384615 0.5241420288461538 0.3422322884615384 0.40111112259615384 0.33864583173076923 0.3982369951923077 0.3729432283653846
10 0.5213647115384615 0.37606637259615383 0.6444924302884616 0.3812716177884615 0.6500470625 0.34691700721153845 0.5270370480769231 0.3417708317307693 0.5213647115384615 0.37606637259615383
10 0.12420839182692307 0.39168210576923074 0.2501134254807692 0.40105154567307694 0.2575196057692308 0.3672174591346154 0.13259260336538461 0.3573958317307693 0.12420839182692307 0.39168210576923074
10 0.9018855504807692 0.42606143028846155 0.9648380673076923 0.4323077235576923 0.9861308317307693 0.3630779783653846 0.9261111225961538 0.3579166658653846 0.9018855504807692 0.42606143028846155
10 0.6454466201923077 0.41356884615384615 0.7685743389423076 0.41356884615384615 0.7657970216346153 0.37817318509615383 0.6445208485576923 0.37869371153846154 0.6454466201923077 0.41356884615384615
10 0.5102838653846153 0.4094046490384615 0.6324858100961539 0.4161714663461539 0.6398919879807692 0.3807758076923077 0.5159259375 0.3761458317307692 0.5102838653846153 0.4094046490384615
10 0.2593995697115385 0.3682832235576923 0.26032534134615387 0.4015967836538462 0.3843788293269231 0.40628150240384614 0.3853046033653846 0.37192689423076924 0.27333334375 0.3667708317307692 0.2593995697115385 0.3682832235576923
10 0.3825272860576923 0.40576097836538466 0.5047292307692308 0.4099251730769231 0.5084323197115385 0.3760910889423077 0.3862963076923077 0.37145833173076925 0.3825272860576923 0.40576097836538466
10 0.7685743389423076 0.4125277956730769 0.8917020552884616 0.4078430769230769 0.8898505096153847 0.37348846634615385 0.7668518629807692 0.37874999759615385 0.7685743389423076 0.4125277956730769
10 0.08998323557692307 0.45729289423076924 0.15200998076923075 0.46614181009615385 0.17330274519230768 0.39795311298076924 0.1112963076923077 0.3907291658653846 0.08998323557692307 0.45729289423076924
10 0.16867388221153845 0.4323077235576923 0.2936531442307692 0.43803349278846154 0.29550468750000003 0.40315835817307694 0.17611112259615383 0.3969791658653846 0.16867388221153845 0.4323077235576923
10 0.2945789158653846 0.43699244230769235 0.4177066322115385 0.44323873557692306 0.4223354951923077 0.4073225528846154 0.2974074182692308 0.4042708317307693 0.2945789158653846 0.43699244230769235
10 0.45751484375 0.4421976875 0.5797167884615384 0.44636188221153844 0.5843456490384615 0.41200727163461537 0.4594444567307692 0.40947916586538463 0.45751484375 0.4421976875
10 0.6426693052884616 0.44792345432692304 0.7657970216346153 0.44688240625 0.7676485649038463 0.4130483197115385 0.6418518629807692 0.4136458317307692 0.6426693052884616 0.44792345432692304
10 0.7704258822115384 0.4453208341346154 0.8926278269230769 0.4411566370192308 0.8917020552884616 0.4078430769230769 0.77135165625 0.41148674759615383 0.7704258822115384 0.4453208341346154
10 0.16867388221153845 0.46409307692307694 0.2899500552884616 0.4703393701923077 0.29550468750000003 0.43754633173076923 0.17143875721153845 0.43129324278846154 0.16867388221153845 0.46409307692307694
10 0.28993761298076925 0.46981204807692306 0.41213955769230765 0.4739762427884615 0.4139911009615385 0.44222425480769234 0.2946296418269231 0.4360416658653846 0.28993761298076925 0.46981204807692306
10 0.41769418990384616 0.4739762427884615 0.5380445913461538 0.48126358413461534 0.5417476802884615 0.4458679254807692 0.4242592716346154 0.43968749759615383 0.41769418990384616 0.4739762427884615
10 0.5426734519230769 0.4797020120192308 0.663949625 0.48334568269230765 0.6648753966346154 0.4479500240384615 0.5446296418269231 0.4459374975961538 0.5426734519230769 0.4797020120192308
10 0.6658011682692307 0.4828251586538462 0.7907804302884615 0.48126358413461534 0.7907804302884615 0.4458679254807692 0.6668518629807692 0.44854166586538463 0.6658011682692307 0.4828251586538462
10 0.8074443317307692 0.48542778125 0.9352009110576923 0.48542778125 0.9361266826923077 0.4479500240384615 0.8102216490384616 0.4489910721153846 0.8074443317307692 0.48542778125
10 0.08071306971153845 0.4937895360576923 0.20569233173076923 0.49951530528846155 0.20569233173076923 0.46724279086538456 0.08351852884615384 0.4594791658653846 0.08071306971153845 0.4937895360576923
10 0.20476656009615385 0.500035829326923 0.3260427307692308 0.5047205480769231 0.32789427644230773 0.47296856009615384 0.20944445673076922 0.4672916658653846 0.20476656009615385 0.500035829326923
10 0.3241911875 0.5052410721153846 0.44454158653846154 0.5083642187499999 0.44731890384615386 0.47661223076923076 0.3270370480769231 0.47302083173076925 0.3241911875 0.5052410721153846
10 0.44454158653846154 0.5104463173076923 0.5630404423076923 0.5135694639423076 0.5658177596153846 0.48077642548076926 0.4474074182692308 0.4782291658653846 0.44454158653846154 0.5104463173076923
10 0.5630404423076923 0.5151310360576923 0.6880197043269232 0.5161720841346153 0.6870939326923077 0.48337904807692306 0.5668518629807692 0.48135416586538465 0.5630404423076923 0.5151310360576923
10 0.6880197043269232 0.5166926081730769 0.8092958774038461 0.5151310360576923 0.8102216490384616 0.48754324278846156 0.8009639254807692 0.48077642548076926 0.6900000120192308 0.48343749759615384 0.6880197043269232 0.5166926081730769
10 0.9305720480769231 0.5104463173076923 0.9314978221153846 0.4854611442307692 0.8103703822115385 0.48708333173076923 0.8102216490384616 0.5114873653846154 0.9305720480769231 0.5104463173076923
10 0.060346079326923076 0.525574889423077 0.18532534134615386 0.5333827548076923 0.18810265865384615 0.5000691947115384 0.06867803125 0.4917408028846154 0.060346079326923076 0.525574889423077
10 0.18347379567307692 0.5323417067307692 0.3038241971153846 0.5380674735576924 0.30937882932692307 0.5042333894230769 0.18814815865384615 0.5001041658653846 0.18347379567307692 0.5323417067307692
10 0.30567574038461537 0.5365059014423077 0.42232305288461536 0.5411906201923077 0.4269519134615385 0.5089181081730769 0.3084530576923077 0.5052744375 0.30567574038461537 0.5365059014423077
10 0.4315807740384615 0.5094386322115384 0.42972923076923075 0.5417111442307692 0.5473023125 0.5437932427884615 0.5510054038461538 0.5130823028846154 0.43351852884615383 0.5084374975961539 0.4315807740384615 0.5094386322115384
10 0.5491538581730769 0.5458753413461539 0.6667269423076922 0.5489984879807692 0.6722815745192308 0.5167259735576923 0.5537827187500001 0.5136028269230769 0.5491538581730769 0.5458753413461539
10 0.6852423870192308 0.5500395360576923 0.8055927884615385 0.5453548173076923 0.8065185600961539 0.5141233533653846 0.6853703822115385 0.5167708317307692 0.6852423870192308 0.5500395360576923
10 0.8092958774038461 0.5443137668269231 0.9277947331730769 0.5437932427884615 0.9277947331730769 0.50995915625 0.8092958774038461 0.5125617788461538 0.8092958774038461 0.5443137668269231
10 0.04457599759615384 0.5594006346153846 0.16588412259615384 0.565655266826923 0.17051298317307692 0.5318211826923077 0.04827908653846154 0.5260870721153846 0.04457599759615384 0.5594006346153846
10 0.16495835096153846 0.5661757932692308 0.2871602956730769 0.5719015600961538 0.29364070192307695 0.5375469495192308 0.16866143990384613 0.5318211826923077 0.16495835096153846 0.5661757932692308
10 0.2927241466346154 0.5693004831730769 0.41214877403846156 0.5734646778846154 0.41307454567307694 0.5401511177884616 0.29833334375000004 0.5370833317307693 0.2927241466346154 0.5693004831730769
10 0.40937145673076925 0.5724236298076923 0.5306476298076923 0.5760673004807693 0.5352764903846153 0.5437947884615385 0.4140740865384615 0.5407291658653846 0.40937145673076925 0.5724236298076923
10 0.5287960841346154 0.5771083485576923 0.6491464855769231 0.5802314951923078 0.6509980288461539 0.5484795072115385 0.5316666778846154 0.5443749975961538 0.5287960841346154 0.5771083485576923
10 0.6648846129807692 0.5817930697115384 0.78338346875 0.5781493990384615 0.7815319254807692 0.5463974086538461 0.6631481586538462 0.5501041658653846 0.6648846129807692 0.5817930697115384
10 0.7806061514423077 0.5771083485576923 0.9055854134615384 0.5755467764423077 0.9037338701923077 0.5427537379807692 0.7824576971153847 0.5458768846153846 0.7806061514423077 0.5771083485576923
10 0.03813676201923077 0.5922035576923077 0.16033870673076922 0.5984498485576923 0.16589333894230768 0.5651362884615385 0.044629641826923076 0.5589583317307693 0.03813676201923077 0.5922035576923077
10 0.16311602163461536 0.5968882764423077 0.2797633341346154 0.60365509375 0.2871695120192308 0.57034153125 0.16592593749999998 0.5652083317307692 0.16311602163461536 0.5968882764423077
10 0.2806891057692308 0.6010524711538461 0.3991879615384616 0.6052166658653846 0.40196527884615385 0.5734646778846154 0.28722223317307694 0.5678124975961538 0.2806891057692308 0.6010524711538461
10 0.3982621899038462 0.6052166658653846 0.5167610432692308 0.6067782403846154 0.5204641346153847 0.5755467764423077 0.40574075240384616 0.5730208317307692 0.3982621899038462 0.6052166658653846
10 0.5167610432692308 0.6083398125 0.6324825841346153 0.6109424350961539 0.6352598990384616 0.5791904471153846 0.5205555673076924 0.5756249975961538 0.5167610432692308 0.6083398125
10 0.6361856730769231 0.6130245336538461 0.75746184375 0.6125040072115385 0.7556103004807693 0.5797109711538462 0.6381481586538461 0.5808333317307692 0.6361856730769231 0.6130245336538461
10 0.7546845264423077 0.6109424350961539 0.8648514326923077 0.6099013870192308 0.8704060673076923 0.6046961418269231 0.8694802932692307 0.5765878245192307 0.754814826923077 0.5782291658653846 0.7546845264423077 0.6109424350961539
10 0.8389298076923077 0.6525843870192307 0.8972534639423076 0.662994875 0.9324328100961539 0.6005319471153846 0.8770370480769232 0.5912499975961538 0.8389298076923077 0.6525843870192307
10 0.7500556658653846 0.6697616923076922 0.80930509375 0.6775695576923078 0.83522671875 0.6192708245192308 0.8305978557692307 0.6135450576923077 0.7761111225961539 0.6099999975961539 0.7500556658653846 0.6697616923076922
10 0.629705266826923 0.6458509350961539 0.7482041225961538 0.6453304110576923 0.7472783485576924 0.6120168485576923 0.6278537211538461 0.6130578966346154 0.629705266826923 0.6458509350961539
10 0.03258212740384615 0.62659153125 0.15385830048076923 0.6307557283653846 0.1575613894230769 0.5979626899038462 0.03907408653846153 0.5917708317307693 0.03258212740384615 0.62659153125
10 0.036285216346153844 0.658864045673077 0.15570984375 0.6619871899038461 0.1584871610576923 0.6302352019230769 0.03722223317307692 0.6266666658653846 0.036285216346153844 0.658864045673077
10 0.05387488942307693 0.6911365576923078 0.1760768341346154 0.6989444230769231 0.1853345576923077 0.6651103365384615 0.06129630769230769 0.6599999975961539 0.05387488942307693 0.6911365576923078
10 0.15385830048076923 0.6297146778846153 0.2732829278846154 0.6354404471153846 0.27883756009615385 0.6026474086538461 0.16037038221153846 0.5969791658653846 0.15385830048076923 0.6297146778846153
10 0.1547840721153846 0.6630282403846154 0.2723571538461539 0.6671924350961539 0.27791178846153847 0.6338788725961538 0.1575926033653846 0.6297916658653846 0.1547840721153846 0.6630282403846154
10 0.2427324423076923 0.7041496682692308 0.36493438701923075 0.7067522884615385 0.36493438701923075 0.6734387283653847 0.24643553124999998 0.6697950576923077 0.2427324423076923 0.7041496682692308
10 0.2732829278846154 0.6343993990384615 0.39085600961538464 0.6375225432692309 0.3936333269230769 0.6047295072115385 0.2798148269230769 0.6006249975961538 0.2732829278846154 0.6343993990384615
10 0.2723571538461539 0.6682334831730768 0.39085600961538464 0.6718771538461539 0.3945590985576923 0.6380430697115386 0.27611112259615384 0.6339583317307693 0.2723571538461539 0.6682334831730768
10 0.39178178365384614 0.6380430697115386 0.5075033221153846 0.6396046418269231 0.513057954326923 0.6068116057692308 0.39462964182692306 0.6047916658653846 0.39178178365384614 0.6380430697115386
10 0.39178178365384614 0.6713566298076923 0.50842909375 0.6729182043269231 0.5093548653846154 0.6396046418269231 0.3936333269230769 0.6375225432692309 0.39178178365384614 0.6713566298076923
10 0.39085600961538464 0.7140396298076923 0.5075033221153846 0.7166422524038462 0.5121321826923076 0.6807260697115385 0.39462964182692306 0.6782291658653846 0.39085600961538464 0.7140396298076923
10 0.5075033221153846 0.6416867403846154 0.6241506322115384 0.6448098870192307 0.6269279495192308 0.6109758004807693 0.5112963076923077 0.6089583317307692 0.5075033221153846 0.6416867403846154
10 0.5075033221153846 0.6755208245192308 0.6232248605769232 0.677602923076923 0.6278537211538461 0.6442893605769231 0.5094444567307692 0.6422916658653846 0.5075033221153846 0.6755208245192308
10 0.5250929951923077 0.7161217283653846 0.5732331562499999 0.7187243509615384 0.6445176225961539 0.7171627764423077 0.6398887620192307 0.6854107884615386 0.5278703125 0.6843697403846154 0.5250929951923077 0.7161217283653846
10 0.6278537211538461 0.6796850216346153 0.7482041225961538 0.6807260697115385 0.7472783485576924 0.6453304110576923 0.6287794927884616 0.6463714591346155 0.6278537211538461 0.6796850216346153
10 0.7546845264423077 0.7077933389423077 0.7565360721153845 0.6739592524038461 0.7472783485576924 0.6802055456730769 0.6418518629807692 0.6803124975961539 0.6426660793269231 0.7119575336538462 0.7546845264423077 0.7077933389423077
10 0.7556103004807693 0.7083138629807693 0.8694802932692307 0.7067522884615385 0.8704060673076923 0.6750003004807692 0.75746184375 0.6755208245192308 0.7556103004807693 0.7083138629807693