10 0.4082946370192308 0.44932631971153847 0.4129380576923077 0.41387478846153847 0.2882296995192308 0.40902352644230766 0.2840796225961538 0.41174984615384613 0.28358634855769227 0.44522140625 0.4082946370192308 0.44932631971153847
10 0.5721402067307693 0.4523117067307692 0.5747935793269231 0.4190992259615385 0.4500852211538462 0.41462113942307693 0.4472740673076923 0.41630713942307696 0.4454418004807692 0.4478336201923077 0.5721402067307693 0.4523117067307692
10 0.28756637259615386 0.44522140625 0.29154646875 0.40865035336538463 0.17081813461538461 0.40342591586538457 0.17015481009615385 0.40342591586538457 0.16486665865384614 0.40393734615384613 0.1621946875 0.4396237956730769 0.28756637259615386 0.44522140625
10 0.14295778125 0.47171676201923074 0.16882812259615385 0.4041722668269231 0.10713730528846153 0.39708195673076924 0.10236665865384616 0.39938005528846154 0.08193028846153846 0.4653728028846154 0.14295778125 0.47171676201923074
10 0.5588733365384615 0.5191098846153847 0.5595366634615385 0.4847778485576923 0.4354916995192308 0.48216563461538464 0.43801480769230766 0.48401547115384613 0.4354916995192308 0.5176171658653846 0.5588733365384615 0.5191098846153847
10 0.5275770528846154 0.4848545048076923 0.5347790769230769 0.4500960072115384 0.4131031466346154 0.4458311586538462 0.41299258894230767 0.4473391995192308 0.40741737499999997 0.4799499302884615 0.5275770528846154 0.4848545048076923
10 0.31530756730769227 0.5106568221153845 0.43925778125 0.5140686947115385 0.4438064206730769 0.47973668028846156 0.3228886153846154 0.4776042644230769 0.32106137259615386 0.4789612211538462 0.3179609326923077 0.5093773774038461 0.31530756730769227 0.5106568221153845
10 0.4028687331730769 0.4814426225961539 0.4077964182692308 0.4481768245192308 0.28498333653846153 0.4432722524038461 0.28402433413461536 0.44473503124999997 0.28384618509615384 0.4773910216346154 0.4028687331730769 0.4814426225961539
10 0.543118233173077 0.5496801634615385 0.5442554014423077 0.5181202884615385 0.42371664182692304 0.5142819423076923 0.42291322355769234 0.5154195552884615 0.4199260865384616 0.54712125 0.543118233173077 0.5496801634615385
10 0.6670684543269231 0.5520258389423077 0.6697218389423077 0.5204659639423077 0.5484249903846155 0.5191865072115385 0.5465983437499999 0.5202558653846154 0.5453925625 0.5522390745192308 0.6670684543269231 0.5520258389423077
10 0.6765447884615384 0.5217454302884615 0.6791981322115385 0.48783989182692306 0.5613127548076923 0.4865604423076923 0.5598179855769231 0.4864016995192308 0.5579012836538462 0.5193997548076923 0.6765447884615384 0.5217454302884615
10 0.5366285264423077 0.4518077836538461 0.5328838197115384 0.4859207139423077 0.654938795673077 0.48720017067307697 0.6579711826923076 0.45393436538461535 0.5366285264423077 0.4518077836538461
10 0.5234076466346154 0.5483172235576923 0.5226493677884615 0.5843451346153846 0.6469786850961537 0.5841318990384615 0.6439462572115384 0.5515058221153846 0.5234076466346154 0.5483172235576923
10 0.5237865384615384 0.581786233173077 0.5249237091346154 0.5468145 0.4005944326923077 0.54660125 0.4070402067307692 0.5474136033653847 0.40324777644230764 0.5790140841346154 0.5237865384615384 0.581786233173077
10 0.6287841610576923 0.6173976923076924 0.6299212908653846 0.5826392043269231 0.5105196995192307 0.5807200264423077 0.5141830649038461 0.5808957451923077 0.51014065625 0.6159049975961538 0.6287841610576923 0.6173976923076924
10 0.5124149567307692 0.6135593461538462 0.5139311706730769 0.5794405697115385 0.39149715144230773 0.5773081538461539 0.3944740697115385 0.5794076514423077 0.39187619471153845 0.6105739471153846 0.5124149567307692 0.6135593461538462
10 0.5033177139423077 0.6445991995192308 0.5044548461538462 0.6119731274038461 0.3865694663461538 0.6096274519230769 0.3865375625 0.6125177692307692 0.38467421153846154 0.6426800096153846 0.5033177139423077 0.6445991995192308
10 0.6204449663461538 0.6488640408653846 0.6212030937499999 0.6155982355769231 0.5018015024038461 0.6138923052884615 0.5009555504807692 0.61661003125 0.501043375 0.6469448629807691 0.6204449663461538 0.6488640408653846
10 0.6189287932692308 0.6819165985576923 0.6234773918269231 0.6460918918269231 0.4991481177884615 0.6439594639423076 0.49952716105769235 0.6445991995192308 0.4972528605769231 0.6793576850961538 0.6189287932692308 0.6819165985576923
10 0.49876907451923075 0.6785047259615384 0.5055920144230769 0.6445991995192308 0.3831579975961539 0.6416137884615385 0.38353704086538465 0.6452389326923077 0.3871989375 0.6456278894230769 0.3820208269230769 0.6761590504807693 0.49876907451923075 0.6785047259615384
10 0.38694850961538463 0.6426800096153846 0.39073906490384613 0.6089877307692307 0.2686840889423077 0.6055758581730769 0.2714581971153846 0.6076814591346154 0.26754692067307695 0.6403343437500001 0.38694850961538463 0.6426800096153846
10 0.39756200721153845 0.5778543509615385 0.27967660817307693 0.5731630240384615 0.27474892307692306 0.60578909375 0.2724746033653846 0.6070685504807692 0.3930133653846154 0.6104804230769231 0.39756200721153845 0.5778543509615385
10 0.3805046129807692 0.6769185072115385 0.3865694663461538 0.6764920216346154 0.3880856802884616 0.6415202860576923 0.2683050264423077 0.6387481370192307 0.2674899423076923 0.6404195552884615 0.2641354495192308 0.6730801490384616 0.3805046129807692 0.6769185072115385
10 0.5002852884615385 0.7202066899038461 0.5040758028846154 0.6880071057692307 0.38353704086538465 0.6848084711538461 0.3852148100961538 0.6872945552884615 0.38164178365384616 0.7174345408653846 0.5002852884615385 0.7202066899038461
10 0.6348489759615384 0.7231920889423077 0.6371233149038461 0.6931249182692307 0.6371233149038461 0.6912057403846154 0.5154473846153846 0.689713045673077 0.5173426418269231 0.6933381682692308 0.5188126947115385 0.6943630072115384 0.5188588533653846 0.7223391177884615 0.6348489759615384 0.7231920889423077
10 0.8645633942307692 0.7120896850961539 0.8660796081730768 0.6786106442307692 0.7485732740384615 0.6798901009615383 0.7456645456730769 0.6805981274038462 0.7459198918269231 0.7142221129807692 0.8645633942307692 0.7120896850961539
10 0.7489523173076923 0.71294265625 0.7466780168269231 0.6792503725961538 0.6310669399038461 0.6809563076923077 0.6332306826923078 0.6835743173076924 0.6322041105769232 0.71294265625 0.7489523173076923 0.71294265625
10 0.7394759927884615 0.682449 0.7390969495192308 0.6511023870192307 0.619695358173077 0.6504626586538461 0.6193417956730769 0.6508362211538461 0.6219696586538461 0.683941704326923 0.7394759927884615 0.682449
10 0.7466780168269231 0.6501296923076924 0.7459198918269231 0.6168638870192308 0.6250020865384616 0.6172903677884616 0.6215906153846155 0.6170771346153846 0.6215906153846155 0.6509826634615384 0.7466780168269231 0.6501296923076924
10 0.7485732740384615 0.6170771346153846 0.7493313605769232 0.5844510697115385 0.6265183004807693 0.5853040288461538 0.62689734375 0.5889291490384616 0.6261392572115384 0.5882894206730769 0.6253811298076923 0.6179301129807692 0.7485732740384615 0.6170771346153846
10 0.8600147548076923 0.6136652524038462 0.8600147548076923 0.5795464879807692 0.7462989735576924 0.5823186370192308 0.7469872980769231 0.5834999134615384 0.7470570600961538 0.6166506490384616 0.8600147548076923 0.6136652524038462
10 0.8876856033653847 0.6663361033653845 0.9225584759615385 0.6059885384615384 0.8702492067307692 0.5970323557692307 0.8666962932692308 0.5961487211538462 0.8312067764423077 0.6584461298076923 0.8876856033653847 0.6663361033653845
10 0.8012615865384615 0.6814763076923077 0.8259000072115386 0.6183565913461538 0.7698002259615385 0.6123858076923077 0.7675259254807693 0.6134520144230768 0.7428874639423076 0.6761452572115385 0.8012615865384615 0.6814763076923077
10 0.7743488653846153 0.5834783701923076 0.7762441225961538 0.5508523004807693 0.6541891466346154 0.5519185072115385 0.6530719543269231 0.55411003125 0.6557053605769231 0.5866770048076924 0.7743488653846153 0.5834783701923076
10 0.8020197139423076 0.5517052692307692 0.7970920312499999 0.5173732524038461 0.6666978990384614 0.5192924350961539 0.6715904711538462 0.5217439591346154 0.6761742259615384 0.5544774206730769 0.8020197139423076 0.5517052692307692
10 0.8016406298076924 0.5188659519230769 0.799366329326923 0.4864158942307692 0.6754160985576922 0.4866291298076923 0.6768814783653846 0.4867737211538462 0.6769323125 0.5205718870192307 0.8016406298076924 0.5188659519230769
10 0.7576705552884615 0.41903132451923075 0.7576705552884615 0.38256688942307693 0.6382689254807693 0.38469931249999995 0.6391830649038461 0.38625645913461537 0.6375108389423076 0.42009753125 0.7576705552884615 0.41903132451923075
10 0.8797254903846153 0.4151929567307692 0.8774511899038462 0.3800079903846154 0.7553962163461538 0.38192716346153843 0.7536010528846154 0.3829082451923077 0.7553962163461538 0.42009753125 0.8797254903846153 0.4151929567307692
10 0.6234959567307693 0.4201962548076923 0.6270337884615385 0.38511788942307695 0.50674771875 0.38213249278846156 0.506516045673077 0.3834408701923077 0.5014409711538461 0.4174596346153846 0.6234959567307693 0.4201962548076923
10 0.6323404879807693 0.38746604567307696 0.6394161514423077 0.38721726682692303 0.6385317187499999 0.34940228125 0.5085166346153847 0.34790959615384615 0.5126888846153845 0.34958670432692307 0.5124966826923077 0.38373430288461535 0.6323404879807693 0.38746604567307696
10 0.725650625 0.3852269903846154 0.7389174711538461 0.3140751346153846 0.6725832427884615 0.31283123076923075 0.6724111057692308 0.3161665649038462 0.6637387091346153 0.38373430288461535 0.725650625 0.3852269903846154
10 0.8538968173076923 0.3800025625 0.8512434182692308 0.3436802884615385 0.7291884567307693 0.3466656730769231 0.7300729399038463 0.35014863701923077 0.7309573725961538 0.35139253365384615 0.7296306754807692 0.3829879471153846 0.8538968173076923 0.3800025625
10 0.6650654086538462 0.3536315889423077 0.6686031947115385 0.31755810336538465 0.5518549807692308 0.31332879807692304 0.5504975264423076 0.31443045432692307 0.5469904735576923 0.34940228125 0.6650654086538462 0.3536315889423077
10 0.7548377139423077 0.4532843413461538 0.7526265817307691 0.41721085817307696 0.629244920673077 0.41820599038461537 0.6314560528846154 0.42218650721153844 0.6307444399038461 0.4225033701923077 0.6341094038461539 0.4542794735576923 0.7548377139423077 0.4532843413461538
10 0.8844105576923076 0.44706478365384617 0.8808727259615385 0.4117376418269231 0.7614711129807692 0.41621572355769226 0.7605866802884615 0.4174596346153846 0.7601444615384616 0.4498013918269231 0.8844105576923076 0.44706478365384617
10 0.7800447067307693 0.48687002163461535 0.78137140625 0.4515428533653846 0.656663045673077 0.4527867740384615 0.6562074014423077 0.4537533701923077 0.6544519134615385 0.48935783894230767 0.7800447067307693 0.48687002163461535
10 0.7990490144230769 0.4550200600961538 0.7981760841346154 0.49234323798076923 0.9250955288461539 0.49010419471153843 0.9286333605769231 0.4532843413461538 0.7990490144230769 0.4550200600961538
10 0.9547248341346154 0.4376110216346154 0.9772784302884615 0.36770310336538464 0.910059766826923 0.3612347524038461 0.9140398149038462 0.36471771153846155 0.9092938221153847 0.3660797596153846 0.8910439567307692 0.43238659615384617 0.9547248341346154 0.4376110216346154
10 0.9224421778846155 0.516117266826923 0.9224421778846155 0.48676090865384614 0.7995027355769231 0.48850238461538464 0.7966395024038462 0.48934364903846156 0.8003872163461538 0.5181075192307693 0.9224421778846155 0.516117266826923
10 0.9175776466346155 0.5487078004807693 0.9197887812500001 0.5143757788461538 0.7995027355769231 0.5178587427884616 0.799725920673077 0.5192915649038462 0.8017138677884615 0.5519419759615385 0.9175776466346155 0.5487078004807693
10 0.8950240048076924 0.5799453125 0.8923706538461539 0.5463596466346154 0.7742957427884616 0.5500913870192308 0.7711765384615384 0.5514096201923077 0.7747379591346154 0.5824331298076924 0.8950240048076924 0.5799453125
10 0.5517733822115385 0.34960725721153846 0.553984514423077 0.31179228365384615 0.42883396153846154 0.3083093269230769 0.4275072860576923 0.31129471875000003 0.42935555048076923 0.3113922596153846 0.42706504567307696 0.34637308173076925 0.5517733822115385 0.34960725721153846
10 0.390360125 0.38170022355769234 0.5110884110576923 0.3831929086538462 0.5146262427884616 0.34935846634615386 0.38991788221153845 0.34438281730769227 0.39077530288461537 0.3465485096153846 0.38947566586538457 0.37921239182692307 0.390360125 0.38170022355769234
10 0.4969370841346154 0.4157834423076923 0.5000326971153846 0.3809538677884615 0.3788621947115385 0.3777196947115385 0.37709327884615385 0.3799587355769231 0.3792012307692308 0.38083670432692307 0.37576657932692303 0.4137931923076923 0.4969370841346154 0.4157834423076923
10 0.17734035096153844 0.3350784927884615 0.30735545673076925 0.34204440625 0.31000880769230765 0.30422944711538463 0.1804359639423077 0.29825865865384615 0.17935555048076923 0.2992394807692308 0.174687 0.3323418846153846 0.17734035096153844 0.3350784927884615
10 0.4347171658653846 0.30970266346153846 0.31051426682692307 0.30323761298076923 0.30470206009615386 0.3410492740384615 0.3064709759615385 0.3435371057692308 0.4298526370192307 0.34577614663461537 0.4347171658653846 0.30970266346153846
10 0.39093657932692305 0.3796105889423077 0.3940321466346154 0.34453223798076926 0.27065053365384617 0.34005415384615384 0.2688617235576923 0.34177420432692307 0.2684393533653846 0.3761276394230769 0.39093657932692305 0.3796105889423077
10 0.37722751682692307 0.4129474807692307 0.3807653028846154 0.3776203389423077 0.25340359375 0.3728934639423077 0.2542012307692308 0.3747603149038462 0.25251915865384617 0.41021087259615385 0.37722751682692307 0.4129474807692307
10 0.2649015216346154 0.3756300865384615 0.27109275240384617 0.34055172115384613 0.14594217548076924 0.3301028413461538 0.1454049326923077 0.3326596201923077 0.13886651201923078 0.36567875961538465 0.2649015216346154 0.3756300865384615
10 0.12537164903846154 0.3633477115384615 0.12302838942307694 0.3660797596153846 0.11719735096153847 0.3991553269230769 0.24455906009615386 0.4068675841346154 0.24986580769230768 0.3732819254807692 0.12537164903846154 0.3633477115384615
10 0.28524403125000003 0.4762779591346154 0.28833964663461537 0.4429410817307692 0.16761133653846153 0.4362239423076923 0.1671691201923077 0.43945811778846156 0.16761133653846153 0.4399556706730769 0.16407350480769228 0.4713023076923077 0.28524403125000003 0.4762779591346154
10 0.19679842548076923 0.50751546875 0.20475852403846154 0.47343225 0.07828127163461539 0.4667151129807693 0.07695457211538462 0.4689541538461538 0.07673209375 0.47111448076923074 0.07341676442307693 0.5022910432692307 0.19679842548076923 0.50751546875
10 0.3175266875 0.5112472115384615 0.3241601346153846 0.47791033413461537 0.2012206923076923 0.47169076201923077 0.20173209375 0.4724165649038462 0.19768286057692308 0.5077642596153846 0.3175266875 0.5112472115384615
10 0.29895309375 0.5435889663461538 0.3029331442307692 0.509505735576923 0.17955153125 0.5042812956730769 0.1804359639423077 0.5070179038461539 0.17689813221153847 0.5396084375 0.29895309375 0.5435889663461538
10 0.4165857908653846 0.5475694711538461 0.4232192355769231 0.5122423557692307 0.29939535817307694 0.510252076923077 0.30049752644230765 0.5132151754807692 0.2962997451923077 0.5458280096153846 0.4165857908653846 0.5475694711538461
10 0.4068567764423077 0.5790557860576923 0.40862569230769236 0.5417383798076923 0.29231969471153846 0.5414896033653845 0.2909929975961539 0.5444749879807692 0.2889234519230769 0.5453332307692308 0.28480181490384615 0.575821610576923 0.4068567764423077 0.5790557860576923
10 0.28480181490384615 0.5763191778846154 0.2896663461538461 0.5419871682692308 0.1671691201923077 0.5380066394230769 0.1654666610576923 0.5383887860576922 0.15876680288461537 0.5728362139423078 0.28480181490384615 0.5763191778846154
10 0.17778261538461537 0.5380066394230769 0.18353157932692307 0.5046697620192307 0.061476593749999996 0.4996941057692308 0.061299995192307694 0.4997603149038462 0.05572762980769231 0.5337773317307692 0.17778261538461537 0.5380066394230769
10 0.1592090216346154 0.5715923052884615 0.1671691201923077 0.5377578629807692 0.04599861538461539 0.5302943798076923 0.04511415625 0.5337773317307692 0.04355308173076923 0.53535059375 0.040249651442307695 0.565870298076923 0.1592090216346154 0.5715923052884615
10 0.03671181971153846 0.6011974399038462 0.15522897115384618 0.6039340480769231 0.16142015384615385 0.5698508293269231 0.034942903846153846 0.5638800336538462 0.034942903846153846 0.5661190889423077 0.03660863701923077 0.5674686490384615 0.03405844471153846 0.5997047403846154 0.03671181971153846 0.6011974399038462
10 0.15213335817307694 0.6685084495192307 0.15522897115384618 0.6339276514423078 0.030962853365384617 0.6299471274038461 0.03352221634615385 0.63300684375 0.032289528846153846 0.6645279182692309 0.15213335817307694 0.6685084495192307
10 0.2679971370192308 0.6737328894230769 0.26932383653846154 0.6371618245192308 0.15567118990384615 0.6339276514423078 0.15346005528846154 0.6354203485576922 0.15213335817307694 0.6707475048076923 0.2679971370192308 0.6737328894230769
10 0.2657860048076923 0.63964965625 0.27153496875 0.6070591225961539 0.1503644423076923 0.6038249495192308 0.14926295913461538 0.6047950360576922 0.1481533076923077 0.637659391826923 0.2657860048076923 0.63964965625
10 0.14948000721153848 0.6361666923076924 0.15655567067307694 0.6010883413461539 0.03052063701923077 0.5971078173076922 0.028892586538461537 0.5987186490384615 0.02786726201923077 0.6331813076923076 0.14948000721153848 0.6361666923076924
10 0.35821170673076924 0.7112990721153847 0.36174949038461535 0.6787085384615386 0.2357144807692308 0.6754743653846155 0.24262715625 0.6785797596153846 0.23969452884615386 0.7095575961538461 0.35821170673076924 0.7112990721153847
10 0.17424478365384616 0.7013477596153846 0.17645591586538462 0.6677620937500001 0.05351649519230769 0.6635328004807692 0.05744197115384615 0.6646908701923077 0.05351649519230769 0.6986111370192307 0.17424478365384616 0.7013477596153846