10 0.4063046586538462 0.4541775697115385 0.41094807932692307 0.4187260408653846 0.28623972115384616 0.41387477884615387 0.28208964423076927 0.41660109855769234 0.2815963701923077 0.4500726586538461 0.4063046586538462 0.4541775697115385
10 0.5681601802884615 0.45529708413461534 0.5708135552884616 0.4220846033653846 0.4461051947115384 0.41760651682692307 0.44329404086538465 0.4192925168269231 0.44146177403846154 0.45081899759615385 0.5681601802884615 0.45529708413461534
10 0.28756637259615386 0.4489531346153846 0.29154646875 0.4123820793269231 0.17081813461538461 0.4071576442307692 0.17015481009615385 0.4071576442307692 0.16486665865384614 0.4076690745192308 0.1621946875 0.44335552403846157 0.28756637259615386 0.4489531346153846
10 0.14362114182692307 0.47395581009615384 0.16949148317307694 0.40641131490384613 0.10780066586538463 0.3993210048076923 0.10303002163461539 0.4016191033653846 0.08259364903846154 0.46761185096153846 0.14362114182692307 0.47395581009615384
10 0.5588733365384615 0.5191098846153847 0.5595366634615385 0.4847778485576923 0.4354916995192308 0.48216563461538464 0.43801480769230766 0.48401547115384613 0.4354916995192308 0.5176171658653846 0.5588733365384615 0.5191098846153847
10 0.5275770528846154 0.4848545048076923 0.5347790769230769 0.4500960072115384 0.4131031466346154 0.4458311586538462 0.41299258894230767 0.4473391995192308 0.40741737499999997 0.4799499302884615 0.5275770528846154 0.4848545048076923
10 0.3100008197115385 0.5151348990384615 0.43395103125 0.5185467716346154 0.43849967307692306 0.48421475721153845 0.31758186778846154 0.48208234134615385 0.3157546225961539 0.4834392980769231 0.31265418509615384 0.513855454326923 0.3100008197115385 0.5151348990384615
10 0.40154201201923073 0.4851743701923077 0.4064696947115385 0.4519085697115385 0.2836566129807692 0.447004 0.28269761298076923 0.4484667788461539 0.2825194639423077 0.48112276923076924 0.40154201201923073 0.4851743701923077
10 0.543118233173077 0.5496801634615385 0.5442554014423077 0.5181202884615385 0.42371664182692304 0.5142819423076923 0.42291322355769234 0.5154195552884615 0.4199260865384616 0.54712125 0.543118233173077 0.5496801634615385
10 0.6670684543269231 0.5520258389423077 0.6697218389423077 0.5204659639423077 0.5484249903846155 0.5191865072115385 0.5465983437499999 0.5202558653846154 0.5453925625 0.5522390745192308 0.6670684543269231 0.5520258389423077
10 0.6765447884615384 0.5217454302884615 0.6791981322115385 0.48783989182692306 0.5613127548076923 0.4865604423076923 0.5598179855769231 0.4864016995192308 0.5579012836538462 0.5193997548076923 0.6765447884615384 0.5217454302884615
10 0.5366285264423077 0.4518077836538461 0.5328838197115384 0.4859207139423077 0.654938795673077 0.48720017067307697 0.6579711826923076 0.45393436538461535 0.5366285264423077 0.4518077836538461
10 0.5234076466346154 0.5483172235576923 0.5226493677884615 0.5843451346153846 0.6469786850961537 0.5841318990384615 0.6439462572115384 0.5515058221153846 0.5234076466346154 0.5483172235576923
10 0.5237865384615384 0.581786233173077 0.5249237091346154 0.5468145 0.4005944326923077 0.54660125 0.4070402067307692 0.5474136033653847 0.40324777644230764 0.5790140841346154 0.5237865384615384 0.581786233173077
10 0.6287841610576923 0.6173976923076924 0.6299212908653846 0.5826392043269231 0.5105196995192307 0.5807200264423077 0.5141830649038461 0.5808957451923077 0.51014065625 0.6159049975961538 0.6287841610576923 0.6173976923076924
10 0.5124149567307692 0.6135593461538462 0.5139311706730769 0.5794405697115385 0.39149715144230773 0.5773081538461539 0.3944740697115385 0.5794076514423077 0.39187619471153845 0.6105739471153846 0.5124149567307692 0.6135593461538462
10 0.5033177139423077 0.6445991995192308 0.5044548461538462 0.6119731274038461 0.3865694663461538 0.6096274519230769 0.3865375625 0.6125177692307692 0.38467421153846154 0.6426800096153846 0.5033177139423077 0.6445991995192308
10 0.6204449663461538 0.6488640408653846 0.6212030937499999 0.6155982355769231 0.5018015024038461 0.6138923052884615 0.5009555504807692 0.61661003125 0.501043375 0.6469448629807691 0.6204449663461538 0.6488640408653846
10 0.6195921899038462 0.6863946754807693 0.6241407884615384 0.6505699687500001 0.4998115144230769 0.6484375408653846 0.5001905576923077 0.6490772764423076 0.4979162572115384 0.6838357620192308 0.6195921899038462 0.6863946754807693
10 0.49943239903846154 0.6826096586538462 0.5062553413461539 0.6487041298076923 0.3838213221153846 0.6457187211538462 0.3842003653846154 0.6493438653846154 0.387862264423077 0.6497328197115385 0.3826841514423077 0.680263983173077 0.49943239903846154 0.6826096586538462
10 0.38694850961538463 0.6426800096153846 0.39073906490384613 0.6089877307692307 0.2686840889423077 0.6055758581730769 0.2714581971153846 0.6076814591346154 0.26754692067307695 0.6403343437500001 0.38694850961538463 0.6426800096153846
10 0.39756200721153845 0.5778543509615385 0.27967660817307693 0.5731630240384615 0.27474892307692306 0.60578909375 0.2724746033653846 0.6070685504807692 0.3930133653846154 0.6104804230769231 0.39756200721153845 0.5778543509615385
10 0.3831579879807692 0.6806502355769232 0.3892228413461538 0.6802237499999999 0.39073905528846153 0.645252014423077 0.2709584014423077 0.6424798653846153 0.2701433173076923 0.6441512836538461 0.2667888221153846 0.6768118774038462 0.3831579879807692 0.6806502355769232
10 0.5002852884615385 0.7202066899038461 0.5040758028846154 0.6880071057692307 0.38353704086538465 0.6848084711538461 0.3852148100961538 0.6872945552884615 0.38164178365384616 0.7174345408653846 0.5002852884615385 0.7202066899038461
10 0.6321956009615385 0.7265506514423077 0.6344699423076924 0.6964834807692307 0.6344699423076924 0.6945643028846155 0.5127940096153846 0.6930716105769231 0.5146892668269231 0.6966967307692309 0.5161593197115384 0.6977215697115385 0.5162054807692308 0.7256976802884616 0.6321956009615385 0.7265506514423077
10 0.8625733461538462 0.7143287331730769 0.8640895600961538 0.6808496923076923 0.7465832259615385 0.6821291490384614 0.7436744975961538 0.6828371754807693 0.7439298437499999 0.7164611610576923 0.8625733461538462 0.7143287331730769
10 0.7489523173076923 0.7148085288461539 0.7466780168269231 0.6811162451923077 0.6310669399038461 0.6828221802884615 0.6332306826923078 0.6854401923076924 0.6322041105769232 0.7148085288461539 0.7489523173076923 0.7148085288461539
10 0.7408027139423077 0.685061233173077 0.740423670673077 0.6537146201923077 0.6210220817307692 0.653074891826923 0.620668516826923 0.6534484543269231 0.6232963798076923 0.6865539375 0.7408027139423077 0.685061233173077
10 0.7466780168269231 0.6501296923076924 0.7459198918269231 0.6168638870192308 0.6250020865384616 0.6172903677884616 0.6215906153846155 0.6170771346153846 0.6215906153846155 0.6509826634615384 0.7466780168269231 0.6501296923076924
10 0.7485732740384615 0.6170771346153846 0.7493313605769232 0.5844510697115385 0.6265183004807693 0.5853040288461538 0.62689734375 0.5889291490384616 0.6261392572115384 0.5882894206730769 0.6253811298076923 0.6179301129807692 0.7485732740384615 0.6170771346153846
10 0.8600147548076923 0.6136652524038462 0.8600147548076923 0.5795464879807692 0.7462989735576924 0.5823186370192308 0.7469872980769231 0.5834999134615384 0.7470570600961538 0.6166506490384616 0.8600147548076923 0.6136652524038462
10 0.8876856033653847 0.6663361033653845 0.9225584759615385 0.6059885384615384 0.8702492067307692 0.5970323557692307 0.8666962932692308 0.5961487211538462 0.8312067764423077 0.6584461298076923 0.8876856033653847 0.6663361033653845
10 0.8012615865384615 0.6814763076923077 0.8259000072115386 0.6183565913461538 0.7698002259615385 0.6123858076923077 0.7675259254807693 0.6134520144230768 0.7428874639423076 0.6761452572115385 0.8012615865384615 0.6814763076923077
10 0.7743488653846153 0.5834783701923076 0.7762441225961538 0.5508523004807693 0.6541891466346154 0.5519185072115385 0.6530719543269231 0.55411003125 0.6557053605769231 0.5866770048076924 0.7743488653846153 0.5834783701923076
10 0.8020197139423076 0.5517052692307692 0.7970920312499999 0.5173732524038461 0.6666978990384614 0.5192924350961539 0.6715904711538462 0.5217439591346154 0.6761742259615384 0.5544774206730769 0.8020197139423076 0.5517052692307692
10 0.8016406298076924 0.5188659519230769 0.799366329326923 0.4864158942307692 0.6754160985576922 0.4866291298076923 0.6768814783653846 0.4867737211538462 0.6769323125 0.5205718870192307 0.8016406298076924 0.5188659519230769
10 0.7576705552884615 0.41903132451923075 0.7576705552884615 0.38256688942307693 0.6382689254807693 0.38469931249999995 0.6391830649038461 0.38625645913461537 0.6375108389423076 0.42009753125 0.7576705552884615 0.41903132451923075
10 0.8797254903846153 0.4151929567307692 0.8774511899038462 0.3800079903846154 0.7553962163461538 0.38192716346153843 0.7536010528846154 0.3829082451923077 0.7553962163461538 0.42009753125 0.8797254903846153 0.4151929567307692
10 0.6208425817307692 0.42280846875000005 0.6243804134615385 0.38773010336538466 0.5040943437500001 0.3847447043269231 0.503862670673077 0.38605308413461537 0.49878759615384616 0.42007184615384613 0.6208425817307692 0.42280846875000005
10 0.6303504399038461 0.3908246081730769 0.6374261033653846 0.3905758317307692 0.6365416706730769 0.35276084375 0.5065265865384615 0.35126815865384614 0.5106988365384615 0.35294526682692307 0.5105066346153846 0.3870928653846154 0.6303504399038461 0.3908246081730769
10 0.723660576923077 0.38970506730769233 0.736927423076923 0.31855321153846156 0.6705931947115384 0.3173093076923077 0.6704210576923076 0.3206446418269231 0.6617486610576923 0.3882123798076923 0.723660576923077 0.38970506730769233
10 0.8538968173076923 0.3800025625 0.8512434182692308 0.3436802884615385 0.7291884567307693 0.3466656730769231 0.7300729399038463 0.35014863701923077 0.7309573725961538 0.35139253365384615 0.7296306754807692 0.3829879471153846 0.8538968173076923 0.3800025625
10 0.6630753605769232 0.35736333653846153 0.6666131466346154 0.32128985096153845 0.5498649326923076 0.31706054567307695 0.5485074783653846 0.3181622019230769 0.5450004254807692 0.3531340288461538 0.6630753605769232 0.35736333653846153
10 0.7581544134615386 0.45776243749999995 0.75594328125 0.4216889543269231 0.6325616201923077 0.4226840865384615 0.6347727548076924 0.42666460336538464 0.6340611394230768 0.42698146634615386 0.6374261033653846 0.45875756971153847 0.7581544134615386 0.45776243749999995
10 0.8844105576923076 0.44706478365384617 0.8808727259615385 0.4117376418269231 0.7614711129807692 0.41621572355769226 0.7605866802884615 0.4174596346153846 0.7601444615384616 0.4498013918269231 0.8844105576923076 0.44706478365384617
10 0.7800447067307693 0.48687002163461535 0.78137140625 0.4515428533653846 0.656663045673077 0.4527867740384615 0.6562074014423077 0.4537533701923077 0.6544519134615385 0.48935783894230767 0.7800447067307693 0.48687002163461535
10 0.7990490144230769 0.4550200600961538 0.7981760841346154 0.49234323798076923 0.9250955288461539 0.49010419471153843 0.9286333605769231 0.4532843413461538 0.7990490144230769 0.4550200600961538
10 0.9547248341346154 0.4376110216346154 0.9772784302884615 0.36770310336538464 0.910059766826923 0.3612347524038461 0.9140398149038462 0.36471771153846155 0.9092938221153847 0.3660797596153846 0.8910439567307692 0.43238659615384617 0.9547248341346154 0.4376110216346154
10 0.9224421778846155 0.516117266826923 0.9224421778846155 0.48676090865384614 0.7995027355769231 0.48850238461538464 0.7966395024038462 0.48934364903846156 0.8003872163461538 0.5181075192307693 0.9224421778846155 0.516117266826923
10 0.9175776466346155 0.5487078004807693 0.9197887812500001 0.5143757788461538 0.7995027355769231 0.5178587427884616 0.799725920673077 0.5192915649038462 0.8017138677884615 0.5519419759615385 0.9175776466346155 0.5487078004807693
10 0.8950240048076924 0.5799453125 0.8923706538461539 0.5463596466346154 0.7742957427884616 0.5500913870192308 0.7711765384615384 0.5514096201923077 0.7747379591346154 0.5824331298076924 0.8950240048076924 0.5799453125
10 0.5497833341346154 0.35333898557692306 0.5519944663461538 0.3155240120192308 0.4268439134615385 0.31204105288461537 0.42551723798076924 0.3150264447115385 0.4273655024038462 0.31512398557692306 0.42507499759615386 0.3501048100961538 0.5497833341346154 0.35333898557692306
10 0.39102344951923074 0.3843124375 0.5117517355769231 0.38580512259615385 0.5152895673076923 0.35197068028846157 0.3905812091346154 0.34699503125 0.3914386298076923 0.3491607235576923 0.39013899278846154 0.3818246057692308 0.39102344951923074 0.3843124375
10 0.49760040865384614 0.41839565625 0.5006960240384616 0.3835660817307692 0.37952551923076927 0.38033190625 0.37775660336538464 0.38257094951923076 0.3798645552884615 0.3834489158653846 0.37642990625 0.4164054038461539 0.49760040865384614 0.41839565625
10 0.17468704807692306 0.3403029278846154 0.30470215384615384 0.34726884375 0.3073555048076923 0.3094538822115384 0.1777826610576923 0.30348309375 0.17670224759615383 0.30446391826923075 0.1720336971153846 0.3375663197115385 0.17468704807692306 0.3403029278846154
10 0.4320637932692308 0.31418074038461535 0.3078608918269231 0.3077156899038461 0.30204868509615385 0.3455273509615384 0.3038176009615384 0.3480151826923077 0.42719926201923075 0.3502542235576923 0.4320637932692308 0.31418074038461535
10 0.39093657932692305 0.3822228221153846 0.3940321466346154 0.34714447115384617 0.27065053365384617 0.34266638701923074 0.2688617235576923 0.3443864375 0.2684393533653846 0.3787398725961539 0.39093657932692305 0.3822228221153846
10 0.37722751682692307 0.4163060216346154 0.3807653028846154 0.3809788798076923 0.25340359375 0.37625200721153845 0.2542012307692308 0.37811885817307694 0.25251915865384617 0.4135694134615384 0.37722751682692307 0.4163060216346154
10 0.2642381971153846 0.3804813485576923 0.27042942548076926 0.34540298317307694 0.1452788485576923 0.33495410336538456 0.1447416081730769 0.33751088221153847 0.13820318509615384 0.3705300216346154 0.2642381971153846 0.3804813485576923
10 0.12603497596153845 0.3696916706730769 0.12369171634615385 0.37242371875 0.11786067548076923 0.4054992860576923 0.24522238701923077 0.41321154567307694 0.2505291346153846 0.3796258846153846 0.12603497596153845 0.3696916706730769
10 0.2819273317307692 0.4800096850961539 0.2850229471153846 0.44667281009615384 0.16429463701923078 0.4399556706730769 0.16385241826923075 0.44318984615384616 0.16429463701923078 0.44368739903846155 0.16075680528846154 0.4750340360576923 0.2819273317307692 0.4800096850961539
10 0.19547173798076922 0.5108740336538461 0.20343183653846156 0.4767908125 0.07695458413461538 0.4700736754807692 0.07562788701923076 0.47231271634615385 0.07540540625 0.4744730432692308 0.07209007692307692 0.5056496057692308 0.19547173798076922 0.5108740336538461
10 0.3142099879807692 0.5149789375 0.3208434350961538 0.4816420625 0.19790399278846155 0.47542249038461537 0.1984153942307692 0.47614829326923075 0.19436615865384615 0.5114959879807692 0.3142099879807692 0.5149789375
10 0.29895309375 0.5435889663461538 0.3029331442307692 0.509505735576923 0.17955153125 0.5042812956730769 0.1804359639423077 0.5070179038461539 0.17689813221153847 0.5396084375 0.29895309375 0.5435889663461538
10 0.4165857908653846 0.5475694711538461 0.4232192355769231 0.5122423557692307 0.29939535817307694 0.510252076923077 0.30049752644230765 0.5132151754807692 0.2962997451923077 0.5458280096153846 0.4165857908653846 0.5475694711538461
10 0.4068567764423077 0.5827875240384615 0.40862569230769236 0.5454701153846154 0.29231969471153846 0.5452213389423076 0.2909929975961539 0.5482067235576923 0.2889234519230769 0.54906496875 0.28480181490384615 0.5795533485576922 0.4068567764423077 0.5827875240384615
10 0.28480181490384615 0.5763191778846154 0.2896663461538461 0.5419871682692308 0.1671691201923077 0.5380066394230769 0.1654666610576923 0.5383887860576922 0.15876680288461537 0.5728362139423078 0.28480181490384615 0.5763191778846154
10 0.17778261538461537 0.5380066394230769 0.18353157932692307 0.5046697620192307 0.061476593749999996 0.4996941057692308 0.061299995192307694 0.4997603149038462 0.05572762980769231 0.5337773317307692 0.17778261538461537 0.5380066394230769
10 0.1592090216346154 0.5715923052884615 0.1671691201923077 0.5377578629807692 0.04599861538461539 0.5302943798076923 0.04511415625 0.5337773317307692 0.04355308173076923 0.53535059375 0.040249651442307695 0.565870298076923 0.1592090216346154 0.5715923052884615
10 0.03671181971153846 0.6011974399038462 0.15522897115384618 0.6039340480769231 0.16142015384615385 0.5698508293269231 0.034942903846153846 0.5638800336538462 0.034942903846153846 0.5661190889423077 0.03660863701923077 0.5674686490384615 0.03405844471153846 0.5997047403846154 0.03671181971153846 0.6011974399038462
10 0.15213335817307694 0.6685084495192307 0.15522897115384618 0.6339276514423078 0.030962853365384617 0.6299471274038461 0.03352221634615385 0.63300684375 0.032289528846153846 0.6645279182692309 0.15213335817307694 0.6685084495192307
10 0.2666704855769231 0.6759719375 0.26799718509615383 0.6394008725961539 0.15434453846153848 0.6361666995192308 0.15213340384615384 0.6376593990384615 0.15080670673076924 0.6729865528846154 0.2666704855769231 0.6759719375
10 0.2657860048076923 0.63964965625 0.27153496875 0.6070591225961539 0.1503644423076923 0.6038249495192308 0.14926295913461538 0.6047950360576922 0.1481533076923077 0.637659391826923 0.2657860048076923 0.63964965625
10 0.14948000721153848 0.6361666923076924 0.15655567067307694 0.6010883413461539 0.03052063701923077 0.5971078173076922 0.028892586538461537 0.5987186490384615 0.02786726201923077 0.6331813076923076 0.14948000721153848 0.6361666923076924
10 0.35887503365384615 0.7135381201923077 0.3624128173076923 0.6809475865384615 0.2363778076923077 0.6777134134615385 0.24329048076923077 0.6808188076923076 0.24035785576923077 0.7117966442307692 0.35887503365384615 0.7135381201923077
10 0.17424478365384616 0.7013477596153846 0.17645591586538462 0.6677620937500001 0.05351649519230769 0.6635328004807692 0.05744197115384615 0.6646908701923077 0.05351649519230769 0.6986111370192307 0.17424478365384616 0.7013477596153846