10 0.3024691346153846 0.34765625 0.3078703701923077 0.310329860576923 0.1820987644230769 0.3038194447115385 0.17206790144230769 0.341579860576923 0.3024691346153846 0.34765625
10 0.4259259254807692 0.3505859375 0.4259259254807692 0.31412760336538464 0.3067129639423077 0.310546875 0.3015046298076923 0.34733072836538464 0.4259259254807692 0.3505859375
10 0.5410879639423076 0.35384114663461536 0.54571759375 0.31673177163461536 0.4293981490384615 0.31510416586538464 0.4247685192307692 0.35026041586538464 0.5410879639423076 0.35384114663461536
10 0.654513889423077 0.359375 0.6626157403846153 0.3251953125 0.545138889423077 0.31770833413461536 0.5428240745192308 0.35481770913461536 0.654513889423077 0.359375
10 0.2569444447115385 0.37955729086538464 0.26793981490384616 0.34537760336538464 0.14351851923076925 0.337890625 0.13541666586538462 0.37109375 0.2569444447115385 0.37955729086538464
10 0.3831018509615385 0.38444010336538464 0.38831018509615384 0.34993489663461536 0.2662037043269231 0.34505208413461536 0.2650462956730769 0.37955729086538464 0.3831018509615385 0.38444010336538464
10 0.5057870360576924 0.38802083413461536 0.5069444447115384 0.3525390625 0.3859953701923077 0.34928385336538464 0.3848379639423077 0.38411458413461536 0.5057870360576924 0.38802083413461536
10 0.6273148149038461 0.39095052163461536 0.6348379639423077 0.35709635336538464 0.5092592596153847 0.35286458413461536 0.5081018509615385 0.38802083413461536 0.6273148149038461 0.39095052163461536
10 0.6157407403846153 0.4248046875 0.6226851850961539 0.390625 0.50115740625 0.388671875 0.49768518509615384 0.421875 0.6157407403846153 0.4248046875
10 0.4918981490384615 0.41927083413461536 0.4953703701923077 0.3857421875 0.37152777884615384 0.38411458413461536 0.3721064807692308 0.41829427163461536 0.4918981490384615 0.41927083413461536
10 0.71875 0.38932291586538464 0.7291666658653846 0.32063802163461536 0.6689814807692307 0.31966145913461536 0.657986110576923 0.3857421875 0.71875 0.38932291586538464
10 0.8425925937500001 0.3857421875 0.8425925937500001 0.35123697836538464 0.7245370360576923 0.35416666586538464 0.7228009254807692 0.38932291586538464 0.8425925937500001 0.3857421875
10 0.751736110576923 0.42220052163461536 0.75 0.38899739663461536 0.6307870360576923 0.39192708413461536 0.6307870360576923 0.42578125 0.751736110576923 0.42220052163461536
10 0.56365740625 0.4560546875 0.5688657403846153 0.42220052163461536 0.4456018509615385 0.41927083413461536 0.4421296298076923 0.45442708413461536 0.56365740625 0.4560546875
10 0.3692129639423077 0.41731770913461536 0.3709490745192308 0.3837890625 0.25231481490384616 0.37955729086538464 0.24826388942307692 0.41145833413461536 0.3692129639423077 0.41731770913461536
10 0.23726851923076925 0.4111328125 0.24594907451923076 0.37858072836538464 0.12152777884615386 0.37109375 0.11631944471153846 0.40364583413461536 0.23726851923076925 0.4111328125
10 0.2795138894230769 0.4482421875 0.28530092548076924 0.4140625 0.1631944447115385 0.40950520913461536 0.15972222115384616 0.44303385336538464 0.2795138894230769 0.4482421875
10 0.14004629567307691 0.47591145913461536 0.16145833413461538 0.41015625 0.10069444471153846 0.40299479086538464 0.07928240625 0.4677734375 0.14004629567307691 0.47591145913461536
10 0.4016203701923077 0.45279947836538464 0.404513889423077 0.4189453125 0.2858796298076923 0.41471354086538464 0.2806712956730769 0.44856770913461536 0.4016203701923077 0.45279947836538464
10 0.7476851850961539 0.45703125 0.7488425937500001 0.42317708413461536 0.6255787043269231 0.4228515625 0.6244212956730769 0.45735677163461536 0.7476851850961539 0.45703125
10 0.2766203701923077 0.4814453125 0.2818287043269231 0.4482421875 0.16203703605769232 0.443359375 0.15682870432692309 0.474609375 0.2766203701923077 0.4814453125
10 0.19097222115384616 0.5107421875 0.19849537019230767 0.478515625 0.07175925961538462 0.47265625 0.06886574038461538 0.5052083341346154 0.19097222115384616 0.5107421875
10 0.3130787043269231 0.5149739591346154 0.31770833413461536 0.48177083413461536 0.1967592596153846 0.4765625 0.19097222115384616 0.5123697908653846 0.3130787043269231 0.5149739591346154
10 0.871527778846154 0.4189453125 0.8697916658653846 0.3837890625 0.7488425937500001 0.388671875 0.7546296298076923 0.42122395913461536 0.871527778846154 0.4189453125
10 0.8726851850961539 0.4521484375 0.8744212956730769 0.41861979086538464 0.7557870360576923 0.42252604086538464 0.7546296298076923 0.453125 0.8726851850961539 0.4521484375
10 0.3987268509615385 0.48502604086538464 0.40277777884615384 0.45345052163461536 0.28240740625 0.45052083413461536 0.2754629639423077 0.48209635336538464 0.3987268509615385 0.48502604086538464
10 0.5219907403846153 0.4892578125 0.53009259375 0.45670572836538464 0.4108796298076923 0.4501953125 0.4021990745192308 0.484375 0.5219907403846153 0.4892578125
10 0.6464120360576923 0.49186197836538464 0.6498842596153847 0.45833333413461536 0.53240740625 0.45703125 0.5271990745192308 0.4892578125 0.6464120360576923 0.49186197836538464
10 0.7685185192307693 0.49055989663461536 0.7702546298076923 0.45865885336538464 0.6504629639423077 0.458984375 0.6504629639423077 0.49348958413461536 0.7685185192307693 0.49055989663461536
10 0.9166666658653846 0.49283854086538464 0.920138889423077 0.45930989663461536 0.795138889423077 0.46158854086538464 0.793402778846154 0.494140625 0.9166666658653846 0.49283854086538464
10 0.9484953701923077 0.44205729086538464 0.9646990745192308 0.37532552163461536 0.9039351850961539 0.3681640625 0.8848379639423077 0.43619791586538464 0.9484953701923077 0.44205729086538464
10 0.4299768509615385 0.51953125 0.4369212956730769 0.48372395913461536 0.3165509254807692 0.48111979086538464 0.3119212956730769 0.515625 0.4299768509615385 0.51953125
10 0.5491898149038461 0.5224609375 0.5526620360576924 0.49055989663461536 0.43518518509615384 0.48763020913461536 0.43113425961538465 0.5201822908653846 0.5491898149038461 0.5224609375
10 0.5347222211538462 0.552734375 0.5387731490384615 0.5224609375 0.4189814807692308 0.5221354158653846 0.41666666586538464 0.5514322908653846 0.5347222211538462 0.552734375
10 0.17245370432692309 0.5406901033653846 0.1782407403846154 0.5087890625 0.056712963942307695 0.505859375 0.05324074038461538 0.5358072908653846 0.17245370432692309 0.5406901033653846
10 0.2905092596153846 0.5481770841346154 0.296875 0.5166015625 0.17592592548076924 0.509765625 0.17071759375 0.5432942716346154 0.2905092596153846 0.5481770841346154
10 0.15567129567307691 0.57421875 0.15914351923076925 0.5426432283653846 0.03935185096153847 0.5390625 0.034722221153846156 0.5690104158653846 0.15567129567307691 0.57421875
10 0.2760416658653846 0.5784505216346154 0.28125 0.5458984375 0.15972222115384616 0.541015625 0.15567129567307691 0.5755208341346154 0.2760416658653846 0.5784505216346154
10 0.40972222115384616 0.5494791658653846 0.4143518509615385 0.5185546875 0.2951388894230769 0.5162760408653846 0.29398148076923075 0.5478515625 0.40972222115384616 0.5494791658653846
10 0.6533564807692307 0.5559895841346154 0.6556712956730769 0.5250651033653846 0.5410879639423076 0.5218098966346154 0.5353009254807692 0.5537109375 0.6533564807692307 0.5559895841346154
10 0.6689814807692307 0.5266927091346154 0.671875 0.49348958413461536 0.5509259254807692 0.490234375 0.5491898149038461 0.5237630216346154 0.6689814807692307 0.5266927091346154
10 0.7916666658653846 0.5224609375 0.7916666658653846 0.490234375 0.671875 0.49055989663461536 0.673611110576923 0.5260416658653846 0.7916666658653846 0.5224609375
10 0.9131944447115384 0.5192057283653846 0.9085648149038461 0.48990885336538464 0.7957175937500001 0.49055989663461536 0.7939814807692307 0.49544270913461536 0.795138889423077 0.5218098966346154 0.9131944447115384 0.5192057283653846
10 0.9108796298076923 0.5530598966346154 0.9120370360576923 0.5192057283653846 0.7928240745192308 0.5198567716346154 0.7945601850961539 0.552734375 0.9108796298076923 0.5530598966346154
10 0.7887731490384616 0.5553385408653846 0.7893518509615384 0.5237630216346154 0.670138889423077 0.5260416658653846 0.6695601850961539 0.5579427091346154 0.7887731490384616 0.5553385408653846
10 0.7684393509615385 0.5885416658653846 0.7672819447115384 0.5576171875 0.6486476850961539 0.5592447908653846 0.6480689807692308 0.5914713533653846 0.7684393509615385 0.5885416658653846
10 0.4012345673076923 0.5824652788461538 0.4043209879807692 0.5481770841346154 0.28549382692307695 0.545138889423077 0.28240740625 0.579861110576923 0.4012345673076923 0.5824652788461538
10 0.15432098798076924 0.6063368052884616 0.15663580288461537 0.5729166658653846 0.030864197115384615 0.5703125 0.02932098798076923 0.6024305552884616 0.15432098798076924 0.6063368052884616
10 0.2700617283653846 0.6119791658653846 0.27700617307692305 0.579861110576923 0.15740740625 0.5755208341346154 0.14969135817307694 0.609375 0.2700617283653846 0.6119791658653846
10 0.14043209855769231 0.638888889423077 0.14891975240384617 0.6063368052884616 0.02932098798076923 0.6041666658653846 0.023919752403846153 0.6354166658653846 0.14043209855769231 0.638888889423077
10 0.14351851923076925 0.671875 0.14814814903846155 0.6393229158653846 0.030864197115384615 0.634548610576923 0.025462963942307695 0.668402778846154 0.14351851923076925 0.671875
10 0.2600308653846154 0.6770833341346154 0.2631172836538461 0.642795139423077 0.14969135817307694 0.6414930552884616 0.1466049375 0.6744791658653846 0.2600308653846154 0.6770833341346154
10 0.1658950625 0.7039930552884616 0.16820987740384613 0.6731770841346154 0.04938271634615384 0.6692708341346154 0.047839507211538464 0.7000868052884616 0.1658950625 0.7039930552884616
10 0.3526234567307692 0.716579860576923 0.3549382716346154 0.6844618052884616 0.23765432211538462 0.681423610576923 0.23456790144230769 0.713107639423077 0.3526234567307692 0.716579860576923
10 0.4953703701923077 0.724826389423077 0.5007716057692307 0.6901041658653846 0.3796296298076923 0.6875 0.37731481490384616 0.7196180552884616 0.4953703701923077 0.724826389423077
10 0.38580246875 0.6158854158653846 0.3942901225961538 0.5833333341346154 0.2731481490384616 0.579861110576923 0.26929012259615387 0.6128472211538462 0.38580246875 0.6158854158653846
10 0.3811728389423077 0.6497395841346154 0.3850308653846154 0.61328125 0.26080246875 0.611111110576923 0.2669753076923077 0.646701389423077 0.3811728389423077 0.6497395841346154
10 0.3780864206730769 0.6796875 0.38425925961538465 0.644965278846154 0.2631172836538461 0.6414930552884616 0.26157407451923076 0.6766493052884616 0.3780864206730769 0.6796875
10 0.513888889423077 0.587673610576923 0.5192901225961538 0.5533854158653846 0.4043209879807692 0.5503472211538462 0.39891975240384614 0.583767360576923 0.513888889423077 0.587673610576923
10 0.6327160504807693 0.5889756947115384 0.6350308653846154 0.5581597211538462 0.5216049375 0.5546875 0.5146604927884615 0.5863715288461538 0.6327160504807693 0.5889756947115384
10 0.5046296298076923 0.6163194447115384 0.5069444447115384 0.5850694447115384 0.3950617283653846 0.584201389423077 0.3912037043269231 0.615017360576923 0.5046296298076923 0.6163194447115384
10 0.4953703701923077 0.650173610576923 0.5015432091346154 0.616753471153846 0.38425925961538465 0.6163194447115384 0.3811728389423077 0.6484375 0.4953703701923077 0.650173610576923
10 0.4961419759615385 0.68359375 0.49922839423076926 0.648871528846154 0.37731481490384616 0.6453993052884616 0.3796296298076923 0.681423610576923 0.4961419759615385 0.68359375
10 0.6172839495192307 0.62109375 0.6234567908653846 0.5868055552884616 0.5069444447115384 0.5824652788461538 0.5038580240384616 0.6197916658653846 0.6172839495192307 0.62109375
10 0.7422839495192307 0.6219618052884616 0.7422839495192307 0.588107639423077 0.6203703701923077 0.5885416658653846 0.621913579326923 0.621527778846154 0.7422839495192307 0.6219618052884616
10 0.7345679014423077 0.6553819447115384 0.7376543221153846 0.6202256947115384 0.6118827163461538 0.6197916658653846 0.61419753125 0.6571180552884616 0.7345679014423077 0.6553819447115384
10 0.61419753125 0.6532118052884616 0.6157407403846153 0.619357639423077 0.49459876442307693 0.6163194447115384 0.4953703701923077 0.651909721153846 0.61419753125 0.6532118052884616
10 0.6103395072115385 0.685763889423077 0.6157407403846153 0.6532118052884616 0.4953703701923077 0.6510416658653846 0.4953703701923077 0.6844618052884616 0.6103395072115385 0.685763889423077
10 0.628086420673077 0.726996528846154 0.6304012355769231 0.695746528846154 0.5100308653846154 0.6927083341346154 0.5115740745192308 0.728298610576923 0.628086420673077 0.726996528846154
10 0.8564814807692307 0.617621528846154 0.8572530865384616 0.5850694447115384 0.73919753125 0.5894097211538462 0.73919753125 0.620659721153846 0.8564814807692307 0.617621528846154
10 0.8873456778846154 0.5859375 0.8904320985576923 0.5512152788461538 0.7677469134615384 0.552517360576923 0.7662037043269231 0.588107639423077 0.8873456778846154 0.5859375
10 0.8209876538461539 0.622829860576923 0.7615740745192308 0.6163194447115384 0.7407407403846153 0.6796875 0.7955246923076923 0.687065971153846 0.8209876538461539 0.622829860576923
10 0.8256172836538462 0.6588541658653846 0.8819444447115384 0.671440971153846 0.9174382716346153 0.6085069447115384 0.861111110576923 0.5989583341346154 0.8256172836538462 0.6588541658653846
10 0.7353395072115384 0.687065971153846 0.736111110576923 0.6549479158653846 0.6149691346153846 0.6549479158653846 0.6165123461538461 0.6875 0.7353395072115384 0.687065971153846
10 0.7407407403846153 0.716579860576923 0.7422839495192307 0.68359375 0.628086420673077 0.685763889423077 0.625 0.7178819447115384 0.7407407403846153 0.716579860576923
10 0.8564814807692307 0.7157118052884616 0.8595679014423077 0.6827256947115384 0.7422839495192307 0.681423610576923 0.7415123461538461 0.712673610576923 0.8564814807692307 0.7157118052884616
12 0.3379629639423077 0.7821180552884616 0.30478394951923077 0.748263889423077 0.1820987644230769 0.7786458341346154 0.20833333413461538 0.8133680552884616 0.3379629639423077 0.7821180552884616
12 0.5617283942307693 0.812065971153846 0.5354938269230769 0.7786458341346154 0.40509259375 0.80078125 0.4274691346153846 0.83984375 0.5617283942307693 0.812065971153846
12 0.8271604927884616 0.80859375 0.8379629639423077 0.773871528846154 0.7006172836538462 0.762152778846154 0.6867283942307693 0.796440971153846 0.8271604927884616 0.80859375
12 0.9645061730769231 0.826388889423077 0.9822530865384616 0.788628471153846 0.8425925937500001 0.7703993052884616 0.8256172836538462 0.8094618052884616 0.9645061730769231 0.826388889423077
12 0.8310185192307693 0.8528645841346154 0.8464506177884614 0.8151041658653846 0.6990740745192308 0.802951389423077 0.6890432091346154 0.841579860576923 0.8310185192307693 0.8528645841346154
12 0.826388889423077 0.8880208341346154 0.8387345673076924 0.8506944447115384 0.6944444447115384 0.838107639423077 0.6851851850961539 0.878472221153846 0.826388889423077 0.8880208341346154
12 0.5316358028846154 0.7782118052884616 0.5555555552884616 0.8172743052884616 0.6936728389423077 0.790798610576923 0.6658950625 0.75390625 0.5432098774038462 0.776909721153846 0.5316358028846154 0.7782118052884616
12 0.6875 0.8385416658653846 0.6612654326923076 0.7994791658653846 0.5285493822115385 0.826388889423077 0.5578703701923077 0.8645833341346154 0.6875 0.8385416658653846
12 0.5509259254807692 0.8580729158653846 0.5246913581730769 0.823784721153846 0.39197530769230765 0.8515625 0.4182098774038462 0.8854166658653846 0.5509259254807692 0.8580729158653846
12 0.2592592596153846 0.855902778846154 0.28472222115384616 0.820746528846154 0.14969135817307694 0.7942708341346154 0.1265432091346154 0.828125 0.2592592596153846 0.855902778846154
12 0.21913580288461537 0.8958333341346154 0.24768518509615384 0.8624131947115384 0.11419753125 0.8333333341346154 0.08873456730769232 0.8684895841346154 0.21913580288461537 0.8958333341346154
12 0.3973765432692308 0.8580729158653846 0.4212962956730769 0.822482639423077 0.2916666658653846 0.7916666658653846 0.2623456778846154 0.8268229158653846 0.3973765432692308 0.8580729158653846
12 0.3881172836538462 0.900173610576923 0.40895061778846153 0.8641493052884616 0.2731481490384616 0.8385416658653846 0.24922839423076923 0.873263889423077 0.3881172836538462 0.900173610576923
12 0.19753086538461537 0.9283854158653846 0.21682098798076924 0.89453125 0.08333333413461538 0.8671875 0.0625 0.9014756947115384 0.19753086538461537 0.9283854158653846
12 0.17129629567307691 0.9609375 0.19367283894230772 0.929253471153846 0.06172839423076923 0.8993055552884616 0.037037036057692305 0.9322916658653846 0.17129629567307691 0.9609375
12 0.14814814903846155 0.991753471153846 0.17515432211538462 0.9578993052884616 0.04012345673076923 0.929253471153846 0.017746913461538463 0.964409721153846 0.14814814903846155 0.991753471153846
12 0.5555555552884616 0.896267360576923 0.53240740625 0.865017360576923 0.3981481490384615 0.8880208341346154 0.42515432211538456 0.9249131947115384 0.5555555552884616 0.896267360576923
12 0.37345679086538464 0.9327256947115384 0.39891975240384614 0.8997395841346154 0.26080246875 0.871527778846154 0.23765432211538462 0.90625 0.37345679086538464 0.9327256947115384
12 0.33333333413461536 0.9657118052884616 0.3526234567307692 0.9305555552884616 0.21759259375 0.9053819447115384 0.19753086538461537 0.9375 0.33333333413461536 0.9657118052884616
12 0.5092592596153847 0.9461805552884616 0.4868827163461538 0.909722221153846 0.3526234567307692 0.9296875 0.37268518509615384 0.970486110576923 0.5092592596153847 0.9461805552884616
12 0.6720679014423077 0.912326389423077 0.6442901225961539 0.8797743052884616 0.513888889423077 0.907986110576923 0.5385802475961539 0.940972221153846 0.6720679014423077 0.912326389423077
12 0.975308641826923 0.8658854158653846 0.986111110576923 0.8311631947115384 0.8456790120192307 0.8125 0.8294753076923077 0.847222221153846 0.975308641826923 0.8658854158653846
12 0.9683641971153846 0.901909721153846 0.9822530865384616 0.866753471153846 0.8348765432692308 0.849826389423077 0.8256172836538462 0.8828125 0.9683641971153846 0.901909721153846
12 0.9521604927884616 0.9344618052884616 0.972222221153846 0.8971354158653846 0.8310185192307693 0.8815104158653846 0.8171296298076923 0.915798610576923 0.9521604927884616 0.9344618052884616
12 0.8179012355769231 0.9205729158653846 0.826388889423077 0.884548610576923 0.6882716057692307 0.875 0.6782407403846153 0.907986110576923 0.8179012355769231 0.9205729158653846
12 0.7993827163461538 0.9539930552884616 0.8125 0.91796875 0.6720679014423077 0.9075520841346154 0.6566358028846154 0.9401041658653846 0.7993827163461538 0.9539930552884616
12 0.763888889423077 0.983940971153846 0.7731481490384616 0.9466145841346154 0.6419753076923077 0.937065971153846 0.6257716057692307 0.974826389423077 0.763888889423077 0.983940971153846
12 0.32098765384615385 1 0.34490740625 0.9700520841346154 0.20987654326923078 0.941840278846154 0.1929012355769231 0.9756944447115384 0.32098765384615385 1
12 0.638888889423077 0.952690971153846 0.6118827163461538 0.921875 0.47916666586538464 0.9479166658653846 0.486111110576923 0.9539930552884616 0.5038580240384616 0.9817708341346154 0.638888889423077 0.952690971153846
12 0.9336419759615384 0.9678819447115384 0.9498456778846154 0.931857639423077 0.8101851850961539 0.9192708341346154 0.798611110576923 0.9518229158653846 0.9336419759615384 0.9678819447115384
12 0.9104938269230769 0.9973958341346154 0.9212962956730769 0.962673610576923 0.784722221153846 0.947048610576923 0.7808641971153846 0.9522569447115384 0.7669753076923077 0.980902778846154 0.9104938269230769 0.9973958341346154
12 0.4930555552884615 0.9913194447115384 0.47608024759615386 0.9539930552884616 0.3371913581730769 0.967013889423077 0.34104938221153847 0.980902778846154 0.3533950625 1 0.4930555552884615 0.9913194447115384