10 0.40418195913461535 0.45537172115384617 0.40882538221153847 0.41992019230769234 0.2841170216346154 0.41506893028846154 0.2799669447115385 0.41779524999999995 0.27947367067307693 0.4512668100961538 0.40418195913461535 0.45537172115384617
10 0.5660374807692308 0.4582824735576923 0.5686908557692308 0.4250699927884615 0.4439824975961538 0.42059190625 0.4411713413461538 0.42227790625 0.43933907451923077 0.45380438701923076 0.5660374807692308 0.4582824735576923
10 0.28119827644230766 0.4519385240384616 0.28517837259615386 0.41536747115384615 0.16445003846153844 0.4101430336538462 0.16378671153846153 0.4101430336538462 0.1584985625 0.4106544639423077 0.15582659134615387 0.4463409134615385 0.28119827644230766 0.4519385240384616
10 0.13831443028846155 0.477314375 0.1641847716346154 0.4097698774038462 0.10249395192307692 0.40267956730769233 0.09772330769230769 0.40497766586538464 0.07728693750000001 0.47097041346153845 0.13831443028846155 0.477314375
10 0.5487905600961539 0.5244835913461539 0.5494538846153846 0.4901515576923077 0.4254089230769231 0.48753934375 0.42793202884615383 0.48938918028846157 0.4254089230769231 0.5229908725961538 0.5487905600961539 0.5244835913461539
10 0.5201475769230769 0.49231800000000003 0.5273496033653846 0.45755950240384613 0.4056736706730769 0.4532946538461538 0.40556311298076925 0.4548026923076923 0.39998789903846155 0.48741342307692304 0.5201475769230769 0.49231800000000003
10 0.30681674278846155 0.5178217475961538 0.4307669543269231 0.5212336201923077 0.43531559615384613 0.4869016081730769 0.3143977908653846 0.48476919230769233 0.3125705480769231 0.4861261490384615 0.3094701081730769 0.5165423028846153 0.30681674278846155 0.5178217475961538
10 0.39464322596153845 0.4866670841346154 0.39957090865384615 0.4534012860576923 0.27675782692307693 0.4484967139423077 0.2757988269230769 0.4499594927884615 0.2756206778846154 0.4826154855769231 0.39464322596153845 0.4866670841346154
10 0.537280795673077 0.5559494903846154 0.5384179663461539 0.5243896153846154 0.4178792043269231 0.5205512692307692 0.4170757860576923 0.5216888822115384 0.41408864903846154 0.5533905769230769 0.537280795673077 0.5559494903846154
10 0.6548629759615385 0.5565039278846153 0.6575163605769231 0.5249440528846153 0.5362195120192308 0.5236645961538462 0.5343928653846154 0.524733954326923 0.5331870841346154 0.5567171634615384 0.6548629759615385 0.5565039278846153
10 0.6659312932692308 0.5283132932692308 0.6685846370192308 0.49440775480769233 0.5506992596153846 0.4931283052884616 0.5492044903846154 0.49296956249999996 0.5472877884615385 0.5259676177884616 0.6659312932692308 0.5283132932692308
10 0.5291991081730769 0.45837564423076926 0.5254544014423077 0.4924885721153846 0.6475093774038462 0.49376802884615384 0.650541764423077 0.4605022235576923 0.5291991081730769 0.45837564423076926
10 0.5138555288461538 0.5548850817307692 0.51309725 0.5909129951923077 0.6374265673076922 0.5906997572115384 0.6343941394230769 0.5580736802884615 0.5138555288461538 0.5548850817307692
10 0.5179491009615385 0.5877570144230769 0.5190862716346154 0.5527852788461538 0.39475699759615385 0.55257203125 0.4012027716346154 0.5533843822115384 0.39741034134615383 0.5849848653846154 0.5179491009615385 0.5877570144230769
10 0.6213546850961538 0.6239655600961539 0.6224918149038461 0.5892070721153846 0.5030902235576923 0.5872878942307692 0.5067535889423077 0.5874636129807692 0.5027111802884615 0.6224728653846154 0.6213546850961538 0.6239655600961539
10 0.5033935 0.6189330456730769 0.5049097139423077 0.5848142716346154 0.38247569471153847 0.5826818557692308 0.3854526129807692 0.5847813509615385 0.38285473798076924 0.6159476490384616 0.5033935 0.6189330456730769
10 0.49694961778846153 0.6517641538461538 0.4980867475961538 0.6191380817307692 0.3802013701923077 0.61679240625 0.3801694639423077 0.6196827235576923 0.3783061129807692 0.6498449639423077 0.49694961778846153 0.6517641538461538
10 0.6114235096153846 0.6551333774038461 0.6121816346153847 0.6218675721153846 0.4927800456730769 0.620161641826923 0.49193409375 0.6228793677884615 0.49202191826923075 0.6532141971153845 0.6114235096153846 0.6551333774038461
10 0.611101391826923 0.6893800721153845 0.6156499927884614 0.6535553653846153 0.49132071875 0.6514229399038461 0.49169976201923077 0.6520626730769231 0.4894254615384615 0.6868211610576923 0.611101391826923 0.6893800721153845
10 0.49412568028846154 0.6849979759615384 0.5009486225961539 0.6510924495192308 0.3785146033653846 0.6481070384615385 0.3788936466346154 0.6517321826923077 0.38255554326923075 0.6521211394230769 0.3773774326923077 0.6826523004807693 0.49412568028846154 0.6849979759615384
10 0.3805804134615384 0.6501434711538461 0.38437096875 0.6164511923076923 0.2623159927884615 0.6130393197115385 0.2650900985576923 0.615144923076923 0.2611788221153846 0.6477978076923077 0.3805804134615384 0.6501434711538461
10 0.38907126682692306 0.5856163701923077 0.27118586778846154 0.5809250432692308 0.26625818509615384 0.6135511129807693 0.2639838629807692 0.6148305697115385 0.384522625 0.6182424423076923 0.38907126682692306 0.5856163701923077
10 0.3730751514423077 0.6818443942307693 0.37914000721153845 0.6814179086538462 0.3806562211538462 0.6464461730769231 0.26087556490384617 0.6436740240384615 0.2600604831730769 0.6453454423076923 0.25670598798076927 0.6780060360576923 0.3730751514423077 0.6818443942307693
10 0.49391718990384614 0.7264760096153846 0.4977077043269231 0.6942764254807692 0.37716894230769227 0.6910777908653846 0.3788467139423077 0.693563875 0.3752736850961539 0.7237038605769232 0.49391718990384614 0.7264760096153846
10 0.6242354663461539 0.7292375024038461 0.6265098052884616 0.6991703317307691 0.6265098052884616 0.6972511538461539 0.504833875 0.6957584591346154 0.5067291322115385 0.6993835793269232 0.5081991850961539 0.700408420673077 0.50824534375 0.72838453125 0.6242354663461539 0.7292375024038461
10 0.8585933918269231 0.7188067908653846 0.8601096057692307 0.68532775 0.7426032716346154 0.6866072043269231 0.7396945432692307 0.687315233173077 0.7399498870192307 0.72093921875 0.8585933918269231 0.7188067908653846
10 0.7425842211538461 0.7189880793269231 0.740309920673077 0.6852957932692308 0.6246988437500001 0.6870017307692307 0.6268625865384615 0.6896197403846155 0.6258360144230769 0.7189880793269231 0.7425842211538461 0.7189880793269231
10 0.7317813149038461 0.6883451802884615 0.7314022716346155 0.6569985649038461 0.6120006802884616 0.6563588365384615 0.6116471153846154 0.6567324014423076 0.6142749807692307 0.6898378846153845 0.7317813149038461 0.6883451802884615
10 0.7365952403846154 0.6563990120192307 0.7358371129807693 0.6231332067307692 0.6149193076923077 0.6235596875 0.6115078365384615 0.623346454326923 0.6115078365384615 0.657251983173077 0.7365952403846154 0.6563990120192307
10 0.7411438004807693 0.6239435264423077 0.7419018870192308 0.5913174615384615 0.6190888245192308 0.5921704206730769 0.6194678677884615 0.5957955408653846 0.61870978125 0.5951558125 0.6179516538461538 0.6247965024038462 0.7411438004807693 0.6239435264423077
10 0.8525853365384616 0.6202331105769231 0.8525853365384616 0.5861143485576923 0.7388695552884615 0.5888864975961539 0.7395578798076923 0.5900677716346154 0.739627641826923 0.6232185096153846 0.8525853365384616 0.6202331105769231
10 0.88078684375 0.6732025264423077 0.91565971875 0.6128549615384615 0.8633504495192308 0.6038987788461538 0.8597975336538461 0.6030151442307692 0.8243080192307691 0.6653125528846153 0.88078684375 0.6732025264423077
10 0.7954241514423077 0.6880441514423077 0.8200625721153846 0.6249244350961539 0.7639627884615384 0.6189536514423076 0.7616884879807693 0.6200198581730769 0.7370500264423078 0.6827131009615385 0.7954241514423077 0.6880441514423077
10 0.7647967475961538 0.5897476826923077 0.7666920048076923 0.557121610576923 0.64463703125 0.5581878197115384 0.6435198365384616 0.56037934375 0.6461532427884615 0.5929463173076923 0.7647967475961538 0.5897476826923077
10 0.7956516177884615 0.5579746057692307 0.7907239326923077 0.5236425865384615 0.6603298028846154 0.5255617716346154 0.665222375 0.5280132956730769 0.6698061274038462 0.5607467548076923 0.7956516177884615 0.5579746057692307
10 0.7926191730769231 0.5251352788461539 0.7903448725961538 0.49268522115384616 0.6663946418269231 0.4928984591346154 0.6678600192307692 0.49304305048076924 0.6679108557692307 0.5268412139423077 0.7926191730769231 0.5251352788461539
10 0.7486490985576922 0.42589773076923076 0.7486490985576922 0.3894332980769231 0.62924746875 0.39156571874999996 0.6301616081730769 0.3931228677884615 0.6284893822115385 0.4269639399038461 0.7486490985576922 0.42589773076923076
10 0.8717653557692308 0.4208652043269231 0.8694910552884616 0.3856802379807692 0.747436079326923 0.3875994110576923 0.7456409182692307 0.3885804927884615 0.747436079326923 0.42576978125 0.8717653557692308 0.4208652043269231
10 0.6181892235576923 0.4257938581730769 0.6217270552884616 0.3907154927884615 0.5014409855769231 0.3877300961538461 0.5012093100961539 0.3890384735576923 0.4961342379807692 0.42305723557692304 0.6181892235576923 0.4257938581730769
10 0.6266357596153846 0.3935114567307692 0.633711423076923 0.3932626802884615 0.6328269879807693 0.3554476947115385 0.5028119062499999 0.3539550096153846 0.5069841538461538 0.35563211538461537 0.5067919543269231 0.3897797163461538 0.6266357596153846 0.3935114567307692
10 0.7188845192307693 0.3908992259615385 0.7321513653846154 0.3197473701923077 0.6658171370192308 0.31850346634615384 0.665645 0.32183880048076924 0.6569726033653847 0.3894065408653846 0.7188845192307693 0.3908992259615385
10 0.8469980576923077 0.3877645817307692 0.8443446610576923 0.35144230769230766 0.7222896995192307 0.35442769230769233 0.7231741802884616 0.35791065624999996 0.7240586153846155 0.3591545528846154 0.7227319158653847 0.39074996634615383 0.8469980576923077 0.3877645817307692
10 0.6567072644230769 0.36064726682692305 0.6602450480769231 0.32457378125 0.5434968341346154 0.32034447355769236 0.5421393798076923 0.32144612980769227 0.5386323269230769 0.3564179591346154 0.6567072644230769 0.36064726682692305
10 0.7443568413461539 0.46044928124999995 0.7421457091346154 0.4243757956730769 0.6187640480769231 0.4253709278846154 0.6209751802884615 0.4293514447115384 0.6202635673076924 0.42966831009615386 0.62362853125 0.46144441346153847 0.7443568413461539 0.46044928124999995
10 0.8748583822115384 0.453334110576923 0.8713205504807693 0.41800696875 0.7519189399038461 0.4224850528846154 0.7510345048076924 0.42372896153846157 0.7505922884615385 0.45607071875 0.8748583822115384 0.453334110576923
10 0.7720846274038462 0.49463203846153847 0.7734113269230769 0.4593048701923077 0.6487029663461539 0.4605487932692308 0.6482473245192307 0.4615153894230769 0.6464918341346154 0.4971198581730769 0.7720846274038462 0.49463203846153847
10 0.7894968966346153 0.4624835408653846 0.7886239663461538 0.4998067163461538 0.9155434110576923 0.4975676730769231 0.9190812427884616 0.4607478197115385 0.7894968966346153 0.4624835408653846
10 0.9414580360576923 0.44507459615384615 0.9640116322115385 0.3751666754807692 0.89679296875 0.3686983269230769 0.900773016826923 0.3721812860576923 0.8960270240384616 0.3735433341346154 0.8777771586538462 0.4398501706730769 0.9414580360576923 0.44507459615384615
10 0.9102366442307692 0.521490983173077 0.9102366442307692 0.492134625 0.7872972019230768 0.4938760985576923 0.7844339663461538 0.4947173653846154 0.7881816826923077 0.523481235576923 0.9102366442307692 0.521490983173077
10 0.9074948701923078 0.5543800480769231 0.9097060024038461 0.5200480264423077 0.7894199567307693 0.5235309903846154 0.7896431418269232 0.5249638125 0.7916310889423077 0.5576142235576923 0.9074948701923078 0.5543800480769231
10 0.8897172283653846 0.58681171875 0.8870638798076923 0.5532260528846155 0.7689889663461538 0.5569577932692308 0.7658697620192307 0.5582760264423077 0.7694311826923077 0.5892995384615385 0.8897172283653846 0.58681171875
10 0.5444766153846154 0.35393606490384616 0.5466877475961538 0.31612109134615385 0.4215371947115385 0.31263813221153847 0.42021051923076924 0.31562352403846156 0.4220587836538462 0.31572106730769234 0.41976827884615386 0.35070188942307695 0.5444766153846154 0.35393606490384616
10 0.38200199278846153 0.3852080576923077 0.5027302788461538 0.38670074278846156 0.506268110576923 0.3528663004807692 0.38155975240384615 0.34789064903846156 0.3824171730769231 0.3500563413461538 0.38111753365384615 0.38272022596153843 0.38200199278846153 0.3852080576923077
10 0.4859255913461539 0.421978125 0.4890212067307692 0.38714855048076924 0.3678507043269231 0.38391437740384615 0.36608178846153844 0.3861534182692308 0.36818973798076926 0.38703138701923073 0.3647550889423077 0.419987875 0.4859255913461539 0.421978125
10 0.17097233653846156 0.34179561778846157 0.30098744471153843 0.34876153365384616 0.30364079567307695 0.3109465745192308 0.17406795192307692 0.3049757860576923 0.17298753846153847 0.30595660817307696 0.16831898798076922 0.3390590120192308 0.17097233653846156 0.34179561778846157
10 0.424634375 0.3165690504807692 0.30043147355769234 0.310104 0.2946192668269231 0.3479156610576923 0.2963881826923077 0.35040349278846156 0.41976984375000004 0.3526425336538462 0.424634375 0.3165690504807692
10 0.3808538028846154 0.3855067524038462 0.3839493701923077 0.3504284014423077 0.26056775721153846 0.3459503173076923 0.25877894471153845 0.34767036538461543 0.25835657692307695 0.38202380288461535 0.3808538028846154 0.3855067524038462
10 0.3671446826923077 0.4195899519230769 0.3706824663461538 0.3842628100961539 0.24332075721153845 0.37953593750000003 0.24411839423076923 0.3814027884615384 0.24243632451923075 0.41685334375 0.3671446826923077 0.4195899519230769
10 0.25946213701923077 0.38346674519230767 0.26565336778846155 0.34838837980769227 0.1405027908653846 0.3379395024038461 0.13996554807692307 0.34049627884615385 0.13342712740384616 0.3735154182692308 0.25946213701923077 0.38346674519230767
10 0.11701351923076923 0.3705872980769231 0.1146702596153846 0.37331934615384615 0.10883921875000001 0.40639491346153844 0.23620092788461539 0.4141071730769231 0.2415076778846154 0.3805215120192308 0.11701351923076923 0.3705872980769231
10 0.2739672235576923 0.4823980048076923 0.27706283894230765 0.4490611274038461 0.15633452884615384 0.44234399038461536 0.1558923125 0.44557816346153845 0.15633452884615384 0.44607571634615384 0.15279669711538463 0.47742235336538463 0.2739672235576923 0.4823980048076923
10 0.1895016298076923 0.513859420673077 0.19746172836538461 0.47977620192307696 0.07098447596153847 0.4730590625 0.0696577764423077 0.4752981033653846 0.06943529807692307 0.47745843269230764 0.06611996875000001 0.5086349951923077 0.1895016298076923 0.513859420673077
10 0.30996459134615384 0.5164716298076922 0.31659803605769227 0.4831347524038462 0.19365859375 0.4769151802884615 0.19416999519230768 0.4776409831730769 0.19012076201923078 0.5129886778846153 0.30996459134615384 0.5164716298076922
10 0.28887028846153845 0.55075390625 0.29285033653846154 0.516670673076923 0.1694687235576923 0.511446235576923 0.17035315865384615 0.5141828413461538 0.16681532692307693 0.546773375 0.28887028846153845 0.55075390625
10 0.40650295432692307 0.552943170673077 0.4131364014423077 0.5176160576923077 0.2893125240384615 0.5156257788461539 0.2904146923076923 0.518588875 0.28621690865384614 0.5512017091346154 0.40650295432692307 0.552943170673077
10 0.3988966971153846 0.5863700000000001 0.40066561298076925 0.54905259375 0.2843596153846154 0.5488038173076923 0.28303291826923077 0.5517892019230769 0.28096337259615384 0.5526474471153846 0.2768417355769231 0.583135826923077 0.3988966971153846 0.5863700000000001
10 0.2752496971153846 0.5813943389423077 0.28011422836538463 0.5470623293269231 0.15761700240384616 0.5430817980769231 0.15591454326923077 0.5434639471153846 0.14921468509615385 0.577911375 0.2752496971153846 0.5813943389423077
10 0.16982249278846154 0.5443506081730769 0.17557145673076924 0.511013733173077 0.053516473557692304 0.5060380769230769 0.053339872596153845 0.5061042860576923 0.047767507211538454 0.5401213028846154 0.16982249278846154 0.5443506081730769
10 0.15124893509615384 0.5783094302884615 0.15920903365384614 0.5444749879807692 0.03803852884615384 0.5370115048076923 0.037154072115384615 0.5404944567307692 0.03559299519230769 0.54206771875 0.03228956490384615 0.5725874230769231 0.15124893509615384 0.5783094302884615
10 0.029415024038461537 0.6079145745192307 0.14793217548076923 0.6106511826923077 0.15412335817307693 0.5765679639423077 0.027646108173076923 0.5705971682692308 0.027646108173076923 0.5728362235576923 0.029311841346153847 0.5741857836538462 0.02676164903846154 0.6064218774038461 0.029415024038461537 0.6079145745192307
10 0.14151989663461537 0.6733597115384615 0.14461551201923076 0.6387789110576924 0.020349394230769233 0.6347983894230769 0.02290875721153846 0.6378581033653846 0.021676069711538463 0.6693791802884616 0.14151989663461537 0.6733597115384615
10 0.2571183389423077 0.6795543990384616 0.2584450384615385 0.6429833341346154 0.14479239182692308 0.6397491610576923 0.14258125961538462 0.6412418605769231 0.14125456009615384 0.6765690144230769 0.2571183389423077 0.6795543990384616
10 0.26207126682692305 0.6459189831730769 0.2678202307692308 0.6133284495192307 0.14664970432692306 0.6100942764423076 0.14554822115384616 0.6110643653846154 0.14443857211538463 0.64392871875 0.26207126682692305 0.6459189831730769
10 0.14284657211538462 0.6432570024038462 0.14992223557692308 0.6081786514423076 0.02388720192307692 0.6041981274038462 0.022259153846153845 0.6058089591346154 0.02123382692307692 0.6402716177884616 0.14284657211538462 0.6432570024038462
10 0.35038423557692305 0.7168220504807692 0.3539220216346154 0.6842315168269231 0.2278870096153846 0.6809973413461539 0.23479968509615384 0.6841027379807693 0.23186706009615385 0.7150805745192308 0.35038423557692305 0.7168220504807692
10 0.16363135817307692 0.7058258557692307 0.16584249038461538 0.6722401899038462 0.04290307211538461 0.6680108966346154 0.04682854567307693 0.6691689663461537 0.04290307211538461 0.703089235576923 0.16363135817307692 0.7058258557692307