10 0.234375 0.04807692307692308 0.006009615384615385 0.001201923076923077
10 0.1859567908653846 0.33940972115384616 0.2993827163461539 0.3446180552884615 0.30401234615384615 0.31597222115384616 0.18827160576923077 0.310763889423077 0.1859567908653846 0.33940972115384616
10 0.31481481490384616 0.35112847115384616 0.41666666586538464 0.3524305552884615 0.4259259254807692 0.318576389423077 0.3125 0.318576389423077 0.31481481490384616 0.3485243052884615 0.31481481490384616 0.35112847115384616
10 0.38425925961538465 0.3828125 0.5023148149038461 0.38020833413461536 0.5046296298076923 0.35546875 0.3912037043269231 0.35416666586538464 0.38425925961538465 0.3828125
10 0.5489969134615384 0.35503472115384616 0.6589506177884614 0.359592014423077 0.6624228389423077 0.359592014423077 0.6624228389423077 0.328342014423077 0.5547839495192307 0.3231336802884615 0.5489969134615384 0.35503472115384616
10 0.6624228389423077 0.386501735576923 0.7249228389423077 0.3897569447115385 0.7330246923076923 0.32269965384615384 0.680941358173077 0.3194444447115385 0.6624228389423077 0.386501735576923
10 0.7318672836538462 0.38997395913461536 0.8464506177884614 0.38411458413461536 0.8429783942307693 0.35416666586538464 0.7283950625 0.35611979086538464 0.7318672836538462 0.38997395913461536
10 0.14274691346153848 0.371310764423077 0.25964506249999997 0.379123264423077 0.2654320985576923 0.34722222115384616 0.14737654326923078 0.340060764423077 0.14274691346153848 0.371310764423077
10 0.51080246875 0.3858506947115385 0.5096450625 0.353298610576923 0.3950617283653846 0.351345485576923 0.39274691346153845 0.38129340384615384 0.51080246875 0.3858506947115385
10 0.5466820985576922 0.353732639423077 0.5466820985576922 0.322482639423077 0.4286265432692308 0.320529514423077 0.42978394951923077 0.35308159615384616 0.5466820985576922 0.353732639423077
10 0.631558641826923 0.392361110576923 0.631558641826923 0.36176215384615384 0.5135030865384616 0.35785590384615384 0.5123456778846154 0.3878038197115385 0.631558641826923 0.392361110576923
10 0.11496913461538462 0.40559895913461536 0.23533950721153846 0.4140625 0.23996913461538463 0.38346354086538464 0.11959876442307693 0.37369791586538464 0.11496913461538462 0.40559895913461536
10 0.38850308653846155 0.3828125 0.3896604927884615 0.35091145913461536 0.27391975240384614 0.345703125 0.27160493750000003 0.37434895913461536 0.38850308653846155 0.3828125
10 0.2445987644230769 0.4129774302884615 0.37538580288461537 0.416232639423077 0.37654320913461536 0.3836805552884615 0.25848765384615385 0.3797743052884615 0.2538580240384615 0.410373264423077 0.2445987644230769 0.4129774302884615
10 0.621527778846154 0.424045139423077 0.628472221153846 0.392795139423077 0.5046296298076923 0.386935764423077 0.5 0.418185764423077 0.621527778846154 0.424045139423077
10 0.6319444447115384 0.427734375 0.7592592596153847 0.42643229086538464 0.7581018509615384 0.390625 0.6400462956730769 0.39192708413461536 0.638888889423077 0.423828125 0.6319444447115384 0.427734375
10 0.8742283942307693 0.42057291586538464 0.8742283942307693 0.38932291586538464 0.7527006177884614 0.390625 0.7550154326923076 0.42317708413461536 0.8742283942307693 0.42057291586538464
10 0.2283653846153846 0.43149038461538464 0.11899038461538461 0.03245192307692308
10 0.3473557692307692 0.43509615384615385 0.11899038461538461 0.03125
10 0.5108173076923077 0.43990384615384615 0.12620192307692307 0.03245192307692308
10 0.6911057692307693 0.44350961538461536 0.11778846153846154 0.028846153846153848
10 0.7623456778846154 0.4522569447115385 0.8861882716346153 0.452907985576923 0.8838734567307692 0.4210069447115385 0.7658179014423077 0.423611110576923 0.7623456778846154 0.4522569447115385
10 0.1628086418269231 0.4461805552884615 0.15817901201923076 0.4754774302884615 0.28086419711538463 0.4813368052884615 0.2831790120192308 0.449435764423077 0.1628086418269231 0.445529514423077 0.1628086418269231 0.4461805552884615
10 0.28356481490384616 0.4815538197115385 0.39583333413461536 0.48676215384615384 0.39583333413461536 0.4561631947115385 0.28356481490384616 0.45355902884615384 0.28356481490384616 0.4815538197115385
10 0.40856481490384616 0.4559461802884615 0.40393518509615384 0.486545139423077 0.5266203701923077 0.4911024302884615 0.5289351850961539 0.461154514423077 0.40972222115384616 0.45659722115384616 0.40856481490384616 0.4559461802884615
10 0.6500771610576923 0.491970485576923 0.6500771610576923 0.4620225697115385 0.5331790120192308 0.460720485576923 0.5320216057692307 0.4913194447115385 0.6500771610576923 0.491970485576923
10 0.7739197524038463 0.49262152884615384 0.77044753125 0.46137152884615384 0.6558641971153846 0.462673610576923 0.659336420673077 0.493923610576923 0.7739197524038463 0.49262152884615384
10 0.9155092596153847 0.4930555552884615 0.920138889423077 0.4637586802884615 0.798611110576923 0.46440972115384616 0.7997685192307693 0.49370659615384616 0.9155092596153847 0.4930555552884615
10 0.06867283894230769 0.50390625 0.19483024759615386 0.5091145841346154 0.19367283894230772 0.47786458413461536 0.08024691346153846 0.47591145913461536 0.06867283894230769 0.50390625
10 0.31211419711538463 0.515625 0.3155864206730769 0.48567708413461536 0.1986882716346154 0.48177083413461536 0.1929012355769231 0.5130208341346154 0.31211419711538463 0.515625
10 0.43325617307692305 0.5223524302884616 0.4355709879807692 0.4911024302884615 0.3244598774038462 0.4891493052884615 0.32098765384615385 0.5151909711538462 0.43325617307692305 0.5223524302884616
10 0.5582561730769231 0.5234375 0.5559413581730769 0.494140625 0.4436728389423077 0.4921875 0.43788580288461537 0.51953125 0.5582561730769231 0.5234375
10 0.6743827163461538 0.52734375 0.6743827163461538 0.49739583413461536 0.5586419759615384 0.49869791586538464 0.5586419759615384 0.5260416658653846 0.6743827163461538 0.52734375
10 0.7978395072115384 0.525173610576923 0.8013117283653847 0.4932725697115385 0.6820987644230769 0.497829860576923 0.6836419759615384 0.5277777788461538 0.7978395072115384 0.525173610576923
10 0.7974537043269231 0.5245225697115384 0.9166666658653846 0.5186631947115384 0.9178240745192308 0.4952256947115385 0.8043981490384616 0.4971788197115385 0.8043981490384616 0.5199652788461538 0.7974537043269231 0.5245225697115384
10 0.17592592548076924 0.5418836802884616 0.1782407403846154 0.5145399302884616 0.059027778846153844 0.5093315961538462 0.05555555528846154 0.5386284711538462 0.17592592548076924 0.5418836802884616
10 0.29899691346153845 0.5520833341346154 0.29899691346153845 0.5188802091346154 0.18325617307692307 0.515625 0.17978394951923077 0.5455729158653846 0.29899691346153845 0.5520833341346154
10 0.4193672836538462 0.5533854158653846 0.4193672836538462 0.521484375 0.3001543221153846 0.5188802091346154 0.29899691346153845 0.548828125 0.4193672836538462 0.5533854158653846
10 0.4224537043269231 0.552517360576923 0.42321659375 0.5532325721153846 0.5381944447115384 0.5570746538461538 0.5462962956730769 0.5258246538461538 0.4212962956730769 0.5245225697115384 0.4224537043269231 0.552517360576923
10 0.6577932091346154 0.560546875 0.6601080240384616 0.529296875 0.5501543221153846 0.5260416658653846 0.54205246875 0.5553385408653846 0.6577932091346154 0.560546875
10 0.7924382716346153 0.556640625 0.7970679014423077 0.5266927091346154 0.6790123461538461 0.52734375 0.6778549375 0.5572916658653846 0.7924382716346153 0.556640625
10 0.9182098774038461 0.552951389423077 0.9158950625 0.521701389423077 0.8024691346153846 0.523654514423077 0.8036265432692308 0.5523003461538462 0.9182098774038461 0.552951389423077
10 0.10096153846153846 0.5564903846153846 0.11899038461538461 0.03485576923076923
10 0.15663580288461537 0.575954860576923 0.27700617307692305 0.5831163197115384 0.28163580288461537 0.550564235576923 0.16473765384615383 0.5453559038461538 0.15663580288461537 0.575954860576923
10 0.28472222115384616 0.5520833341346154 0.2916666658653846 0.578125 0.4016203701923077 0.5826822908653846 0.40972222115384616 0.552734375 0.28472222115384616 0.55078125 0.28472222115384616 0.5520833341346154
10 0.40625 0.5870225697115384 0.5208333341346154 0.585720485576923 0.5196759254807692 0.5590277788461538 0.4120370360576923 0.5557725697115384 0.40625 0.5870225697115384
10 0.5250771610576923 0.5852864591346154 0.6396604927884616 0.5885416658653846 0.6431327163461538 0.5592447908653846 0.5285493822115385 0.5559895841346154 0.5250771610576923 0.5852864591346154
10 0.7716049375 0.590060764423077 0.7692901225961539 0.560763889423077 0.6535493822115386 0.5633680552884616 0.6523919759615384 0.5926649302884616 0.7716049375 0.590060764423077
10 0.8900462956730769 0.586154514423077 0.8946759254807692 0.5562065961538462 0.777777778846154 0.5614149302884616 0.777777778846154 0.5848524302884616 0.8900462956730769 0.586154514423077
10 0.030864197115384615 0.6030815961538462 0.15239197596153847 0.609592014423077 0.15354938221153847 0.578342014423077 0.03549382692307693 0.5757378461538462 0.030864197115384615 0.6030815961538462
10 0.2743055552884615 0.6121961802884616 0.27777777884615384 0.5815972211538462 0.15972222115384616 0.5776909711538462 0.15740740625 0.6082899302884616 0.2743055552884615 0.6121961802884616
10 0.38541666586538464 0.6148003461538462 0.3912037043269231 0.584201389423077 0.27893518509615384 0.582248264423077 0.2743055552884615 0.6121961802884616 0.38541666586538464 0.6148003461538462
10 0.5065586418269231 0.619357639423077 0.5111882716346154 0.5874565961538462 0.3942901225961538 0.5855034711538462 0.39197530769230765 0.6141493052884616 0.5065586418269231 0.619357639423077
10 0.6195987644230769 0.626736110576923 0.6207561730769231 0.593532985576923 0.5131172836538462 0.591579860576923 0.5096450625 0.623480903846154 0.6195987644230769 0.626736110576923
10 0.743441358173077 0.623480903846154 0.7445987644230769 0.591579860576923 0.6288580240384616 0.5928819447115384 0.6288580240384616 0.623480903846154 0.743441358173077 0.623480903846154
10 0.8599537043269231 0.619574653846154 0.8518518509615384 0.5889756947115384 0.7476851850961539 0.5922309038461538 0.7511574062499999 0.618923610576923 0.8599537043269231 0.619574653846154
10 0.02739197596153846 0.636935764423077 0.14313271634615385 0.6414930552884616 0.1512345673076923 0.609592014423077 0.02739197596153846 0.6063368052884616 0.02739197596153846 0.636935764423077
10 0.2623456778846154 0.646918403846154 0.26466049278846154 0.615668403846154 0.15239197596153847 0.611111110576923 0.14891975240384617 0.640407985576923 0.2623456778846154 0.646918403846154
10 0.37847222115384616 0.6497395841346154 0.38425925961538465 0.6184895841346154 0.2673611105769231 0.6139322908653846 0.2673611105769231 0.6458333341346154 0.37847222115384616 0.6497395841346154
10 0.4961419759615385 0.648654514423077 0.49845679086538464 0.619357639423077 0.3850308653846154 0.615451389423077 0.3815586418269231 0.646701389423077 0.4961419759615385 0.648654514423077
10 0.5111882716346154 0.651909721153846 0.6118827163461538 0.6532118052884616 0.6118827163461538 0.621310764423077 0.5019290120192308 0.619357639423077 0.503086420673077 0.650607639423077 0.5111882716346154 0.651909721153846
10 0.736111110576923 0.6588541658653846 0.7372685192307693 0.6263020841346154 0.621527778846154 0.625 0.6226851850961539 0.65625 0.736111110576923 0.6588541658653846
10 0.14429012259615384 0.6725260408653846 0.14891975240384617 0.6412760408653846 0.029706790865384615 0.638671875 0.030864197115384615 0.6673177091346154 0.14429012259615384 0.6725260408653846
10 0.26157407451923076 0.6796875 0.2650462956730769 0.6458333341346154 0.14583333413461538 0.6393229158653846 0.1446759254807692 0.6712239591346154 0.26157407451923076 0.6796875
10 0.3811728389423077 0.681857639423077 0.3846450625 0.6493055552884616 0.2700617283653846 0.646701389423077 0.26774691346153845 0.677300346153846 0.3811728389423077 0.681857639423077
10 0.49729938221153847 0.6822916658653846 0.49729938221153847 0.650390625 0.3838734567307692 0.6497395841346154 0.3861882716346154 0.6803385408653846 0.49729938221153847 0.6822916658653846
10 0.6138117283653846 0.6903211802884616 0.6138117283653846 0.657769096153846 0.4969135793269231 0.656467014423077 0.5003858028846154 0.685112846153846 0.6138117283653846 0.6903211802884616
10 0.736111110576923 0.6868489591346154 0.736111110576923 0.6614583341346154 0.6203703701923077 0.6614583341346154 0.6203703701923077 0.6861979158653846 0.736111110576923 0.6868489591346154
10 0.16898148076923075 0.7102864591346154 0.16898148076923075 0.6764322908653846 0.05208333413461538 0.6725260408653846 0.050925925480769234 0.7018229158653846 0.16898148076923075 0.7102864591346154
10 0.35455246875 0.720269096153846 0.3557098774038462 0.6883680552884616 0.23996913461538463 0.6844618052884616 0.2388117283653846 0.712456596153846 0.35455246875 0.720269096153846
10 0.49922839423076926 0.726345485576923 0.49922839423076926 0.695095485576923 0.3846450625 0.693142360576923 0.3846450625 0.723090278846154 0.49922839423076926 0.726345485576923
10 0.5605709879807692 0.732421875 0.6300154326923076 0.73046875 0.6334876538461539 0.703125 0.5223765432692308 0.7005208341346154 0.5223765432692308 0.7265625 0.5605709879807692 0.732421875
10 0.7418981490384616 0.718532985576923 0.7395833341346154 0.691840278846154 0.6342592596153847 0.6924913197115384 0.6365740745192308 0.717230903846154 0.7418981490384616 0.718532985576923
10 0.8603395072115384 0.71875 0.85455246875 0.6875 0.7527006177884614 0.689453125 0.7503858028846154 0.716796875 0.8603395072115384 0.71875
10 0.8240740745192308 0.6278211802884616 0.7731481490384616 0.621310764423077 0.7511574062499999 0.677951389423077 0.7997685192307693 0.685112846153846 0.8240740745192308 0.6278211802884616
10 0.8919753076923077 0.671657985576923 0.9174382716346153 0.613064235576923 0.8676697524038463 0.6065538197115384 0.8375771610576923 0.663845485576923 0.8919753076923077 0.671657985576923
10 0.8939043221153846 0.431857639423077 0.9471450625 0.435763889423077 0.9633487644230769 0.375217014423077 0.9135802475961537 0.37261284615384616 0.8939043221153846 0.431857639423077
10 0.0879629639423077 0.46875 0.1419753076923077 0.4756944447115385 0.15740740625 0.4149305552884615 0.10648148076923077 0.41059027884615384 0.0879629639423077 0.46875
10 0.48919753125 0.421875 0.49074074038461535 0.3914930552884615 0.3811728389423077 0.38628472115384616 0.37654320913461536 0.41840277884615384 0.48919753125 0.421875