10 0.1837335264423077 0.3438427307692308 0.3126467596153846 0.34813594711538465 0.311721 0.31065792548076926 0.18836238701923075 0.30376208413461536 0.1837335264423077 0.3438427307692308
10 0.31241587740384613 0.3469659014423077 0.4373951274038462 0.3516506706730769 0.4383208846153846 0.3157342163461539 0.31319629567307694 0.31146321634615387 0.31241587740384613 0.3469659014423077
10 0.43554361057692303 0.35113013221153844 0.5568197572115385 0.35477383173076926 0.5586712740384615 0.3193779206730769 0.4361131298076923 0.31614950240384615 0.43554361057692303 0.35113013221153844
10 0.6697639399038462 0.3584175216346154 0.6706896274038462 0.3235421418269231 0.5578724879807692 0.3190146947115385 0.5503393100961539 0.35373277163461536 0.6697639399038462 0.3584175216346154
10 0.6651351490384615 0.38808763221153847 0.7336422355769231 0.3906902740384615 0.7419741298076924 0.3193779158653846 0.6743081754807693 0.31927418990384615 0.6651351490384615 0.38808763221153847
10 0.7336422355769231 0.38912865384615386 0.85676996875 0.38652601442307694 0.860473 0.34956853125000004 0.7407429278846155 0.3532588581730769 0.7336422355769231 0.38912865384615386
10 0.1420737764423077 0.37143072355769235 0.2670530264423077 0.3828823341346154 0.2753849182692308 0.3464453725961538 0.1506967283653846 0.3373743725961538 0.1420737764423077 0.37143072355769235
10 0.26983037019230766 0.38080024278846153 0.39295803365384613 0.38652603365384613 0.3994384807692307 0.3506096009615384 0.2752335 0.34583791346153847 0.26983037019230766 0.38080024278846153
10 0.5188630408653846 0.38652603365384613 0.5207146274038462 0.35113013221153844 0.39861279567307695 0.3501357091346154 0.3920322740384616 0.3854849831730769 0.5188630408653846 0.38652603365384613
10 0.897503889423077 0.43805830528846157 0.9632337740384614 0.4417020048076923 0.9798975600961538 0.3735128221153846 0.9180578389423076 0.36836333894230766 0.897503889423077 0.43805830528846157
10 0.12355826201923076 0.4063061033653846 0.24668592307692305 0.4151550841346153 0.25964675 0.37819758173076923 0.13009420673076924 0.3691464278846154 0.12355826201923076 0.4063061033653846
10 0.38092296634615386 0.4187987644230769 0.38092296634615386 0.3834028629807692 0.25594371634615387 0.37819758173076923 0.2531663725961538 0.4172371850961539 0.38092296634615386 0.4187987644230769
10 0.502199110576923 0.42192193509615383 0.5049764567307693 0.3870465625 0.38194656009615385 0.3842493725961538 0.3790714495192308 0.4193192932692308 0.502199110576923 0.42192193509615383
10 0.6308814639423077 0.4271272139423077 0.6345846370192307 0.3912108028846154 0.5021991826923077 0.3880876129807692 0.5087989158653846 0.3907582620192308 0.5049764567307693 0.4255656346153846 0.6308814639423077 0.4271272139423077
10 0.770672983173077 0.42348352403846157 0.7632669182692309 0.3860055120192308 0.638196826923077 0.3897172115384615 0.6373618413461538 0.4276477451923077 0.770672983173077 0.42348352403846157
10 0.8873204807692308 0.420880875 0.8836173052884615 0.38496443269230773 0.7586380576923077 0.38704654326923077 0.7614154014423077 0.4245245745192308 0.8873204807692308 0.420880875
10 0.8873203389423078 0.45471521634615386 0.8873203389423078 0.41983983413461534 0.763660125 0.4216167379807692 0.7632669182692309 0.4604410360576923 0.8873203389423078 0.45471521634615386
10 0.6401391850961539 0.46252313701923076 0.7623410889423077 0.45835891586538463 0.7641926057692309 0.4240040745192308 0.6347246033653846 0.42877972115384616 0.6401391850961539 0.46252313701923076
10 0.4512816394230769 0.45731785576923073 0.5753351298076923 0.46044101682692307 0.5799639927884616 0.42452459374999996 0.4568363293269231 0.42036035336538463 0.4512816394230769 0.45731785576923073
10 0.2939003629807692 0.44950991586538463 0.4198054399038461 0.45575625480769233 0.42350847355769233 0.4182782355769231 0.29760346634615387 0.41307295432692304 0.2939003629807692 0.44950991586538463
10 0.16429232451923076 0.4427430745192308 0.28834581490384614 0.45003045673076925 0.2957519495192308 0.4115113942307692 0.16892118509615386 0.4068266346153846 0.16429232451923076 0.4427430745192308
10 0.1075738125 0.40185050961538465 0.08558470673076922 0.4687679302884616 0.14855415384615384 0.4776184375 0.17354997596153846 0.41047031490384617 0.1075738125 0.40185050961538465
10 0.28975620432692306 0.48438392067307695 0.29160772115384614 0.4496820528846154 0.16605167307692306 0.4450563701923077 0.16508551682692307 0.4788316129807692 0.28975620432692306 0.48438392067307695
10 0.41041517788461535 0.48889513942307694 0.41473543028846155 0.4538462451923077 0.2919774326923077 0.4493966274038461 0.2882132259615385 0.48403687259615386 0.41041517788461535 0.48889513942307694
10 0.5338514254807692 0.49305936057692307 0.5418748052884615 0.4566223990384615 0.41843850961538465 0.4531522115384616 0.4128838653846154 0.48820110576923076 0.5338514254807692 0.49305936057692307
10 0.5400200216346154 0.45789974038461534 0.5381717716346154 0.4939269278846154 0.6622251923076923 0.49566201923076925 0.6653659591346154 0.46109053125 0.5400200216346154 0.45789974038461534
10 0.7912162475961538 0.49375340625 0.7875131225961538 0.45905153846153846 0.6638910841346154 0.46102735817307694 0.6603736995192308 0.4968765793269231 0.7912162475961538 0.49375340625
10 0.07569076201923076 0.5057256057692308 0.19696694471153847 0.5122322067307692 0.20503008653846155 0.47711165625 0.08148444711538462 0.4712948557692308 0.07569076201923076 0.5057256057692308
10 0.32379767307692303 0.5163964471153846 0.32703786298076926 0.4823018557692308 0.20483592307692305 0.4768363149038462 0.20440044230769233 0.4760471658653846 0.20113285576923076 0.5122322163461539 0.32379767307692303 0.5163964471153846
10 0.4422965456730769 0.522382516826923 0.4446109759615385 0.4864660841346154 0.3259282211538462 0.4826220817307692 0.32194612259615385 0.517697766826923 0.4422965456730769 0.522382516826923
10 0.5603324326923077 0.5252454350961538 0.5640355360576923 0.491931625 0.4437521274038462 0.4870488509615385 0.4422964759615385 0.5234235673076924 0.5603324326923077 0.5252454350961538
10 0.6839231490384615 0.5262864663461538 0.6862375817307692 0.49167135576923077 0.5631098485576923 0.4903700360576923 0.5598696586538462 0.52524540625 0.6839231490384615 0.5262864663461538
10 0.06087833413461538 0.5374778269230769 0.182617375 0.5416420480769231 0.18817203125 0.51119115625 0.06354379326923078 0.5046285024038462 0.06087833413461538 0.5374778269230769
10 0.1807658605769231 0.5432036466346154 0.3015791274038462 0.5494499663461538 0.30620798798076926 0.5166567067307692 0.1881967403846154 0.5108778966346154 0.1807658605769231 0.5432036466346154
10 0.41868929086538464 0.5512718076923077 0.4214666346153846 0.5189990961538462 0.29833890384615386 0.515355375 0.30312789663461537 0.5162812283653846 0.29833890384615386 0.5491897067307693 0.41868929086538464 0.5512718076923077
10 0.5436685745192308 0.5562168485576924 0.5469087644230769 0.5247248966346154 0.43032653605769233 0.5212930360576923 0.42655841105769227 0.5549155264423077 0.5436685745192308 0.5562168485576924
10 0.6700365673076922 0.5609016274038462 0.6709623245192307 0.5273275961538462 0.5502336802884615 0.52461278125 0.5478345913461539 0.5606413677884615 0.6700365673076922 0.5609016274038462
10 0.5291856033653846 0.5558302043269231 0.5242273725961538 0.5897908701923077 0.646850514423077 0.5938251754807692 0.6496278581730769 0.5594703149038461 0.5291856033653846 0.5558302043269231
10 0.40989451923076925 0.5845856081730769 0.5279304759615384 0.5874485096153846 0.53024490625 0.5543949879807692 0.4091461490384616 0.5507864375 0.40989451923076925 0.5845856081730769
10 0.2890811802884615 0.5822432475961539 0.409894483173077 0.5853664086538461 0.41452334375 0.5536142067307692 0.29328916346153844 0.5489623076923077 0.2890811802884615 0.5822432475961539
10 0.16641636298076923 0.5772982283653846 0.28537807692307693 0.5835445673076923 0.2918584903846154 0.5481486682692307 0.17268714423076922 0.5442760408653846 0.16641636298076923 0.5772982283653846
10 0.043153317307692306 0.5731339879807693 0.1625779471153846 0.5778187475961538 0.17229854807692307 0.54346390625 0.04965767067307692 0.5384811418269231 0.043153317307692306 0.5731339879807693
10 0.036673649038461535 0.6054323197115384 0.1584126923076923 0.6090760192307692 0.16581889663461538 0.5765430192307692 0.039929725961538466 0.5709687475961538 0.036673649038461535 0.6054323197115384
10 0.2810774735576923 0.6153223293269231 0.28385478365384614 0.5825290745192307 0.16076332451923078 0.5754599951923077 0.15656110336538462 0.6116786298076924 0.2810774735576923 0.6153223293269231
10 0.39587331490384614 0.6174044206730769 0.4005021754807692 0.5833098341346153 0.2837956346153846 0.5796272499999999 0.27830023557692307 0.6145415096153847 0.39587331490384614 0.6174044206730769
10 0.5190009759615385 0.6215686899038461 0.5185381322115384 0.5885151586538462 0.4004621322115384 0.584313576923077 0.3963361586538462 0.6187057908653847 0.5190009759615385 0.6215686899038461
10 0.15193998557692306 0.6410885 0.15703176201923078 0.6077747091346154 0.033147591346153846 0.6043023942307693 0.02927516826923077 0.638485860576923 0.15193998557692306 0.6410885
10 0.27414181971153845 0.6447321706730769 0.27460473317307693 0.6114183798076923 0.15749453605769229 0.6075144206730769 0.15101415865384615 0.6421295312499999 0.27414181971153845 0.6447321706730769
10 0.03390399278846154 0.6723201418269231 0.1528657451923077 0.6759638317307692 0.15471725961538463 0.6408281899038462 0.03436687259615385 0.6392666105769231 0.03390399278846154 0.6723201418269231
10 0.05704822836538462 0.7045928822115385 0.17693573798076923 0.7082365841346154 0.18017592548076924 0.6762241033653846 0.05704822836538462 0.6707585528846154 0.05704822836538462 0.7045928822115385
10 0.2721668341346154 0.6809088725961538 0.2749441081730769 0.6468142812500001 0.15366796153846154 0.6426500600961538 0.15580350480769228 0.6429733293269231 0.15320508173076924 0.6762241129807692 0.2721668341346154 0.6809088725961538
10 0.2471709423076923 0.6822101826923077 0.2434678389423077 0.7155239639423077 0.36150379567307694 0.7186471442307693 0.3665955721153846 0.6863744014423077 0.24816444711538463 0.6824273557692307 0.2471709423076923 0.6822101826923077
10 0.2664817644230769 0.645796954326923 0.38544351442307695 0.6502214326923077 0.38914661778846155 0.616907641826923 0.2741688870192308 0.6143367163461538 0.2664817644230769 0.645796954326923
10 0.271110625 0.64371484375 0.26694464182692307 0.6793710144230769 0.3877579447115385 0.6827544447115385 0.39284964903846153 0.6494406538461538 0.27254818028846156 0.64539171875 0.271110625 0.64371484375
10 0.38544344471153846 0.7272595865384616 0.5020908004807693 0.7293417067307693 0.5053309879807693 0.6952471153846154 0.3892154471153846 0.6942183149038462 0.38544344471153846 0.7272595865384616
10 0.3873703822115384 0.649937451923077 0.5049434615384615 0.6528003509615385 0.5081836490384615 0.619746829326923 0.3901643317307692 0.6159551009615385 0.3873703822115384 0.649937451923077
10 0.38968481490384616 0.6832512620192308 0.5054063413461539 0.6832512620192308 0.5109609591346154 0.6514990504807692 0.39074303605769234 0.6484427067307692 0.38968481490384616 0.6832512620192308
10 0.5216073894230769 0.7287974230769231 0.6401062259615385 0.7285371634615385 0.6442722091346155 0.6983465432692307 0.5277804086538461 0.6974013125 0.5216073894230769 0.7287974230769231
10 0.6234422980769231 0.6884565432692308 0.6271454014423077 0.6543619519230769 0.5100352019230769 0.6525401105769231 0.5026645 0.6849010408653846 0.6234422980769231 0.6884565432692308
10 0.5044805480769231 0.6543619110576924 0.6243680552884616 0.6574850817307692 0.6303855889423077 0.62391103125 0.5079882379807692 0.6210973894230769 0.5044805480769231 0.6543619110576924
10 0.641957670673077 0.7207292836538461 0.7539761298076922 0.7215100841346154 0.7567534759615384 0.6892373413461539 0.6403959110576923 0.6912149302884616 0.641957670673077 0.7207292836538461
10 0.8673833677884615 0.7183868846153847 0.8673833677884615 0.6879359831730769 0.7545168557692308 0.689066766826923 0.7525875985576923 0.7199484639423077 0.8673833677884615 0.7183868846153847
10 0.6243679855769231 0.6921002019230769 0.7465699254807692 0.6913194038461538 0.7456441658653846 0.6582658725961538 0.6266231947115385 0.6595088485576923 0.6243679855769231 0.6921002019230769
10 0.742866891826923 0.657745391826923 0.7461071514423078 0.6254726490384616 0.6280711586538461 0.6254726490384616 0.6268549158653846 0.626305764423077 0.6211278677884615 0.6582659110576923 0.742866891826923 0.657745391826923
10 0.7544390456730768 0.6252123701923077 0.7535132860576923 0.5911177932692308 0.6345515360576923 0.5924191129807692 0.6345515360576923 0.6257328990384615 0.7544390456730768 0.6252123701923077
10 0.7808235384615384 0.5911177596153846 0.77989778125 0.5575437019230769 0.6586215985576923 0.5611873990384615 0.6586215985576923 0.593980673076923 0.7808235384615384 0.5911177596153846
10 0.9016368413461537 0.5874740937499999 0.8997852548076923 0.5546808173076923 0.7803606947115385 0.5580642548076923 0.7812864543269231 0.5898164591346153 0.9016368413461537 0.5874740937499999
10 0.8678462115384615 0.621308389423077 0.869697798076923 0.5879945985576923 0.7507360120192307 0.5911177692307692 0.7527807451923076 0.6225299951923078 0.8678462115384615 0.621308389423077
10 0.7488844254807692 0.6845525625 0.8067451899038461 0.6910591634615385 0.8372956298076922 0.626253420673077 0.7756971730769231 0.6181032259615384 0.7488844254807692 0.6845525625
10 0.8368327163461539 0.6671148725961539 0.8919162043269231 0.6770049110576923 0.9303357668269231 0.6124594302884615 0.8747716802884615 0.6039093028846154 0.8368327163461539 0.6671148725961539
10 0.8034068173076924 0.49641373317307697 0.932552014423077 0.4940713533653846 0.932552014423077 0.46023703125000004 0.8064838725961538 0.4622432427884616 0.8034068173076924 0.49641373317307697
10 0.6853708245192307 0.5276454134615385 0.8057212475961539 0.5258235745192308 0.8057212475961539 0.4912084639423077 0.6830563942307692 0.4935508341346154 0.6853708245192307 0.5276454134615385
10 0.9260717067307692 0.5187964350961539 0.9228314471153846 0.4919892331730769 0.8062530625 0.4959684158653846 0.8038697307692307 0.5216593341346154 0.9260717067307692 0.5187964350961539
10 0.8020181442307692 0.5578360552884616 0.8043325745192308 0.5260838341346153 0.6849560961538461 0.5288445120192308 0.6812048774038462 0.5604386947115384 0.8020181442307692 0.5578360552884616
10 0.9256089326923077 0.5560141947115385 0.9279233629807693 0.5227004134615385 0.8034750913461538 0.5236361802884615 0.8020182860576923 0.5570552548076922 0.9256089326923077 0.5560141947115385
10 0.6385184807692308 0.3929013581730769 0.6440731706730769 0.3564643966346154 0.5200196778846153 0.35230016586538465 0.5181681634615385 0.39081923798076923 0.6385184807692308 0.3929013581730769
10 0.6283350697115384 0.625056858173077 0.6320381033653846 0.5912225360576924 0.5190939206730769 0.5875788557692307 0.5098361995192308 0.6229747379807692 0.6283350697115384 0.625056858173077