10 0.44904745913461536 0.3147943798076923 0.44717650721153845 0.32583792548076923 0.4443701057692308 0.3508173725961538 0.47336975721153846 0.35265796875 0.5351109903846154 0.3547615 0.5636429158653846 0.3547615 0.56644934375 0.3513432572115385 0.5673848197115384 0.3463473701923077 0.5687880216346154 0.33609264663461536 0.5687880216346154 0.32951910817307695 0.5706589735576924 0.31926438461538464 0.56598159375 0.31873850240384616 0.5594332860576923 0.31847556009615385 0.5393206177884615 0.31716085336538463 0.5145305697115384 0.31637202884615384 0.4822567644230769 0.3147943798076923 0.4607408701923077 0.3147943798076923 0.44904745913461536 0.3147943798076923
10 0.3208876418269231 0.34687325240384614 0.3265004831730769 0.3473991370192308 0.3887094543269231 0.3505544375 0.4434346298076923 0.3513432572115385 0.4476442596153846 0.31505731971153844 0.41069307451923076 0.3137426105769231 0.3681290336538462 0.3121649639423077 0.3410003100961539 0.3113761370192308 0.3257254230769231 0.31177415384615387 0.3208876418269231 0.34687325240384614
10 0.5706589735576924 0.3200532091346154 0.5641106658653846 0.35449855769230765 0.6305292283653846 0.35817973798076924 0.6791738725961539 0.35949444951923076 0.6838512283653846 0.32583792548076923 0.6520451490384616 0.3242602764423077 0.6118198100961538 0.3216308605769231 0.5804814302884616 0.32057909375000004 0.5706589735576924 0.3200532091346154
10 0.6918027596153846 0.32057909375000004 0.6829157259615385 0.38868096634615384 0.74278603125 0.3902586129807692 0.7526085168269231 0.3218938028846154 0.697415564903846 0.3197902692307692 0.6918027596153846 0.32057909375000004
10 0.4074188966346154 0.3508173725961538 0.40554796875 0.38499977884615383 0.5271594567307692 0.38894390865384615 0.5299658846153846 0.35449855769230765 0.41162852403846156 0.3510803149038461 0.4074188966346154 0.3508173725961538
10 0.2918879759615385 0.34687325240384614 0.28852181009615385 0.34687325240384614 0.28300098076923075 0.37842624278846154 0.40320926682692304 0.38499977884615383 0.4083543725961538 0.3508173725961538 0.2918879759615385 0.34687325240384614
10 0.5294981586538461 0.3881550817307692 0.6506419206730769 0.39209920192307696 0.6548515504807693 0.35975739182692307 0.5337077884615384 0.3560762043269231 0.5294981586538461 0.3881550817307692
10 0.26663020192307696 0.4136604182692307 0.38777397836538463 0.41891925240384614 0.3924513317307692 0.3852627211538462 0.2717753076923077 0.37947800480769234 0.2714324951923077 0.37995597115384616 0.26663020192307696 0.4136604182692307
10 0.39011265384615385 0.41813041826923075 0.5103209423076923 0.4210227764423077 0.515466045673077 0.3894697860576923 0.3952577596153847 0.38499977884615383 0.39011265384615385 0.41813041826923075
10 0.5192079495192308 0.4210227764423077 0.6384807596153846 0.4252298389423077 0.6440936153846154 0.39236214423076926 0.5248207788461539 0.3881550817307692 0.5235368725961538 0.38895218509615387 0.5192079495192308 0.4210227764423077
10 0.6539161009615384 0.4260186730769231 0.7741243870192308 0.4239151346153846 0.7741243870192308 0.3905215552884615 0.6548515504807693 0.3928880288461538 0.6539161009615384 0.4260186730769231
10 0.46541825 0.45389047836538465 0.5832878581730769 0.4573087211538462 0.5884329639423077 0.42470395432692304 0.46916012740384616 0.42128572596153846 0.46541825 0.45389047836538465
10 0.6492386947115385 0.4593081081730769 0.7657051274038462 0.4586234254807692 0.76944703125 0.4260186730769231 0.6539161009615384 0.42707042788461536 0.6476951201923077 0.4270677139423077 0.6492386947115385 0.4593081081730769
10 0.30264591105769234 0.4492775168269231 0.42191873317307693 0.4540104663461539 0.4279993149038462 0.42009100721153847 0.30510252884615385 0.4164143052884616 0.30264591105769234 0.4492775168269231
10 0.549143076923077 0.4918740673076923 0.6665449879807692 0.49345170673076927 0.6702868389423077 0.4616357740384615 0.5533527067307692 0.45953224759615385 0.549143076923077 0.4918740673076923
10 0.4242574110576923 0.48582639903846153 0.5430625216346153 0.4916111153846154 0.549610826923077 0.45926929807692307 0.43174121875 0.45374753125 0.4242574110576923 0.48582639903846153
10 0.29843628125 0.4818822860576923 0.41770910576923076 0.4863522836538462 0.42191873317307693 0.4547993004807692 0.30217818509615385 0.45006635096153846 0.29843628125 0.4818822860576923
10 0.19449081250000003 0.3382971778846154 0.3190167019230769 0.3467113076923077 0.32462953125 0.3117400769230769 0.2011470841346154 0.30437771394230767 0.19449081250000003 0.3382971778846154
10 0.27587697596153843 0.38036782932692303 0.2838284831730769 0.34697425 0.16500774759615386 0.33710559375 0.15660414663461536 0.3706389927884616 0.27587697596153843 0.38036782932692303
10 0.13415278846153847 0.4040325721153846 0.25623203125 0.4124466995192308 0.26184487500000003 0.3795790024038462 0.14537846634615387 0.3709019350961539 0.13415278846153847 0.4040325721153846
10 0.17765228365384617 0.4434928076923077 0.30066699759615384 0.45006635096153846 0.3067475793269231 0.4161468870192308 0.1860515192307692 0.4095487740384615 0.17765228365384617 0.4434928076923077
10 0.15894282932692308 0.47583461778846153 0.18186191346153846 0.4103621682692308 0.12433032211538463 0.4035256899038462 0.10047575721153847 0.46768343990384614 0.15894282932692308 0.47583461778846153
10 0.17765228365384617 0.47662345192307687 0.29739284615384615 0.48214522115384617 0.3053443774038462 0.44954046634615386 0.1799909735576923 0.4445445769230769 0.17765228365384617 0.47662345192307687
10 0.21413574278846154 0.5105714134615384 0.3324731033653846 0.5160931875 0.33715045673076927 0.4850660745192308 0.21834537259615386 0.4800701923076923 0.21413574278846154 0.5105714134615384
10 0.3380859326923077 0.48480313942307696 0.3324731033653846 0.5155673028846154 0.44847175961538466 0.5216149639423077 0.4550200649038461 0.48953608894230766 0.3436987620192308 0.4855919591346154 0.3380859326923077 0.48480313942307696
10 0.20935808653846152 0.5119648701923076 0.21450320432692307 0.48063099759615385 0.09562006730769232 0.47392969711538463 0.08759067788461539 0.5052160288461539 0.20935808653846152 0.5119648701923076
10 0.5686577211538462 0.5244984158653846 0.5720878004807692 0.49171836057692303 0.4582743870192308 0.48955469711538463 0.45032039182692307 0.5225701730769231 0.5686577211538462 0.5244984158653846
10 0.6912826730769231 0.5288369519230769 0.6938552548076923 0.4941286658653846 0.5772329182692307 0.49364660576923075 0.5738028389423077 0.5264266610576923 0.6912826730769231 0.5288369519230769
10 0.8156226177884616 0.5259446009615385 0.8147651201923077 0.49316454326923076 0.6964277427884615 0.4965389567307692 0.6947127524038461 0.5283548918269231 0.8156226177884616 0.5259446009615385
10 0.7976148221153847 0.49268248317307695 0.7984723197115385 0.4603845 0.6735521658653846 0.4600408100961539 0.6732747860576923 0.4941286658653846 0.7976148221153847 0.49268248317307695
10 0.8130501298076923 0.4984672019230769 0.9416776466346154 0.4999133846153846 0.9459652211538461 0.46231273076923074 0.8216252788461538 0.46231273076923074 0.8130501298076923 0.4984672019230769
10 0.9348174903846154 0.522088125 0.9373900721153846 0.4955748485576923 0.8193855 0.4960651153846154 0.8181951995192308 0.5254625384615385 0.9348174903846154 0.522088125
10 0.19220776442307694 0.5437808052884615 0.19992541826923077 0.5114828100961538 0.0790155048076923 0.5042519206730769 0.0730128798076923 0.5370319639423077 0.19220776442307694 0.5437808052884615
10 0.19478030048076922 0.5110007475961539 0.1887776875 0.5432987427884616 0.3088300552884615 0.5490834495192307 0.3139751730769231 0.5158213461538461 0.19478030048076922 0.5110007475961539
10 0.4305975120192308 0.5539040456730769 0.43574258173076924 0.5196778197115385 0.31654770913461533 0.51630340625 0.3105450961538461 0.5495655096153846 0.4305975120192308 0.5539040456730769
10 0.5557949975961539 0.5563143389423076 0.5592250288461538 0.523534295673077 0.4374576201923077 0.5211240024038462 0.43574258173076924 0.5548681682692307 0.5557949975961539 0.5563143389423076
10 0.6767048629807693 0.5611349471153846 0.6792774447115384 0.5278728317307693 0.5617976129807692 0.5240163557692308 0.5592250288461538 0.5601708269230768 0.6767048629807693 0.5611349471153846
10 0.8130501298076923 0.5582425817307692 0.8113350432692308 0.5249804783653846 0.6921401682692309 0.5264266610576923 0.6912826730769231 0.5620990697115384 0.8130501298076923 0.5582425817307692
10 0.9373900721153846 0.5553502427884616 0.9382475697115384 0.5230522331730769 0.8190526947115385 0.5240163557692308 0.8164801129807693 0.5567964110576923 0.9373900721153846 0.5553502427884616
10 0.17762995432692305 0.5775249687499999 0.18277507211538463 0.5437808052884615 0.06015013221153846 0.5370319639423077 0.05328998798076923 0.5727043846153846 0.17762995432692305 0.5775249687499999
10 0.29510978846153846 0.5804173365384615 0.3019699471153846 0.5495655096153846 0.18020251442307694 0.5432987427884616 0.17419989903846153 0.5780070168269231 0.29510978846153846 0.5804173365384615
10 0.30446980528846157 0.5491570432692308 0.30025490625 0.5813814567307692 0.41773474038461533 0.584273798076923 0.42116481971153846 0.5543861201923077 0.30446980528846157 0.5491570432692308
10 0.16819728605769232 0.6088762620192308 0.1733423798076923 0.5756141442307693 0.05328998798076923 0.5698294375 0.04557233413461538 0.6055018485576923 0.16819728605769232 0.6088762620192308
10 0.28910717548076925 0.6151430408653846 0.2925372548076923 0.5823629855769231 0.17248486057692308 0.576578266826923 0.1707698221153846 0.6112865528846154 0.28910717548076925 0.6151430408653846
10 0.4074445528846154 0.618999502403846 0.4117321274038461 0.5838091538461538 0.2946941418269231 0.5811345600961538 0.28910717548076925 0.6156250889423076 0.4074445528846154 0.618999502403846
10 0.16133712980769233 0.6407096009615384 0.1673397668269231 0.6084116201923077 0.04557233413461538 0.6026269014423077 0.041284759615384616 0.6397454783653846 0.16133712980769233 0.6407096009615384
10 0.16133712980769233 0.674453766826923 0.1647672091346154 0.6402275528846153 0.04700895673076923 0.6362560865384614 0.042999788461538464 0.672525548076923 0.16133712980769233 0.674453766826923
10 0.18449011298076926 0.7072338365384615 0.18449011298076926 0.67397171875 0.06872530528846153 0.6705973052884615 0.06701026682692307 0.7033773485576924 0.18449011298076926 0.7072338365384615
10 0.15876459375 0.6426378461538461 0.2788169879807692 0.6464943341346154 0.2839620576923077 0.613714264423077 0.16648224759615385 0.6084116201923077 0.15876459375 0.6426378461538461
10 0.2788169879807692 0.6783102548076924 0.2831045625 0.6479405024038462 0.1658361153846154 0.641030391826923 0.16219464903846154 0.674453766826923 0.2788169879807692 0.6783102548076924
10 0.2796744831730769 0.6797564254807693 0.39801186057692306 0.6865052524038462 0.40229943509615385 0.650350795673077 0.2846632764423077 0.6462387259615384 0.2796744831730769 0.6797564254807693
10 0.4005843966346154 0.6826487908653847 0.5120616153846154 0.6850590817307692 0.5197792692307692 0.6527610865384615 0.40040401682692306 0.6501449759615384 0.4005843966346154 0.6826487908653847
10 0.41773474038461533 0.5857548173076923 0.5352145745192307 0.5905754158653846 0.5403596923076923 0.5573132980769231 0.41969414182692305 0.5524887259615384 0.41773474038461533 0.5857548173076923
10 0.4057295120192308 0.6170886923076923 0.5206367644230769 0.6214272259615385 0.5274969206730769 0.5900933533653846 0.40915954567307694 0.5847906971153847 0.4057295120192308 0.6170886923076923
10 0.39886935576923077 0.6493866730769231 0.517206733173077 0.6517969639423077 0.5214943076923076 0.6204631057692308 0.40117562259615386 0.617592891826923 0.39886935576923077 0.6493866730769231
10 0.5334995360576923 0.5896112932692308 0.6552669447115385 0.594913951923077 0.6621271009615385 0.5616518341346154 0.5386446538461539 0.558277420673077 0.5334995360576923 0.5896112932692308
10 0.5214943076923076 0.6214272259615385 0.6424042211538462 0.6257657620192307 0.6432617163461539 0.5920215841346154 0.5326420384615385 0.588165110576923 0.5214943076923076 0.6214272259615385
10 0.5120616153846154 0.6532431610576922 0.6338290240384615 0.6575816971153846 0.6346865673076922 0.6233554591346154 0.5207743870192307 0.6188949759615384 0.5120616153846154 0.6532431610576922
10 0.5120616153846154 0.6860232043269231 0.6295414495192309 0.6893976177884615 0.6355440625 0.6566175745192309 0.5161447572115384 0.653183170673077 0.5120616153846154 0.6860232043269231
10 0.6689281634615385 0.5607337836538462 0.6681297139423077 0.5939498293269231 0.7881820841346154 0.5929857067307692 0.7898971706730769 0.5606877259615385 0.6689281634615385 0.5607337836538462
10 0.7907546658653846 0.5896112932692308 0.9125220264423077 0.5886471706730769 0.9142371129807692 0.5563491754807692 0.7933271538461538 0.5587594807692308 0.7907546658653846 0.5896112932692308
10 0.6424042211538462 0.6267298846153846 0.7633141322115384 0.6267298846153846 0.7658866201923077 0.5939498293269231 0.6458342524038462 0.5920215841346154 0.6424042211538462 0.6267298846153846
10 0.7641716298076923 0.6233554591346154 0.8773638413461539 0.6243195793269231 0.8790789278846154 0.5905754158653846 0.7667442115384616 0.5920215841346154 0.7641716298076923 0.6233554591346154
10 0.6364015600961538 0.6580811634615386 0.7564539759615384 0.6600094086538462 0.7564539759615384 0.6257831826923077 0.6342003149038462 0.6262734471153847 0.6364015600961538 0.6580811634615386
10 0.6355440625 0.691825329326923 0.754738889423077 0.6923074038461539 0.7573114711538461 0.6609735288461539 0.6364015600961538 0.6585632259615385 0.6355440625 0.691825329326923
10 0.7607415504807692 0.7212309591346154 0.7615990456730769 0.6908612067307692 0.6518368653846154 0.6923074038461539 0.6501218725961538 0.7212309591346154 0.7607415504807692 0.7212309591346154
10 0.7607415504807692 0.7226771538461538 0.8756488485576923 0.7231592019230769 0.8807939182692308 0.6874867932692308 0.7669163629807693 0.6896415048076924 0.7607415504807692 0.7226771538461538
10 0.24966139182692307 0.715928326923077 0.3679987451923077 0.7207489110576923 0.3722863197115384 0.6865226706730769 0.2556640048076923 0.6821841490384616 0.24966139182692307 0.715928326923077
10 0.3962968221153846 0.7255694951923076 0.5120616153846154 0.7299080288461539 0.5214943076923076 0.6966459399038462 0.3997268990384616 0.6947176947115385 0.3962968221153846 0.7255694951923076
10 0.5300694567307692 0.7303901033653847 0.6501218725961538 0.7337645168269231 0.6518368653846154 0.7014665216346153 0.5334995360576923 0.7005024014423077 0.5300694567307692 0.7303901033653847
10 0.8156226177884616 0.6898971105769232 0.8439207403846154 0.6272293509615385 0.7856095024038462 0.6219266947115384 0.7598840552884615 0.6841123798076924 0.8156226177884616 0.6898971105769232
10 0.91166453125 0.6730250168269231 0.9408201514423078 0.6122855144230769 0.8826571033653846 0.60413803125 0.8482083149038462 0.6672402956730769 0.91166453125 0.6730250168269231
10 0.7444487475961539 0.39045102644230767 0.8687886923076923 0.38659455288461536 0.8670736995192307 0.3523683197115384 0.7495938197115385 0.3542965576923077 0.7444487475961539 0.39045102644230767
10 0.9108070360576923 0.4357646177884615 0.9759783365384614 0.44347757932692305 0.9931286346153846 0.37550717548076923 0.9313874110576923 0.3711686394230769 0.9108070360576923 0.4357646177884615
10 0.7736042740384614 0.42323106971153845 0.8970867211538462 0.4213028389423077 0.8970867211538462 0.38804072355769226 0.7738608076923076 0.3897283100961539 0.7736042740384614 0.42323106971153845
10 0.7804644302884616 0.45649318749999995 0.9005168004807692 0.45504700480769233 0.9005168004807692 0.42033871875 0.7753193605769231 0.42323106971153845 0.7804644302884616 0.45649318749999995