10 0.19688151923076921 0.3410611081730769 0.3255638701923077 0.3483484495192308 0.3283411875 0.31087069230769226 0.20342401682692307 0.30361090865384616 0.19688151923076921 0.3410611081730769
10 0.3234808822115385 0.3505606778846154 0.4484601442307692 0.3542043485576923 0.45216323317307694 0.3177676418269231 0.3281927283653846 0.31363656250000005 0.3234808822115385 0.3505606778846154
10 0.4466085985576923 0.3536838245192308 0.5688105432692308 0.35836854326923073 0.5725136322115385 0.3198497379807692 0.451340875 0.31571989663461536 0.4466085985576923 0.3536838245192308
10 0.5651074543269231 0.3590191995192308 0.6863836274038462 0.3642244423076923 0.6882351706730769 0.3277877355769231 0.5717112451923076 0.3226205528846154 0.5651074543269231 0.3590191995192308
10 0.6826805384615385 0.3925930240384616 0.7502619158653846 0.39207249759615387 0.7567423221153846 0.32232222836538466 0.6976371730769231 0.3202775745192307 0.6826805384615385 0.3925930240384616
10 0.7514191322115384 0.3568069711538462 0.7514191322115384 0.3937642019230769 0.876398391826923 0.39012053125 0.873621076923077 0.3542043485576923 0.7625283990384616 0.3562864471153846 0.7514191322115384 0.3568069711538462
10 0.15406455048076922 0.3721624399038461 0.28089535576923075 0.3841345024038461 0.2901530793269231 0.34873884374999997 0.1642480456730769 0.33676678125 0.15406455048076922 0.3721624399038461
10 0.2864499903846154 0.3816620120192308 0.39661689423076923 0.3884288269230769 0.40865193509615383 0.3868672548076923 0.41142925 0.35355369230769235 0.2893038389423077 0.3489234086538462 0.2864499903846154 0.3816620120192308
10 0.40980914903846155 0.38725764903846155 0.53201109375 0.39090131971153846 0.5357141826923077 0.3565467091346154 0.4126832764423077 0.35296025240384615 0.40980914903846155 0.38725764903846155
10 0.5329368653846154 0.39103144951923074 0.6560645841346153 0.39623669471153844 0.6616192163461538 0.36188208413461537 0.5386092019230769 0.3567359086538462 0.5329368653846154 0.39103144951923074
10 0.13462333173076924 0.4066471826923077 0.2605283653846154 0.41601662019230773 0.2679345432692308 0.3821825360576923 0.14300754326923076 0.3723609086538462 0.13462333173076924 0.4066471826923077
10 0.9134577043269231 0.4403758509615385 0.9764102211538461 0.44662214423076924 0.997702985576923 0.37739239903846156 0.9376832764423076 0.37223108653846154 0.9134577043269231 0.4403758509615385
10 0.6558615600961539 0.42788326682692307 0.7789892764423076 0.42788326682692307 0.7762119591346154 0.39248760576923075 0.6549357884615384 0.3930081322115385 0.6558615600961539 0.42788326682692307
10 0.5218560192307693 0.42306841586538463 0.6440579639423076 0.4298352331730769 0.651464141826923 0.39443957451923073 0.5274980913461539 0.38980959615384614 0.5218560192307693 0.42306841586538463
10 0.26981450721153843 0.3825976442307692 0.2707402788461538 0.4159112043269231 0.3947937692307692 0.42059592548076924 0.3957195408653846 0.38624131490384617 0.2837482836538462 0.38108525240384616 0.26981450721153843 0.3825976442307692
10 0.3929422235576923 0.4200753990384615 0.5151441682692307 0.4242395961538462 0.5188472572115385 0.3904055096153846 0.3967112451923077 0.3857727524038461 0.3929422235576923 0.4200753990384615
10 0.7778320625 0.4274928725961538 0.9009597788461539 0.42280815384615383 0.8991082331730769 0.38845354326923076 0.7761095865384615 0.39371507451923077 0.7778320625 0.4274928725961538
10 0.10155538942307693 0.47160731490384616 0.16358213461538462 0.4804562307692307 0.18487489903846152 0.41226753365384616 0.12286846153846155 0.4050435865384615 0.10155538942307693 0.47160731490384616
10 0.1802460360576923 0.4453208341346154 0.3052252980769231 0.4510466009615385 0.3070768413461539 0.4161714663461539 0.1876832764423077 0.4099922740384615 0.1802460360576923 0.4453208341346154
10 0.3038366394230769 0.4513068629807692 0.4269643557692308 0.45755315625000004 0.43159321875 0.4216369735576923 0.30666514182692306 0.41858525240384614 0.3038366394230769 0.4513068629807692
10 0.46792978125 0.4558614519230769 0.5901317259615385 0.46002564663461537 0.5947605865384615 0.4256710384615384 0.4698593942307693 0.4231429302884615 0.46792978125 0.4558614519230769
10 0.6530842427884616 0.46223787740384614 0.7762119591346154 0.4611968269230769 0.7780635048076923 0.4273627403846154 0.6522668004807692 0.42796025240384616 0.6530842427884616 0.46223787740384614
10 0.7808408221153846 0.45963525480769235 0.9030427668269231 0.4554710600961539 0.9021169927884615 0.42215749759615384 0.78176659375 0.42580116826923076 0.7808408221153846 0.45963525480769235
10 0.17908882211538463 0.4784074975961538 0.3003649927884615 0.48465379086538457 0.30591962740384615 0.45186075240384616 0.18185369471153848 0.4456076634615385 0.17908882211538463 0.4784074975961538
10 0.2991953341346154 0.48412646875000004 0.42139727884615386 0.4882906634615385 0.42324882451923074 0.4565386754807692 0.30388736298076924 0.45035608653846154 0.2991953341346154 0.48412646875000004
10 0.42810912980769233 0.4882906634615385 0.5484595288461539 0.49557800721153844 0.5521626177884615 0.4601823461538462 0.43467420913461535 0.4540019182692308 0.42810912980769233 0.4882906634615385
10 0.5530883894230769 0.4940164326923077 0.6743645625 0.4976601033653846 0.6752903341346154 0.46226444471153844 0.5550445793269231 0.4602519182692308 0.5530883894230769 0.4940164326923077
10 0.676216108173077 0.4977902355769231 0.8011953701923077 0.49622866105769237 0.8011953701923077 0.4608330024038461 0.6772668004807693 0.46350674038461537 0.676216108173077 0.4977902355769231
10 0.819016485576923 0.5010435120192308 0.9467730649038462 0.5010435120192308 0.9476988365384614 0.4635657548076923 0.8217938028846153 0.46460680528846154 0.819016485576923 0.5010435120192308
10 0.09112800961538461 0.5087546129807692 0.21610726923076923 0.5144803798076923 0.22007607451923078 0.48114797115384617 0.09393346875 0.4744442403846154 0.09112800961538461 0.5087546129807692
10 0.21518149759615385 0.51369959375 0.3364576706730769 0.5183843125 0.33830921394230773 0.4866323245192307 0.21985939423076922 0.48095543028846155 0.21518149759615385 0.51369959375
10 0.334606125 0.5195554927884616 0.45495652644230766 0.5226786394230769 0.45773384375000004 0.4909266514423077 0.33745198798076925 0.4873352524038461 0.334606125 0.5195554927884616
10 0.45495652644230766 0.5241100817307692 0.5734553822115385 0.5272332283653847 0.5762326971153846 0.4944401923076923 0.4578223581730769 0.4918929302884615 0.45495652644230766 0.5241100817307692
10 0.5722981658653846 0.5294454567307693 0.6972774278846153 0.5304865048076923 0.6963516562500001 0.49769346875 0.5761095865384616 0.4956685865384615 0.5722981658653846 0.5294454567307693
10 0.6972774278846153 0.530356375 0.8185536009615385 0.5287948004807692 0.8194793725961538 0.5012070096153847 0.8102216490384616 0.4944401923076923 0.6992577355769231 0.49710126442307695 0.6972774278846153 0.530356375
10 0.9433014182692308 0.5247607379807693 0.9442271899038462 0.4997755673076923 0.82309975 0.5013977524038462 0.8229510192307692 0.5258017860576923 0.9433014182692308 0.5247607379807693
10 0.06844658653846154 0.5398893100961538 0.19342584855769232 0.5476971754807692 0.19620316586538464 0.5143836153846154 0.07677853846153847 0.5060552235576923 0.06844658653846154 0.5398893100961538
10 0.19273151923076923 0.5460054711538461 0.3130819206730769 0.5517312403846154 0.3186365528846154 0.5178971538461539 0.19740588221153846 0.5137679302884616 0.19273151923076923 0.5460054711538461
10 0.3160906802884615 0.5508203221153847 0.43273799038461536 0.5555050408653845 0.4373668509615385 0.5232325288461538 0.31886799759615386 0.519588858173077 0.3160906802884615 0.5508203221153847
10 0.4431529278846154 0.5237530528846154 0.44130138461538465 0.5560255673076923 0.5588744663461539 0.5581076634615385 0.5625775576923077 0.5273967235576923 0.44509068269230767 0.5227519182692307 0.4431529278846154 0.5237530528846154
10 0.5595687956730769 0.5601897620192308 0.6771418798076922 0.5633129086538461 0.682696514423077 0.5310403942307692 0.5641976586538461 0.52791725 0.5595687956730769 0.5601897620192308
10 0.6968145408653845 0.5643539567307692 0.8171649423076922 0.5596692379807693 0.8180907139423077 0.5284377740384616 0.6969425360576923 0.5310852524038462 0.6968145408653845 0.5643539567307692
10 0.8220252451923076 0.5586281875 0.9405241009615384 0.5581076634615385 0.9405241009615384 0.5242735769230769 0.8220252451923076 0.5268761995192308 0.8220252451923076 0.5586281875
10 0.05499093509615384 0.5730643990384615 0.17629906009615384 0.5793190336538461 0.18092792307692307 0.5454849471153846 0.058694026442307694 0.5397508365384616 0.05499093509615384 0.5730643990384615
10 0.17768771875 0.5791889014423077 0.29988966346153845 0.5849146706730769 0.30637006971153846 0.5505600600961539 0.18139080769230767 0.5448342908653846 0.17768771875 0.5791889014423077
10 0.30198186778846153 0.5842655600961538 0.42140649759615384 0.5884297548076923 0.4223322692307692 0.5551161923076923 0.3075910673076923 0.5520484086538462 0.30198186778846153 0.5842655600961538
10 0.4186291802884616 0.5867380504807692 0.5399053509615385 0.5903817211538461 0.5445342139423077 0.5581092091346154 0.4233318076923077 0.5550435865384615 0.4186291802884616 0.5867380504807692
10 0.5392110240384616 0.5920734254807692 0.659561423076923 0.5951965721153847 0.6614129687499999 0.5634445841346154 0.5420816153846154 0.5593400745192307 0.5392110240384616 0.5920734254807692
10 0.6764567668269231 0.5967581442307692 0.7949556225961539 0.5931144735576923 0.7931040793269231 0.561362485576923 0.6747203125 0.5650692403846154 0.6764567668269231 0.5967581442307692
10 0.7944927379807692 0.5920734254807692 0.919471997596154 0.5905118533653846 0.9176204543269232 0.5577188149038462 0.79634428125 0.5608419615384616 0.7944927379807692 0.5920734254807692
10 0.04739448317307692 0.6058673221153846 0.1695964278846154 0.6121136153846154 0.1751510625 0.5788000528846153 0.05388736298076923 0.5726220961538462 0.04739448317307692 0.6058673221153846
10 0.17353096153846154 0.6112026971153847 0.2901782716346154 0.6179695144230769 0.29758444951923074 0.584655951923077 0.176340875 0.5795227524038462 0.17353096153846154 0.6112026971153847
10 0.28994682932692306 0.6160175480769231 0.40844568509615387 0.6201817427884616 0.4112230024038462 0.5884297548076923 0.2964799567307692 0.5827775745192307 0.28994682932692306 0.6160175480769231
10 0.40636269711538464 0.6195310865384616 0.5301783052884615 0.6243211442307692 0.5285646418269231 0.5898611971153847 0.4138412596153846 0.5873352524038462 0.40636269711538464 0.6195310865384616
10 0.5271759831730769 0.6246061995192308 0.6428975216346154 0.6272088221153846 0.6456748389423077 0.5954568341346154 0.5309705048076924 0.5918913870192308 0.5271759831730769 0.6246061995192308
10 0.6466006105769231 0.6286402644230769 0.7678767836538462 0.6281197403846155 0.7660252379807692 0.5953267019230769 0.6485630985576923 0.5964490625 0.6466006105769231 0.6286402644230769
10 0.7650994663461539 0.6265581658653846 0.8752663701923077 0.6255171177884615 0.8843269206730769 0.6210767475961538 0.8820130673076924 0.5930989495192308 0.7652297644230769 0.5938448966346154 0.7650994663461539 0.6265581658653846
10 0.852816391826923 0.6682001177884616 0.9111400480769232 0.6786106057692307 0.9463193966346153 0.6161476778846153 0.8909236322115385 0.6068657307692308 0.852816391826923 0.6682001177884616
10 0.7616244543269232 0.6874783653846154 0.8231916778846154 0.6931852908653846 0.8491133028846154 0.6348865576923076 0.8444844423076923 0.6291607884615384 0.7882404086538461 0.623714125 0.7616244543269232 0.6874783653846154
10 0.6412774206730769 0.6621173221153847 0.7597762764423077 0.6615967980769231 0.7588505024038461 0.6282832355769231 0.639425875 0.6293242860576923 0.6412774206730769 0.6621173221153847
10 0.04299706490384615 0.6396046418269231 0.16427323798076923 0.6437688365384615 0.16797632692307693 0.6109758004807693 0.04948902403846153 0.6047839423076924 0.04299706490384615 0.6396046418269231
10 0.045542939903846155 0.6725278100961538 0.1649675673076923 0.6756509567307692 0.16774488461538464 0.64389896875 0.046479956730769226 0.6403304302884615 0.045542939903846155 0.6725278100961538
10 0.06313261298076923 0.7041496682692308 0.1853345576923077 0.7119575336538462 0.19459228125 0.6781234471153846 0.07055403125000001 0.6730131081730769 0.06313261298076923 0.7041496682692308
10 0.1619588076923077 0.6433784447115385 0.2813834350961538 0.6491042115384615 0.28693806971153846 0.6163111754807692 0.16847088942307692 0.6106429302884615 0.1619588076923077 0.6433784447115385
10 0.16404179567307692 0.6779933173076922 0.28161487740384616 0.6821575120192308 0.2871695120192308 0.6488439495192307 0.1668503269230769 0.6447567403846153 0.16404179567307692 0.6779933173076922
10 0.25199016346153846 0.7191147427884614 0.3741921081730769 0.7217173653846154 0.3741921081730769 0.6884038052884616 0.25569325240384616 0.6847601346153845 0.25199016346153846 0.7191147427884614
10 0.2813834350961538 0.6487138197115385 0.39895651923076925 0.6518369663461538 0.4017338341346154 0.6190439278846154 0.2879153341346154 0.6149394182692307 0.2813834350961538 0.6487138197115385
10 0.28161487740384616 0.6831985600961539 0.40011373317307697 0.6868422307692307 0.4038168221153846 0.6530081442307692 0.28536884615384617 0.6489234086538461 0.28161487740384616 0.6831985600961539
10 0.40103950480769235 0.6530081442307692 0.5167610432692308 0.6545697187499999 0.5223156778846154 0.6217766802884616 0.4038873629807692 0.6197567403846154 0.40103950480769235 0.6530081442307692
10 0.4021967211538462 0.6863217067307693 0.51884403125 0.6878832788461539 0.5197698052884616 0.6545697187499999 0.4040482668269231 0.6524876201923077 0.4021967211538462 0.6863217067307693
10 0.39895651923076925 0.7296553629807693 0.5156038293269231 0.7322579855769231 0.5202326899038462 0.6963418004807692 0.40273014903846155 0.6938448966346153 0.39895651923076925 0.7296553629807693
10 0.5167610432692308 0.656651814903846 0.6334083557692308 0.6597749615384616 0.6361856730769231 0.6259408774038462 0.52055403125 0.6239234086538462 0.5167610432692308 0.656651814903846
10 0.5167610432692308 0.6904859014423077 0.6324825841346153 0.6925680000000001 0.6371114447115385 0.6592544375 0.5187021778846154 0.6572567403846155 0.5167610432692308 0.6904859014423077
10 0.5336825961538462 0.7362709615384616 0.5848053100961539 0.7349907379807692 0.6560897764423077 0.7334291634615385 0.6514609158653847 0.7016771754807691 0.5394424663461538 0.7006361274038462 0.5336825961538462 0.7362709615384616
10 0.639425875 0.6946500961538462 0.7597762764423077 0.6956911466346154 0.7588505024038461 0.6602954855769231 0.6403516466346153 0.6613365360576923 0.639425875 0.6946500961538462
10 0.7651256730769231 0.7258604735576923 0.7669510096153846 0.6876230168269231 0.7576932884615384 0.6938693100961538 0.6522668004807692 0.6939762644230769 0.6530810168269231 0.725621298076923 0.7651256730769231 0.7258604735576923
10 0.767182454326923 0.72458025 0.8810524471153846 0.7230186778846155 0.8819782211538462 0.6912666875 0.7690339975961538 0.6917872139423077 0.767182454326923 0.72458025