10 0.20629981971153846 0.3388020793269231 0.32665353605769226 0.3453124951923077 0.33359701923076923 0.31276041346153843 0.2157407331730769 0.30624999519230767 0.20629981971153846 0.3388020793269231
10 0.3312825240384615 0.3492187451923077 0.45163624038461536 0.35182291346153843 0.45395073557692306 0.3179687451923077 0.3361111033653846 0.3153645793269231 0.3312825240384615 0.3492187451923077
10 0.45163624038461536 0.35182291346153843 0.5719899567307692 0.3544270793269231 0.5766189471153846 0.3231770793269231 0.4657407331730769 0.3179687451923077 0.45163624038461536 0.35182291346153843
10 0.569675141826923 0.3544270793269231 0.6923433533653847 0.3609374951923077 0.6946578485576923 0.3270833293269231 0.5766186274038462 0.3231770793269231 0.569675141826923 0.3544270793269231
10 0.6946578485576923 0.3882812451923077 0.7525202115384615 0.3934895793269231 0.7617781899038462 0.3257812451923077 0.7131738052884615 0.3218749951923077 0.6946578485576923 0.3882812451923077
10 0.9284217980769232 0.4390624951923077 0.9747116874999999 0.44166666346153843 0.9978566346153847 0.37916666346153843 0.9515667427884615 0.3765624951923077 0.9284217980769232 0.4390624951923077
10 0.7640926850961538 0.39088541346153843 0.8798174110576924 0.3895833293269231 0.8798174110576924 0.3570312451923077 0.7617781899038462 0.35963541346153843 0.7640926850961538 0.39088541346153843
10 0.7872376298076923 0.4234374951923077 0.9052768509615384 0.4208333293269231 0.9075913461538462 0.3921874951923077 0.7941811129807692 0.3921874951923077 0.7872376298076923 0.4234374951923077
10 0.789552125 0.4598958293269231 0.9075913461538462 0.45729166346153843 0.9075913461538462 0.4234374951923077 0.7967592524038462 0.42604166346153843 0.789552125 0.4598958293269231
10 0.6668839134615384 0.42604166346153843 0.7802941466346154 0.4247395793269231 0.7872376298076923 0.39479166346153843 0.669198408653846 0.39479166346153843 0.6668839134615384 0.42604166346153843
10 0.6622549254807691 0.4598958293269231 0.7779796514423077 0.4585937451923077 0.7779796514423077 0.42994791346153843 0.6671296225961538 0.4312499951923077 0.6622549254807691 0.4598958293269231
10 0.8312130264423078 0.4989583293269231 0.9538812379807692 0.4976562451923077 0.9538812379807692 0.46510416346153843 0.8358420168269232 0.4677083293269231 0.8312130264423078 0.4989583293269231
10 0.8335275216346154 0.5249999951923077 0.9446232596153846 0.5236979134615385 0.9446232596153846 0.4989583293269231 0.8312130264423078 0.4989583293269231 0.8335275216346154 0.5249999951923077
10 0.6853998701923077 0.4976562451923077 0.8057535865384615 0.4937499951923077 0.8057535865384615 0.46510416346153843 0.6853998701923077 0.4677083293269231 0.6853998701923077 0.4976562451923077
10 0.8312130264423078 0.5614583293269231 0.9446232596153846 0.5575520793269231 0.942308764423077 0.5263020793269231 0.8337962884615385 0.5302083293269231 0.8312130264423078 0.5614583293269231
10 0.7062303221153846 0.5302083293269231 0.8265840384615385 0.5249999951923077 0.8265840384615385 0.4989583293269231 0.7087962884615385 0.4989583293269231 0.7062303221153846 0.5302083293269231
10 0.7108593100961538 0.5666666634615385 0.8150115649038461 0.5614583293269231 0.821955048076923 0.5302083293269231 0.7087962884615385 0.5354166634615385 0.7108593100961538 0.5666666634615385
10 0.8057535865384615 0.5614583293269231 0.8103825745192308 0.5927083293269231 0.9237928076923076 0.5901041634615385 0.9168493245192307 0.5614583293269231 0.8080680817307692 0.5627604134615385 0.8057535865384615 0.5614583293269231
10 0.683085375 0.5979166634615385 0.796495608173077 0.5940104134615385 0.7988101033653846 0.5653645793269231 0.685648141826923 0.5666666634615385 0.683085375 0.5979166634615385
10 0.6576259350961539 0.6291666634615385 0.7664071802884614 0.6265624951923077 0.7710361682692307 0.5966145793269231 0.6601851778846155 0.5979166634615385 0.6576259350961539 0.6291666634615385
10 0.8867608966346154 0.6239583293269231 0.8844464014423077 0.5927083293269231 0.7756651562500001 0.5979166634615385 0.7779796514423077 0.6265624951923077 0.8867608966346154 0.6239583293269231
10 0.8613014567307692 0.6695312451923077 0.9168493245192307 0.6773437451923077 0.9469377548076923 0.6187499951923077 0.9006478629807693 0.6109374951923077 0.8613014567307692 0.6695312451923077
10 0.7687216730769231 0.6864583293269231 0.821955048076923 0.6916666634615385 0.8497289831730769 0.6343749951923077 0.796495608173077 0.6252604134615385 0.7687216730769231 0.6864583293269231
10 0.7779796514423077 0.7216145793269231 0.8867608966346154 0.7216145793269231 0.8867608966346154 0.6955729134615385 0.778240733173077 0.6968749951923077 0.7779796514423077 0.7216145793269231
10 0.6576259350961539 0.7229166634615385 0.7687216730769231 0.7242187451923077 0.7710361682692307 0.6955729134615385 0.6624999927884615 0.6968749951923077 0.6576259350961539 0.7229166634615385
10 0.6458823341346154 0.6617187451923077 0.7594636947115384 0.6604166634615385 0.7662360504807691 0.6291666634615385 0.6507547908653847 0.6330729134615385 0.6458823341346154 0.6617187451923077
10 0.6483679567307692 0.6955729134615385 0.7640926850961538 0.6955729134615385 0.7617781899038462 0.6643229134615385 0.6483679567307692 0.6643229134615385 0.6483679567307692 0.6955729134615385
10 0.16463859615384616 0.3726562451923077 0.2780488293269231 0.3804687451923077 0.29193579807692305 0.3505208293269231 0.17638888221153845 0.3414062451923077 0.16463859615384616 0.3726562451923077
10 0.2942502908653846 0.3817708293269231 0.40997501923076923 0.3856770793269231 0.41460400721153845 0.3531249951923077 0.30370369711538464 0.3492187451923077 0.2942502908653846 0.3817708293269231
10 0.41460400721153845 0.38697916346153843 0.53727221875 0.39088541346153843 0.5326432307692308 0.3583333293269231 0.41923299759615384 0.35572916346153843 0.41460400721153845 0.38697916346153843
10 0.5395867139423077 0.3895833293269231 0.6599404302884615 0.3921874951923077 0.6622549254807691 0.3622395793269231 0.5513888822115385 0.35963541346153843 0.5395867139423077 0.3895833293269231
10 0.14380814663461539 0.4052083293269231 0.2641618629807692 0.4156249951923077 0.2734198413461538 0.3817708293269231 0.15092591826923077 0.3739583293269231 0.14380814663461539 0.4052083293269231
10 0.28036332451923074 0.4130208293269231 0.3937735576923077 0.4169270793269231 0.40071704086538457 0.3882812451923077 0.28055554807692307 0.3843749951923077 0.28036332451923074 0.4130208293269231
10 0.40071704086538457 0.4195312451923077 0.5164417692307692 0.4208333293269231 0.5233852524038461 0.3921874951923077 0.4030315360576923 0.3856770793269231 0.40071704086538457 0.4195312451923077
10 0.5326432307692308 0.4234374951923077 0.64373896875 0.42604166346153843 0.6460534639423077 0.39479166346153843 0.5395867139423077 0.3921874951923077 0.5326432307692308 0.4234374951923077
10 0.4817243509615385 0.45729166346153843 0.59050559375 0.45729166346153843 0.5951345817307693 0.42994791346153843 0.48194443750000004 0.42604166346153843 0.4817243509615385 0.45729166346153843
10 0.11140522115384616 0.4677083293269231 0.1623241033653846 0.4781249951923077 0.18778354326923077 0.4156249951923077 0.13472221634615383 0.4091145793269231 0.11140522115384616 0.4677083293269231
10 0.19241253125 0.4429687451923077 0.30813725961538463 0.4481770793269231 0.31508074278846154 0.4195312451923077 0.19241253125 0.4156249951923077 0.19241253125 0.4429687451923077
10 0.30582276442307693 0.44947916346153843 0.42617648076923076 0.45729166346153843 0.42617648076923076 0.4234374951923077 0.31508074278846154 0.4195312451923077 0.30582276442307693 0.44947916346153843
10 0.18546904807692308 0.4781249951923077 0.30582276442307693 0.4833333293269231 0.31045175240384615 0.4520833293269231 0.19241253125 0.4468749951923077 0.18546904807692308 0.4781249951923077
10 0.30582276442307693 0.4833333293269231 0.42617648076923076 0.4898437451923077 0.4284909759615385 0.45729166346153843 0.31276624759615385 0.4520833293269231 0.30582276442307693 0.4833333293269231
10 0.4354344591346154 0.4872395793269231 0.5511591850961538 0.4937499951923077 0.5511591850961538 0.4598958293269231 0.44722221634615383 0.45729166346153843 0.4354344591346154 0.4872395793269231
10 0.5650461538461539 0.4937499951923077 0.6761418918269231 0.49635416346153843 0.6807708798076924 0.46510416346153843 0.569675141826923 0.46510416346153843 0.5650461538461539 0.4937499951923077
10 0.5858766033653846 0.5289062451923077 0.6992868365384616 0.5289062451923077 0.6992868365384616 0.5015624951923077 0.590740733173077 0.4989583293269231 0.5858766033653846 0.5289062451923077
10 0.46320839423076926 0.5249999951923077 0.5743041322115384 0.5263020793269231 0.5789331201923077 0.4976562451923077 0.4701518774038461 0.4937499951923077 0.46320839423076926 0.5249999951923077
10 0.3428546778846154 0.5210937451923077 0.45626490865384617 0.5223958293269231 0.4655228870192308 0.4937499951923077 0.34537036298076923 0.48854166346153843 0.3428546778846154 0.5210937451923077
10 0.22018646634615385 0.5145833293269231 0.3382256875 0.5197916634615385 0.3405401826923077 0.4859374951923077 0.22712994951923077 0.4833333293269231 0.22018646634615385 0.5145833293269231
10 0.09288926682692307 0.5080729134615385 0.2132429831730769 0.5145833293269231 0.21787197115384613 0.4833333293269231 0.1069444375 0.4781249951923077 0.09288926682692307 0.5080729134615385
10 0.5419012091346154 0.7333333293269231 0.6576259350961539 0.7346354134615385 0.6576259350961539 0.7059895793269231 0.5465301971153846 0.7033854134615385 0.5419012091346154 0.7333333293269231
10 0.40997501923076923 0.7281249951923077 0.5187562620192308 0.7320312451923077 0.5233852524038461 0.7020833293269231 0.4171296225961539 0.7007812451923077 0.40997501923076923 0.7281249951923077
10 0.2618473677884615 0.7177083293269231 0.3706286105769231 0.7216145793269231 0.37294310576923073 0.6890624951923077 0.2689814735576923 0.6877604134615385 0.2618473677884615 0.7177083293269231
10 0.07437331009615385 0.7046874951923077 0.18546904807692308 0.7124999951923077 0.18546904807692308 0.6799479134615385 0.08148147355769231 0.6760416634615385 0.07437331009615385 0.7046874951923077
10 0.07900229807692308 0.5406249951923077 0.19472702644230772 0.5445312451923077 0.19935601442307693 0.5132812451923077 0.07900229807692308 0.5119791634615385 0.07900229807692308 0.5406249951923077
10 0.19704152163461539 0.5484374951923077 0.31508074278846154 0.5510416634615385 0.3243387211538461 0.5210937451923077 0.20861399278846154 0.5145833293269231 0.19704152163461539 0.5484374951923077
10 0.31508074278846154 0.5510416634615385 0.4354344591346154 0.5562499951923077 0.44006344711538464 0.5236979134615385 0.3291666586538462 0.5210937451923077 0.31508074278846154 0.5510416634615385
10 0.4446924375 0.5562499951923077 0.5650461538461539 0.5614583293269231 0.5627316586538462 0.5302083293269231 0.4541666586538462 0.5223958293269231 0.4446924375 0.5562499951923077
10 0.5627316586538462 0.5614583293269231 0.6877143653846154 0.5627604134615385 0.6784563870192308 0.5328124951923077 0.5650461538461539 0.5276041634615385 0.5627316586538462 0.5614583293269231
10 0.06280083653846154 0.5744791634615385 0.18084005769230768 0.5796874951923077 0.18546904807692308 0.5484374951923077 0.0699074014423077 0.5445312451923077 0.06280083653846154 0.5744791634615385
10 0.17852556490384613 0.5809895793269231 0.30119377403846154 0.5861979134615385 0.30582276442307693 0.5536458293269231 0.19259258653846154 0.5471354134615385 0.17852556490384613 0.5809895793269231
10 0.30582276442307693 0.5848958293269231 0.42617648076923076 0.5888020793269231 0.43311996394230773 0.5562499951923077 0.3152777716346154 0.5536458293269231 0.30582276442307693 0.5848958293269231
10 0.4284909759615385 0.5888020793269231 0.5465301971153846 0.5914062451923077 0.5534736802884616 0.5575520793269231 0.43796295673076924 0.5575520793269231 0.4284909759615385 0.5888020793269231
10 0.5465301971153846 0.5927083293269231 0.6622549254807691 0.5927083293269231 0.6668839134615384 0.5627604134615385 0.5557881754807692 0.5614583293269231 0.5465301971153846 0.5927083293269231
10 0.05354285817307692 0.6070312451923077 0.17621106971153846 0.6135416634615385 0.17621106971153846 0.5822916634615385 0.05833332692307692 0.5783854134615385 0.05354285817307692 0.6070312451923077
10 0.17389657451923077 0.6109374951923077 0.2942502908653846 0.6135416634615385 0.30119377403846154 0.5861979134615385 0.18101851201923078 0.5770833293269231 0.17389657451923077 0.6109374951923077
10 0.2942502908653846 0.6161458293269231 0.41228951442307693 0.6200520793269231 0.41228951442307693 0.5874999951923077 0.3060185120192308 0.5861979134615385 0.2942502908653846 0.6161458293269231
10 0.41923299759615384 0.6187499951923077 0.5280142403846153 0.6200520793269231 0.53727221875 0.5927083293269231 0.41691850240384615 0.5901041634615385 0.41923299759615384 0.6187499951923077
10 0.5349577235576923 0.6239583293269231 0.6483679567307692 0.6291666634615385 0.6529969471153846 0.5966145793269231 0.5395867139423077 0.5940104134615385 0.5349577235576923 0.6239583293269231
10 0.5233852524038461 0.6552083293269231 0.6367954855769231 0.6578124951923077 0.6483679567307692 0.6291666634615385 0.5256997451923077 0.6239583293269231 0.5233852524038461 0.6552083293269231
10 0.5233852524038461 0.6877604134615385 0.6391099783653846 0.6916666634615385 0.6367954855769231 0.6630208293269231 0.528240733173077 0.6604166634615385 0.5233852524038461 0.6877604134615385
10 0.05122836298076923 0.6421874951923077 0.16463859615384616 0.6434895793269231 0.1623241033653846 0.6135416634615385 0.05585735336538462 0.6109374951923077 0.05122836298076923 0.6421874951923077
10 0.16695309134615383 0.6447916634615385 0.2873068076923077 0.6473958293269231 0.2896213028846154 0.6187499951923077 0.1694444375 0.6135416634615385 0.16695309134615383 0.6447916634615385
10 0.2849923125 0.6499999951923077 0.4030315360576923 0.6539062451923077 0.4030315360576923 0.6213541634615385 0.2942502908653846 0.6187499951923077 0.2849923125 0.6499999951923077
10 0.41228951442307693 0.6513020793269231 0.5210707572115385 0.6552083293269231 0.5233852524038461 0.6252604134615385 0.4148148076923077 0.6239583293269231 0.41228951442307693 0.6513020793269231
10 0.40997501923076923 0.6851562451923077 0.5280142403846153 0.6916666634615385 0.5280142403846153 0.6565104134615385 0.41249999278846156 0.6591145793269231 0.40997501923076923 0.6851562451923077
10 0.2896213028846154 0.6825520793269231 0.4030315360576923 0.6877604134615385 0.4053460288461539 0.6552083293269231 0.2944444375 0.6539062451923077 0.2896213028846154 0.6825520793269231
10 0.16695309134615383 0.6760416634615385 0.2849923125 0.6825520793269231 0.2873068076923077 0.6539062451923077 0.16926758653846155 0.6499999951923077 0.16695309134615383 0.6760416634615385
10 0.046599375 0.6721354134615385 0.16695309134615383 0.6799479134615385 0.1715820793269231 0.6447916634615385 0.05585735336538462 0.6421874951923077 0.046599375 0.6721354134615385