10 0.199471625 0.34332220192307694 0.32838485817307694 0.34761541586538464 0.32745910096153846 0.31013739423076925 0.20410048798076924 0.30324155528846153 0.199471625 0.34332220192307694
10 0.3281539783653846 0.34956854086538464 0.4531332259615385 0.35425331250000003 0.4540589855769231 0.31833685576923076 0.32893439663461543 0.3140658557692308 0.3281539783653846 0.34956854086538464
10 0.4540590552884615 0.3521711826923077 0.5753352019230769 0.35581488221153845 0.5771867163461539 0.3204189711538462 0.4546285745192308 0.3171905528846154 0.4540590552884615 0.3521711826923077
10 0.6882793822115385 0.3610201610576923 0.6892050697115385 0.32614478125 0.5763879302884616 0.3216173341346154 0.5688547524038461 0.35633541105769234 0.6882793822115385 0.3610201610576923
10 0.6882794543269231 0.3896492139423077 0.7567865408653845 0.3922518533653846 0.7651184350961538 0.3209394951923077 0.6974524807692308 0.32083576923076923 0.6882794543269231 0.3896492139423077
10 0.7558607115384616 0.39069023317307694 0.8789884447115385 0.38808759374999996 0.8826914783653846 0.35113011298076924 0.7629614038461539 0.35482043990384615 0.7558607115384616 0.39069023317307694
10 0.15781194711538463 0.37143072355769235 0.28279119471153846 0.3828823341346154 0.29112308894230765 0.3464453725961538 0.16643489903846154 0.3373743725961538 0.15781194711538463 0.37143072355769235
10 0.28556847115384615 0.38392341346153847 0.4086961322115385 0.38964920432692307 0.4151765793269231 0.35373277163461536 0.29097160096153846 0.3489610841346154 0.28556847115384615 0.38392341346153847
10 0.5373784831730769 0.38964918269230775 0.5392300697115384 0.35425328125 0.41712823798076926 0.3532588581730769 0.41054771874999996 0.38860813221153845 0.5373784831730769 0.38964918269230775
10 0.9176063293269231 0.44170202403846154 0.9833362139423076 0.4453457259615385 1 0.37715654326923076 0.9381602788461538 0.3720070576923077 0.9176063293269231 0.44170202403846154
10 0.13929643269230768 0.4104703341346154 0.26242409375000003 0.41931931490384616 0.2753849182692308 0.3823618125 0.14583237500000001 0.37331065865384616 0.13929643269230768 0.4104703341346154
10 0.40128992548076925 0.42088089423076924 0.40128992548076925 0.38548499278846154 0.2763106778846154 0.3802797139423077 0.2735333317307692 0.41931931490384616 0.40128992548076925 0.42088089423076924
10 0.5188629687499999 0.4234835144230769 0.5216403149038462 0.3886081442307692 0.39861041826923077 0.3858109519230769 0.3957353076923077 0.420880875 0.5188629687499999 0.4234835144230769
10 0.6493969086538461 0.42972985576923073 0.6531000817307693 0.39381344230769233 0.5207146274038462 0.39069025240384614 0.527314360576923 0.39336090144230773 0.5234919014423076 0.4281682740384615 0.6493969086538461 0.42972985576923073
10 0.7882625985576923 0.42660668509615385 0.7808565336538462 0.3891286730769231 0.6557864423076923 0.39284037259615384 0.6549514567307693 0.43077090384615385 0.7882625985576923 0.42660668509615385
10 0.9095390985576923 0.4229629951923077 0.9058359254807692 0.3870465528846154 0.7808566754807693 0.38912866346153846 0.7836340192307693 0.4266066947115385 0.9095390985576923 0.4229629951923077
10 0.9123161610576923 0.45731785576923073 0.9123161610576923 0.42244247355769227 0.7886559471153846 0.42421937740384613 0.7882627403846154 0.46304367548076925 0.9123161610576923 0.45731785576923073
10 0.6605061466346154 0.46564631490384617 0.7827080504807692 0.46148209615384617 0.7845595673076923 0.42712725480769226 0.6581897932692308 0.4289467860576923 0.6605061466346154 0.46564631490384617
10 0.468871326923077 0.4583588966346154 0.5929248173076923 0.4614820552884616 0.5975536778846154 0.4255656346153846 0.4744260168269231 0.4214013942307692 0.468871326923077 0.4583588966346154
10 0.30593543028846154 0.45367413461538464 0.43184050721153844 0.45992047596153846 0.4355435408653846 0.42244245432692307 0.30963853365384614 0.4172371754807692 0.30593543028846154 0.45367413461538464
10 0.18280776923076925 0.4474278149038462 0.30686125961538463 0.45471519471153843 0.3142673942307692 0.4161961346153846 0.1874366298076923 0.41151137499999996 0.18280776923076925 0.4474278149038462
10 0.12701501442307692 0.4044531490384615 0.10502590865384616 0.47137056971153846 0.16799535576923075 0.4802210769230769 0.19299117788461537 0.41307295432692304 0.12701501442307692 0.4044531490384615
10 0.305494375 0.48542498076923074 0.30734588942307695 0.4507231129807692 0.18178984374999999 0.4460974302884615 0.18082368750000002 0.4798726730769231 0.305494375 0.48542498076923074
10 0.4224502451923077 0.49097725961538463 0.4267704975961539 0.4559283653846154 0.3040125 0.4514787475961538 0.30024829326923075 0.48611899278846155 0.4224502451923077 0.49097725961538463
10 0.5532926298076923 0.495662 0.5613160072115385 0.4592250384615385 0.43787971153846156 0.4557548533653846 0.43232506971153845 0.49080374759615386 0.5532926298076923 0.495662
10 0.5557581201923077 0.4605023798076923 0.5539098725961538 0.49652956730769227 0.6779632908653846 0.4982646610576923 0.6811040576923078 0.4636931706730769 0.5557581201923077 0.4605023798076923
10 0.8088058629807692 0.49479444711538456 0.8051027379807691 0.4600925793269231 0.6814806995192307 0.46206839903846153 0.6779633149038461 0.49791762019230773 0.8088058629807692 0.49479444711538456
10 0.09420620673076924 0.5114514062500001 0.21548238942307693 0.5179580072115384 0.22057412740384616 0.48308263461538464 0.09999989182692308 0.47702065625 0.09420620673076924 0.5114514062500001
10 0.3395357740384615 0.5221222668269231 0.3427759615384615 0.4880276754807692 0.22057402163461537 0.4825621346153846 0.22013854326923077 0.4817729855769231 0.21687095432692308 0.5179580360576923 0.3395357740384615 0.5221222668269231
10 0.4598861610576923 0.5260262163461539 0.4622005913461538 0.4901097860576923 0.3435178365384616 0.48626578125 0.33953573798076925 0.5213414663461539 0.4598861610576923 0.5260262163461539
10 0.5779221177884616 0.5304507163461538 0.5859796033653846 0.4945333076923077 0.4613418125 0.4922541298076923 0.4598861610576923 0.5286288461538462 0.5779221177884616 0.5304507163461538
10 0.7052157980769231 0.5330533269230769 0.7075302283653847 0.4984382163461539 0.5844024951923077 0.4971368942307692 0.5811623076923077 0.532012266826923 0.7052157980769231 0.5330533269230769
10 0.07198757211538462 0.5421625865384615 0.19372661538461539 0.5463268076923077 0.19928126923076925 0.5158759158653846 0.07465303125 0.5093132620192308 0.07198757211538462 0.5421625865384615
10 0.1946524423076923 0.5478884278846153 0.31546570913461536 0.5541347475961539 0.3200945721153846 0.5213414855769231 0.2020833221153846 0.5155626754807693 0.1946524423076923 0.5478884278846153
10 0.4381304927884615 0.5564770865384616 0.44090783894230773 0.5242043774038462 0.31778010576923077 0.52056065625 0.32256909855769234 0.5214865096153847 0.31778010576923077 0.5543949879807692 0.4381304927884615 0.5564770865384616
10 0.5621840192307692 0.5598605288461539 0.5654242067307692 0.5283685769230769 0.44884198076923076 0.5249367163461538 0.44507385576923075 0.5585592067307692 0.5621840192307692 0.5598605288461539
10 0.6885520120192308 0.5640248076923077 0.6894777692307692 0.5304507764423076 0.5687491225961538 0.5277359615384616 0.5663500360576923 0.5637645480769231 0.6885520120192308 0.5640248076923077
10 0.5467750769230769 0.5594738846153846 0.5418168461538462 0.5934345480769231 0.6644399879807692 0.5974688557692308 0.6672173341346154 0.5631139951923078 0.5467750769230769 0.5594738846153846
10 0.4302615480769231 0.589790889423077 0.5482975072115385 0.5926537884615384 0.5506119375 0.5596002668269231 0.4295131802884615 0.5559917163461539 0.4302615480769231 0.589790889423077
10 0.30389352163461536 0.5858869495192308 0.4247068245192308 0.589010108173077 0.42933568509615383 0.5572579086538462 0.30810150480769233 0.5526060072115384 0.30389352163461536 0.5858869495192308
10 0.1812287043269231 0.5799008677884616 0.30019041826923076 0.5861472091346154 0.30667083173076926 0.5507513076923077 0.1874994855769231 0.5468786802884615 0.1812287043269231 0.5799008677884616
10 0.05796565865384616 0.5762571682692308 0.17739028846153845 0.5809419278846154 0.18711088942307694 0.5465870865384616 0.06447001201923076 0.5416043221153847 0.05796565865384616 0.5762571682692308
10 0.05056023076923077 0.611158139423077 0.17229927403846151 0.6148018389423077 0.17970548076923076 0.5822688389423077 0.05381630769230769 0.5766945673076923 0.05056023076923077 0.611158139423077
10 0.29403830048076923 0.6189660096153846 0.2968156081730769 0.5861727548076924 0.17372414903846153 0.5791036754807692 0.16952193028846155 0.6153223100961539 0.29403830048076923 0.6189660096153846
10 0.4125372427884615 0.6220891802884616 0.4171661033653846 0.58799459375 0.3004595625 0.5843120096153845 0.2949641634615384 0.6192262692307692 0.4125372427884615 0.6220891802884616
10 0.5347391466346154 0.6262534903846154 0.5342763028846154 0.5931999591346154 0.4162003028846154 0.588998375 0.41207432692307694 0.6233905889423077 0.5347391466346154 0.6262534903846154
10 0.16767815625000002 0.6473348413461538 0.1727699326923077 0.6140210504807693 0.04888575961538462 0.610548735576923 0.0450133389423077 0.6447321995192308 0.16767815625000002 0.6473348413461538
10 0.2843253701923077 0.649937451923077 0.2847882860576923 0.6166236586538462 0.16767808653846156 0.6127196995192308 0.16119770913461537 0.6473348100961539 0.2843253701923077 0.649937451923077
10 0.051493608173076924 0.6744022620192307 0.17045536057692307 0.6780459519230769 0.172306875 0.6429103100961538 0.05195648798076923 0.6413487307692307 0.051493608173076924 0.6744022620192307
10 0.07186056971153845 0.7092776033653846 0.1917480793269231 0.7129213028846154 0.1949882668269231 0.6809088221153845 0.07186056971153845 0.6754432716346154 0.07186056971153845 0.7092776033653846
10 0.28605341586538463 0.6855936322115385 0.2888306923076923 0.6514990408653846 0.16755454567307693 0.6473348221153846 0.1696900889423077 0.6476580889423077 0.1670916658653846 0.6809088725961538 0.28605341586538463 0.6855936322115385
10 0.2564286634615385 0.6884565432692308 0.2527255600961538 0.7217703245192308 0.3707615168269231 0.7248935048076923 0.3758532932692308 0.6926207620192308 0.25742217067307693 0.6886737139423077 0.2564286634615385 0.6884565432692308
10 0.2859229663461539 0.6510022331730769 0.40488471634615386 0.6554267139423077 0.40858781971153846 0.622112923076923 0.29361008894230767 0.6195419975961538 0.2859229663461539 0.6510022331730769
10 0.2896260697115384 0.6483996033653846 0.28546008653846155 0.6840557740384615 0.4062733894230769 0.6874392043269231 0.41136509375 0.6541254134615385 0.291063625 0.6500764783653845 0.2896260697115384 0.6483996033653846
10 0.40488464663461543 0.7309032668269231 0.5215320024038461 0.7329853870192308 0.5247721899038461 0.6988907956730769 0.40865665144230773 0.6978619951923076 0.40488464663461543 0.7309032668269231
10 0.4058858269230769 0.6551427307692308 0.52345890625 0.6580056322115385 0.52669909375 0.624952110576923 0.4086797764423077 0.6211603798076923 0.4058858269230769 0.6551427307692308
10 0.4072745 0.6884565432692308 0.5229960264423077 0.6884565432692308 0.5285506466346154 0.6567043317307693 0.40833272115384617 0.653647985576923 0.4072745 0.6884565432692308
10 0.5419744903846154 0.7355643052884615 0.6604733269230769 0.7353040432692308 0.6646393100961538 0.705113423076923 0.5481475096153846 0.7041681923076923 0.5419744903846154 0.7355643052884615
10 0.63918046875 0.6952234230769231 0.6428835721153846 0.6611288317307692 0.5257733725961539 0.6593069903846154 0.5184026706730769 0.6916679206730769 0.63918046875 0.6952234230769231
10 0.5192928173076923 0.6585261322115384 0.6391803269230769 0.6616493028846153 0.6451978605769231 0.6280752500000001 0.5228005096153846 0.6252616105769231 0.5192928173076923 0.6585261322115384
10 0.6604731153846154 0.7259346033653846 0.7724915745192308 0.7267154038461539 0.7752689206730768 0.6944426634615385 0.6589113557692308 0.69642025 0.6604731153846154 0.7259346033653846
10 0.8886761586538461 0.7235921634615384 0.8886761586538461 0.6931412620192308 0.7758096442307691 0.6942720480769231 0.7738803894230769 0.7251537427884615 0.8886761586538461 0.7235921634615384
10 0.6428834302884615 0.6962644423076922 0.7650853701923077 0.695483641826923 0.764159610576923 0.662430110576923 0.6451386394230769 0.6636730889423077 0.6428834302884615 0.6962644423076922
10 0.7641595408653846 0.6619096105769231 0.7673998004807692 0.6296368701923077 0.6493638076923076 0.6296368701923077 0.6481475625 0.6304699831730769 0.6424205144230769 0.6624301322115385 0.7641595408653846 0.6619096105769231
10 0.7766576634615384 0.6309381706730769 0.7757319038461539 0.59684359375 0.6567701538461539 0.5981449134615384 0.6567701538461539 0.6314586995192308 0.7766576634615384 0.6309381706730769
10 0.8002648125 0.5942409182692308 0.7993390528846154 0.5606668629807692 0.6780628725961539 0.5643105576923078 0.6780628725961539 0.5971038341346154 0.8002648125 0.5942409182692308
10 0.9220039423076922 0.5916383149038462 0.9201523557692308 0.5588450384615384 0.8007277980769231 0.5622284759615385 0.8016535552884616 0.5939806778846154 0.9220039423076922 0.5916383149038462
10 0.8909905168269231 0.6259931514423077 0.8928421033653847 0.5926793581730769 0.7738803173076924 0.5958025288461538 0.7759250504807693 0.6272147548076923 0.8909905168269231 0.6259931514423077
10 0.7664740408653846 0.6881962427884616 0.8243348052884615 0.6947028437499999 0.8548852451923078 0.6298971009615385 0.7932867884615384 0.62174690625 0.7664740408653846 0.6881962427884616
10 0.8581255048076923 0.6717996129807692 0.9132089951923077 0.6816896514423078 0.9516285552884616 0.6171441706730769 0.8960644687499999 0.6085940432692307 0.8581255048076923 0.6717996129807692
10 0.8274769519230769 0.5000574326923076 0.9566221466346154 0.49771505288461537 0.95999159375 0.4643426850961539 0.8305540072115385 0.4658869423076923 0.8274769519230769 0.5000574326923076
10 0.7066636129807692 0.5323301754807692 0.8270140384615385 0.5305083341346154 0.8270140384615385 0.49589322355769233 0.7043491826923076 0.49823559375 0.7066636129807692 0.5323301754807692
10 0.9519933557692308 0.5240017139423077 0.9487530985576923 0.49719451442307694 0.8321747139423077 0.5011736947115385 0.8297913822115385 0.5268646153846154 0.9519933557692308 0.5240017139423077
10 0.8196079014423077 0.5604386947115384 0.8219223317307692 0.5286864735576923 0.7025458533653846 0.5314471514423077 0.6987946346153847 0.5630413365384616 0.8196079014423077 0.5604386947115384
10 0.9459758942307693 0.5601784158653846 0.9482903245192307 0.5268646346153847 0.8238420528846154 0.5278003990384615 0.8223852475961538 0.5612194759615384 0.9459758942307693 0.5601784158653846
10 0.6579596826923078 0.39550399759615384 0.6635143725961539 0.3590670360576923 0.5394608798076923 0.3549028076923077 0.5376093653846155 0.39342187740384615 0.6579596826923078 0.39550399759615384
10 0.6505536177884615 0.6297416177884615 0.6542566490384616 0.5959072956730769 0.54131246875 0.5922636153846154 0.5320547451923077 0.6276594975961539 0.6505536177884615 0.6297416177884615