10 0.32597466346153847 0.35138912499999997 0.3313598125 0.3143287860576923 0.20243310336538461 0.3077363197115384 0.19704795432692307 0.3435494375 0.32597466346153847 0.35138912499999997
10 0.4505347403846154 0.35622229807692307 0.45438625961538465 0.3187170216346154 0.3300580817307692 0.31368138701923076 0.3258408966346154 0.3514833653846154 0.4505347403846154 0.35622229807692307
10 0.15974767548076924 0.37304422115384617 0.16380673798076922 0.3762785961538461 0.19238933653846152 0.3784665625 0.21961891105769232 0.38078376442307693 0.24583373076923076 0.38236684615384614 0.2662981995192308 0.38373276201923073 0.27712238701923075 0.38468405288461544 0.28371836057692307 0.3832571177884615 0.28710093028846156 0.3798934927884616 0.29200565384615385 0.3524963653846154 0.2847331201923077 0.3493571105769231 0.2544592548076923 0.3472642764423077 0.20997862980769233 0.34422014903846154 0.18173428125 0.34174679807692304 0.16871144471153846 0.34165166826923077 0.16482151201923076 0.3446957956730769 0.15974767548076924 0.37304422115384617
10 0.1695857283653846 0.41193378125 0.19343846153846153 0.41388383894230774 0.21992610096153847 0.4153658846153846 0.2425307355769231 0.4166919230769231 0.25917219711538464 0.4175499543269231 0.26582879567307693 0.4142738533653846 0.2712372307692308 0.3856470072115385 0.26582879567307693 0.3829169278846154 0.21770724278846154 0.3796408341346154 0.18900074759615387 0.37753477163461535 0.17041779326923076 0.3762087283653846 0.15460842548076922 0.37488268990384616 0.14767448798076924 0.37550670913461537 0.14406883653846153 0.3784707980769231 0.14240469471153847 0.3843209711538461 0.13921492067307692 0.4068486346153846 0.14448487019230769 0.4099837235576923 0.1695857283653846 0.41193378125
10 0.12235335576923076 0.41189442067307697 0.10355667067307692 0.47087799759615384 0.10850316826923077 0.4745505600961539 0.11325180048076923 0.47621990865384617 0.14767943269230768 0.48044891586538463 0.15757242548076922 0.48156181730769226 0.16588252403846154 0.48011504807692307 0.16944400721153846 0.47633119471153845 0.18744929086538462 0.4190169663461539 0.18547068509615386 0.41456537499999996 0.17973273076923077 0.41289602884615384 0.13066347115384616 0.4077767019230769 0.12532126442307692 0.40955733653846155 0.12235335576923076 0.41189442067307697
10 0.09755006490384616 0.4809849423076923 0.09538144230769231 0.4835871298076923 0.09248995913461538 0.508551860576923 0.0949477235576923 0.5113980024038461 0.10087526442307691 0.5129430504807693 0.11258578846153845 0.5139188774038461 0.20063152163461537 0.5174968774038462 0.20699276923076923 0.5179034711538462 0.21234202884615383 0.5169276514423077 0.21610096394230768 0.5148133725961539 0.2201490528846154 0.4890354615384615 0.2197153221153846 0.4864332716346154 0.2145106394230769 0.48374976923076923 0.19470396394230768 0.4826113100961538 0.16622284375 0.4810662620192308 0.14323553125 0.47952121153846156 0.12126023557692307 0.4784640769230769 0.10636910336538462 0.47813880048076923 0.1014535625 0.47862671153846154 0.09755006490384616 0.4809849423076923
10 0.08294806009615385 0.5120255432692308 0.07933370192307693 0.5141398197115384 0.07774338461538462 0.5169859639423077 0.07528563461538461 0.5402430072115385 0.07658679086538461 0.5426825600961538 0.079912 0.5443089254807693 0.08612869711538461 0.5452847524038462 0.18935471875 0.5493506682692307 0.19412569471153845 0.5487814350961538 0.19716172836538462 0.5469924326923077 0.20034236538461536 0.5263375745192308 0.20149895913461538 0.5202386995192307 0.20077609855769232 0.5184496947115385 0.19774005288461538 0.5166606899038462 0.09407135817307692 0.511074108173077 0.08728529086538463 0.5109684062500001 0.08294806009615385 0.5120255432692308
10 0.0612121610576923 0.5481853413461539 0.059759163461538464 0.55186303125 0.05776129326923077 0.5731119278846154 0.05939591346153846 0.5758701971153847 0.06384815865384616 0.5780188004807691 0.124634375 0.5804393509615384 0.17503279086538462 0.5821108341346154 0.17765251201923077 0.58139640625 0.17995469471153847 0.579967545673077 0.18035162259615384 0.578404733173077 0.18451343509615384 0.5513027908653846 0.18206544951923076 0.5498241778846154 0.17929948317307692 0.5485153533653846 0.07021055769230769 0.5441779158653847 0.06484466586538461 0.5452227548076923 0.0612121610576923 0.5481853413461539
10 0.054481593749999994 0.5822703485576923 0.05182594951923077 0.6064296394230769 0.05205687019230769 0.6081181947115385 0.05494344951923077 0.6101314639423077 0.057252713942307694 0.6109107956730769 0.16613454326923077 0.6149373485576923 0.1700602956730769 0.6144827355769231 0.17352418269230768 0.612664298076923 0.17710356009615386 0.584478454326923 0.1747942860576923 0.5826600144230769 0.16948296634615384 0.5818157379807692 0.061293925480769236 0.5776593028846154 0.056213543269230774 0.5789581875 0.054481593749999994 0.5822703485576923
10 0.045522403846153844 0.6407802836538461 0.04699133653846154 0.6424327451923078 0.04925124519230769 0.6439580913461539 0.052641098557692306 0.6447207668269231 0.06800844951923077 0.6445300961538462 0.1624724543269231 0.6480892403846154 0.1672182548076923 0.646119 0.17004313461538462 0.6173916225961539 0.16507136057692307 0.6149129302884615 0.05399704567307692 0.6105911129807692 0.05473839903846153 0.6107996057692308 0.050720189903846156 0.6122435721153846 0.047782305288461537 0.6142773677884615 0.045522403846153844 0.6407802836538461
10 0.047823990384615385 0.6740373100961539 0.051257935096153846 0.6766449399038461 0.05537867548076923 0.6776107235576923 0.08061816586538462 0.6783833581730769 0.1278349278846154 0.6799286201923077 0.16200266346153847 0.6810875697115384 0.16835546875000001 0.6788662548076924 0.17178942307692308 0.651148125 0.16904227884615386 0.6486953725961538 0.1647498581730769 0.6475747091346153 0.0545201875 0.6442910336538462 0.050571149038461535 0.6464157644230769 0.047823990384615385 0.6740373100961539
10 0.07133304326923076 0.6824848533653847 0.06836945432692308 0.7060609423076923 0.07147415865384615 0.7094743100961539 0.0741554951923077 0.7105856418269231 0.18126755769230768 0.7150309639423077 0.1859246298076923 0.7141577764423077 0.18888818028846155 0.7116969735576923 0.19001717548076924 0.7101887355769231 0.19298076442307693 0.6854219399038463 0.19100502403846153 0.6832786610576923 0.1866302451923077 0.6813735240384615 0.07768356009615385 0.6774838653846154 0.0728853798076923 0.6797065264423078 0.07133304326923076 0.6824848533653847
10 0.1696946658653846 0.6527498437499999 0.16658996875 0.6781516850961539 0.16771895192307693 0.6798186826923077 0.17096477403846155 0.6815650625 0.27878246153846153 0.6860897620192308 0.28329838701923077 0.6852165745192308 0.2855563605769231 0.6833908173076922 0.2899311610576923 0.6558456923076924 0.2866853389423077 0.6533848870192307 0.2811815432692307 0.6522735576923077 0.17830315144230768 0.6483838990384616 0.17392834375 0.6487808052884615 0.17152926201923077 0.650368420673077 0.1696946658653846 0.6527498437499999
10 0.2602178004807692 0.6913898533653846 0.2591329014423077 0.6940504206730769 0.25634874519230766 0.7193396153846153 0.2578955 0.7212537091346154 0.26098900721153845 0.7223557572115384 0.26501056971153847 0.7229357884615385 0.28377784855769234 0.7233998076923077 0.3022357764423077 0.7240378413461539 0.31615656009615384 0.7245598629807692 0.33028358653846157 0.7249078846153847 0.3428638653846154 0.7253719014423077 0.3571971033653846 0.7258359254807693 0.3688493173076923 0.7260679399038461 0.37472697836538466 0.7239798365384615 0.37606749519230764 0.7220657475961538 0.37957347836538463 0.6965445384615384 0.3774080288461539 0.6946304471153847 0.37318021875 0.6932963846153846 0.36689009375000003 0.6927163557692307 0.27398173798076925 0.6896422115384616 0.2684671586538462 0.6895917692307693 0.26372378365384613 0.6904038052884616 0.2602178004807692 0.6913898533653846
10 0.4071215360576923 0.7020138317307693 0.40603722596153846 0.7065557499999999 0.40483242548076925 0.7182155961538462 0.40338666346153845 0.7281806947115383 0.40579625961538457 0.7315024014423077 0.4130250504807692 0.7327226129807692 0.51627628125 0.7348240961538461 0.52157740625 0.7324514567307693 0.5223002740384616 0.7307567115384616 0.525914670673077 0.7040475264423077 0.5236255600961539 0.7028950985576923 0.5206135649038461 0.7020816225961538 0.502180141826923 0.7014037259615384 0.4542291658653846 0.70011571875 0.4130351274038461 0.6995469951923077 0.4101335336538462 0.7003868774038462 0.4071215360576923 0.7020138317307693
10 0.659170108173077 0.7347106730769231 0.6602202932692307 0.7085420336538462 0.6539191634615384 0.7053342620192308 0.5467998725961538 0.7049966033653846 0.542599110576923 0.7074446394230769 0.5404987427884616 0.7344574254807692 0.5455996514423077 0.7374119495192308 0.6516687572115385 0.7386781730769231 0.659170108173077 0.7347106730769231
10 0.2924870889423077 0.3527447427884616 0.2919265216346154 0.3570974206730769 0.2897963653846154 0.3816364182692308 0.29102961538461536 0.3830873100961538 0.29349611057692304 0.38422279326923076 0.2959626009615385 0.38504286057692305 0.4040398581730769 0.38901704326923076 0.40740325721153847 0.3882600552884616 0.4108787788461538 0.38674608413461536 0.4113272259615384 0.38479052884615383 0.41345738942307697 0.3577913245192308 0.4119999110576923 0.35627735096153845 0.4094213028846154 0.3546372115384615 0.40717903605769235 0.35425871875 0.30207744711538465 0.35050434375 0.2955141490384615 0.3509784399038462 0.2924870889423077 0.3527447427884616
10 0.27820078605769233 0.38492395913461536 0.27614084375 0.38739477884615386 0.2728449350961539 0.4118713389423077 0.2731196009615385 0.4149598629807692 0.2744928942307692 0.41696740625 0.2780634591346154 0.4182800264423077 0.2846552644230769 0.41897494471153846 0.2975642331730769 0.4197470769230769 0.30868791586538463 0.42028756490384617 0.32118490384615384 0.4208280625 0.3347805096153846 0.42136855048076927 0.3898496105769231 0.4232988798076923 0.3949308149038462 0.42175461538461534 0.3974027283653846 0.4202103533653846 0.39960000721153843 0.39148707451923076 0.39795206009615386 0.38870740625 0.3917722355769231 0.3876264182692308 0.29124708173076924 0.38384297596153844 0.28232066826923075 0.3836885528846154 0.27820078605769233 0.38492395913461536
10 0.18654992307692309 0.4163553125 0.1855755769230769 0.4206694399038462 0.1827743173076923 0.4457324759615385 0.18472301442307693 0.44778682211538456 0.1891075889423077 0.4491563870192307 0.3031065673076923 0.4542922548076923 0.30712576442307693 0.45210095432692304 0.31126676442307694 0.4225868341346154 0.3098052235576923 0.42032705048076924 0.30590782692307694 0.4195053125 0.30115787740384614 0.4190259639423077 0.1944665168269231 0.41354770673076924 0.1903255264423077 0.41457487980769236 0.18654992307692309 0.4163553125
10 0.18143458653846153 0.47812531730769237 0.18155637980769232 0.48011118509615386 0.18496660817307695 0.48223400961538465 0.18825503605769228 0.48271335576923075 0.29640790865384614 0.4874383557692308 0.30018352403846155 0.4864796586538462 0.3034719519230769 0.4851785721153846 0.3035937524038462 0.4835350985576923 0.3073693485576923 0.4559383677884616 0.3061514110576923 0.45443184615384613 0.3029847836538461 0.4537470625 0.29518997115384615 0.4533361947115385 0.24756861298076924 0.45107641346153843 0.21772912740384615 0.4497753245192308 0.18837682932692307 0.44847423798076924 0.18460122355769232 0.4501861947115385 0.18143458653846153 0.47812531730769237
10 0.31181755528846156 0.4220301706730769 0.31067606009615384 0.4238913990384615 0.3096487211538462 0.4261377091346154 0.3075940264423077 0.4519381826923077 0.3088496706730769 0.45335015144230767 0.31101851201923075 0.45431285576923075 0.3133015048076923 0.4548262956730769 0.4255105072115385 0.4586771129807692 0.4291633076923077 0.45655916586538464 0.4308755504807692 0.4535426899038461 0.43327268028846155 0.42665115144230764 0.4308755504807692 0.4248541033653846 0.42939160336538457 0.42408394230769236 0.42802181009615387 0.4236988557692308 0.3168461370192308 0.42009371153846153 0.3137581033653846 0.42048984134615386 0.31181755528846156 0.4220301706730769
10 0.30696984375 0.4560508581730769 0.3059898701923077 0.45843848076923077 0.30261439903846155 0.4852532764423077 0.3029410576923077 0.4865389182692308 0.30620764423076924 0.48776333894230767 0.3126319350961539 0.4889877572115384 0.4201026514423077 0.4922324735576923 0.42369589903846155 0.49039584375 0.4251114254807692 0.48904897836538463 0.4275069182692308 0.4605199903846154 0.4255469639423077 0.45849969951923075 0.4196671129807692 0.4577038269230769 0.3136119110576923 0.45409178605769235 0.3103453245192308 0.4543978918269231 0.30696984375 0.4560508581730769
10 0.22080362259615385 0.4866725384615384 0.21711196634615385 0.5121730264423077 0.21698012500000002 0.5143969086538461 0.21948517548076923 0.5170655625 0.22146284615384618 0.5176585985576924 0.22462712259615386 0.5182516370192307 0.3304984134615384 0.52292178125 0.33603588701923076 0.5218098413461538 0.3398593966346154 0.5203272548076924 0.34368288461538465 0.4914168125 0.33893648798076925 0.48926706490384614 0.22750284375 0.4836392884615384 0.22291313701923077 0.48511581730769227 0.22080362259615385 0.4866725384615384
10 0.34139637740384615 0.49232572836538463 0.3378923173076923 0.5199077692307692 0.33931584375 0.5213238100961538 0.3419438870192308 0.5223088798076924 0.3476379735576923 0.5231092548076923 0.4465180144230769 0.5263723100961538 0.45297862740384615 0.5258797716346154 0.4568111875 0.5244021610576923 0.4590012211538462 0.5219394807692308 0.4611912548076923 0.49509624519230766 0.45922022115384614 0.49355706971153845 0.4557161682692307 0.4919563269230769 0.3467947451923077 0.4896206706730769 0.3421628870192308 0.4901093149038462 0.34139637740384615 0.49232572836538463
10 0.20052843750000002 0.518520608173077 0.19850132451923075 0.5251148100961539 0.19502627163461536 0.5461999783653846 0.19560544951923076 0.5480724086538461 0.20009405288461538 0.5500262427884615 0.20458265625 0.5507589326923077 0.3107164903846154 0.5553993004807692 0.3153498846153846 0.5545037860576923 0.3182457596153846 0.5516544399038461 0.32201040625000005 0.5243821225961539 0.31911453125 0.5214513629807692 0.3152051057692308 0.5209629062500001 0.21341507451923075 0.5162411322115384 0.2050170432692308 0.5166481826923077 0.20052843750000002 0.518520608173077
10 0.18547430528846157 0.5502216370192308 0.1837594423076923 0.5517367692307692 0.17922731490384616 0.5803865697115385 0.17996225240384614 0.5820394447115385 0.1841269158653846 0.5832102331730769 0.29743023317307693 0.5874112836538461 0.3012274134615385 0.584794233173077 0.3050246129807692 0.55648878125 0.3004924855769231 0.5535962524038461 0.19539599759615384 0.549326329326923 0.18927149519230768 0.549326329326923 0.18547430528846157 0.5502216370192308
10 0.17970021153846152 0.6162547596153847 0.29037837259615384 0.6209836995192308 0.2966864615384615 0.6171145625 0.30089184375 0.5887409471153846 0.29573068990384616 0.5860540504807692 0.17855329086538463 0.5825073485576924 0.17396559375 0.612063201923077 0.17970021153846152 0.6162547596153847
10 0.16577351682692307 0.64527321875 0.17204610817307692 0.649276548076923 0.2841049927884615 0.6530892451923077 0.2893604110576923 0.6481327427884616 0.29139475721153846 0.62096728125 0.2873260384615385 0.6194421971153846 0.1759452764423077 0.6146763269230769 0.16950316826923076 0.6170592620192308 0.16577351682692307 0.64527321875
10 0.45311441346153847 0.3212027884615385 0.4501413846153846 0.35177869711538456 0.45249503125 0.35456465625 0.4559635552884615 0.3556790384615385 0.5663371370192307 0.3590221923076923 0.5721593076923077 0.35700237019230774 0.573769701923077 0.3533109735576923 0.5766188557692308 0.3257299735576923 0.5720354254807692 0.322177875 0.4600514711538462 0.3182078822115385 0.4554654783653846 0.31920000480769234 0.45311441346153847 0.3212027884615385
10 0.5741107091346154 0.3263883125 0.5692163653846154 0.35390662259615385 0.5690532115384616 0.3567501875 0.5708478149038462 0.35794264423076927 0.5746001370192307 0.3591351081730769 0.6765656105769231 0.36372149278846155 0.6821125480769231 0.36317112740384616 0.686843735576923 0.36170347836538463 0.6894540625 0.3582178293269231 0.6928800865384616 0.33271752403846155 0.6897803461538461 0.32941532692307696 0.6832545552884616 0.32840631971153844 0.671181829326923 0.3279476826923077 0.582757375 0.32372820913461536 0.5767210216346154 0.3240951201923077 0.5741107091346154 0.3263883125
10 0.6992772403846155 0.32508417548076923 0.6967980745192308 0.32949822115384614 0.6885341658653845 0.3879262091346154 0.6881209591346154 0.3908301826923077 0.6926661201923078 0.39303720673076925 0.7036157884615384 0.3941987980769231 0.7451419254807692 0.39512806490384617 0.7505134807692309 0.39303720673076925 0.7536124447115384 0.38862316105769235 0.763529127403846 0.3300790168269231 0.7612565552884616 0.3257811298076923 0.7562982067307692 0.32345794951923074 0.7503068701923077 0.32252868028846154 0.7098137211538462 0.32159940624999994 0.7029960048076924 0.32241251682692307 0.6992772403846155 0.32508417548076923
10 0.7556795288461539 0.3594716514423077 0.7550264302884616 0.36387815625 0.7530670985576923 0.38985817067307693 0.7550264302884616 0.39224502644230774 0.7586185240384615 0.39343845673076927 0.7692315408653846 0.39389746634615386 0.8706266634615385 0.3914188052884615 0.8763413653846153 0.3893991610576923 0.8796069086538462 0.3863696850961539 0.8794436466346155 0.35965525721153846 0.8776475889423078 0.3563503774038462 0.8720961730769231 0.35515694951923077 0.7648230625000001 0.3566257860576923 0.7597614591346153 0.3576356081730769 0.7556795288461539 0.3594716514423077
10 1 0.37987587259615385 0.9941629230769231 0.37790272836538463 0.9534953197115384 0.37395644471153844 0.9448250576923077 0.37430464423076926 0.9390448990384616 0.3777866634615385 0.9219108221153847 0.4395344639423077 0.9248009086538461 0.4430164807692308 0.9739323293269231 0.44696277163461534 0.9805382596153845 0.4456860336538462 0.9850798149038462 0.44127547115384613 1 0.3871881129807692 1 0.37987587259615385
10 0.782075423076923 0.39694084855769235 0.7815910360576923 0.42353963461538463 0.7830441850961538 0.42580915625 0.7865963269230769 0.42744321394230766 0.7919245216346155 0.4278063317307692 0.8976812644230769 0.4259907139423077 0.9041396899038462 0.42299494711538466 0.9070459879807693 0.42018075 0.9073689038461539 0.39249258653846153 0.9036553028846155 0.38995072115384616 0.8988114831730769 0.38913369471153847 0.7899160216346155 0.39186956490384617 0.7840129447115385 0.39294649038461543 0.782075423076923 0.39694084855769235
10 0.8552171129807692 0.4595831274038461 0.8833112740384615 0.45921999519230766 0.9001031730769231 0.45858453365384616 0.9084991225961538 0.4547717355769231 0.9093064278846155 0.4273559230769231 0.9052699110576923 0.42390625 0.8980041802884616 0.4233615649038462 0.7932162115384614 0.4259942091346154 0.7872421586538461 0.4282637307692308 0.7867577836538462 0.4319857451923077 0.7856275528846154 0.4554979903846154 0.7864348557692308 0.45849375 0.7923383341346154 0.45999709615384615 0.8069403677884615 0.4599462451923077 0.8552171129807692 0.4595831274038461
10 0.8247182836538461 0.5006867788461539 0.8281804134615385 0.5025360240384615 0.9382761057692307 0.5026333509615385 0.9500473509615385 0.5013680841346153 0.9540288028846154 0.49766959134615385 0.9562791658653846 0.47470003125 0.9559329591346154 0.46866565865384613 0.950739764423077 0.4655511394230769 0.9434693004807693 0.46516182451923077 0.8380474735576923 0.46516182451923077 0.8302576850961538 0.46623244230769234 0.8257569206730769 0.47002825721153846 0.8238527524038461 0.48248632211538467 0.8235174951923077 0.49743631971153845 0.8247182836538461 0.5006867788461539
10 0.8277106225961539 0.5272066947115385 0.8304183894230769 0.5286566322115385 0.8345445072115385 0.5293816009615384 0.9414367451923076 0.5274966802884615 0.9454339302884616 0.5256117692307692 0.9482706322115385 0.5226393942307692 0.9486574591346154 0.49980289182692306 0.9459496850961538 0.49784547355769226 0.9438866394230769 0.49741049278846156 0.8318367403846154 0.49726550240384615 0.829386860576923 0.4980629639423077 0.8278108653846155 0.4993753918269231 0.8262922716346155 0.5256842596153846 0.8277106225961539 0.5272066947115385
10 0.8271948605769232 0.5315592932692308 0.82667909375 0.5340966826923077 0.8259054471153846 0.558383125 0.8265501538461538 0.5601230504807693 0.82887109375 0.561283 0.8319656850961539 0.5622979567307692 0.9389868701923076 0.5613554975961539 0.9445313461538463 0.5590355985576922 0.9476259254807692 0.5557007427884615 0.9486574591346154 0.5310518173076922 0.9468522716346153 0.528586923076923 0.9433708629807692 0.5274269759615385 0.9392447475961538 0.5267745024038462 0.8323245576923076 0.5286640048076923 0.8291289783653847 0.5300368605769231 0.8271948605769232 0.5315592932692308
10 0.8077465168269231 0.5618426754807693 0.8036203942307693 0.5626401442307692 0.8014283966346153 0.5648875432692309 0.8007836923076923 0.5919288653846154 0.8018152139423077 0.5935237980769231 0.804007221153846 0.5946837475961538 0.8077465168269231 0.5956262019230769 0.9152834639423078 0.5937412860576923 0.919409579326923 0.5917838725961538 0.922633108173077 0.5882315264423077 0.9228909855769231 0.5839542115384615 0.9230199350961539 0.5638000913461538 0.9214726442307692 0.5614801923076923 0.9185069951923077 0.5604652379807692 0.8250704110576923 0.5615796923076923 0.8150961610576922 0.5616976826923077 0.8077465168269231 0.5618426754807693
10 0.7735193581730768 0.5936936586538462 0.7687040961538462 0.5957048461538462 0.7682257139423078 0.5990521057692308 0.7676753966346154 0.6077156850961538 0.7671250841346153 0.6253522548076924 0.7700142379807692 0.627440795673077 0.7745543413461539 0.628833158653846 0.8781512548076923 0.627440795673077 0.8833792572115384 0.6270540264423077 0.887781778846154 0.6245787211538462 0.8897078749999999 0.6214845889423077 0.8899830504807693 0.5968862091346154 0.8872314711538463 0.5951070865384616 0.8828289302884615 0.5934826610576923 0.8781512548076923 0.5930958942307692 0.8000064375 0.5940241370192307 0.7838377764423077 0.5936936586538462 0.7735193581730768 0.5936936586538462
10 0.8917273365384616 0.61219475 0.8596073365384616 0.6699648365384616 0.8594298822115385 0.6717607932692308 0.8624466706730769 0.6731576538461539 0.9078760649038462 0.6804412788461539 0.9135547475961538 0.6799423990384615 0.9183461225961539 0.6779468870192308 0.9509985048076923 0.6225714134615384 0.9504661225961539 0.61937859375 0.9470944206730769 0.6173830817307693 0.9421255745192307 0.6158864471153845 0.9016836201923077 0.6100291730769231 0.8950990528846153 0.6102990144230769 0.8917273365384616 0.61219475
10 0.7977993028846153 0.6267769663461539 0.7924745817307692 0.6289647524038462 0.7703565 0.684235141826923 0.7697421033653846 0.6878046875 0.7724044711538463 0.6902227740384616 0.7793675624999999 0.6914893846153846 0.8180742211538461 0.6963255408653846 0.825037326923077 0.6962103942307691 0.8299524615384615 0.6924105528846154 0.8528897331730769 0.6377159014423076 0.8528897331730769 0.6342615024038462 0.8462598052884616 0.6312767379807693 0.8051720120192307 0.6268921129807693 0.7977993028846153 0.6267769663461539
10 0.7742154326923077 0.6966600625 0.772838108173077 0.6989832524038462 0.77130775 0.7240220576923077 0.7734502524038462 0.7259150216346154 0.7775822163461539 0.7268615048076923 0.7817141899038462 0.7271196394230769 0.8824117620192309 0.7264312836538462 0.8868498149038462 0.7241941418269231 0.8885331947115385 0.7217849086538461 0.8900635528846154 0.6976925913461538 0.8879210600961538 0.695713576923077 0.8854724783653847 0.6942508317307692 0.8386225384615386 0.694178170673077 0.7781943605769231 0.6945089639423077 0.7742154326923077 0.6966600625
10 0.6582906754807692 0.6969758749999999 0.6560246658653845 0.70052503125 0.654244235576923 0.7243680817307693 0.6565102451923077 0.7259151538461539 0.6623371153846154 0.7275532211538462 0.7660878461538462 0.7273712163461539 0.7722384399038462 0.7246410961538461 0.7741807259615385 0.7206369182692308 0.7745044375 0.6982499302884615 0.7704579975961539 0.695155795673077 0.7660878461538462 0.6942457548076924 0.6757057932692307 0.6952659951923077 0.6629845480769231 0.695155795673077 0.6582906754807692 0.6969758749999999
10 0.7565551322115385 0.6986914855769231 0.7631412908653845 0.6971044591346154 0.7652582908653845 0.6945916754807692 0.7673752548076924 0.6685381009615384 0.7652582908653845 0.6648350552884617 0.7596129951923077 0.66298353125 0.6521175961538461 0.6636447884615385 0.6441201225961539 0.6654963149038462 0.6434144567307692 0.6893016129807693 0.645766653846154 0.6959141923076924 0.6518823798076923 0.6977657187499999 0.7565551322115385 0.6986914855769231
10 0.6482992403846153 0.6333453317307692 0.6448319687499999 0.6362695240384616 0.6438206850961539 0.6604753533653847 0.6464211298076923 0.6628309567307693 0.6494549999999999 0.6652677836538461 0.7596852524038462 0.664536735576923 0.76445275 0.6618562307692308 0.7656085120192307 0.6569013413461539 0.7656085120192307 0.6339951490384615 0.7632969903846154 0.6319644591346154 0.7593963173076923 0.6300962283653846 0.6636130072115385 0.6312334110576923 0.6550893028846154 0.6313958653846155 0.6482992403846153 0.6333453317307692
10 0.652344391826923 0.5984955576923077 0.6517665096153846 0.6059684951923077 0.6508996947115384 0.6213205216346154 0.65061075 0.6265190817307692 0.6530667379807693 0.62944328125 0.6566784759615385 0.6318801105769231 0.7670532067307693 0.6313115120192307 0.7728319879807692 0.6288746850961539 0.7748545528846154 0.6266815408653846 0.7745656177884614 0.5997139711538462 0.7713872932692307 0.5982518725961539 0.7654640336538462 0.5972771442307692 0.68276803125 0.5980203245192308 0.6608680841346154 0.5979269615384616 0.652344391826923 0.5984955576923077
10 0.6850842620192308 0.5650837980769231 0.6785862427884616 0.5674697548076924 0.6763318317307692 0.5694829014423077 0.6751383173076922 0.5907328100961539 0.6756687692307692 0.5936406995192308 0.6776579591346154 0.5963248966346154 0.6817689471153846 0.5987854086538461 0.6860125576923076 0.6002766298076924 0.7724759855769231 0.5994564591346154 0.7960810120192308 0.5983380432692308 0.801120295673077 0.5947591153846153 0.801385516826923 0.5902854519230769 0.8012529158653846 0.5665004567307692 0.7974071394230768 0.5644127475961539 0.79104175 0.5636671346153845 0.7215527307692308 0.5646364302884616 0.6946323774038461 0.5642636249999999 0.6850842620192308 0.5650837980769231
10 0.7079591682692308 0.5321959591346154 0.70332484375 0.5344421971153847 0.701567 0.5373173798076923 0.70092778125 0.5444154903846153 0.7017268028846153 0.5621158413461539 0.7026856250000001 0.5639128317307692 0.7050826874999999 0.5654402764423077 0.7092375961538462 0.5662489182692307 0.7980887355769231 0.5651707259615384 0.8075171995192308 0.5649011754807692 0.8174250552884617 0.5636432860576923 0.8222191826923078 0.5616665937499999 0.823018204326923 0.53677828125 0.8225387860576923 0.5320162596153846 0.8158270144230768 0.5301294206730769 0.8019240528846154 0.5303091201923077 0.7418376586538462 0.5310279158653846 0.713232701923077 0.5321061105769231 0.7079591682692308 0.5321959591346154
10 0.7234420120192309 0.49824793028846154 0.711068451923077 0.4985606057692307 0.707592733173077 0.4998113028846154 0.7048121586538462 0.5017655144230769 0.7038389615384616 0.5047359182692308 0.7036999350961538 0.5265449471153846 0.7042560528846155 0.5301406995192308 0.7078707956730769 0.5318604038461539 0.7109294254807692 0.5324857548076923 0.7180198870192308 0.5329547644230769 0.8172864086538462 0.5314695625 0.8211792163461538 0.5302970336538462 0.8236817379807693 0.5289681706730769 0.8260452235576923 0.5269357884615384 0.8261842596153847 0.5026253701923077 0.8250720264423077 0.4997331346153846 0.8204840745192308 0.49777891826923076 0.8128374927884615 0.49730990865384617 0.7568089086538462 0.49816976201923074 0.7380400288461538 0.4980134254807692 0.7234420120192309 0.49824793028846154
10 0.6842149903846154 0.4640707091346154 0.6787646826923077 0.4645008269230769 0.6793341875000001 0.47149625240384613 0.6796212884615385 0.4852173701923077 0.6796212884615385 0.4932079086538461 0.6800519519230769 0.4965171177884615 0.6824923533653846 0.49885778124999997 0.6865118509615384 0.49918062500000004 0.7000058509615384 0.49982632692307694 0.7288600697115384 0.49966490384615386 0.7614466706730769 0.4994227644230769 0.7861378317307692 0.49918062500000004 0.7992011682692308 0.4978085168269231 0.804943298076923 0.4936921826923077 0.8056610649038463 0.48408739903846154 0.8055175240384614 0.46786419230769233 0.7993447283653846 0.46334429567307694 0.7878604663461538 0.46310215865384613 0.7192564495192308 0.4640025504807692 0.6997187475961538 0.46398999519230766 0.6842149903846154 0.4640707091346154
10 0.41503384615384614 0.35412648798076923 0.41253837740384613 0.35681571634615383 0.4106667668269231 0.38604644230769225 0.4117065480769231 0.3883849014423077 0.41440997115384615 0.3901387451923077 0.5244188774038462 0.3930618173076923 0.5302416610576923 0.39177566346153847 0.5354405697115385 0.3887356682692307 0.5381440096153847 0.36207724759615384 0.5364803509615385 0.35868648076923076 0.5321132548076923 0.3566987908653846 0.43374991586538464 0.35412648798076923 0.4210645841346154 0.35389264663461534 0.41503384615384614 0.35412648798076923
10 0.5389024350961539 0.3619837668269231 0.5353902403846154 0.3897817956730769 0.5375515961538462 0.3920603221153846 0.5403883725961538 0.39342743990384615 0.6496717139423077 0.397224983173077 0.65494 0.39593381490384616 0.659127625 0.39327553365384615 0.6606135432692307 0.3897817956730769 0.6638555817307693 0.36616106490384615 0.6629099951923076 0.3632749326923077 0.6585872764423077 0.36130020913461536 0.6531838966346153 0.3609204543269231 0.5433602259615384 0.35773051923076926 0.5405234543269231 0.35970524278846155 0.5389024350961539 0.3619837668269231
10 0.5090917908653846 0.42582200000000003 0.5159386466346154 0.42482110096153847 0.5196359663461538 0.4209714735576923 0.5214161322115385 0.39864363461538466 0.5210053365384616 0.39348513221153847 0.51717109375 0.39148332692307697 0.48362148798076926 0.3904824254807692 0.43103763942307693 0.38932753846153845 0.4104970721153846 0.38863460336538463 0.4052934567307692 0.38832663221153846 0.40104840144230774 0.38948151923076924 0.39899434615384616 0.3910213701923077 0.39776191346153844 0.3950249831730769 0.39557091826923074 0.42020154807692306 0.3981727235576923 0.4220493629807692 0.40063759134615384 0.42328125 0.40885381971153845 0.42412816586538465 0.4659566057692308 0.42536004567307695 0.4908791586538461 0.4255910240384615 0.5090917908653846 0.42582200000000003
10 0.5313771923076923 0.39306684615384613 0.5288885336538461 0.3956321274038462 0.5250172740384615 0.4220623076923077 0.5262616081730769 0.42439438221153847 0.529579829326923 0.42618231009615387 0.5349719278846155 0.4271151370192308 0.6378367091346154 0.4304577788461538 0.6422609975961537 0.42983588942307693 0.6458557427884616 0.42789249519230765 0.6473766009615385 0.42602683413461534 0.6484826586538461 0.4229174014423077 0.651800889423077 0.39905250480769233 0.6497270024038462 0.39703137259615384 0.6476531153846155 0.3956321274038462 0.6433670745192307 0.3951657139423077 0.5447883317307692 0.3915121298076923 0.5362162620192308 0.3915121298076923 0.5313771923076923 0.39306684615384613
10 0.6662152139423078 0.3940766346153846 0.6612264711538463 0.39661858653846155 0.6588879951923077 0.39959880528846153 0.6576408052884616 0.4052962788461538 0.6574849086538461 0.42615779807692306 0.6588879951923077 0.42826148317307694 0.6624736514423077 0.42948863221153843 0.6665270192307692 0.4308034350961538 0.6741660288461537 0.4310663918269231 0.7762794735576922 0.42931332211538464 0.781268216346154 0.42738494951923073 0.7842302740384616 0.42405411538461535 0.785009766826923 0.42089859134615387 0.7845420913461538 0.40520862259615387 0.7840743918269231 0.39731981250000004 0.7808005168269231 0.3936383677884615 0.7753440721153846 0.3927618341346154 0.7536742091346155 0.3927618341346154 0.6933415336538461 0.3939889831730769 0.6774399038461538 0.39381367548076923 0.6662152139423078 0.3940766346153846
10 0.656279627403846 0.43475450961538464 0.6561420288461538 0.4542504735576923 0.6561420288461538 0.4595112884615385 0.6564172355769231 0.46198696875 0.6587564206730769 0.4642305528846154 0.6639852067307692 0.4652362956730769 0.7724135817307692 0.46291534615384616 0.7768167620192308 0.46074913221153846 0.7795687499999999 0.4583508149038461 0.7797063581730769 0.44999540144230765 0.7794311634615384 0.4332845745192308 0.7776423677884616 0.42995788221153847 0.7743399879807692 0.42802375721153846 0.76732240625 0.4274048413461538 0.6631596009615385 0.42872004326923074 0.6573768846153847 0.43059429807692307 0.656279627403846 0.43475450961538464
10 0.47685994230769235 0.4248683317307692 0.4733112884615384 0.42669005288461537 0.4709969519230769 0.4383143701923077 0.4705340793269231 0.4469892331730769 0.4706883798076923 0.45236764903846155 0.4728131514423077 0.4579628028846154 0.47775039903846156 0.45926403365384616 0.4971908317307693 0.4603050144230769 0.5194084519230769 0.46134599759615386 0.5360716778846154 0.4621267379807692 0.5542777932692308 0.46290747355769235 0.5758782548076924 0.4631677211538462 0.5865242163461539 0.46334121634615383 0.5919243341346154 0.46151950240384615 0.5947015408653846 0.45857004086538466 0.5957815600961538 0.4535386201923077 0.59670728125 0.4468589759615385 0.5976330240384615 0.44009258173076926 0.5984044711538462 0.43367318750000006 0.5980958966346154 0.43072373076923076 0.5934672235576923 0.42812127163461533 0.5869870865384615 0.42725378605769226 0.5005851875 0.4244778293269231 0.48735159375 0.42417434134615384 0.47685994230769235 0.4248683317307692
10 0.4412276298076923 0.45676298557692313 0.4370476706730769 0.45756875721153845 0.43525625961538467 0.46012037259615385 0.43394593269230775 0.46566161057692307 0.43167681009615383 0.47909115384615386 0.43060196153846153 0.48547018750000004 0.4304825360576923 0.48855898557692307 0.43299050961538466 0.49070771153846154 0.4356179158653846 0.4917820793269231 0.4482772163461538 0.4925207019230769 0.4722821177884615 0.49413225000000005 0.49401790384615385 0.4952066105769231 0.5164702451923077 0.49587808894230767 0.5360563461538461 0.4966167139423077 0.547163076923077 0.4966838605769231 0.5525373100961539 0.49372935817307695 0.5537315841346154 0.48976764663461536 0.5573144038461538 0.46807892788461536 0.5571949879807693 0.46519157692307694 0.5525373100961539 0.4617670408653846 0.5093046033653846 0.46002120192307694 0.49139049759615383 0.45941687019230765 0.4772980721153846 0.4589468365384616 0.46893815625 0.45800676682692304 0.4520988894230769 0.4568652572115385 0.4412276298076923 0.45676298557692313
10 0.5794942427884615 0.4619240697115385 0.5650937067307692 0.46116929567307696 0.5600901225961539 0.4615809903846154 0.5588697379807692 0.46336499999999997 0.5583815913461538 0.4657665552884615 0.5555747019230769 0.48985070432692307 0.5553306298076923 0.49403627403846156 0.5578934350961539 0.49636920673076923 0.563019048076923 0.49794737259615385 0.6704129134615384 0.49973138461538463 0.6763928100961538 0.49781014423076925 0.6788335793269231 0.4949282764423077 0.6815184230769231 0.4682367259615384 0.6784674591346154 0.4655607067307692 0.6729757283653846 0.46411977884615385 0.6156176322115384 0.4628160745192308 0.5963355576923077 0.4621985336538461 0.5794942427884615 0.4619240697115385
10 0.5817398245192308 0.5323713774038462 0.5895613629807692 0.5334300649038461 0.6489470961538462 0.5353031346153846 0.6799435456730769 0.5354660072115385 0.6926897572115384 0.5349773822115385 0.7002216009615385 0.5323713774038462 0.7028287836538462 0.5287066754807692 0.7044220697115384 0.5041939182692308 0.7012355216346153 0.5015879086538462 0.6957314735576923 0.49971484134615385 0.6837094783653845 0.4989819014423077 0.6548856802884615 0.4991447764423077 0.6350421466346153 0.49930765384615383 0.6151986129807692 0.4988190288461538 0.600279764423077 0.4983303990384615 0.5870990192307692 0.4987375889423077 0.5828985745192308 0.4983303990384615 0.5795671754807692 0.49947052884615384 0.57710484375 0.5035424134615385 0.5766703100961539 0.5088358677884616 0.5763806274038461 0.5149436995192308 0.5756564110576923 0.5204000288461539 0.5760909350961538 0.5247162283653846 0.5762357764423076 0.5274036802884615 0.5784084254807692 0.5307426201923077 0.5817398245192308 0.5323713774038462
10 0.4614463317307692 0.4942522932692308 0.4595197716346154 0.49672818028846155 0.4570427764423077 0.5234987379807692 0.4577308341346154 0.5262067427884616 0.46227199759615384 0.5279089182692307 0.5574989735576923 0.5304621778846154 0.5685078725961539 0.5306169230769231 0.5758012716346154 0.5289921225961538 0.5792415528846153 0.5258198846153846 0.5810305024038461 0.5081791706730769 0.580204826923077 0.5002872740384615 0.5788287139423077 0.4975018966346154 0.5740123221153847 0.49541286538461543 0.5632786418269231 0.49463915144230775 0.5466276947115385 0.4941749206730769 0.482225625 0.4931690889423077 0.47328089663461537 0.4930143485576923 0.4736937331730769 0.49309171875 0.46681317307692305 0.49309171875 0.4614463317307692 0.4942522932692308
10 0.32094842307692306 0.5256659711538462 0.3186096274038462 0.5420746538461538 0.31789781971153847 0.5488210793269231 0.3175927596153846 0.5521371225961539 0.3187113173076923 0.5540238365384615 0.32420239903846154 0.5552244711538461 0.3893836153846154 0.5570540096153846 0.41104290625 0.5576257403846154 0.42507566826923077 0.5581403004807692 0.4321937403846154 0.5582546442307692 0.4379898990384615 0.5559105480769231 0.43870170432692307 0.5513938701923077 0.43961687740384614 0.5441900576923077 0.4411421802884616 0.5340132451923076 0.44134555048076923 0.5273239903846154 0.43870170432692307 0.5252085841346154 0.4324988052884615 0.5242938149038461 0.3335556466346154 0.52116328125 0.32613444951923076 0.5215495048076924 0.3224737235576923 0.5227501394230769 0.32094842307692306 0.5256659711538462
10 0.4466170408653846 0.52618196875 0.44468667548076923 0.5291666490384616 0.44211286538461536 0.5546721201923077 0.4419520048076923 0.5571141274038461 0.4443649543269231 0.5589230240384615 0.44806480048076924 0.5600083653846154 0.5482825817307693 0.5631739326923078 0.55729090625 0.5617268149038461 0.5624385240384615 0.5596465841346154 0.5640471538461539 0.5536772211538461 0.5653340649038461 0.5320608870192308 0.5624385240384615 0.5293475408653846 0.5592212596153846 0.5286239807692308 0.5453870408653846 0.5280813125 0.45998434375 0.5255590264423077 0.45192551923076923 0.5253679639423077 0.4466170408653846 0.52618196875
10 0.5646899591346154 0.53297109375 0.5632760216346153 0.5580127884615385 0.5639829903846154 0.5617226778846154 0.5679890961538462 0.5635776081730769 0.6372713125 0.5653000528846154 0.6643714975961538 0.5659625312500001 0.6782750937500001 0.5662275240384615 0.6848733701923078 0.56238515625 0.688172545673077 0.535886 0.6815742331730769 0.5319111298076923 0.6688489423076922 0.5316461370192308 0.5780957860576923 0.5290164254807692 0.5679890961538462 0.5295262067307692 0.5646899591346154 0.53297109375
10 0.42887646875 0.5576836418269231 0.4289815264423077 0.5635300384615385 0.42569558894230763 0.5887793052884616 0.4298942860576923 0.5912426490384616 0.5374173125 0.5942191826923077 0.5430764302884615 0.5924743173076923 0.5456321442307692 0.5899083341346154 0.5483704230769231 0.5644537932692308 0.5449019495192308 0.5610666947115385 0.5392428317307693 0.5600403004807692 0.4426729134615384 0.5569611225961538 0.43281511298076925 0.5566532043269231 0.42887646875 0.5576836418269231
10 0.3085183076923077 0.5602399086538461 0.3061974110576923 0.5822700408653846 0.30606087740384613 0.5847263677884615 0.30797221153846155 0.5862615673076923 0.31111225721153846 0.5877967668269231 0.41514325480769226 0.5916347692307693 0.4204676875 0.5904066033653846 0.42469990865384616 0.5883340865384615 0.42661125 0.5864150841346154 0.42893214903846155 0.5619286274038461 0.4279764879807692 0.5592420264423077 0.4241538221153846 0.5573997884615385 0.41582587259615383 0.5570159879807692 0.31875757932692306 0.5533315024038461 0.312614016826923 0.5537153028846153 0.3092009254807693 0.5561716250000001 0.3085183076923077 0.5602399086538461
10 0.5494681947115384 0.5612668076923076 0.54480040625 0.5625099711538462 0.5451689086538462 0.5661703942307692 0.5444965264423077 0.5915870216346154 0.5451107091346153 0.5931064423076923 0.5465847548076923 0.5949021274038462 0.5487958100961539 0.5959380961538462 0.5548148100961539 0.5966287379807692 0.6140221033653847 0.5982172211538461 0.6409233413461538 0.5988388052884616 0.6514872860576923 0.5991841274038461 0.6592260024038462 0.5983553533653846 0.6632796177884616 0.5964215432692308 0.6654906826923077 0.5941424110576923 0.6672103870192309 0.5717654759615385 0.66696471875 0.5672762764423077 0.6625425889423078 0.5647208870192307 0.6568921129807692 0.563823045673077 0.5638831995192308 0.5617022427884616 0.5552415240384615 0.5611977427884616 0.5494681947115384 0.5612668076923076
10 0.29902470192307695 0.5881975504807693 0.2972966682692308 0.5990237427884615 0.2964326466346154 0.6076291778846155 0.2944577548076923 0.6158876177884616 0.2959389302884615 0.618108375 0.29890126442307696 0.6197045480769231 0.3054431033653846 0.6207455264423077 0.4066564014423077 0.6240766586538461 0.4115936346153846 0.6218559038461537 0.41443252884615384 0.6201903365384616 0.41776517788461537 0.5947210264423076 0.4162839927884615 0.5909734975961538 0.41369195673076925 0.5897243245192307 0.3063071153846154 0.586531983173077 0.3028510576923077 0.5866707788461538 0.29902470192307695 0.5881975504807693
10 0.41521418269230764 0.5932960288461538 0.4125060264423077 0.6212112980769231 0.41521418269230764 0.6239182307692308 0.5009722836538462 0.6266251682692308 0.5229384086538462 0.62713271875 0.5316647019230769 0.6244257860576923 0.5346737596153847 0.6090300889423077 0.5355764399038462 0.5944803149038461 0.5292574471153846 0.5922809350961539 0.4269494855769231 0.5872054254807693 0.4188250408653846 0.5899123605769231 0.41521418269230764 0.5932960288461538
10 0.40512721394230766 0.6529595264423077 0.40790021875 0.6254152283653845 0.4040708293269231 0.6226682211538462 0.29711233653846153 0.6188818100961538 0.2897176658653846 0.6198469735576922 0.2883971923076923 0.6259349302884616 0.2846998653846154 0.6504352451923077 0.29157634375 0.6526480528846155 0.39892098317307695 0.6562262307692308 0.40512721394230766 0.6529595264423077
10 0.4067621875 0.625277951923077 0.4059208822115385 0.6293774927884616 0.40353716586538463 0.6523191394230768 0.4047991322115384 0.6544477451923078 0.41082851682692306 0.6563398413461539 0.5175345264423077 0.657995423076923 0.5231432524038462 0.6551572836538462 0.52384434375 0.6490868173076922 0.5256671610576923 0.6270912115384615 0.5194975721153846 0.6245684206730769 0.4176992067307692 0.6224398124999999 0.41152960817307693 0.6225974879807693 0.4067621875 0.625277951923077
10 0.6479545024038462 0.6279632259615385 0.6498521826923077 0.6249893052884615 0.6522920649038462 0.5989102427884615 0.6486322499999999 0.5967751153846154 0.6411770721153847 0.5962413341346153 0.5460220312499999 0.5928098774038462 0.5391090552884615 0.5928098774038462 0.5342293125 0.5941824615384615 0.531924985576923 0.6061544254807693 0.5298917572115385 0.6209478100961537 0.5308405985576923 0.6255230817307692 0.5359914399038461 0.6273531899038461 0.6428036754807693 0.6299458485576923 0.6479545024038462 0.6279632259615385
10 0.5270128894230769 0.6607052764423076 0.6369292620192308 0.662858295673077 0.6409095120192307 0.6597579399038461 0.6438181706730769 0.6317686201923076 0.637694701923077 0.6284098966346154 0.5355857548076923 0.6255679062499999 0.5303808004807693 0.625223423076923 0.5250227548076923 0.6263429951923077 0.5228795552884615 0.6297878341346154 0.5210874855769231 0.6571064735576922 0.5233387980769231 0.6596718149038462 0.5270128894230769 0.6607052764423076
10 0.5242528461538462 0.6592715264423077 0.5227405072115384 0.6620202139423077 0.5223915048076923 0.6667976850961538 0.5223915048076923 0.6743892908653847 0.521577170673077 0.6811955600961539 0.5214608389423077 0.6866929278846154 0.5213445144230769 0.6900306153846153 0.5235548413461538 0.6919939615384615 0.5291388413461539 0.6940227524038461 0.6358166105769231 0.6953970961538462 0.6405862740384615 0.691666735576923 0.6414006225961538 0.6889834951923077 0.643145625 0.664179891826923 0.6404699423076923 0.6622165456730769 0.6369799399038462 0.6616929879807691 0.6256956105769231 0.660842204326923 0.53262884375 0.6580280721153847 0.5269285072115385 0.6583552980769232 0.5242528461538462 0.6592715264423077
10 0.40787835576923076 0.657774016826923 0.40684549519230767 0.663971860576923 0.40535359134615384 0.6766257860576924 0.4046650168269231 0.6835983509615384 0.40477977644230767 0.6871491947115385 0.40684549519230767 0.68869865625 0.4106326418269231 0.6896025096153846 0.41591168990384614 0.6900544326923076 0.46376744471153847 0.6909582836538462 0.4838507860576923 0.6910874086538462 0.49808127884615383 0.69102284375 0.5112789038461538 0.6912810865384615 0.5183941562500001 0.6909582836538462 0.5218370144230768 0.68889234375 0.5233289110576923 0.6876011249999999 0.5242470072115385 0.6701696971153847 0.5243617932692307 0.6628097620192308 0.5240174855769231 0.6601627692307692 0.5203451177884616 0.6579676995192307 0.5159841514423077 0.6571929711538461 0.4494221923076923 0.6563536778846154 0.4156821778846154 0.6555143870192308 0.41017359375 0.6557726322115385 0.40787835576923076 0.657774016826923
10 0.29803414182692306 0.6530082115384614 0.29218127884615386 0.653331014423077 0.2888531802884616 0.6555260841346153 0.28701698798076924 0.6576565937500001 0.28541031971153846 0.6674052764423077 0.28483651201923077 0.6739259206730769 0.2842627043269231 0.6800592019230769 0.2841479375 0.6832872403846154 0.2862136538461538 0.6851595096153846 0.28804984375 0.6858696754807692 0.29114842307692307 0.68677353125 0.3631041923076923 0.6890331586538461 0.3820399206730769 0.6892268389423077 0.3930570745192308 0.6896787692307692 0.39994279326923077 0.6896142019230769 0.4038446923076923 0.6872254495192307 0.40579564423076925 0.6848367067307692 0.40740231250000003 0.6679217644230769 0.40832040865384617 0.6595934182692308 0.4065989783653846 0.6575920288461539 0.4032708918269231 0.6563653774038462 0.39868040384615383 0.6557197692307692 0.314674625 0.6537829399038462 0.3045755745192308 0.6531373317307693 0.29803414182692306 0.6530082115384614