10 0.42554153125 0.4597751923076923 0.43018495192307693 0.4243236610576923 0.30547659375 0.41947239903846156 0.3013265168269231 0.42219871875000003 0.3008332427884616 0.45567027884615385 0.42554153125 0.4597751923076923
10 0.5893871009615385 0.4616410552884615 0.5920404759615384 0.4284285745192308 0.4673321153846154 0.42395048798076923 0.46452096153846156 0.4256364879807692 0.46268869471153845 0.45716296875 0.5893871009615385 0.4616410552884615
10 0.3041499423076923 0.45716295913461535 0.30813003846153847 0.4205919038461538 0.18740170432692307 0.41536746875 0.1867383798076923 0.41536746875 0.1814502283653846 0.41587889903846154 0.17877825721153845 0.45156534615384614 0.3041499423076923 0.45716295913461535
10 0.15688797596153847 0.48216563461538464 0.18275831730769232 0.41462113942307693 0.12106750000000001 0.4075308293269231 0.11629685336538462 0.4098289278846154 0.09586048317307692 0.4758216754807692 0.15688797596153847 0.48216563461538464
10 0.5721402067307693 0.5299319206730769 0.57280353125 0.4955998870192308 0.44875856971153844 0.4929876730769231 0.45128167788461543 0.49483750961538464 0.44875856971153844 0.5284392019230769 0.5721402067307693 0.5299319206730769
10 0.5448239471153846 0.49604970913461544 0.5520259711538462 0.4612912091346154 0.43035004086538464 0.45702636057692303 0.4302394831730769 0.4585344014423077 0.4246642692307692 0.49114513221153844 0.5448239471153846 0.49604970913461544
10 0.3279110408653846 0.5218520432692307 0.4518612524038461 0.5252639158653847 0.4564098942307692 0.49093190384615387 0.3354920889423077 0.4887994879807692 0.33366484375 0.49015644471153846 0.3305644038461538 0.5205725985576923 0.3279110408653846 0.5218520432692307
10 0.41878897596153847 0.49226468028846154 0.4237166610576923 0.45899887980769233 0.3009035793269231 0.45409431009615386 0.2999445769230769 0.45555708894230773 0.2997664278846154 0.4882130793269231 0.41878897596153847 0.49226468028846154
10 0.5590384038461539 0.5608753846153847 0.5601755745192307 0.5293155096153846 0.4396368125 0.5254771634615385 0.43883339663461535 0.5266147764423077 0.4358462596153846 0.5583164711538461 0.5590384038461539 0.5608753846153847
10 0.6809986490384615 0.5621015552884615 0.6836520336538462 0.5305416802884616 0.5623551850961538 0.5292622259615385 0.5605285384615384 0.5303315817307692 0.5593227572115385 0.5623147932692307 0.6809986490384615 0.5621015552884615
10 0.6931282884615384 0.5321943028846154 0.6957816322115384 0.49828876442307696 0.5778962524038461 0.49700931490384614 0.5764014831730769 0.49685057211538464 0.5744847836538461 0.5298486274038462 0.6931282884615384 0.5321943028846154
10 0.5552021442307692 0.4630029951923077 0.5514574375 0.49711592548076927 0.6735124134615386 0.49839538221153845 0.6765448004807693 0.4651295769230769 0.5552021442307692 0.4630029951923077
10 0.5406545408653846 0.5595124447115385 0.5398962620192308 0.5955403581730769 0.664225579326923 0.5953271201923077 0.6611931514423077 0.5627010432692308 0.5406545408653846 0.5595124447115385
10 0.5410334326923076 0.5929814567307692 0.5421706033653846 0.5580097211538462 0.4178413293269231 0.5577964735576922 0.4242871033653846 0.5586088245192308 0.4204946706730769 0.5902093076923077 0.5410334326923076 0.5929814567307692
10 0.6433776826923077 0.629339264423077 0.6445148125 0.5945807764423077 0.5251132211538462 0.5926615985576923 0.5287765865384615 0.5928373173076923 0.5247341778846154 0.6278465697115384 0.6433776826923077 0.629339264423077
10 0.527671875 0.6251277524038461 0.5291880865384615 0.5910089759615385 0.40675406971153844 0.5888765625 0.40973098798076923 0.5909760576923077 0.40713311298076926 0.6221423557692307 0.527671875 0.6251277524038461
10 0.5179112355769231 0.65803346875 0.5190483653846154 0.6254073990384617 0.4011629879807692 0.6230617235576923 0.4011310817307692 0.6259520408653846 0.3992677307692307 0.6561142788461538 0.5179112355769231 0.65803346875
10 0.638355185096154 0.6608056129807692 0.6391133124999999 0.6275398076923077 0.5197117211538461 0.6258338774038462 0.5188657716346154 0.6285516033653846 0.5189535961538462 0.6588864350961539 0.638355185096154 0.6608056129807692
10 0.6401557115384615 0.6957240336538462 0.6447043125 0.659899326923077 0.5203750384615384 0.6577668990384615 0.5207540817307692 0.6584066346153846 0.51847978125 0.6931651201923077 0.6401557115384615 0.6957240336538462
10 0.5173426923076924 0.6908194615384615 0.5241656322115384 0.6569139350961539 0.4017316129807692 0.6539285264423077 0.40211065625 0.6575536682692308 0.4057725552884615 0.657942625 0.4005944447115385 0.6884737860576924 0.5173426923076924 0.6908194615384615
10 0.40087870673076925 0.6561142692307692 0.4046692596153846 0.6224219903846154 0.2826142860576923 0.6190101177884616 0.28538839182692305 0.6211157211538462 0.2814771153846154 0.6537686057692308 0.40087870673076925 0.6561142692307692
10 0.41149220192307695 0.5905422836538462 0.2936068028846154 0.5858509543269231 0.2886791201923077 0.6184770264423077 0.2864047980769231 0.6197564807692307 0.40694356009615384 0.6231683533653847 0.41149220192307695 0.5905422836538462
10 0.3964248557692308 0.6899796129807693 0.4024897115384615 0.6895531274038462 0.40400592307692307 0.6545813918269231 0.28422526923076924 0.6518092427884615 0.28341018509615384 0.6534806610576923 0.28005569230769234 0.6861412548076923 0.3964248557692308 0.6899796129807693
10 0.5175321826923077 0.7328945913461538 0.5213226971153846 0.7006950072115384 0.40078393509615384 0.6974963725961539 0.4024617043269231 0.6999824567307692 0.3988886778846154 0.7301224423076923 0.5175321826923077 0.7328945913461538
10 0.6547492427884615 0.7366263581730769 0.6570235841346155 0.7065591899038461 0.6570235841346155 0.7046400096153846 0.5353476514423077 0.7031473173076923 0.5372429086538462 0.7067724375 0.5387129639423077 0.7077972788461538 0.5387591225961539 0.7357733894230769 0.6547492427884615 0.7366263581730769
10 0.8831370817307692 0.7225385384615385 0.8846532956730768 0.6890594951923077 0.7671469615384615 0.6903389519230768 0.7642382331730769 0.6910469807692308 0.7644935793269231 0.7246709663461538 0.8831370817307692 0.7225385384615385
10 0.7701792379807693 0.7263769062500001 0.7679049375000001 0.6926846225961539 0.6522938605769231 0.6943905576923076 0.6544576033653846 0.6970085673076922 0.65343103125 0.7263769062500001 0.7701792379807693 0.7263769062500001
10 0.7633562860576923 0.6943905528846154 0.7629772427884615 0.6630439375 0.6435756514423077 0.6624042091346154 0.6432220889423077 0.6627777740384615 0.6458499519230769 0.6958832572115384 0.7633562860576923 0.6943905528846154
10 0.7625982620192308 0.6613249134615384 0.7618401346153847 0.6280591081730769 0.6409223293269231 0.6284855889423077 0.637510858173077 0.628272358173077 0.637510858173077 0.6621778846153846 0.7625982620192308 0.6613249134615384
10 0.7691368701923077 0.62715284375 0.7698949567307692 0.5945267788461538 0.6470818942307692 0.5953797379807693 0.6474609375 0.5990048581730769 0.6467028509615385 0.5983651298076923 0.6459447235576923 0.6280058197115385 0.7691368701923077 0.62715284375
10 0.8785883004807692 0.6244872908653847 0.8785883004807692 0.5903685264423078 0.7648725216346153 0.5931406754807692 0.7655608437500001 0.5943219495192308 0.7656306081730769 0.6274726875 0.8785883004807692 0.6244872908653847
10 0.9122292932692309 0.6767849759615385 0.9471021658653846 0.6164374110576923 0.8947928966346154 0.6074812283653845 0.891239983173077 0.60659759375 0.8557504663461538 0.6688950024038461 0.9122292932692309 0.6767849759615385
10 0.8238152307692308 0.6930446947115385 0.8484536514423078 0.6299249783653846 0.7923538677884616 0.6239541947115386 0.7900795673076922 0.6250204014423077 0.7654411057692307 0.6877136442307693 0.8238152307692308 0.6930446947115385
10 0.7935858076923077 0.5957931057692307 0.7954810649038462 0.5631670360576924 0.6734260913461539 0.5642332427884615 0.6723088966346153 0.5664247692307692 0.6749423052884616 0.5989917427884616 0.7935858076923077 0.5957931057692307
10 0.8245732860576923 0.5636468413461538 0.8196456009615385 0.5293148245192307 0.6892514711538461 0.5312340072115385 0.6941440432692307 0.53368553125 0.6987277980769231 0.5664189903846154 0.8245732860576923 0.5636468413461538
10 0.8248575985576923 0.5285684735576923 0.8225832980769231 0.49611841586538463 0.6986330673076923 0.49633165384615385 0.7000984447115385 0.4964762451923077 0.70014928125 0.5302744110576924 0.8248575985576923 0.5285684735576923
10 0.7735908004807693 0.42836067307692305 0.7735908004807693 0.3918962379807692 0.6541891682692308 0.3940286610576923 0.6551033076923077 0.39558580769230767 0.6534310817307692 0.4294268798076923 0.7735908004807693 0.42836067307692305
10 0.8982990384615385 0.42377595432692305 0.8960247379807692 0.38859098798076924 0.7739697620192308 0.3905101610576923 0.7721746009615384 0.39149124519230766 0.7739697620192308 0.42868053125 0.8982990384615385 0.42377595432692305
10 0.6414061754807693 0.42952561298076924 0.6449440072115386 0.39444724759615385 0.5246579399038461 0.39146185096153846 0.5244262644230769 0.3927702283653846 0.5193511923076923 0.4267889927884615 0.6414061754807693 0.42952561298076924
10 0.6489240576923077 0.39604903365384614 0.6559997211538462 0.39580025721153844 0.6551152860576923 0.3579852716346154 0.5251002043269231 0.3564925841346154 0.5292724519230769 0.3581696923076923 0.5290802524038462 0.39231729326923076 0.6489240576923077 0.39604903365384614
10 0.7435609158653846 0.3930636490384615 0.7568277620192307 0.32191179326923075 0.6904935336538462 0.3206678894230769 0.6903213966346153 0.3240032235576923 0.6816490024038462 0.39157096394230767 0.7435609158653846 0.3930636490384615
10 0.8731336875 0.38970508653846153 0.8704802908653846 0.3533828125 0.7484253293269231 0.3563681971153846 0.7493098100961538 0.3598511610576923 0.7501942451923077 0.36109505769230765 0.748867545673077 0.3926904711538462 0.8731336875 0.38970508653846153
10 0.6789956033653847 0.36333412259615383 0.682533389423077 0.32726063701923075 0.5657851754807692 0.3230313293269231 0.5644277211538461 0.3241329855769231 0.5609206682692307 0.35910481490384616 0.6789956033653847 0.36333412259615383
10 0.77407465625 0.46298686538461536 0.7718635240384616 0.42691337980769234 0.6484818629807693 0.42790851201923075 0.6506929975961538 0.43188903125 0.6499813822115384 0.4322058942307692 0.6533463461538461 0.4639819975961539 0.77407465625 0.46298686538461536
10 0.902984173076923 0.45564778125 0.8994463413461538 0.4203206394230769 0.7800447307692308 0.4247987235576923 0.7791602956730769 0.42604263221153843 0.7787180793269232 0.4583843894230769 0.902984173076923 0.45564778125
10 0.7992816490384616 0.4947066610576923 0.8006083485576923 0.4593794927884615 0.6758999903846153 0.4606234158653846 0.6754443461538462 0.4615900096153846 0.6736888557692308 0.4971944783653846 0.7992816490384616 0.4947066610576923
10 0.8202759350961538 0.4632298846153846 0.8194030024038461 0.5005530600961539 0.9463224495192308 0.49831401923076923 0.9498602812500001 0.4614941658653846 0.8202759350961538 0.4632298846153846
10 0.9732982403846153 0.4465672163461539 0.9958518341346154 0.37665929567307693 0.9286331706730769 0.37019094711538464 0.9326132211538462 0.37367390384615384 0.9278672283653846 0.3750359519230769 0.9096173605769231 0.44134279086538464 0.9732982403846153 0.4465672163461539
10 0.9456591466346154 0.5250734519230769 0.9456591466346154 0.4957170913461538 0.822719701923077 0.49745856730769233 0.8198564687500001 0.49829983173076925 0.8236041850961539 0.5270637019230769 0.9456591466346154 0.5250734519230769
10 0.9388045673076924 0.5584103245192308 0.9410157019230769 0.5240783004807692 0.8207296538461539 0.5275612668269231 0.8209528413461539 0.5289940889423077 0.8229407884615385 0.5616444975961539 0.9388045673076924 0.5584103245192308
10 0.9175776466346155 0.5903941850961538 0.914924298076923 0.5568085192307692 0.7968493846153847 0.5605402596153847 0.7937301802884615 0.5618584927884616 0.7972916009615385 0.5928820024038461 0.9175776466346155 0.5903941850961538
10 0.5663669038461538 0.35856343028846155 0.5685780360576923 0.3207484567307692 0.44342748317307695 0.31726550000000003 0.4421008076923077 0.32025089182692307 0.44394907211538465 0.3203484326923077 0.4416585673076923 0.35532925721153846 0.5663669038461538 0.35856343028846155
10 0.4009735841346154 0.3902832331730769 0.5217018701923076 0.39177591826923075 0.5252397019230769 0.3579414759615384 0.40053134375 0.35296582692307693 0.4013887644230769 0.35513151923076924 0.400089125 0.38779540144230773 0.4009735841346154 0.3902832331730769
10 0.5102039182692308 0.4243664711538461 0.5132995312499999 0.3895368966346154 0.39212902884615386 0.3863027235576923 0.3903601129807692 0.3885417644230769 0.3924680625 0.3894197331730769 0.3890334134615384 0.42237622115384615 0.5102039182692308 0.4243664711538461
10 0.18928056730769233 0.34515419951923076 0.3192956754807692 0.35212011538461535 0.32194902403846154 0.3143051538461539 0.1923761826923077 0.3083343653846154 0.19129576923076924 0.30931518990384615 0.18662721634615384 0.34241759134615385 0.18928056730769233 0.34515419951923076
10 0.4473207091346154 0.31977835096153845 0.32311781009615387 0.3133133004807692 0.3173056033653846 0.3511249615384615 0.31907451923076924 0.3536127932692308 0.4424561802884615 0.3558518365384616 0.4473207091346154 0.31977835096153845
10 0.4061934278846154 0.3881935985576923 0.40928899519230766 0.3531152475961538 0.28590738221153844 0.3486371634615385 0.2841185697115385 0.35035721153846155 0.28369620192307693 0.3847106490384615 0.4061934278846154 0.3881935985576923
10 0.39115771153846157 0.4233963533653846 0.39469549759615385 0.3880692115384615 0.2673337884615385 0.38334233653846156 0.26813142548076924 0.3852091875 0.2664493533653846 0.42065974519230764 0.39115771153846157 0.4233963533653846
10 0.27617834375 0.3849594254807692 0.2823695721153846 0.34988106009615383 0.15721899759615385 0.33943218028846156 0.1566817548076923 0.34198895913461536 0.1501433341346154 0.3750080985576923 0.27617834375 0.3849594254807692
10 0.13996524038461539 0.3752892836538461 0.13762198076923077 0.37802133173076924 0.1317909423076923 0.4110968990384615 0.2591526514423077 0.41880915625 0.26445939903846155 0.3852234951923077 0.13996524038461539 0.3752892836538461
10 0.29652085336538464 0.4878463461538462 0.29961646875 0.45450946875000003 0.17888815865384616 0.4477923293269231 0.17844593990384613 0.4510265048076923 0.17888815865384616 0.45152405769230775 0.17535032451923077 0.4828706947115385 0.29652085336538464 0.4878463461538462
10 0.2100652932692308 0.5190838557692308 0.21802539182692307 0.4850006370192308 0.09154814182692307 0.4782835 0.0902214423076923 0.48052254086538465 0.08999896394230769 0.48268286778846153 0.08668363461538461 0.5138594302884616 0.2100652932692308 0.5190838557692308
10 0.32814011298076917 0.5220692668269231 0.3347735600961539 0.48873239182692313 0.21183411538461538 0.4825128197115385 0.21234551923076922 0.48323862259615386 0.20829628365384614 0.5185863173076923 0.32814011298076917 0.5220692668269231
10 0.29762640865384615 0.5883698557692308 0.30160645673076925 0.5542866225961538 0.17822484375 0.5490621826923077 0.17910927884615385 0.5517987908653846 0.1755714471153846 0.5843893245192308 0.29762640865384615 0.5883698557692308
10 0.43184263701923076 0.558764673076923 0.43847608413461536 0.5234375576923077 0.3146522067307692 0.52144728125 0.3157543725961538 0.5244103774038462 0.3115565913461538 0.5570232115384616 0.43184263701923076 0.558764673076923
10 0.42145029807692314 0.5909973365384615 0.42321921394230766 0.5536799302884615 0.30691321634615387 0.5534311538461538 0.30558651682692306 0.5564165384615385 0.3035169735576923 0.5572747836538462 0.29939533653846157 0.5877631634615385 0.42145029807692314 0.5909973365384615
10 0.2901085625 0.6184878533653847 0.29497309374999997 0.58415584375 0.17247586778846152 0.5801753125 0.17077340865384613 0.5805574615384615 0.16407355048076924 0.615004889423077 0.2901085625 0.6184878533653847
10 0.19038615865384617 0.5503213942307692 0.19613512259615387 0.5169845192307693 0.07408013701923076 0.5120088629807692 0.07390353846153846 0.5120750721153846 0.06833117307692307 0.5460920865384615 0.19038615865384617 0.5503213942307692
10 0.17313921634615384 0.583533875 0.18109931490384618 0.5496994326923077 0.05992881009615385 0.5422359519230769 0.05904435336538461 0.5457189038461538 0.05748327644230769 0.5472921634615384 0.054179846153846155 0.5778118701923077 0.17313921634615384 0.583533875
10 0.05263202644230769 0.6131390120192308 0.17114918028846154 0.6158756201923077 0.17734036298076922 0.5817924014423077 0.05086311057692308 0.5758216057692308 0.05086311057692308 0.5780606610576923 0.05252884375 0.57941021875 0.04997865144230769 0.6116463125 0.05263202644230769 0.6131390120192308
10 0.16606351682692308 0.6823158653846153 0.16915913221153847 0.6477350649038461 0.04489301442307692 0.6437545432692308 0.047452377403846155 0.6468142572115384 0.0462196875 0.6783353341346154 0.16606351682692308 0.6823158653846153
10 0.28060064423076925 0.6871671586538461 0.28192734375 0.6505960961538462 0.16827469711538462 0.6473619206730769 0.16606356490384616 0.6488546201923077 0.16473686538461538 0.6841817740384616 0.28060064423076925 0.6871671586538461
10 0.2823695721153846 0.6508448798076922 0.28811853846153845 0.6182543461538461 0.1669480096153846 0.6150201706730769 0.16584652644230768 0.6159902596153847 0.16473687740384615 0.6488546129807692 0.2823695721153846 0.6508448798076922
10 0.16274684134615386 0.6499741274038461 0.16982250480769231 0.6148957764423076 0.04378747115384615 0.6109152524038461 0.042159420673076924 0.6125260841346154 0.04113409615384615 0.6469887427884615 0.16274684134615386 0.6499741274038461
10 0.3728052283653846 0.7239869927884615 0.37634301201923076 0.6913964591346153 0.25030800240384615 0.6881622860576923 0.2572206754807692 0.6912676802884616 0.25428805048076925 0.7222455168269231 0.3728052283653846 0.7239869927884615
10 0.1888383028846154 0.7159015432692308 0.1910494375 0.6823158774038462 0.06811001682692308 0.6780865841346154 0.07203549038461539 0.6792446562500001 0.06811001682692308 0.713164923076923 0.1888383028846154 0.7159015432692308