10 0.1957685216346154 0.3516506514423077 0.3246817548076923 0.35594386778846154 0.3237559975961538 0.3184658461538462 0.20039738461538462 0.3115700048076923 0.1957685216346154 0.3516506514423077
10 0.3235251177884615 0.35529435096153844 0.4485043653846154 0.35997912259615383 0.44943012259615384 0.3240626658653846 0.3243055336538462 0.3197916682692308 0.3235251177884615 0.35529435096153844
10 0.44757860817307693 0.35737646153846153 0.5688547524038461 0.3610201610576923 0.5707062692307692 0.32562425 0.44814812740384613 0.3223958341346154 0.44757860817307693 0.35737646153846153
10 0.682724764423077 0.36570491346153844 0.6836504519230769 0.33082953125000003 0.5708333125 0.3263020841346154 0.5633001346153846 0.3610201610576923 0.682724764423077 0.36570491346153844
10 0.6808732475961539 0.39381344230769233 0.7493803341346154 0.3964160841346154 0.7577122283653845 0.32510372596153847 0.6900462740384616 0.32499999999999996 0.6808732475961539 0.39381344230769233
10 0.7466029903846153 0.39537500240384615 0.8697307235576923 0.39277236298076923 0.8734337548076923 0.35581488221153845 0.7537036826923077 0.3595052091346154 0.7466029903846153 0.39537500240384615
10 0.15596036057692306 0.3792386418269231 0.2809396081730769 0.39069025240384614 0.28927150240384614 0.35425329086538465 0.1645833125 0.3451822932692308 0.15596036057692306 0.3792386418269231
10 0.28186536778846155 0.3886081634615385 0.40499302884615385 0.3943339543269231 0.4114734759615385 0.3584175216346154 0.2872684975961538 0.3536458341346154 0.28186536778846155 0.3886081634615385
10 0.5290465192307692 0.39589553365384617 0.5308981057692308 0.36049963221153847 0.4087962740384615 0.3595052091346154 0.4022157548076923 0.3948544831730769 0.5290465192307692 0.39589553365384617
10 0.9113904735576923 0.4448251754807692 0.9771203557692308 0.448468875 0.9937841442307692 0.38027969230769226 0.931944423076923 0.3751302091346154 0.9113904735576923 0.4448251754807692
10 0.1337418125 0.4161961346153846 0.2568694759615385 0.4250451153846154 0.2698303004807692 0.3880876129807692 0.14027775721153846 0.3790364591346154 0.1337418125 0.4161961346153846
10 0.39758689423076926 0.4271272139423077 0.39758689423076926 0.39173131250000004 0.2726076442307692 0.38652603365384613 0.2698303004807692 0.4255656346153846 0.39758689423076926 0.4271272139423077
10 0.5151599375 0.42972985576923073 0.5179372812499999 0.3948544831730769 0.3949073870192308 0.3920572932692308 0.3920322740384616 0.4271272139423077 0.5151599375 0.42972985576923073
10 0.6466195625 0.43233249519230765 0.6503227355769231 0.3964160841346154 0.5179372812499999 0.39329289423076924 0.5245370168269231 0.3959635432692308 0.5207145552884616 0.43077091586538463 0.6466195625 0.43233249519230765
10 0.7854853942307692 0.42972985576923073 0.778079329326923 0.39225184375000005 0.6530092379807692 0.3959635432692308 0.6521742524038461 0.43389407451923073 0.7854853942307692 0.42972985576923073
10 0.9030585793269231 0.4266066947115385 0.89935540625 0.39069025240384614 0.77437615625 0.39277236298076923 0.7771535024038462 0.4302503942307692 0.9030585793269231 0.4266066947115385
10 0.9039842668269231 0.4583588966346154 0.9039842668269231 0.4234835144230769 0.7803240528846154 0.4252604182692308 0.7799308461538461 0.4640847163461539 0.9039842668269231 0.4583588966346154
10 0.6549515985576922 0.46876945673076925 0.7771535024038462 0.46460523557692307 0.779005016826923 0.4302503942307692 0.6495370168269231 0.4350260432692308 0.6549515985576922 0.46876945673076925
10 0.46516822355769233 0.46304365625 0.5892217139423077 0.4661668173076923 0.5938505745192308 0.4302503942307692 0.47072291346153844 0.42608615384615384 0.46516822355769233 0.46304365625
10 0.30315808653846155 0.4573178365384616 0.42906316346153844 0.4635641754807692 0.43276619471153843 0.42608615384615384 0.30686118749999997 0.420880875 0.30315808653846155 0.4573178365384616
10 0.18003042307692307 0.45367415625 0.30408391346153846 0.4609615360576923 0.3114900504807692 0.42244247355769227 0.18465928365384615 0.41775771394230765 0.18003042307692307 0.45367415625
10 0.11960887980769232 0.4122610697115385 0.09761977403846153 0.4791784903846154 0.16058922115384616 0.4880289975961538 0.18558504326923078 0.420880875 0.11960887980769232 0.4122610697115385
10 0.30364278846153847 0.49167130048076924 0.3054943028846154 0.4569694326923077 0.17993825721153847 0.45234375000000004 0.17897210096153846 0.48611899278846155 0.30364278846153847 0.49167130048076924
10 0.42337600240384615 0.4961825408653846 0.4276962548076923 0.46113364663461537 0.30493825721153844 0.4566840288461539 0.30117405288461535 0.4913242740384615 0.42337600240384615 0.4961825408653846
10 0.5468122524038461 0.49930569951923076 0.5548356298076923 0.46286874038461534 0.43139933413461534 0.4593985528846154 0.4258446923076923 0.4944474471153846 0.5468122524038461 0.49930569951923076
10 0.5529795360576923 0.46365107211538464 0.5511325961538461 0.4996527283653846 0.6751860168269231 0.5013878197115385 0.6764203605769231 0.46807401923076924 0.5529795360576923 0.46365107211538464
10 0.8041770024038463 0.4989586875 0.800473875 0.4642568197115385 0.6768518365384615 0.4662326394230769 0.6733344543269231 0.5020818605769231 0.8041770024038463 0.4989586875
10 0.09328037740384615 0.5156156466346153 0.21455656009615384 0.5221222451923077 0.21964830048076925 0.487246875 0.0990740625 0.4811848966346154 0.09328037740384615 0.5156156466346153
10 0.3376842572115385 0.5257659471153846 0.34092444471153843 0.49167135576923077 0.21872250721153846 0.4862058149038461 0.21828702644230769 0.4854166658653846 0.21501943990384614 0.5216017163461538 0.3376842572115385 0.5257659471153846
10 0.45618312980769227 0.5307109567307692 0.45849756009615383 0.49479452644230765 0.33981480528846153 0.4909505216346154 0.3358327067307692 0.5260262067307692 0.45618312980769227 0.5307109567307692
10 0.5732932572115385 0.5330533557692307 0.576996360576923 0.49973954567307693 0.4567129519230769 0.4948567716346154 0.45525730048076923 0.5312314855769231 0.5732932572115385 0.5330533557692307
10 0.6968839038461538 0.5361765072115385 0.6991983341346154 0.5015613966346154 0.5760706033653846 0.5002600745192308 0.5728304134615384 0.5351354471153846 0.6968839038461538 0.5361765072115385
10 0.07383915865384615 0.5478883870192308 0.19557820192307693 0.5520526081730769 0.20113285576923076 0.5216017163461538 0.07650462019230769 0.5150390625 0.07383915865384615 0.5478883870192308
10 0.1946524423076923 0.5525731466346154 0.31546570913461536 0.55881946875 0.3200945721153846 0.5260262067307692 0.2020833221153846 0.5202473966346154 0.1946524423076923 0.5525731466346154
10 0.4362789759615385 0.5601207884615385 0.43905632211538465 0.5278480769230769 0.3159285889423077 0.5242043557692307 0.3207175817307692 0.5251302091346154 0.3159285889423077 0.5580386875 0.4362789759615385 0.5601207884615385
10 0.5584809158653846 0.5629837067307693 0.5617211057692308 0.5314917572115385 0.44513887740384617 0.5280598966346154 0.44137075240384616 0.5616823870192308 0.5584809158653846 0.5629837067307693
10 0.6829973221153847 0.5666273870192308 0.6839230793269231 0.5330533557692307 0.5631944326923077 0.5303385408653847 0.5607953461538462 0.5663671274038461 0.6829973221153847 0.5666273870192308
10 0.5439975865384615 0.5625995408653846 0.5390397139423077 0.59655775 0.6640189639423077 0.6020233100961538 0.6677220649038461 0.5666273870192308 0.5439975865384615 0.5625995408653846
10 0.4256326177884615 0.5934345889423077 0.5436685745192308 0.5962974879807692 0.5459830048076924 0.56324396875 0.42488424759615384 0.5596354158653847 0.4256326177884615 0.5934345889423077
10 0.3020420048076923 0.589010108173077 0.42285530769230767 0.5921332692307693 0.4274841682692308 0.5603810673076923 0.30624999038461537 0.5557291658653847 0.3020420048076923 0.589010108173077
10 0.17845143028846153 0.5861471899038462 0.2974131442307692 0.5923935288461538 0.3038935576923077 0.5569976274038462 0.18472221153846155 0.553125 0.17845143028846153 0.5861471899038462
10 0.05796565865384616 0.5809419086538461 0.17739028846153845 0.5856266682692307 0.18711088942307694 0.551271826923077 0.06447001201923076 0.5462890625 0.05796565865384616 0.5809419086538461
10 0.05056023076923077 0.6142812788461538 0.17229927403846151 0.6179249807692307 0.17970548076923076 0.5853919783653846 0.05381630769230769 0.5798177091346154 0.05056023076923077 0.6142812788461538
10 0.2968156442307692 0.6226097307692308 0.29959295432692307 0.5898164735576923 0.17650149519230768 0.5827473966346154 0.17229927403846151 0.6189660288461538 0.2968156442307692 0.6226097307692308
10 0.41068565625000003 0.6257328990384615 0.41531451682692305 0.5916383149038462 0.29860797596153843 0.5879557283653847 0.2931125769230769 0.6228699903846154 0.41068565625000003 0.6257328990384615
10 0.5328875600961539 0.6278150096153846 0.5324247163461538 0.5947614783653846 0.41434871634615383 0.5905598966346154 0.41022274038461537 0.624952110576923 0.5328875600961539 0.6278150096153846
10 0.16860384375 0.6504579807692308 0.1736956201923077 0.6171441899038462 0.04981144711538461 0.613671875 0.04593902644230769 0.6478553413461537 0.16860384375 0.6504579807692308
10 0.29080574759615385 0.6551427307692308 0.2912686610576923 0.6218289399038461 0.1741584639423077 0.6179249807692307 0.16767808653846156 0.6525400913461539 0.29080574759615385 0.6551427307692308
10 0.04871633413461539 0.6816896634615385 0.16767808653846156 0.6853333533653847 0.16952960096153846 0.6501977115384616 0.04917921394230769 0.6486361322115385 0.04871633413461539 0.6816896634615385
10 0.07278639903846154 0.7139624038461538 0.19267390625 0.7176061033653846 0.19591409615384617 0.6855936225961539 0.07278639903846154 0.6801280721153845 0.07278639903846154 0.7139624038461538
10 0.28697917548076923 0.6887167932692309 0.2897564495192308 0.654622201923077 0.16848030288461538 0.6504579807692308 0.17061584615384615 0.6507812500000001 0.16801742307692308 0.68403203125 0.28697917548076923 0.6887167932692309
10 0.26105752403846155 0.6915797019230769 0.2573544206730769 0.7248934831730769 0.3753903798076923 0.7280166634615385 0.38048215384615386 0.695743923076923 0.26205103125 0.6917968750000001 0.26105752403846155 0.6915797019230769
10 0.2831456201923077 0.6546459134615384 0.40210737259615387 0.6590703942307693 0.40581047596153846 0.6257566033653846 0.29083274519230773 0.6231856778846154 0.2831456201923077 0.6546459134615384
10 0.2859229663461539 0.6530843245192308 0.2817569831730769 0.6887404951923077 0.4025702860576923 0.6921239254807693 0.40766199038461537 0.6588101346153846 0.2873605216346154 0.6547611971153846 0.2859229663461539 0.6530843245192308
10 0.4039588870192308 0.7340264278846154 0.5206062427884615 0.736108548076923 0.5238464326923077 0.7020139567307692 0.40773089182692307 0.70098515625 0.4039588870192308 0.7340264278846154
10 0.4012569663461539 0.6577453701923077 0.518830045673077 0.6606082716346153 0.5220702331730769 0.6275547499999999 0.4040509158653846 0.6237630216346154 0.4012569663461539 0.6577453701923077
10 0.4035713966346154 0.6921002235576924 0.5192929230769231 0.6921002235576924 0.5248475432692308 0.6603480120192308 0.4046296201923077 0.6572916658653847 0.4035713966346154 0.6921002235576924
10 0.5373454879807692 0.7381669447115384 0.6558443245192307 0.7379066850961539 0.6600103076923076 0.7077160625 0.5435185072115385 0.7067708341346154 0.5373454879807692 0.7381669447115384
10 0.6382546394230769 0.6973055024038461 0.6419577427884615 0.6632109110576923 0.5248475432692308 0.6613890721153847 0.5174768413461538 0.6937500000000001 0.6382546394230769 0.6973055024038461
10 0.5174413725961539 0.6606082716346153 0.6373288822115384 0.6637314423076923 0.6433464158653847 0.6301573894230769 0.5209490625 0.6273437500000001 0.5174413725961539 0.6606082716346153
10 0.6567700841346155 0.727496125 0.7687885432692307 0.728276923076923 0.7715658870192308 0.6960041826923077 0.6552083221153846 0.6979817716346154 0.6567700841346155 0.727496125
10 0.8849729831730768 0.7256742836538461 0.8849729831730768 0.6952233822115385 0.7721064711538462 0.6963541658653847 0.7701772163461539 0.7272358629807693 0.8849729831730768 0.7256742836538461
10 0.6419577427884615 0.6983465625 0.7641596826923076 0.6975657620192308 0.7632339230769231 0.6645122307692308 0.6442129519230769 0.6657552091346154 0.6419577427884615 0.6983465625
10 0.7613823365384615 0.6639917115384615 0.7646225961538462 0.6317189711538462 0.6465866033653846 0.6317189711538462 0.645370360576923 0.6325520841346154 0.6396433125 0.6645122307692308 0.7613823365384615 0.6639917115384615
10 0.7711029735576923 0.6330202908653846 0.7701772163461539 0.5989257139423076 0.6512154639423078 0.6002270336538461 0.6512154639423078 0.6335408197115384 0.7711029735576923 0.6330202908653846
10 0.7974874663461539 0.5973641201923077 0.7965617091346153 0.5637900625 0.6752855288461539 0.5674337572115384 0.6752855288461539 0.6002270336538461 0.7974874663461539 0.5973641201923077
10 0.9183007692307693 0.5937204350961538 0.9164491826923077 0.5609271586538461 0.7970246225961539 0.5643105961538462 0.7979503822115385 0.5960627980769231 0.9183007692307693 0.5937204350961538
10 0.8854358269230769 0.6280752692307693 0.8872874134615384 0.5947614783653846 0.7683256274038462 0.5978846490384615 0.770370360576923 0.6292968750000001 0.8854358269230769 0.6280752692307693
10 0.7655483533653846 0.6918399615384616 0.8234091177884615 0.6983465625 0.8539595576923078 0.6335408197115384 0.7923611009615384 0.6253906250000001 0.7655483533653846 0.6918399615384616
10 0.8562739879807691 0.6723201514423077 0.9113574783653846 0.6822101923076923 0.9497770384615385 0.6176647091346154 0.8942129519230769 0.6091145841346154 0.8562739879807691 0.6723201514423077
10 0.8182192283653846 0.5026600745192308 0.9473644254807693 0.5003176923076923 0.9473644254807693 0.46648337259615386 0.8212962860576922 0.4684895841346154 0.8182192283653846 0.5026600745192308
10 0.7001832379807692 0.5344122740384616 0.8205336610576922 0.5325904350961539 0.8205336610576922 0.49797532211538464 0.6978688052884615 0.5003176923076923 0.7001832379807692 0.5344122740384616
10 0.9445871514423078 0.5271248942307692 0.941346891826923 0.5003176923076923 0.8247685072115385 0.504296875 0.8223851754807693 0.5299877956730769 0.9445871514423078 0.5271248942307692
10 0.8168305576923077 0.5635618557692308 0.8191449879807693 0.5318096346153847 0.6997685072115385 0.5345703125 0.6960172908653846 0.5661644951923077 0.8168305576923077 0.5635618557692308
10 0.9422727211538462 0.5617399951923077 0.9445871514423078 0.5284262139423077 0.8201388774038462 0.5293619783653847 0.8186820721153846 0.5627810552884616 0.9422727211538462 0.5617399951923077