10 0.27574121394230766 0.39110160817307693 0.28397334375 0.35986415144230766 0.16666502884615383 0.35234403125 0.1615199110576923 0.38300301682692306 0.27574121394230766 0.39110160817307693
10 0.40436873076923074 0.3963078677884615 0.5309382596153847 0.3974647980769231 0.5309382596153847 0.3656488677884615 0.4101144519230769 0.3624656370192308 0.40436873076923074 0.3963078677884615
10 0.6575077860576923 0.40209256730769233 0.6616238798076922 0.3673842860576923 0.5378922283653846 0.3655906370192307 0.5309382596153847 0.3986217451923077 0.6575077860576923 0.40209256730769233
10 0.6894074302884616 0.3963078677884615 0.7460035841346154 0.3980432716346154 0.7562937644230769 0.3303621129807693 0.6943737091346154 0.32861147115384615 0.6894074302884616 0.3963078677884615
10 0.7521776682692308 0.39977869230769236 0.8725730552884615 0.3951509206730769 0.8694859567307692 0.35986415144230766 0.7536329687500001 0.3655906370192307 0.7521776682692308 0.39977869230769236
10 0.1337363605769231 0.41713284134615386 0.25824784134615386 0.42465295913461537 0.2654509783653846 0.3934155024038462 0.1443737091346154 0.38434063701923077 0.1337363605769231 0.41713284134615386
10 0.39202050480769235 0.42985920432692304 0.39716559375 0.3974647980769231 0.2758551923076923 0.39319480528846157 0.2716482115384615 0.4246278918269231 0.39202050480769235 0.42985920432692304
10 0.5165550769230769 0.4298341370192308 0.5175840721153846 0.3991751346153846 0.39807741346153847 0.3968406370192307 0.3941016442307692 0.42809869951923074 0.5165550769230769 0.4298341370192308
10 0.6482696370192307 0.4344618894230769 0.6492987475961538 0.40206748557692307 0.5277070432692308 0.39944480528846155 0.5258162620192308 0.43156953846153845 0.6482696370192307 0.4344618894230769
10 0.6575308221153846 0.43504037980769233 0.7810133076923077 0.43272648557692306 0.7779262091346154 0.3980181875 0.6544438365384615 0.4014890288461539 0.6575308221153846 0.43504037980769233
10 0.9024376899038462 0.42752024278846157 0.8993507019230769 0.3933904182692308 0.7799843125 0.3980181875 0.77863296875 0.3973614711538461 0.7830714110576923 0.4333049423076923 0.9024376899038462 0.42752024278846157
10 0.9199310600961539 0.4443795144230769 0.9816723605769231 0.44958575721153843 0.9960786322115385 0.38306153605769233 0.935114451923077 0.3780906370192308 0.9199310600961539 0.4443795144230769
10 0.06893116826923076 0.716282016826923 0.19241365144230768 0.7203313149038462 0.20064578365384617 0.6919862067307693 0.07955889423076923 0.6864239711538461 0.06893116826923076 0.716282016826923
10 0.2613579759615385 0.7307438004807693 0.37660827163461535 0.732479204326923 0.3807243653846154 0.7000848004807693 0.26474407932692307 0.6968406370192307 0.2613579759615385 0.7307438004807693
10 0.4064498701923077 0.7371069903846154 0.5237582139423077 0.7411562860576922 0.5319904014423077 0.7093403389423076 0.41365300721153847 0.7058695312500001 0.4064498701923077 0.7371069903846154
10 0.5463966754807692 0.740577798076923 0.6626760240384615 0.7428916899038461 0.6667920048076923 0.7104972860576922 0.5505127692307693 0.7116542331730769 0.5463966754807692 0.740577798076923
10 0.6606179206730769 0.7330576923076924 0.7748392235576923 0.7295868870192308 0.7758682187500001 0.6995063749999999 0.6610403774038461 0.7023392764423076 0.6606179206730769 0.7330576923076924
10 0.7758682187500001 0.7301653124999999 0.891118514423077 0.7295868533653846 0.8931765048076923 0.6989278533653847 0.7777070432692308 0.7010073052884616 0.7758682187500001 0.7301653124999999
10 0.7707231274038461 0.6902508028846154 0.8283482211538461 0.6995063413461539 0.8551027764423077 0.6381883557692307 0.8008551923076923 0.6306948052884616 0.7707231274038461 0.6902508028846154
10 0.8664220625 0.6728966370192307 0.9199310600961539 0.683309125 0.9538888100961539 0.6243050456730769 0.8962255625 0.6129864711538462 0.8664220625 0.6728966370192307
10 0.15948495673076923 0.48834335096153847 0.1882975576923077 0.4264468990384615 0.12655631490384617 0.4177698245192308 0.10548482211538462 0.4817364711538462 0.15948495673076923 0.48834335096153847
10 0.18109442067307693 0.4576843581730769 0.3056059014423077 0.46231212740384614 0.3117799879807693 0.4293392572115385 0.1943737091346154 0.42236147115384615 0.18109442067307693 0.4576843581730769
10 0.30869294471153846 0.4276038389423077 0.30869294471153846 0.46289060096153845 0.4290883317307692 0.46404754807692306 0.43217537259615385 0.4310746706730769 0.30869294471153846 0.4276038389423077
10 0.46716206009615385 0.46404754807692306 0.5875575048076923 0.4709892019230769 0.5906445456730769 0.4345455 0.4730774134615385 0.43121563701923077 0.46716206009615385 0.46404754807692306
10 0.6585599302884616 0.4715676754807693 0.7717521225961538 0.4692537908653846 0.7748392235576923 0.4322316153846154 0.6554848221153846 0.4353823052884615 0.6585599302884616 0.4715676754807693
10 0.7871873918269231 0.4652044855769231 0.9003796971153846 0.46231212740384614 0.9014086947115385 0.4270253725961538 0.7823366730769231 0.43069480528846155 0.7871873918269231 0.4652044855769231
10 0.17903637500000003 0.48834335096153847 0.30251880288461536 0.49354959375 0.3117799879807693 0.46173365384615384 0.18604037740384616 0.4582989711538462 0.17903637500000003 0.48834335096153847
10 0.2994317620192308 0.49354959375 0.42188519471153846 0.4975988918269231 0.4290883317307692 0.4646260120192308 0.30826259855769234 0.46090313701923075 0.2994317620192308 0.49354959375
10 0.42805933653846157 0.49644194471153846 0.5020576129807692 0.4997897572115385 0.551954733173077 0.501236516826923 0.5597739519230769 0.4692537908653846 0.43320442548076926 0.46404754807692306 0.42805933653846157 0.49644194471153846
10 0.5525707596153846 0.5016481875 0.6750241947115385 0.5033836081730769 0.6811983918269231 0.4698322548076923 0.5582625985576923 0.4676739711538461 0.5525707596153846 0.5016481875
10 0.6791402884615384 0.5022266610576923 0.8021013365384615 0.501736110576923 0.8041589495192307 0.470486110576923 0.6814107475961539 0.4718406370192308 0.6791402884615384 0.5022266610576923
10 0.8221741346153847 0.5062759567307692 0.9497727139423078 0.5051190096153846 0.9508017091346154 0.4698322548076923 0.829377329326923 0.4698322548076923 0.8221741346153847 0.5062759567307692
10 0.8262902307692308 0.5328856466346154 0.9456566201923077 0.5317286995192307 0.9538888100961539 0.5033836081730769 0.8277070432692307 0.5051739711538462 0.8262902307692308 0.5328856466346154
10 0.8273192259615385 0.5641231033653846 0.9466856153846154 0.5618719278846154 0.9466856153846154 0.5317286995192307 0.8277070432692307 0.5338198052884615 0.8273192259615385 0.5641231033653846
10 0.050408800480769234 0.6827724567307693 0.17492028124999998 0.6879786995192307 0.17903637500000003 0.6567412403846155 0.05733667307692308 0.6541323052884616 0.050408800480769234 0.6827724567307693
10 0.17080418749999998 0.6538488918269232 0.16668809134615387 0.6868217692307692 0.2911995721153846 0.6931849423076923 0.2973737139423077 0.6596336081730769 0.17678111778846153 0.6572573052884615 0.17080418749999998 0.6538488918269232
10 0.2901705769230769 0.6584766610576923 0.28811253124999997 0.6902925913461538 0.41159495913461536 0.6949203629807692 0.40918852403846157 0.6603823052884615 0.2901705769230769 0.6584766610576923
10 0.4085079158653846 0.6954988341346154 0.5258162620192308 0.6978127283653847 0.5289033028846154 0.6642613774038462 0.40733667307692306 0.6593406370192307 0.4085079158653846 0.6954988341346154
10 0.5278743076923077 0.6983912019230769 0.6379794591346154 0.7018620240384615 0.6462116466346154 0.6677321995192307 0.5258551923076923 0.6635073052884616 0.5278743076923077 0.6983912019230769
10 0.09876543269230768 0.48827881971153847 0.09362139903846155 0.5185185192307692 0.2150205769230769 0.5248842596153847 0.21913580288461537 0.4921875 0.09876543269230768 0.48827881971153847
10 0.21604938221153847 0.5230010408653846 0.33744856009615387 0.5284987259615385 0.3415637860576923 0.49753807932692307 0.222736625 0.4934871538461539 0.21604938221153847 0.5230010408653846
10 0.33744856009615387 0.5278568870192308 0.4567901225961538 0.5316184615384615 0.46039094711538464 0.5001422451923078 0.3415637860576923 0.49753807932692307 0.33744856009615387 0.5278568870192308
10 0.45524691346153845 0.5316184615384615 0.5761316875 0.5359587379807692 0.5802469134615384 0.5035513317307692 0.46193415625 0.5000791081730769 0.45524691346153845 0.5316184615384615
10 0.07767489663461538 0.5510050336538461 0.20010287980769229 0.5576601274038462 0.20113168750000002 0.524674016826923 0.0807613173076923 0.5212017932692308 0.07767489663461538 0.5510050336538461
10 0.20010287980769229 0.5570814230769231 0.31841563701923076 0.5605536466346154 0.3225308653846154 0.5290142932692308 0.20216049278846154 0.5255420721153846 0.20010287980769229 0.5570814230769231
10 0.3199588485576923 0.5599749423076923 0.43569958894230765 0.5628684615384615 0.4418724278846154 0.53306521875 0.3276748966346154 0.5295929975961539 0.3225308653846154 0.5290142932692308 0.3199588485576923 0.5599749423076923
10 0.44238683173076926 0.5634471634615384 0.5632716057692307 0.5660513317307692 0.5663580240384616 0.5348013317307692 0.4475308653846154 0.5327758677884615 0.44238683173076926 0.5634471634615384
10 0.05967078125 0.5859375 0.1820987644230769 0.5902777788461538 0.1862139927884615 0.5581597211538462 0.06481481490384615 0.5541087956730769 0.05967078125 0.5859375
10 0.18415637740384616 0.5572916658653846 0.1820987644230769 0.5894097211538462 0.3004115216346154 0.5940393509615385 0.30658436298076924 0.5627893509615385 0.19084362259615384 0.5578703701923077 0.18415637740384616 0.5572916658653846
10 0.3086419759615385 0.5931712956730769 0.30709876442307693 0.59375 0.4264403293269231 0.5963541658653846 0.4305555552884615 0.5645254639423076 0.31378600721153843 0.5616319447115384 0.3086419759615385 0.5931712956730769
10 0.4259259254807692 0.595486110576923 0.545781891826923 0.5980902788461538 0.5493827163461538 0.5674189807692308 0.43209876442307693 0.5651041658653846 0.4259259254807692 0.595486110576923
10 0.05555555528846154 0.5868055552884616 0.052983538461538464 0.6180555552884616 0.17592592548076924 0.6229745360576923 0.18158436298076924 0.5899884254807692 0.06069958894230769 0.5859375 0.05555555528846154 0.5868055552884616
10 0.17489712019230771 0.6221064807692307 0.2968106995192308 0.6287615745192308 0.3004115216346154 0.5969328701923077 0.18106995913461538 0.5911458341346154 0.17489712019230771 0.6221064807692307
10 0.2962962956730769 0.6258680552884616 0.41409464903846155 0.629340278846154 0.4192386826923077 0.5975115745192308 0.30144032932692305 0.5940393509615385 0.2962962956730769 0.6258680552884616
10 0.4161522644230769 0.6290509254807692 0.53240740625 0.6313657403846153 0.5365226346153846 0.5989583341346154 0.4202674903846154 0.5963541658653846 0.4161522644230769 0.6290509254807692
10 0.41049382692307695 0.6281828701923077 0.4048353918269231 0.6603009254807692 0.5257201634615385 0.6626157403846153 0.5293209879807692 0.6319444447115384 0.4151234567307692 0.6290509254807692 0.41049382692307695 0.6281828701923077
10 0.046810699519230774 0.6504629639423077 0.16409464903846155 0.6553819447115384 0.1702674903846154 0.6530671298076923 0.17798353846153844 0.6229745360576923 0.05144032932692308 0.6197916658653846 0.046810699519230774 0.6504629639423077
10 0.16872427884615385 0.6539351850961539 0.2896090528846154 0.6591435192307693 0.2942386826923077 0.6278935192307693 0.17335390865384617 0.6223958341346154 0.16872427884615385 0.6539351850961539
10 0.5762782932692307 0.5367476850961539 0.6997350817307691 0.5381944447115384 0.70333590625 0.5054976850961539 0.580907920673077 0.5043402788461538 0.5762782932692307 0.5367476850961539
10 0.5644470168269231 0.5674189807692308 0.6801877572115385 0.5708912043269231 0.6894470168269231 0.5396412043269231 0.5675334350961538 0.5364583341346154 0.5644470168269231 0.5674189807692308
10 0.5448996923076923 0.599826389423077 0.6611548365384615 0.6024305552884616 0.6652700625 0.5706018509615385 0.5505581274038461 0.5668402788461538 0.5448996923076923 0.599826389423077
10 0.7038503076923077 0.5370370360576924 0.82267746875 0.5344328701923077 0.8216486634615384 0.5023148149038461 0.7048791153846155 0.5046296298076923 0.7038503076923077 0.5370370360576924
10 0.7038503076923077 0.5703125 0.8211342596153847 0.5671296298076923 0.8221630649038462 0.5347222211538462 0.7028215024038461 0.5376157403846153 0.7038503076923077 0.5703125
10 0.6801877572115385 0.60271990625 0.7990149182692308 0.6012731490384615 0.7995293221153846 0.568576389423077 0.6801877572115385 0.57146990625 0.6801877572115385 0.60271990625
10 0.8021013365384615 0.5978009254807692 0.9168132716346153 0.5966435192307692 0.92041409375 0.56365740625 0.8057021610576923 0.5677083341346154 0.8021013365384615 0.5978009254807692
10 0.5330684158653847 0.6322337956730769 0.6493235600961539 0.6357060192307693 0.6549819951923077 0.60271990625 0.5402700625 0.5986689807692308 0.5330684158653847 0.6322337956730769
10 0.6534387860576923 0.6339699062499999 0.77380915625 0.6339699062499999 0.7748379639423076 0.6021412043269231 0.65446759375 0.6041666658653846 0.6534387860576923 0.6339699062499999
10 0.648294752403846 0.6678644086538461 0.7666075096153846 0.6681537620192307 0.7655787043269231 0.6351273149038461 0.648294752403846 0.6357060192307693 0.648294752403846 0.6678644086538461
10 0.773294752403846 0.6021815384615384 0.7743235600961539 0.6328528365384615 0.8885210913461539 0.6299593173076924 0.8885210913461539 0.5987093173076923 0.7856404326923077 0.6016028365384616 0.773294752403846 0.6021815384615384
10 0.6493235600961539 0.7016782403846153 0.7666075096153846 0.7016782403846153 0.7655787043269231 0.6684431129807693 0.648294752403846 0.6693111682692308 0.6493235600961539 0.7016782403846153
10 0.5711342596153846 0.32957175961538465 0.5670190336538462 0.3625578701923077 0.6848173870192308 0.3674768509615385 0.6879038076923076 0.3353587956730769 0.5747350817307693 0.3301504639423077 0.5711342596153846 0.32957175961538465
10 0.2868124495192308 0.3602430552884615 0.28269722115384616 0.3912037043269231 0.4066684158653846 0.39699074038461535 0.4097548365384615 0.3625578701923077 0.29306594711538464 0.3596643509615385 0.2868124495192308 0.3602430552884615
10 0.1947342596153846 0.3509837956730769 0.32076306490384615 0.3587962956730769 0.32693590625 0.3240740745192308 0.20142150240384618 0.31799768509615384 0.1947342596153846 0.3509837956730769
10 0.3253926947115385 0.32465277884615384 0.32436388942307687 0.35821759375 0.44473425961538465 0.36168981490384616 0.4498782932692308 0.3275462956730769 0.3310511322115385 0.32465277884615384 0.3253926947115385 0.32465277884615384
10 0.44884948557692306 0.326388889423077 0.4478206778846153 0.3602430552884615 0.5676766466346154 0.36458333413461536 0.5717918725961538 0.32957175961538465 0.4555367283653846 0.32581018509615384 0.44884948557692306 0.326388889423077