10 0 0.4056202283653846 0.05557376682692308 0.4100641225961539 0.0660238173076923 0.3732228173076923 0.0004140625 0.36480953125 0 0.4056202283653846
10 0 0.44370188221153845 0.05124087259615385 0.44857583173076926 0.05837745673076923 0.41087441826923077 0.000079625 0.4067602980769231 0 0.44370188221153845
10 0 0.4810667740384615 0.04588843028846154 0.4852239639423077 0.05251525961538461 0.4492427716346154 0 0.44476054567307693 0 0.4810667740384615
10 0.00026519471153846157 0.5197218389423077 0.03569329807692308 0.5205819567307692 0.044104288461538466 0.48445740625 0.0007484975961538462 0.48200831009615386 0.00026519471153846157 0.5197218389423077
10 0 0.5560832764423077 0.02855671394230769 0.5573734326923077 0.03645793990384615 0.5208188365384616 0.0007484975961538462 0.5196323173076923 0 0.5560832764423077
10 0 0.5910610048076923 0.020910365384615385 0.5917777572115385 0.029831100961538463 0.5565133389423077 0.0007484975961538462 0.5563157235576923 0 0.5910610048076923
10 0 0.624842125 0.022184721153846156 0.6254155168269231 0.0290664375 0.5925880576923077 0 0.5911179278846154 0 0.624842125
10 0 0.6592901971153846 0.018106673076923076 0.6588601442307692 0.024988411057692308 0.6261760240384615 0.0004140625 0.6251676538461539 0 0.6592901971153846
10 0 0.6941245793269231 0.01785182692307692 0.694697983173077 0.022439598557692307 0.6604369903846153 0.0007484975961538462 0.6605342211538462 0 0.6941245793269231
10 0.00026519471153846157 0.7304362091346154 0.016322524038461537 0.7292893798076924 0.019635968750000003 0.6961752235576923 0.0010829326923076923 0.6947720673076923 0.00026519471153846157 0.7304362091346154
10 0.32448066105769235 0.3600898076923077 0.3280489639423077 0.3241086009615385 0.20274760576923076 0.3172151634615385 0.19806101682692306 0.3529222331730769 0.32448066105769235 0.3600898076923077
10 0.4493709759615384 0.36324351923076925 0.4514099927884615 0.3275490432692308 0.3288298317307692 0.3243637235576923 0.32550014903846153 0.3600898076923077 0.4493709759615384 0.36324351923076925
10 0.5697412932692308 0.36577907692307693 0.5722900865384616 0.32965454326923077 0.4522365721153846 0.3273736442307692 0.4499485048076923 0.36248199519230767 0.5697412932692308 0.36577907692307693
10 0.6846913725961539 0.3695062139423077 0.6877499014423076 0.33495853365384615 0.5726333918269231 0.331136045673077 0.5692315384615385 0.36592244471153845 0.6846913725961539 0.3695062139423077
10 0.7504499951923077 0.39975336057692307 0.7575866009615384 0.3299412379807692 0.6970434399038462 0.32812612500000005 0.6874950240384615 0.39846320432692306 0.7504499951923077 0.39975336057692307
10 0.8766839302884615 0.39487619471153845 0.8743900961538462 0.3613319783653846 0.7545663653846154 0.36424517067307693 0.7517936177884615 0.39860333173076923 0.8766839302884615 0.39487619471153845
10 0.9054852475961539 0.42822727403846156 0.9037010841346155 0.39496973798076923 0.7803179062500001 0.39923549759615384 0.7813594615384616 0.43209774038461535 0.9054852475961539 0.42822727403846156
10 0.7816143389423077 0.4343913822115385 0.7805948317307692 0.39970034374999996 0.6605899591346154 0.40224541826923077 0.6595276875 0.43725840865384613 0.7816143389423077 0.4343913822115385
10 0.9070144278846153 0.4629620288461539 0.9067596129807692 0.42855769951923073 0.7856688774038462 0.4321565024038462 0.7862022115384615 0.46496894471153843 0.9070144278846153 0.4629620288461539
10 0.7785557932692307 0.4673123870192307 0.7777911610576923 0.4346282668269231 0.656242295673077 0.43723574278846156 0.6562142403846154 0.4707528076923077 0.7785557932692307 0.4673123870192307
10 0.2825285144230769 0.3931369230769231 0.2881840745192308 0.35960519711538463 0.16333360576923078 0.3513750504807692 0.15999086778846155 0.38518473798076924 0.2825285144230769 0.3931369230769231
10 0.41119303365384613 0.3965828653846154 0.4114286995192308 0.36358129086538465 0.2910350745192308 0.3597235721153846 0.28865539182692307 0.39353453125 0.41119303365384613 0.3965828653846154
10 0.5327961802884615 0.39825566346153846 0.53444571875 0.3652540961538462 0.4119340432692308 0.36320212259615386 0.4100229375 0.3973278894230769 0.5327961802884615 0.39825566346153846
10 0.6581616586538461 0.4027618990384615 0.6616964038461539 0.3692301778846154 0.537161875 0.36563710817307693 0.533974420673077 0.39905088221153845 0.6581616586538461 0.4027618990384615
10 0.2624642668269231 0.42562834374999997 0.2688267740384615 0.3930243846153846 0.14509054086538462 0.38476913701923077 0.1389840408653846 0.4182063076923077 0.2624642668269231 0.42562834374999997
10 0.3958417908653846 0.4305321923076923 0.3979625697115384 0.39673540384615386 0.2768388557692308 0.39315692067307695 0.2723615360576923 0.42655609855769233 0.3958417908653846 0.4305321923076923
10 0.5177446201923077 0.4324917596153846 0.5191584927884615 0.40028540384615385 0.3986382475961538 0.39677013942307693 0.3959139182692307 0.43196160096153846 0.5177446201923077 0.4324917596153846
10 0.645230858173077 0.43660037259615386 0.6485299350961539 0.4034662764423077 0.5281949423076923 0.3993790528846154 0.5238714975961538 0.43302189423076926 0.645230858173077 0.43660037259615386
10 0.5922097692307692 0.46867418269230765 0.5948019014423077 0.43567261538461544 0.4731565384615385 0.43312099519230773 0.47085038701923076 0.4657583725961538 0.5922097692307692 0.46867418269230765
10 0.43115370913461537 0.4660318269230769 0.4325675985576923 0.43223504326923073 0.3120609807692307 0.42807709615384615 0.3083804375 0.4621882740384615 0.43115370913461537 0.4660318269230769
10 0.30743512740384615 0.46218742788461536 0.31096985336538463 0.42905331971153843 0.18806996874999998 0.4230331971153846 0.1832479471153846 0.4582113365384615 0.30743512740384615 0.46218742788461536
10 0.16722380288461539 0.49023909134615384 0.1877252860576923 0.42503117548076924 0.12622906490384617 0.41798929807692303 0.10477674759615385 0.4833471995192308 0.16722380288461539 0.49023909134615384
10 0.3043716802884615 0.49593814423076926 0.30743512740384615 0.46227390384615386 0.18559633173076923 0.4585144158653846 0.18206970673076925 0.4911668485576923 0.3043716802884615 0.49593814423076926
10 0.4247054230769231 0.4993259639423077 0.4272975 0.4669871105769231 0.3083505264423077 0.46234082211538463 0.3049955625 0.49561494951923074 0.4247054230769231 0.4993259639423077
10 0.5519559567307692 0.5029044639423077 0.5566690000000001 0.46963782211538463 0.4354335865384616 0.46529759134615384 0.4315391875 0.49839821394230766 0.5519559567307692 0.5029044639423077
10 0.21815952644230768 0.5264084855769231 0.22075160336538463 0.49353946634615387 0.09932826923076923 0.48756031730769234 0.09397230048076924 0.5224323990384615 0.21815952644230768 0.5264084855769231
10 0.33999020432692306 0.5302520576923077 0.34234668990384615 0.49764809374999996 0.22301007932692307 0.49312599759615383 0.21957336057692306 0.5257458269230769 0.33999020432692306 0.5302520576923077
10 0.45818121875 0.5332472379807692 0.4619515721153846 0.5005107596153846 0.34359984374999997 0.4976481129807692 0.34153479567307693 0.5298012956730769 0.45818121875 0.5332472379807692
10 0.578126670673077 0.5366931875 0.58119015625 0.5044868413461538 0.4624228701923077 0.5010408990384615 0.45865247596153846 0.5337774038461538 0.578126670673077 0.5366931875
10 0.6781209759615384 0.5039320384615384 0.6795348293269231 0.4717256923076923 0.5600430096153846 0.46947185096153843 0.5562902692307692 0.5028717475961538 0.6781209759615384 0.5039320384615384
10 0.8049002307692308 0.5032693485576923 0.8034864182692308 0.4697376466346154 0.6815603870192307 0.47034149038461537 0.681655701923077 0.5055224807692308 0.8049002307692308 0.5032693485576923
10 0.8275226250000001 0.5356082451923077 0.8251660673076924 0.5032693485576923 0.7053691346153846 0.5053009254807692 0.7047493173076924 0.5391867091346154 0.8275226250000001 0.5356082451923077
10 0.701921516826923 0.5399819471153846 0.7030997788461538 0.5057875504807693 0.5810689158653847 0.5046052163461539 0.5798551923076923 0.5379938870192308 0.701921516826923 0.5399819471153846
10 0.9538249759615384 0.5042850072115385 0.9550202812499999 0.47066943028846153 0.8263545096153847 0.4710003365384615 0.8237688750000001 0.5064364038461538 0.9538249759615384 0.5042850072115385
10 0.9488044302884616 0.53126521875 0.9488044302884616 0.5047761442307692 0.8272956033653845 0.5062913317307692 0.8290284927884616 0.5339544831730769 0.9488044302884616 0.53126521875
10 0.9492824975961539 0.564699625 0.9490434447115385 0.5316218990384616 0.8285503485576923 0.5343111442307692 0.8273549663461538 0.5664476514423077 0.9492824975961539 0.564699625
10 0.8243576298076923 0.5685324639423077 0.8238794278846153 0.5362614855769231 0.70244390625 0.5389355024038461 0.70266909375 0.5720284807692309 0.8243576298076923 0.5685324639423077
10 0.6864149230769231 0.57203696875 0.6878493028846153 0.5399004591346154 0.5672401850961538 0.5369944975961538 0.5661608413461539 0.5694821850961538 0.6864149230769231 0.57203696875
10 0.5644873341346154 0.5680030985576923 0.5656826971153847 0.5369422836538461 0.44709395432692306 0.5341712163461538 0.44542866586538465 0.5653138365384616 0.5644873341346154 0.5680030985576923
10 0.1984738341346154 0.5584267740384615 0.2027462716346154 0.5266541730769231 0.08198517307692307 0.5207061586538462 0.0778951201923077 0.5534873557692308 0.1984738341346154 0.5584267740384615
10 0.31976459615384617 0.5624317307692308 0.3233249567307693 0.5307926322115384 0.20376163461538463 0.5263122355769231 0.19966060817307693 0.5585602932692308 0.31976459615384617 0.5624317307692308
10 0.43929234375 0.5654158173076923 0.4428526850961539 0.5336432163461539 0.32491519711538464 0.5303416033653846 0.32084986778846153 0.5626123509615385 0.43929234375 0.5654158173076923
10 0.18313049759615385 0.5912906875 0.1869208894230769 0.5580697283653846 0.06408320913461539 0.5540683846153847 0.062470067307692306 0.5875599903846154 0.18313049759615385 0.5912906875
10 0.3041068028846154 0.5954655264423077 0.30773930048076925 0.5634881274038461 0.18759190384615382 0.5581482115384616 0.18281464663461539 0.59182365625 0.3041068028846154 0.5954655264423077
10 0.42786289182692305 0.5980341682692308 0.4308636490384616 0.5652573365384616 0.3129656634615384 0.5623446057692308 0.3084659375 0.5943923052884615 0.42786289182692305 0.5980341682692308
10 0.5464857235576923 0.5998325504807692 0.5479071105769231 0.5683881033653846 0.43170808413461537 0.5653753341346154 0.42787840625 0.5976118990384616 0.5464857235576923 0.5998325504807692
10 0.6658827091346153 0.6035632451923078 0.66762 0.5717634975961539 0.5496443725961538 0.5689210600961538 0.5464857235576923 0.6016978990384616 0.6658827091346153 0.6035632451923078
10 0.8019247884615385 0.6015086057692307 0.8006495769230769 0.5703082379807692 0.6791588125 0.572315639423077 0.6803492716346154 0.6046166971153846 0.8019247884615385 0.6015086057692307
10 0.9245631081730769 0.5969660264423077 0.922012514423077 0.5660047427884616 0.8038376995192308 0.5682760288461538 0.8044753317307692 0.6003131947115384 0.9245631081730769 0.5969660264423077
10 0.9816663004807692 0.45105781009615387 0.9994262115384616 0.38426753124999996 0.9391780072115385 0.3792062668269231 0.9196391322115385 0.4465852475961538 0.9816663004807692 0.45105781009615387
10 0.17768069711538462 0.6239993918269231 0.1804940264423077 0.5916750673076924 0.05991769711538461 0.5873781682692308 0.05550133653846154 0.6200436153846154 0.17768069711538462 0.6239993918269231
10 0.2988552716346154 0.6280681754807692 0.30307528125 0.5961959567307692 0.1827045 0.5920141322115385 0.1817369543269231 0.5915310985576923 0.17747972836538464 0.6247905480769231 0.2988552716346154 0.6280681754807692
10 0.417422110576923 0.6305967403846153 0.4202354399038462 0.5977073028846154 0.3028789639423077 0.5943166466346154 0.29885990625000003 0.6274321201923077 0.417422110576923 0.6305967403846153
10 0.5338239254807692 0.6323677620192308 0.5367107259615385 0.5998050865384615 0.4202942115384615 0.5978028052884615 0.41690862740384615 0.6303833389423077 0.5338239254807692 0.6323677620192308
10 0.6523652475961538 0.6353830985576923 0.6547709158653846 0.6038126370192308 0.5366662644230769 0.6013539399038461 0.5343273052884615 0.6343006778846154 0.6523652475961538 0.6353830985576923
10 0.7764613990384616 0.6360372692307692 0.7746972403846153 0.6033843942307692 0.6547218197115385 0.6045499639423076 0.6539328677884615 0.6376609038461538 0.7764613990384616 0.6360372692307692
10 0.8916876298076922 0.6315730240384615 0.8907253557692307 0.5992809543269231 0.7736191274038462 0.6025376538461539 0.7760553413461538 0.6343692740384616 0.8916876298076922 0.6315730240384615
10 0.17128440384615384 0.6569584302884616 0.17466573317307693 0.6242980408653847 0.05251506490384616 0.6209025721153847 0.05043985817307692 0.6543125336538461 0.17128440384615384 0.6569584302884616
10 0.2909403341346154 0.6611349903846153 0.29338297836538463 0.6283155913461538 0.17472188221153845 0.6245230456730769 0.17029931009615387 0.6577767283653846 0.2909403341346154 0.6611349903846153
10 0.40882799038461537 0.6632532908653845 0.41113500721153845 0.6308155120192308 0.29420193990384613 0.6281288149038461 0.29035826201923076 0.66088725 0.40882799038461537 0.6632532908653845
10 0.5249499519230769 0.6641691802884615 0.527528375 0.6324183197115385 0.4117233076923077 0.6304325024038462 0.4079729831730769 0.6637875625 0.5249499519230769 0.6641691802884615
10 0.52689140625 0.6338152644230769 0.525127233173077 0.6667873100961538 0.64413978125 0.668542766826923 0.6457682692307691 0.6357233653846154 0.52689140625 0.6338152644230769
10 0.6498848509615385 0.6375310673076923 0.6489349206730769 0.6705031225961539 0.768897389423077 0.6697398798076922 0.7687389759615384 0.6367425985576923 0.6498848509615385 0.6375310673076923
10 0.8315767620192307 0.701309264423077 0.8569723341346154 0.6400501298076923 0.8517051201923077 0.6370876850961539 0.8071218221153846 0.6326440168269231 0.7965885192307692 0.6341313365384615 0.7734492548076923 0.6940089639423076 0.8315767620192307 0.701309264423077
10 0.8667075048076923 0.67742784375 0.91843915625 0.685151375 0.9225776394230769 0.6824005168269232 0.9534284783653846 0.6261140600961539 0.9524879519230769 0.6227284110576924 0.8965558413461537 0.6142767163461539 0.863509548076923 0.6749944086538461 0.8667075048076923 0.67742784375
10 0.8929708605769231 0.7309886081730769 0.89374390625 0.6995955961538461 0.8416380552884615 0.7002043245192309 0.7778850360576922 0.7003769399038462 0.7766990120192308 0.7323799855769231 0.8929708605769231 0.7309886081730769
10 0.7775748870192308 0.732184673076923 0.7769563966346154 0.7014873533653846 0.663931560096154 0.7027048100961538 0.6628492475961539 0.7334021274038461 0.7775748870192308 0.732184673076923
10 0.6577468942307692 0.6709374302884614 0.6509437572115384 0.6732853846153847 0.6509437572115384 0.7038957283653846 0.7698440769230769 0.7018956225961539 0.7698440769230769 0.6701547788461538 0.6577468942307692 0.6709374302884614
10 0.644033389423077 0.7015631394230769 0.6460433750000001 0.6686917908653847 0.5279385432692307 0.6672823605769231 0.5249784423076923 0.6997369519230769 0.644033389423077 0.7015631394230769
10 0.5262234350961539 0.6982643677884616 0.52792425 0.6671322548076923 0.5229764807692308 0.6647842980769231 0.4118919567307693 0.6639729038461539 0.40871469230769236 0.6969599567307692 0.5262234350961539 0.6982643677884616
10 0.4099820456730769 0.6975845817307692 0.4112189735576923 0.6643653990384616 0.29462809855769234 0.6613481610576923 0.2903086201923077 0.6942800649038462 0.4099820456730769 0.6975845817307692
10 0.2907054735576923 0.6940156418269231 0.2944162860576923 0.6606225216346153 0.17644367067307692 0.657318 0.17226899759615386 0.6901893485576923 0.2907054735576923 0.6940156418269231
10 0.0585890625 0.6865106418269231 0.17269624759615385 0.6899021394230769 0.17625240865384614 0.6587700096153846 0.16898543509615382 0.6562481370192308 0.056888247596153844 0.6537262620192308 0.05379591105769231 0.6833800456730769 0.0585890625 0.6865106418269231
10 0.0796458125 0.7195926826923077 0.19093798798076925 0.7235084086538461 0.19595484375 0.7210898677884615 0.19974305528846154 0.6915491298076923 0.07862258653846153 0.6873834735576924 0.0746289639423077 0.7159648725961538 0.0796458125 0.7195926826923077
10 0.3815054471153846 0.7343150625000001 0.3857783076923077 0.7004415673076922 0.26385075240384614 0.6973045072115384 0.2594237692307692 0.7311108173076923 0.3815054471153846 0.7343150625000001
10 0.4159798269230769 0.7401304350961537 0.527888048076923 0.7415036875 0.53134703125 0.7084312572115384 0.41121301442307695 0.7070635072115384 0.40845145192307697 0.7363540024038462 0.4159798269230769 0.7401304350961537
10 0.6643878389423077 0.7441230432692307 0.6636174110576923 0.7116094495192308 0.5463049759615385 0.710670201923077 0.5456051298076923 0.7441096923076922 0.6643878389423077 0.7441230432692307