10 0.06926027163461539 0.5873136538461539 0.1836389495192308 0.5912866802884615 0.18647560096153845 0.5763559855769231 0.1876937596153846 0.5621843317307692 0.07075178125 0.559212858173077 0.06926027163461539 0.5873136538461539
10 0.8328300504807692 0.7027326538461539 0.8551140288461538 0.6439729134615385 0.802990733173077 0.6380426634615385 0.778293014423077 0.6964605192307692 0.8328300504807692 0.7027326538461539
10 0.773913298076923 0.6365022019230769 0.7743721129807692 0.6080890336538461 0.6622357572115385 0.609045201923077 0.6614935889423077 0.6385686225961538 0.773913298076923 0.6365022019230769
10 0.46140685096153844 0.5366272091346154 0.5771386274038461 0.5371840240384615 0.5801061394230769 0.5277180216346153 0.5789458653846153 0.5096915673076923 0.46437436538461535 0.5087860216346154 0.46140685096153844 0.5366272091346154
10 0.5500867596153847 0.7449043245192308 0.6625723221153846 0.7470256850961537 0.6642700240384615 0.7176354399038462 0.5512401105769231 0.7169861899038461 0.5500867596153847 0.7449043245192308
10 0.5485873125 0.5052440360576923 0.5553474543269231 0.4728977716346154 0.44228977403846154 0.4722174230769231 0.4332716322115384 0.5033413076923077 0.5485873125 0.5052440360576923
10 0.09721976682692308 0.5225418870192308 0.21355260336538462 0.5269330168269231 0.21722346394230768 0.49774493509615386 0.09944842067307692 0.4923552668269231 0.09721976682692308 0.5225418870192308
10 0.22716893028846152 0.4986541466346154 0.2213723894230769 0.5276394254807693 0.33789214663461536 0.5317664062499999 0.3390454951923077 0.5019004471153846 0.22716893028846152 0.4986541466346154
10 0.18404615144230768 0.4939229639423077 0.3023481658653846 0.4958256899038461 0.3074181754807692 0.46633350240384613 0.19134932211538463 0.46373378365384615 0.18404615144230768 0.4939229639423077
10 0.18760089423076923 0.4572571706730769 0.3075929110576923 0.4639166995192308 0.3109729158653846 0.43347316346153847 0.19066072596153846 0.4285186201923077 0.18760089423076923 0.4572571706730769
10 0.08250366586538461 0.5557705913461539 0.19741537019230768 0.5607992427884615 0.1994881057692308 0.53241565625 0.08527130048076924 0.5265928197115385 0.08250366586538461 0.5557705913461539
10 0.581998735576923 0.540471 0.6969206153846154 0.5414223461538461 0.6988960504807692 0.5103408413461539 0.5858660504807692 0.5096915673076923 0.581998735576923 0.540471
10 0.5677817572115385 0.4771992956730769 0.5661403822115385 0.5039928581730769 0.6832963990384615 0.5061361634615384 0.6855906778846154 0.47798128125 0.5677817572115385 0.4771992956730769
10 0.7790262211538461 0.7352939471153845 0.895638233173077 0.7314884903846154 0.895638233173077 0.7029476826923078 0.7833605408653846 0.7050941105769231 0.7790262211538461 0.7352939471153845
10 0.666884891826923 0.7354859278846154 0.7771383701923077 0.7319893221153847 0.7755855264423077 0.7083873533653846 0.666884891826923 0.7110098245192307 0.666884891826923 0.7354859278846154
10 0.9206998966346155 0.5979908966346155 0.9206998966346155 0.5707219855769231 0.8074113749999999 0.5726837283653846 0.8099766826923077 0.6012371947115385 0.9206998966346155 0.5979908966346155
10 0.6573347980769231 0.7053504951923077 0.7693969086538461 0.7034684903846155 0.7693969086538461 0.6745136514423078 0.6596804423076923 0.6763007620192307 0.6573347980769231 0.7053504951923077
10 0.6874653533653846 0.6058010336538462 0.8012053846153846 0.6032426370192308 0.7982378701923077 0.5742878076923077 0.6848951009615385 0.577896766826923 0.6874653533653846 0.6058010336538462
10 0.7084803509615385 0.5713712355769232 0.8215103533653847 0.5687742115384615 0.8168968677884615 0.5402067764423077 0.7084803509615385 0.5434530745192307 0.7084803509615385 0.5713712355769232
10 0.20354093028846154 0.5617081875 0.31781051923076925 0.5651176418269231 0.32077795673076925 0.5350491562499999 0.20719534134615386 0.5315362884615384 0.20475905769230768 0.5443364879807693 0.20354093028846154 0.5617081875
10 0.32427345673076924 0.5630271298076923 0.4380582692307692 0.5667326418269231 0.43858963221153846 0.5399132668269231 0.3271400408653846 0.5373851610576923 0.32427345673076924 0.5630271298076923
10 0.5719580528846154 0.5715200769230769 0.6847223942307692 0.5726337283653846 0.6847223942307692 0.5431220625000001 0.5747775120192308 0.5430972259615385 0.5719580528846154 0.5715200769230769
10 0.7784622475961539 0.6318065504807693 0.7794514687499999 0.6368179615384615 0.8912266610576923 0.63403384375 0.8912266610576923 0.60563584375 0.7774731778846153 0.6073063052884615 0.7784622475961539 0.6318065504807693
10 0.24519230769230768 0.5793269230769231 0.11538461538461539 0.030048076923076924
10 0.3713942307692308 0.5841346153846154 0.1141826923076923 0.03125
10 0.49158653846153844 0.5853365384615384 0.11177884615384616 0.028846153846153848
10 0.609375 0.5889423076923077 0.1141826923076923 0.028846153846153848
10 0.30756738701923075 0.49663518509615384 0.42411676923076924 0.5018012187499999 0.42503450240384616 0.4710633245192308 0.31000953365384615 0.46638430048076923 0.30756738701923075 0.49663518509615384
10 0.1626158701923077 0.49352154326923076 0.18234668509615387 0.4297210480769231 0.12810920192307693 0.4237738557692308 0.10913515865384617 0.4870640024038462 0.1626158701923077 0.49352154326923076
10 0.25898796153846154 0.42849586057692307 0.2637812091346154 0.3968122259615384 0.1458552451923077 0.39216280048076924 0.14401981490384613 0.42264239182692304 0.25898796153846154 0.42849586057692307
10 0.27360019711538464 0.4288710360576923 0.39237002163461543 0.4334139663461538 0.39470373317307694 0.40290064903846157 0.27821359615384617 0.39900510096153846 0.27360019711538464 0.4288710360576923
10 0.694288548076923 0.5087281033653845 0.8012861033653846 0.5070804543269231 0.8024864783653847 0.47768612259615384 0.6902497211538462 0.4763346538461538 0.694288548076923 0.5087281033653845
10 0.7759377956730769 0.43842129086538456 0.7777732596153846 0.4069084903846154 0.6643862163461538 0.4065708918269231 0.6607649927884616 0.4373880793269231 0.7759377956730769 0.43842129086538456
10 0.8473557692307693 0.45072115384615385 0.11298076923076923 0.03125
10 0.8247934134615384 0.5387522067307692 0.8230851129807693 0.536765266826923 0.8230851129807693 0.5085193533653846 0.7101327427884615 0.5098489375 0.7100794615384616 0.54159353125 0.8247934134615384 0.5387522067307692
10 0.5629749831730769 0.5702350192307692 0.5635944903846154 0.5409429783653846 0.45106948557692306 0.5373252235576923 0.4489927764423077 0.5670965817307693 0.5629749831730769 0.5702350192307692
10 0.2925989639423077 0.3945723293269231 0.4087755360576923 0.3996664903846154 0.4106109302884615 0.36815368509615387 0.2949997596153846 0.3651779975961539 0.2925989639423077 0.3945723293269231
10 0.20300912259615386 0.3550911875 0.3207940817307692 0.3620653341346154 0.3249237908653846 0.3305525288461538 0.20653897836538462 0.3238366899038461 0.20300912259615386 0.3550911875
10 0.6815254278846153 0.37058384855769233 0.6851265528846154 0.3411895048076923 0.5751397548076923 0.3353744038461538 0.5702798149038462 0.36711447836538463 0.6815254278846153 0.37058384855769233
10 0.5691466081730769 0.368681625 0.5709820384615385 0.3348441153846154 0.45390671394230775 0.33170737019230767 0.4512206802884616 0.36480710096153846 0.5691466081730769 0.368681625
10 0.34286253125 0.5314652884615385 0.45870316346153844 0.5349524350961539 0.46118104807692306 0.518562826923077 0.4618005072115385 0.5049629735576923 0.3478183004807692 0.5014758269230769 0.34286253125 0.5314652884615385
10 0.6516828629807693 0.4040325865384615 0.6577313774038461 0.3744517355769231 0.5436474639423077 0.37125958173076923 0.5398054134615384 0.40157340625000004 0.6516828629807693 0.4040325865384615
10 0.6427384687500001 0.4382730024038462 0.6496586514423076 0.4077577932692308 0.5349605192307693 0.4035985168269231 0.5298507067307692 0.43549599759615387 0.6427384687500001 0.4382730024038462
10 0.4002279567307693 0.43281176923076925 0.5123291009615385 0.4344109783653846 0.5153041370192308 0.4044221706730769 0.40258619711538457 0.40384246634615384 0.4002279567307693 0.43281176923076925
10 0.3894230769230769 0.3473557692307692 0.11658653846153846 0.030048076923076924
10 0.5299356322115385 0.40147975240384615 0.5317710600961538 0.3699669615384616 0.4170571081730769 0.36867545432692306 0.4143039807692308 0.40044655048076927 0.5299356322115385 0.40147975240384615
10 0.7464903293269232 0.4026124182692307 0.7561263293269231 0.33545399519230773 0.7016130216346154 0.33285719951923076 0.6914276322115385 0.4000294014423077 0.7464903293269232 0.4026124182692307
10 0.7748251586538462 0.46961074038461537 0.7748251586538462 0.43990605288461543 0.6624540048076923 0.4413468245192308 0.6601112043269232 0.47116055528846157 0.7748251586538462 0.46961074038461537
10 0.9517322043269231 0.5061433774038462 0.9503556923076922 0.47488887980769234 0.8306484831730769 0.4785025024038462 0.8329551826923077 0.5083684374999999 0.9517322043269231 0.5061433774038462
10 0.8721957884615384 0.39790974759615383 0.8731135552884616 0.3849946658653846 0.8721957884615384 0.3658803461538461 0.7574818701923077 0.36872166105769233 0.7565641370192308 0.4012676658653846 0.8721957884615384 0.39790974759615383
10 0.9014173990384615 0.43057397836538464 0.9008274639423076 0.3993194759615385 0.7857206057692309 0.40315010096153847 0.7833603485576923 0.4339318990384615 0.9014173990384615 0.43057397836538464
10 0.9775210120192307 0.45282396634615385 0.9919264663461539 0.4063296730769231 0.9944215769230769 0.38716225961538464 0.9436734975961538 0.38391595913461535 0.9224583149038461 0.4494660360576923 0.9775210120192307 0.45282396634615385
10 0.11298076923076923 0.6418269230769231 0.11658653846153846 0.028846153846153848
10 0.24158653846153846 0.6117788461538461 0.11177884615384616 0.027644230769230768
10 0.3581730769230769 0.6165865384615384 0.10817307692307693 0.028846153846153848
10 0.1141826923076923 0.6754807692307693 0.11538461538461539 0.028846153846153848
10 0.13701923076923078 0.7091346153846154 0.11298076923076923 0.028846153846153848
10 0.1778980985576923 0.6934884759615384 0.28956143509615384 0.6962313701923077 0.2915916778846154 0.6672023461538461 0.18079424519230772 0.6650106923076924 0.1778980985576923 0.6934884759615384
10 0.5344145024038461 0.6340155889423078 0.5364447451923077 0.6052151370192308 0.42563116586538463 0.60409171875 0.4235632524038462 0.6328727139423077 0.5344145024038461 0.6340155889423078
10 0.6358035192307692 0.6710100360576923 0.6403524038461538 0.64045403125 0.5710317235576923 0.6401979639423078 0.5357737692307692 0.6382131971153846 0.5340108990384616 0.6719541346153846 0.6358035192307692 0.6710100360576923
10 0.2947970408653846 0.6967033221153845 0.4068664206730769 0.6983033677884615 0.4088966610576923 0.6699600408653846 0.2984514855769231 0.6679028701923078 0.2947970408653846 0.6967033221153845
10 0.6443881610576923 0.7039200336538461 0.6464184038461538 0.6742052764423078 0.5356146538461538 0.6730355480769231 0.5335369086538462 0.7014057115384615 0.6443881610576923 0.7039200336538461
10 0.41158060336538466 0.6983951562499999 0.5228379254807692 0.7006809086538461 0.5268984110576923 0.671194733173077 0.4177226923076923 0.6711988629807693 0.41158060336538466 0.6983951562499999
10 0.4740389543269231 0.46633071634615386 0.5901500889423077 0.47095225721153844 0.5954278798076923 0.4415724086538461 0.48112074759615386 0.4366526947115385 0.4740389543269231 0.46633071634615386
10 0.3108485192307692 0.46402771875 0.4252004230769231 0.4673288269230769 0.42871893269230765 0.4376188581730769 0.3158552884615385 0.43410381009615384 0.3108485192307692 0.46402771875
10 0.8329501947115384 0.5124693701923078 0.8316138028846154 0.5360730432692308 0.9425200600961539 0.5338949591346154 0.9448269350961538 0.5111708701923077 0.8294902355769231 0.5111708701923077 0.8329501947115384 0.5124693701923078
10 0.9482868966346154 0.5670072403846154 0.947783360576923 0.5380537403846154 0.8317463557692307 0.5392997884615385 0.8341036322115385 0.5670072403846154 0.9482868966346154 0.5670072403846154
10 0.4153110576923077 0.6992716610576923 0.5214530721153846 0.6992716610576923 0.5243851706730769 0.6712122451923077 0.416821625 0.6727508798076923 0.4153110576923077 0.6992716610576923
10 0.5402260240384615 0.6357714062500001 0.651061798076923 0.6366088894230769 0.651895389423077 0.6067294519230769 0.5398891754807692 0.6080498870192308 0.5402260240384615 0.6357714062500001
10 0.9160582956730768 0.685961201923077 0.9518299519230768 0.6285219350961538 0.9033896081730769 0.6190533365384615 0.8667990048076923 0.6777084326923077 0.9160582956730768 0.685961201923077
10 0.2428348846153846 0.8320772572115385 0.36368471875 0.8035165625 0.3372860408653846 0.7737955528846154 0.21176604326923076 0.80556103125 0.2428348846153846 0.8320772572115385
10 0.42559849519230764 0.8780930552884616 0.4476473293269231 0.8470633846153847 0.32472219471153846 0.818886170673077 0.3013230528846154 0.8498842620192307 0.42559849519230764 0.8780930552884616
10 0.4622291971153846 0.8606593365384616 0.5935201538461539 0.83639978125 0.5724735264423078 0.8064984663461539 0.44280351442307697 0.8305017596153846 0.4622291971153846 0.8606593365384616
10 0.4552433293269231 0.90683071875 0.5855320817307692 0.8791860961538462 0.5634832451923077 0.8509773028846154 0.4365925384615385 0.8797604807692309 0.4552433293269231 0.90683071875
10 0.8643551826923077 0.8279070216346154 0.8728049302884616 0.79500728125 0.73857625 0.7842526057692307 0.7270464591346154 0.8183938509615385 0.8643551826923077 0.8279070216346154
10 0.9972886754807693 0.8424885528846153 1 0.8076068990384615 0.8822730576923077 0.7937741875 0.8677255072115385 0.8282187740384616 0.9972886754807693 0.8424885528846153
10 0.9994448629807693 0.8866563173076922 1 0.8532546634615384 0.896027639423077 0.8383109423076923 0.8790237451923077 0.8715300480769231 0.9994448629807693 0.8866563173076922
10 0.28759425 0.8778191394230769 0.3046757548076923 0.8463498269230769 0.18318732692307693 0.8221325552884615 0.16347123317307694 0.8514648485576923 0.28759425 0.8778191394230769
10 0.25455788942307694 0.917996875 0.2742740360576923 0.8886645673076923 0.14897920192307693 0.8620164615384615 0.1292197019230769 0.8898537115384616 0.25455788942307694 0.917996875
10 0.23074283653846153 0.9520801875 0.24905065625 0.9231442692307692 0.12428076923076924 0.8981955192307692 0.10399632211538462 0.9235406466346153 0.23074283653846153 0.9520801875
10 0.2029919951923077 0.9822051466346153 0.22341227884615386 0.954854766826923 0.10004701201923077 0.9284019615384616 0.07976621874999999 0.9552511442307693 0.2029919951923077 0.9822051466346153
10 0.40677954326923077 0.95691040625 0.4271998269230769 0.9279744879807693 0.2994675817307692 0.9030407596153847 0.28003302884615383 0.9319383124999999 0.40677954326923077 0.95691040625
10 0.4166611634615384 0.9201711947115385 0.43564770673076925 0.8920656610576922 0.30804423076923076 0.8673908774038461 0.2886776081730769 0.8952324639423076 0.4166611634615384 0.9201711947115385
10 0.3622806346153846 0.988009233173077 0.37915759374999997 0.9602995456730768 0.25242780528846154 0.9373882283653846 0.23640674759615385 0.9646539182692307 0.3622806346153846 0.988009233173077
10 0.5998424110576923 0.9209288725961537 0.7244073052884615 0.8966483701923077 0.7002601274038462 0.8669165000000001 0.574075670673077 0.8906417475961538 0.5998424110576923 0.9209288725961537
10 0.5813879711538461 0.9644223149038461 0.7051523004807693 0.9379001682692307 0.6826496706730769 0.9093987884615384 0.5553693653846155 0.9359209038461539 0.5813879711538461 0.9644223149038461
10 0.6024295072115384 0.8826511899038461 0.72621953125 0.8554817524038462 0.7030137067307692 0.82500109375 0.5771397908653846 0.8515232259615384 0.6024295072115384 0.8826511899038461
10 0.3915634591346154 0.9608273149038461 0.41912743509615386 0.9951836610576923 0.5380822067307692 0.9713566057692307 0.5182794951923078 0.9397642884615384 0.3915634591346154 0.9608273149038461
10 0.8686401442307693 0.90814659375 0.879188235576923 0.8760825192307693 0.7435814783653847 0.8668863990384617 0.7350309711538461 0.8986461225961538 0.8686401442307693 0.90814659375
10 1 0.9248510745192308 0.8782529903846155 0.9098504254807692 0.8662740697115384 0.9431451754807691 1 0.9573375721153846 1 0.9248510745192308
10 0.8405607139423077 0.9777023798076924 0.8482959158653846 0.946825860576923 0.7156688389423077 0.9363054230769231 0.7055450961538461 0.9674102163461539 0.8405607139423077 0.9777023798076924
10 0.5430210865384615 1 0.5880262932692308 0.9999175456730769 0.6757072908653845 0.9837877379807692 0.6562415408653847 0.9517573269230769 0.5248260817307693 0.978768514423077 0.5430210865384615 1
10 1 0.8891888052884614 0.8842424783653846 0.8748698245192308 0.8745095745192307 0.9073216826923077 1 0.9224404350961539 1 0.8891888052884614
10 0.9814016105769231 0.9906550985576923 0.9919497019230769 0.9589868677884615 0.8591770072115386 0.9458068341346154 0.8477924375 0.9756126850961538 0.9814016105769231 0.9906550985576923
10 0.8611397740384615 0.944533701923077 0.8689031875000001 0.9097134014423076 0.7348888798076924 0.9000199903846154 0.7288994495192308 0.9333147716346153 0.8611397740384615 0.944533701923077
10 0.8745056899038463 0.873185235576923 0.8808363125 0.8420694759615385 0.7465239975961538 0.8301938966346154 0.7378480216346154 0.8628307644230768 0.8745056899038463 0.873185235576923
10 0.6030417235576923 0.8364715552884616 0.7295911586538462 0.8107467524038461 0.703796951923077 0.7796861634615385 0.574919673076923 0.8077785913461538 0.6030417235576923 0.8364715552884616
10 0.1744693846153846 0.6595208365384615 0.28613272115384614 0.6631780336538462 0.2893810889423077 0.6343775841346153 0.17649962740384614 0.6311775288461539 0.1744693846153846 0.6595208365384615
10 0.29675145673076925 0.6632239086538461 0.4063845480769231 0.6666525360576923 0.41085107692307693 0.6367091995192309 0.2992050480769231 0.6345388774038461 0.29675145673076925 0.6632239086538461
10 0.41377495673076925 0.6663780552884616 0.5258443653846154 0.6675209302884616 0.5270624903846154 0.6387204711538461 0.4169597716346154 0.6371205865384616 0.41377495673076925 0.6663780552884616
10 0.7665249182692307 0.6707186081730769 0.767111329326923 0.641008639423077 0.6574508028846153 0.6423290745192307 0.65221525 0.6424832644230769 0.6510001923076923 0.6720390552884615 0.7665249182692307 0.6707186081730769
10 0.06062553365384615 0.6225888485576923 0.1758366514423077 0.6259297932692308 0.17734649278846154 0.5975317788461538 0.062083165865384614 0.5941908341346154 0.06062553365384615 0.6225888485576923
10 0.16520512740384616 0.36139076682692306 0.16289031250000002 0.38066159855769227 0.16335327403846153 0.3866511826923077 0.16659401682692307 0.38873451682692306 0.27214957211538465 0.39706784855769234 0.27863105288461537 0.39706784855769234 0.28233475721153845 0.3955053485576923 0.28650142307692306 0.37310951682692306 0.28650142307692306 0.36607826682692307 0.2846495721153846 0.3642553485576923 0.2721855216346154 0.36272673798076926 0.2565804182692308 0.3617131418269231 0.2564088317307692 0.36113034855769227 0.24900142307692308 0.36191159855769234 0.16844586778846155 0.35774493269230767 0.16520512740384616 0.36139076682692306
10 0.8355408966346154 0.5671889158653847 0.9449205865384616 0.5655279134615385 0.9437672379807692 0.5369604783653846 0.8341643509615384 0.5382591322115384 0.8355408966346154 0.5671889158653847
10 0.4571945625 0.9443532115384615 0.586803264423077 0.9226721586538461 0.5647851274038461 0.8909131033653845 0.43721448557692305 0.9151578677884615 0.4571945625 0.9443532115384615
10 0.26968882932692306 0.7326949975961539 0.3790108341346154 0.7356254663461539 0.3829152355769231 0.7063206153846154 0.27367786298076924 0.7040046514423076 0.26968882932692306 0.7326949975961539
10 0.5234722403846154 0.7436843173076924 0.5260751081730769 0.7143794663461538 0.42337088461538464 0.7113265913461538 0.41545156971153846 0.7414864591346154 0.5234722403846154 0.7436843173076924
10 0.19550592788461538 1 0.20331462740384615 0.9891124423076924 0.07842609615384616 0.9611878365384615 0.057551887019230766 0.9891124423076924 0.0926910889423077 1 0.19550592788461538 1
10 0.7720498173076924 1 0.8176006875 0.9993691514423078 0.8189021201923077 0.9773905120192308 0.6853336706730769 0.9675945360576923 0.6757422475961538 0.9971712644230769 0.7720498173076924 1