10 0.19722222115384616 0.35677083413461536 0.32037037019230774 0.36458333413461536 0.3287037043269231 0.33125000000000004 0.20462962980769234 0.32343750000000004 0.19722222115384616 0.35677083413461536
10 0.15648148076923077 0.3885416658653846 0.2796296298076923 0.396875 0.2879629639423077 0.36458333413461536 0.16851851923076921 0.3572916658653846 0.15648148076923077 0.3885416658653846
10 0.3259259254807692 0.36406249999999996 0.44722222115384613 0.3692708341346154 0.44999999999999996 0.33281249999999996 0.3277777788461539 0.3286458341346154 0.3259259254807692 0.36406249999999996
10 0.44537037019230774 0.3661458341346154 0.5675925937499999 0.37031250000000004 0.5740740745192308 0.3369791658653846 0.4509259254807692 0.3322916658653846 0.44537037019230774 0.3661458341346154
10 0.5648148149038461 0.3692708341346154 0.6833333341346154 0.3739583341346154 0.6870370360576923 0.3401041658653846 0.5712962956730769 0.334375 0.5648148149038461 0.3692708341346154
10 0.6842592596153847 0.4 0.7444444447115385 0.40364583413461536 0.75740740625 0.3348958341346154 0.6972222211538461 0.3338541658653846 0.6842592596153847 0.4
10 0.75 0.4020833341346154 0.8712962956730769 0.3994791658653846 0.8712962956730769 0.36406249999999996 0.7509259254807692 0.3671875 0.75 0.4020833341346154
10 0.9157407403846154 0.44843750000000004 0.9768518509615384 0.4552083341346154 0.9953703701923077 0.38749999999999996 0.9444444447115384 0.3828125 0.9370370360576923 0.3807291658653846 0.9157407403846154 0.44843750000000004
10 0.28611111057692307 0.39583333413461536 0.40740740625 0.4026041658653846 0.4101851850961538 0.3682291658653846 0.28888888942307694 0.36406249999999996 0.28611111057692307 0.39583333413461536
10 0.4037037043269231 0.40156250000000004 0.5268518509615384 0.4057291658653846 0.5342592596153847 0.37031250000000004 0.4101851850961538 0.3682291658653846 0.4037037043269231 0.40156250000000004
10 0.5305555552884615 0.4041666658653846 0.6490740745192307 0.4083333341346154 0.6611111105769231 0.3744791658653846 0.5370370360576924 0.3708333341346154 0.5305555552884615 0.4041666658653846
10 0.1370370360576923 0.421875 0.2592592596153846 0.4302083341346154 0.26944444471153844 0.3973958341346154 0.14722222115384614 0.38749999999999996 0.1370370360576923 0.421875
10 0.2703703701923077 0.4307291658653846 0.3916666658653846 0.4354166658653846 0.39907407451923077 0.40156250000000004 0.275 0.3979166658653846 0.2703703701923077 0.4307291658653846
10 0.39444444471153844 0.43489583413461536 0.511111110576923 0.4375 0.5212962956730769 0.4041666658653846 0.39629629567307695 0.40156250000000004 0.39444444471153844 0.43489583413461536
10 0.5222222211538461 0.4359375 0.64259259375 0.4411458341346154 0.6499999999999999 0.40885416586538464 0.5259259254807692 0.4046875 0.5222222211538461 0.4359375
10 0.6555555552884615 0.44062500000000004 0.778703704326923 0.4395833341346154 0.7833333341346154 0.40312499999999996 0.6546296298076922 0.4067708341346154 0.6555555552884615 0.44062500000000004
10 0.7759259254807692 0.4359375 0.9018518509615384 0.43281250000000004 0.9018518509615384 0.3984375 0.777777778846154 0.4026041658653846 0.7759259254807692 0.4359375
10 0.1629629639423077 0.49531250000000004 0.18981481490384616 0.4307291658653846 0.12870370432692307 0.4234375 0.10648148076923077 0.48697916586538464 0.1629629639423077 0.49531250000000004
10 0.18148148076923076 0.4625 0.3083333341346154 0.46614583413461536 0.3138888894230769 0.4338541658653846 0.1879629639423077 0.42708333413461536 0.18148148076923076 0.4625
10 0.30648148076923076 0.4666666658653846 0.4287037043269231 0.4723958341346154 0.4342592596153846 0.4359375 0.3111111105769231 0.43437499999999996 0.30648148076923076 0.4666666658653846
10 0.46851851923076926 0.4708333341346154 0.5916666658653846 0.4744791658653846 0.5953703701923077 0.44010416586538464 0.4694444447115385 0.4364583341346154 0.46851851923076926 0.4708333341346154
10 0.6564814807692307 0.4760416658653846 0.7768518509615384 0.47187500000000004 0.777777778846154 0.4375 0.6499999999999999 0.4395833341346154 0.6564814807692307 0.4760416658653846
10 0.777777778846154 0.4375 0.7833333341346154 0.46875 0.9055555552884615 0.4671875 0.9064814807692307 0.43125 0.7851851850961539 0.4375 0.777777778846154 0.4375
10 0.1805555552884615 0.49531250000000004 0.3055555552884615 0.5005208341346153 0.31018518509615384 0.46614583413461536 0.1870370360576923 0.46406250000000004 0.1805555552884615 0.49531250000000004
10 0.3 0.5010416658653847 0.4222222211538461 0.5041666658653846 0.43148148076923076 0.4708333341346154 0.30740740624999996 0.46614583413461536 0.3 0.5010416658653847
10 0.4377894879807692 0.4714444278846154 0.4333333341346154 0.5005208341346153 0.5444444447115384 0.5067708341346153 0.5564814807692308 0.4744791658653846 0.4377894879807692 0.4714444278846154
10 0.5527777788461539 0.5052083341346154 0.6777777788461539 0.5083333341346153 0.6814814807692307 0.4755208341346154 0.5583333341346154 0.4760416658653846 0.5527777788461539 0.5052083341346154
10 0.6777777788461539 0.5083333341346153 0.8027777788461539 0.5072916658653847 0.8064814807692307 0.4729166658653846 0.6814814807692307 0.4765625 0.6777777788461539 0.5083333341346153
10 0.8240740745192308 0.5104166658653846 0.9490740745192308 0.5088541658653847 0.95 0.4729166658653846 0.8268518509615385 0.4755208341346154 0.8175925937499999 0.4755208341346154 0.8240740745192308 0.5104166658653846
10 0.09351851923076923 0.5239583341346153 0.21111111057692306 0.5307291658653847 0.22314814903846153 0.4994791658653846 0.09351851923076923 0.49375 0.09351851923076923 0.5239583341346153
10 0.21574074038461538 0.5276041658653846 0.3398148149038462 0.5348958341346154 0.3490740745192307 0.503125 0.2212962956730769 0.49687499999999996 0.21574074038461538 0.5276041658653846
10 0.3361111105769231 0.5338541658653846 0.4527777788461539 0.5380208341346153 0.46388888942307693 0.5067708341346153 0.34351851923076926 0.503125 0.3361111105769231 0.5338541658653846
10 0.07777777884615385 0.5578125 0.2009259254807692 0.5625 0.20740740625 0.53125 0.08055555528846153 0.5260416658653846 0.07777777884615385 0.5578125
10 0.05833333413461539 0.5901041658653846 0.18425925961538464 0.5958333341346154 0.19074074038461536 0.5635416658653847 0.06296296394230769 0.5578125 0.05833333413461539 0.5901041658653846
10 0.1805555552884615 0.5947916658653847 0.30277777884615387 0.6020833341346153 0.31296296394230766 0.5677083341346154 0.1879629639423077 0.5619791658653847 0.1805555552884615 0.5947916658653847
10 0.19907407451923076 0.5619791658653847 0.3157407403846154 0.56875 0.32499999999999996 0.5354166658653846 0.20648148076923079 0.5291666658653846 0.19907407451923076 0.5619791658653847
10 0.31851851923076924 0.565625 0.4333333341346154 0.5708333341346153 0.44814814903846156 0.5375 0.32499999999999996 0.5333333341346154 0.31851851923076924 0.565625
10 0.17685185096153846 0.6296875 0.18518518509615384 0.5947916658653847 0.06203703605769231 0.5901041658653846 0.05740740625 0.6229166658653846 0.17685185096153846 0.6296875
10 0.17222222115384614 0.6604166658653846 0.1805555552884615 0.628125 0.05370370432692308 0.6244791658653847 0.05277777884615385 0.6598958341346154 0.17222222115384614 0.6604166658653846
10 0.05462962980769231 0.6901041658653846 0.16944444471153847 0.6932291658653846 0.17777777884615384 0.6614583341346154 0.05925925961538462 0.6572916658653847 0.05555555528846154 0.6864583341346153 0.05462962980769231 0.6901041658653846
10 0.07592592548076924 0.721875 0.19537037019230769 0.7270833341346153 0.2009259254807692 0.6963541658653847 0.08055555528846153 0.6916666658653846 0.07592592548076924 0.721875
10 0.29814814903846154 0.6317708341346153 0.3046296298076923 0.5984375 0.18240740625 0.5953125 0.17777777884615384 0.6291666658653846 0.29814814903846154 0.6317708341346153
10 0.17129629567307691 0.6598958341346154 0.28518518509615387 0.6671875 0.3 0.6322916658653847 0.17685185096153846 0.6255208341346153 0.17129629567307691 0.6598958341346154
10 0.17222222115384614 0.6911458341346154 0.28981481490384614 0.6979166658653846 0.29537037019230766 0.6651041658653847 0.17685185096153846 0.6598958341346154 0.17222222115384614 0.6911458341346154
10 0.2638888894230769 0.7338541658653847 0.3814814807692307 0.7364583341346154 0.3833333341346154 0.7067708341346154 0.2648148149038462 0.7026041658653847 0.2638888894230769 0.7338541658653847
10 0.4092592596153847 0.7416666658653847 0.5268518509615384 0.7447916658653846 0.5342592596153847 0.7135416658653846 0.4129629639423077 0.7119791658653847 0.4092592596153847 0.7416666658653847
10 0.5444444447115384 0.746875 0.6592592596153846 0.7494791658653847 0.6685185192307692 0.7166666658653846 0.5435185192307692 0.7171875000000001 0.5444444447115384 0.746875
10 0.778703704326923 0.7057291658653846 0.6601851850961539 0.7052083341346154 0.6648148149038462 0.7354166658653847 0.7740740745192307 0.7354166658653847 0.778703704326923 0.7057291658653846
10 0.7768518509615384 0.7348958341346153 0.8907407403846155 0.7333333341346153 0.89259259375 0.703125 0.7805555552884615 0.7041666658653847 0.7768518509615384 0.7348958341346153
10 0.91759259375 0.6901041658653846 0.9546296298076923 0.6260416658653847 0.8981481490384616 0.6166666658653847 0.861111110576923 0.6776041658653846 0.91759259375 0.6901041658653846
10 0.8287037043269231 0.7041666658653847 0.85740740625 0.6427083341346154 0.8009259254807692 0.6354166658653846 0.777777778846154 0.6963541658653847 0.8287037043269231 0.7041666658653847
10 0.9490740745192308 0.5348958341346154 0.9444444447115384 0.5072916658653847 0.8268518509615385 0.5104166658653846 0.8296296298076923 0.5401041658653847 0.9490740745192308 0.5348958341346154
10 0.7055555552884616 0.5416666658653846 0.825 0.5401041658653847 0.8259259254807693 0.5078125 0.7037037043269231 0.5104166658653846 0.7055555552884616 0.5416666658653846
10 0.5777777788461539 0.5421875 0.7027777788461538 0.5442708341346154 0.7055555552884616 0.5104166658653846 0.5777777788461539 0.5083333341346153 0.5777777788461539 0.5421875
10 0.5685185192307692 0.5739583341346154 0.6842592596153847 0.5760416658653846 0.6879629639423077 0.54375 0.5685185192307692 0.540625 0.5685185192307692 0.5739583341346154
10 0.45555555528846153 0.5375 0.5787037043269231 0.5416666658653846 0.5870370360576923 0.5083333341346153 0.4629629639423077 0.50625 0.45555555528846153 0.5375
10 0.5666666658653846 0.5713541658653847 0.5666666658653846 0.5401041658653847 0.44351851923076924 0.5395833341346153 0.4416666658653846 0.5708333341346153 0.5666666658653846 0.5713541658653847
10 0.4240740745192308 0.6026041658653847 0.42962962980769226 0.5708333341346153 0.3138888894230769 0.5661458341346154 0.3083333341346154 0.5973958341346154 0.4240740745192308 0.6026041658653847
10 0.42777777884615387 0.5989583341346154 0.5462962956730769 0.6052083341346154 0.5537037043269231 0.5723958341346154 0.4333333341346154 0.5682291658653846 0.42777777884615387 0.5989583341346154
10 0.2990740745192308 0.6302083341346154 0.41944444471153847 0.6354166658653846 0.4222222211538461 0.603125 0.30092592548076924 0.5973958341346154 0.2990740745192308 0.6302083341346154
10 0.41111111057692307 0.6354166658653846 0.2972222211538461 0.6322916658653847 0.2916666658653846 0.6635416658653847 0.4055555552884615 0.6671875 0.41111111057692307 0.6354166658653846
10 0.2907407403846154 0.6968749999999999 0.4092592596153847 0.7005208341346154 0.41481481490384614 0.6677083341346154 0.2972222211538461 0.6635416658653847 0.2907407403846154 0.6968749999999999
10 0.4157407403846154 0.6333333341346153 0.5314814807692307 0.6364583341346154 0.5342592596153847 0.6041666658653846 0.4185185192307692 0.6015625 0.4157407403846154 0.6333333341346153
10 0.41111111057692307 0.6666666658653846 0.5240740745192307 0.6697916658653846 0.5305555552884615 0.6369791658653846 0.4157407403846154 0.6333333341346153 0.4101851850961538 0.6630208341346153 0.41111111057692307 0.6666666658653846
10 0.5240740745192307 0.7020833341346153 0.525 0.6671875 0.4138888894230769 0.6671875 0.4092592596153847 0.7020833341346153 0.4101851850961538 0.6973958341346154 0.5240740745192307 0.7020833341346153
10 0.7018518509615385 0.5755208341346154 0.8231481490384615 0.5723958341346154 0.8240740745192308 0.5390625 0.6990740745192308 0.5432291658653846 0.7018518509615385 0.5755208341346154
10 0.8240740745192308 0.5682291658653846 0.9490740745192308 0.56875 0.9490740745192308 0.5348958341346154 0.825 0.5380208341346153 0.8240740745192308 0.5682291658653846
10 0.5462962956730769 0.6036458341346154 0.6648148149038462 0.6072916658653846 0.6694444447115384 0.575 0.5509259254807692 0.5723958341346154 0.5462962956730769 0.6036458341346154
10 0.5351851850961539 0.6369791658653846 0.6490740745192307 0.6390625000000001 0.6574074062499999 0.6078125 0.5342592596153847 0.603125 0.5351851850961539 0.6369791658653846
10 0.5305555552884615 0.671875 0.6444444447115385 0.6734374999999999 0.6481481490384616 0.6401041658653847 0.5342592596153847 0.6359375 0.5268518509615384 0.6661458341346154 0.5305555552884615 0.671875
10 0.6462962956730769 0.7052083341346154 0.6499999999999999 0.6703125000000001 0.5277777788461538 0.6692708341346154 0.5259259254807692 0.7041666658653847 0.6462962956730769 0.7052083341346154
10 0.7694444447115385 0.6729166658653847 0.6481481490384616 0.6723958341346153 0.652777778846154 0.7072916658653846 0.7666666658653847 0.7052083341346154 0.7694444447115385 0.6729166658653847
10 0.6444448629807693 0.6385494447115385 0.6462962956730769 0.6729166658653847 0.763888889423077 0.6734374999999999 0.76759259375 0.6395833341346153 0.6444448629807693 0.6385494447115385
10 0.6796296298076924 0.6083333341346153 0.8009259254807692 0.60625 0.8009259254807692 0.5734375 0.6777777788461539 0.5776041658653847 0.6796296298076924 0.6083333341346153
10 0.653703704326923 0.640625 0.7740740745192307 0.6401041658653847 0.777777778846154 0.6067708341346154 0.652777778846154 0.6083333341346153 0.653703704326923 0.640625
10 0.8 0.6026041658653847 0.9129629639423077 0.6015625 0.9222222211538462 0.5692708341346153 0.8046296298076924 0.5713541658653847 0.8 0.6026041658653847
10 0.7740740745192307 0.6375 0.8898148149038462 0.6359375 0.8916666658653847 0.603125 0.7740740745192307 0.6057291658653846 0.7740740745192307 0.6375