10 0.3235399543269231 0.36477410576923075 0.3289251033653846 0.3277137644230769 0.19999839182692308 0.32112130048076926 0.1946132451923077 0.3569344182692307 0.3235399543269231 0.36477410576923075
10 0.44728844711538457 0.3697593822115385 0.45113996634615383 0.3322541033653846 0.3268117884615384 0.32721846875 0.3225946033653846 0.3650204495192308 0.44728844711538457 0.3697593822115385
10 0.1583950480769231 0.3858207956730769 0.16245411298076923 0.38905517307692306 0.19103671153846152 0.3912431394230769 0.21826628605769233 0.39356034134615386 0.24448110336538462 0.3951434230769231 0.2649455721153846 0.3965093365384615 0.27576975961538464 0.3974606298076923 0.28236573557692307 0.3960336947115385 0.28574830528846157 0.3926700697115385 0.29065302884615385 0.36527293990384613 0.28338049278846156 0.3621336875 0.25310662740384615 0.3600408509615385 0.20862600480769228 0.3569967235576923 0.18038165384615384 0.35452337500000003 0.16735881971153846 0.3544282427884615 0.16346888701923076 0.3574723701923077 0.1583950480769231 0.3858207956730769
10 0.1682331033653846 0.4242540432692307 0.19208583653846154 0.42620410096153843 0.2185734735576923 0.4276861466346154 0.2411781105769231 0.4290121850961538 0.25781956971153847 0.42987021634615386 0.26447617067307694 0.4265941153846154 0.2698846057692308 0.39796726923076925 0.26447617067307694 0.39523718990384615 0.21635461538461537 0.3919610961538461 0.18764812019230767 0.38985503365384616 0.16906516826923076 0.3885289903846154 0.15325579807692308 0.3872029519230769 0.14632186298076924 0.3878269711538461 0.14271621153846153 0.3907910600961539 0.14105206730769232 0.396641233173077 0.13786229326923077 0.4191688966346154 0.14313224278846154 0.4223039855769231 0.1682331033653846 0.4242540432692307
10 0.12343545913461539 0.42314997355769235 0.1046387764423077 0.48213355288461535 0.10958527403846154 0.48580611538461543 0.11433390625 0.48747546153846155 0.14876153846153845 0.49170446875 0.15865453125 0.4928173725961538 0.1669646298076923 0.4913706033653846 0.17052611298076922 0.48758674999999996 0.1885313966346154 0.4302725216346154 0.18655278846153844 0.4258209302884615 0.18081483413461538 0.4241515841346154 0.13174557692307692 0.4190322548076923 0.12640337019230768 0.42081288942307693 0.12343545913461539 0.42314997355769235
10 0.10052583653846153 0.49224049519230767 0.09835721394230769 0.4948426826923077 0.09546573076923076 0.5198074134615385 0.09792349519230768 0.5226535552884616 0.10385103846153847 0.5241986033653846 0.11556156009615384 0.5251744302884616 0.20360729326923074 0.5287524302884615 0.20996854326923076 0.5291590240384616 0.21531780288461538 0.528183204326923 0.21907673798076924 0.5260689254807692 0.22312482692307695 0.5002910144230769 0.22269109374999999 0.49768882211538457 0.21748641105769229 0.49500531971153844 0.1976797379807692 0.4938668629807692 0.1691986153846154 0.49232181249999996 0.14621130528846155 0.49077676442307694 0.12423600721153846 0.4897196298076923 0.109344875 0.4893943509615385 0.10442933413461539 0.4898822644230769 0.10052583653846153 0.49224049519230767
10 0.08565331009615385 0.5234331995192307 0.08203895432692308 0.5255474759615384 0.08044863461538461 0.5283936177884615 0.07799088461538463 0.5516506634615385 0.07929204086538462 0.5540902139423077 0.08261724999999999 0.5557165793269231 0.08883394951923076 0.55669240625 0.19205997115384615 0.5607583245192308 0.19683094711538462 0.5601890889423077 0.1998669807692308 0.5584000889423076 0.20304761778846153 0.5377452283653846 0.20420421153846155 0.5316463533653846 0.20348135096153847 0.5298573485576923 0.20044530528846155 0.5280683461538461 0.09677661057692308 0.5224817644230769 0.08999054086538462 0.5223760600961538 0.08565331009615385 0.5234331995192307
10 0.06527003846153846 0.5585282860576923 0.06381704086538462 0.5622059759615385 0.06181917067307692 0.5834548725961539 0.06345379086538462 0.5862131418269231 0.06790603605769231 0.5883617451923077 0.12869225240384616 0.5907822956730769 0.17909066826923076 0.5924537788461538 0.1817103894230769 0.5917393509615384 0.1840125721153846 0.5903104927884615 0.1844095 0.5887476778846155 0.1885713125 0.5616457355769231 0.18612332692307693 0.5601671225961539 0.1833573605769231 0.5588582980769231 0.07426843509615386 0.5545208605769231 0.06890254326923076 0.5555656995192307 0.06527003846153846 0.5585282860576923
10 0.058539471153846154 0.592765389423077 0.055883826923076925 0.6169246802884616 0.05611474759615384 0.618613235576923 0.05900132692307692 0.6206265072115384 0.061310591346153846 0.6214058365384615 0.17019242067307694 0.625432391826923 0.17411817307692307 0.6249777764423077 0.17758206009615385 0.6231593413461538 0.1811614375 0.5949734975961538 0.17885216346153848 0.5931550552884615 0.17354084375 0.5923107788461539 0.06535180288461538 0.58815434375 0.06027142067307693 0.5894532307692308 0.058539471153846154 0.592765389423077
10 0.05066236538461539 0.6512753221153846 0.05213129807692308 0.6529277836538461 0.054391206730769234 0.6544531298076923 0.057781060096153844 0.6552158052884616 0.0731484110576923 0.6550251346153846 0.1676124158653846 0.6585842788461539 0.17235821634615386 0.6566140384615384 0.17518309615384617 0.6278866610576923 0.17021132211538464 0.62540796875 0.059137007211538466 0.6210861514423077 0.05987836057692308 0.6212946466346154 0.05586015144230769 0.622738610576923 0.052922266826923074 0.6247724062500001 0.05066236538461539 0.6512753221153846
10 0.05350501442307692 0.6836197403846154 0.05693895913461538 0.6862273677884616 0.06105970192307693 0.6871931538461538 0.08629918990384616 0.6879657860576922 0.13351595192307691 0.6895110480769231 0.16768368990384616 0.6906699975961538 0.17403649278846153 0.6884486826923077 0.17747044951923077 0.6607305552884615 0.17472330288461538 0.6582778004807692 0.17043088221153846 0.6571571370192307 0.060201211538461544 0.6538734615384616 0.05625217307692308 0.6559981923076923 0.05350501442307692 0.6836197403846154
10 0.07728458894230769 0.6916109759615385 0.074321 0.7151870649038461 0.07742570432692308 0.7186004326923077 0.08010703846153847 0.7197117644230769 0.1872191033653846 0.7241570865384616 0.1918761754807692 0.7232838990384616 0.1948397235576923 0.7208230961538462 0.19596872115384614 0.7193148605769231 0.19893231009615386 0.6945480649038461 0.19695656971153847 0.6924047836538462 0.1925817908653846 0.6904996466346154 0.08363510576923076 0.6866099879807692 0.07883692548076923 0.6888326490384615 0.07728458894230769 0.6916109759615385
10 0.17402306490384617 0.6614196610576923 0.17091836778846153 0.6868215024038461 0.1720473485576923 0.6884885024038462 0.17529317307692308 0.6902348822115385 0.2831108605769231 0.6947595817307692 0.2876267860576923 0.6938863942307693 0.2898847596153846 0.6920606346153846 0.29425956009615384 0.6645155096153845 0.29101373557692306 0.6620547067307693 0.28550993990384615 0.6609433774038462 0.18263155048076923 0.65705371875 0.1782567403846154 0.6574506225961538 0.1758576610576923 0.6590382403846153 0.17402306490384617 0.6614196610576923
10 0.2640051346153846 0.698994954326923 0.26292023798076924 0.7016555240384614 0.26013607932692306 0.72694471875 0.2616828365384615 0.7288588125 0.26477634134615385 0.7299608605769231 0.2687979038461539 0.7305408918269231 0.28756518509615386 0.7310049110576924 0.3060231105769231 0.7316429447115385 0.3199438966346154 0.7321649663461538 0.3340709206730769 0.7325129879807691 0.3466512019230769 0.7329770048076922 0.3609844399038461 0.7334410288461538 0.37263665384615385 0.7336730432692308 0.3785143125 0.7315849399038462 0.3798548317307692 0.7296708509615384 0.3833608149038461 0.7041496418269231 0.38119536538461535 0.7022355504807692 0.37696755528846154 0.7009014879807692 0.3706774278846154 0.7003214591346154 0.2777690745192308 0.6972473149038462 0.27225449278846153 0.6971968701923077 0.26751111778846154 0.6980089086538462 0.2640051346153846 0.698994954326923
10 0.40955624759615383 0.7084021274038462 0.40847193509615387 0.7129440432692308 0.40726713701923073 0.724603889423077 0.4058213725961538 0.7345689903846153 0.40823096875 0.7378906971153847 0.4154597620192308 0.7391109062500001 0.5187109927884616 0.741212389423077 0.5240121177884615 0.7388397499999999 0.524734985576923 0.7371450048076924 0.5283493798076923 0.7104358197115384 0.5260602716346153 0.7092833942307692 0.5230482740384615 0.7084699158653845 0.5046148533653846 0.7077920192307693 0.4566638774038462 0.7065040120192307 0.4154698389423077 0.7059352884615385 0.41256824278846155 0.7067751730769231 0.40955624759615383 0.7084021274038462
10 0.6594406298076922 0.7404905552884615 0.6604908125000001 0.7143219158653846 0.6541896826923076 0.7111141466346154 0.5470703918269231 0.7107764855769231 0.5428696322115385 0.7132245216346154 0.5407692620192308 0.7402373076923077 0.5458701730769231 0.7431918317307692 0.6519392788461539 0.7444580552884615 0.6594406298076922 0.7404905552884615
10 0.29005235817307695 0.3650650096153846 0.2894917908653846 0.36941768509615386 0.2873616346153846 0.39395668509615384 0.28859488461538463 0.3954075745192308 0.2910613798076923 0.39654305769230774 0.2935278701923077 0.397363125 0.4016051274038462 0.40133731009615387 0.4049685264423077 0.40058031971153846 0.4084440480769231 0.39906634855769235 0.4088924951923077 0.39711079567307694 0.41102265865384613 0.37011158894230767 0.40956518028846156 0.36859761538461544 0.4069865721153846 0.3669574759615385 0.4047443052884615 0.3665789831730769 0.29964271875 0.36282461057692306 0.2930794182692308 0.36329870432692307 0.29005235817307695 0.3650650096153846
10 0.27657761778846157 0.3966358197115385 0.2745176778846154 0.3991066394230769 0.27122176923076924 0.4235831995192308 0.27149643269230767 0.42667172355769234 0.2728697283653846 0.4286792668269231 0.27644029086538463 0.42999188701923075 0.2830320985576923 0.4306868052884615 0.2959410673076923 0.43145893750000003 0.3070647475961538 0.4319994254807692 0.3195617355769231 0.43253992067307695 0.3331573413461539 0.4330804110576923 0.38822644230769227 0.4350107379807693 0.39330764903846155 0.4334664759615385 0.39577956009615384 0.4319222139423077 0.39797684134615385 0.4031989350961539 0.39632889182692305 0.400419266826923 0.3901490673076923 0.3993382788461538 0.2896239134615385 0.3955548365384616 0.28069750240384617 0.3954004134615384 0.27657761778846157 0.3966358197115385
10 0.1870909639423077 0.42791507692307695 0.1861166201923077 0.432229204326923 0.18331535817307693 0.45729223798076923 0.18526405769230767 0.4593465865384615 0.18964863221153846 0.46071615144230765 0.3036476081730769 0.46585201923076924 0.3076668076923077 0.46366071634615386 0.3118078052884616 0.43414659615384615 0.3103462668269231 0.43188681250000005 0.30644886778846153 0.43106507692307694 0.3016989182692308 0.43058572596153843 0.19500756009615383 0.42510746875 0.19086656971153845 0.42613464182692307 0.1870909639423077 0.42791507692307695
10 0.18170510817307692 0.48938086538461534 0.18182689903846153 0.49136673557692306 0.1852371298076923 0.4934895600961538 0.1885255576923077 0.49396890625 0.2966784302884615 0.4986939038461538 0.30045404326923075 0.49773520673076926 0.30374247115384617 0.4964341201923077 0.30386427403846156 0.49479064663461536 0.30763987019230765 0.4671939158653846 0.3064219326923077 0.4656873942307692 0.30325530528846156 0.4650026129807693 0.29546049038461536 0.46459174519230767 0.2478391346153846 0.4623319615384615 0.21799964903846153 0.461030875 0.1886473485576923 0.45972978846153845 0.18487174519230767 0.4614417451923077 0.18170510817307692 0.48938086538461534
10 0.31100597355769233 0.43237311057692307 0.3098644759615385 0.4342343365384615 0.30883713701923077 0.4364806466346154 0.3067824423076923 0.46228112259615384 0.30803808653846154 0.46369309134615383 0.3102069302884616 0.4646557956730769 0.31248992067307696 0.4651692331730769 0.4246989230769231 0.4690200504807692 0.42835172355769235 0.4669021057692308 0.43006396634615385 0.4638856298076923 0.43246109615384615 0.43699409134615386 0.43006396634615385 0.4351970408653846 0.4285800192307692 0.43442687980769235 0.42721022836538464 0.43404179567307694 0.31603455288461535 0.4304366514423077 0.31294651923076927 0.43083278125 0.31100597355769233 0.43237311057692307
10 0.3058877596153846 0.4668501033653846 0.3049077860576923 0.4692377235576923 0.30153231490384613 0.49605252163461533 0.3018589735576923 0.4973381610576923 0.3051255600961538 0.49856258173076917 0.3115498509615385 0.49978700240384616 0.4190205673076923 0.5030317163461538 0.42261381490384614 0.5011950865384616 0.4240293413461539 0.49984822115384614 0.4264248341346154 0.47131923557692307 0.4244648798076923 0.4692989423076923 0.41858502884615384 0.4685030697115385 0.3125298269230769 0.46489103125 0.30926324038461533 0.4651971346153846 0.3058877596153846 0.4668501033653846
10 0.22053308173076921 0.4970154759615385 0.21684142548076923 0.5225159663461538 0.21670958413461536 0.5247398461538462 0.2192146346153846 0.5274085024038462 0.2211923052884615 0.5280015384615384 0.22435657932692307 0.5285945769230769 0.3302278725961539 0.5332647211538462 0.3357653461538461 0.53215278125 0.3395888557692308 0.5306701947115384 0.34341234374999996 0.5017597524038462 0.3386659471153846 0.4996100048076923 0.22723230048076923 0.4939822259615385 0.22264259375 0.4954587572115384 0.22053308173076921 0.4970154759615385
10 0.34139637740384615 0.5020602644230769 0.3378923173076923 0.5296423052884616 0.33931584375 0.53105834375 0.3419438870192308 0.5320434158653846 0.3476379735576923 0.5328437884615385 0.4465180144230769 0.53610684375 0.45297862740384615 0.5356143052884615 0.4568111875 0.5341366971153846 0.4590012211538462 0.5316740144230769 0.4611912548076923 0.5048307788461538 0.45922022115384614 0.5032916033653846 0.4557161682692307 0.501690860576923 0.3467947451923077 0.49935520432692304 0.3421628870192308 0.4998438485576923 0.34139637740384615 0.5020602644230769
10 0.20134002163461537 0.5294719615384615 0.19931290625 0.5360661634615385 0.19583785576923077 0.5571513317307693 0.19641703125 0.5590237620192308 0.20090563701923078 0.56097759375 0.2053942403846154 0.5617102836538461 0.3115280721153846 0.5663506538461538 0.31616146874999995 0.5654551394230769 0.31905734375 0.5626057932692308 0.3228219903846154 0.5353334759615385 0.31992611538461535 0.5324027163461539 0.3160166875 0.5319142572115385 0.21422665865384616 0.5271924855769231 0.20582862740384614 0.5275995336538462 0.20134002163461537 0.5294719615384615
10 0.18682693028846156 0.5599561658653847 0.1851120673076923 0.5614712980769231 0.18057993990384616 0.5901210985576923 0.18131487740384616 0.5917739735576923 0.18547954326923077 0.5929447620192307 0.2987828581730769 0.5971458125 0.30258003846153847 0.5945287620192308 0.30637723798076927 0.5662233100961539 0.3018451105769231 0.56333078125 0.19674862499999998 0.5590608581730769 0.19062412019230768 0.5590608581730769 0.18682693028846156 0.5599561658653847
10 0.18267598557692308 0.6256850889423077 0.2933541466346154 0.6304140288461538 0.2996622331730769 0.6265448918269231 0.3038676153846154 0.5981712764423077 0.2987064639423077 0.5954843798076923 0.18152906490384615 0.5919376778846154 0.17694136538461538 0.6214935312500001 0.18267598557692308 0.6256850889423077
10 0.16820824759615385 0.6554640600961539 0.1744808389423077 0.6594673870192308 0.2865397211538462 0.6632800841346154 0.29179514182692307 0.6583235817307693 0.29382948798076924 0.6311581201923077 0.2897607692307692 0.6296330360576923 0.1783800072115385 0.6248671658653847 0.17193789903846154 0.6272501009615384 0.16820824759615385 0.6554640600961539
10 0.4463566201923077 0.3319681875 0.44338359134615385 0.36254409615384614 0.44573723798076925 0.3653300552884616 0.4492057644230769 0.3664444399038462 0.5595793437500001 0.36978759375 0.5654015168269231 0.3677677716346154 0.5670119086538462 0.36407637259615383 0.5698610625 0.33649537259615386 0.5652776322115385 0.3329432740384615 0.4532936778846154 0.32897328124999997 0.44870768509615383 0.3299654038461538 0.4463566201923077 0.3319681875
10 0.5667897764423077 0.3363621274038462 0.5618954326923077 0.3638804375 0.5617322788461538 0.36672400240384617 0.5635268798076922 0.3679164591346154 0.5672792019230769 0.36910892307692306 0.6692446778846153 0.3736953076923077 0.6747916129807692 0.3731449423076923 0.6795228028846154 0.37167729326923077 0.6821331274038461 0.3681916442307692 0.6855591538461538 0.3426913389423077 0.6824594134615385 0.33938914182692304 0.6759336225961537 0.3383801346153846 0.6638608942307692 0.33792149759615386 0.5754364399038462 0.33370202403846155 0.5694000889423078 0.3340689350961539 0.5667897764423077 0.3363621274038462
10 0.691161485576923 0.3334497884615385 0.6886823197115385 0.3378638365384615 0.6804184110576923 0.3962918221153846 0.680005204326923 0.39919579807692307 0.6845503653846153 0.40140281971153846 0.6955000336538462 0.4025644110576923 0.737026170673077 0.40349367788461543 0.7423977259615384 0.40140281971153846 0.7454966899038461 0.39698877403846156 0.7554133725961538 0.3384446298076923 0.7531408004807693 0.3341467427884615 0.7481824519230769 0.3318235625 0.7421911153846155 0.3308942932692308 0.7016979663461539 0.3299650192307692 0.69488025 0.3307781298076923 0.691161485576923 0.3334497884615385
10 0.7448585432692307 0.36844566826923075 0.7442054447115385 0.3728521706730769 0.7422461105769231 0.3988321875 0.7442054447115385 0.40121904086538457 0.7477975384615385 0.4024124711538462 0.7584105552884615 0.4028714831730769 0.8598056778846155 0.40039281971153845 0.8655203798076924 0.3983731754807692 0.868785923076923 0.3953437019230769 0.8686226610576924 0.3686292740384615 0.8668266009615385 0.36532439423076923 0.8612751875 0.3641309663461539 0.754002076923077 0.36559980288461535 0.7489404735576923 0.366609625 0.7448585432692307 0.36844566826923075
10 0.9284944326923077 0.38387074519230774 0.9113603581730769 0.44561854567307696 0.9142504447115385 0.4491005649038462 0.9633818629807693 0.4530468533653846 0.9699877956730769 0.45177011538461537 0.9745293509615384 0.44735955528846155 0.9894495360576923 0.39327219471153846 0.9894495360576923 0.3859599567307692 0.9836124591346154 0.3839868125 0.9429448533653846 0.3800405288461538 0.9342745913461539 0.3803887259615385 0.9284944326923077 0.38387074519230774
10 0.7734186057692308 0.4059148725961539 0.77293421875 0.43251365865384617 0.7743873653846154 0.4347831802884615 0.7779395096153846 0.4364172379807692 0.783267704326923 0.43678035576923074 0.8890244447115384 0.43496473798076923 0.8954828725961538 0.4319689711538462 0.8983891706730769 0.4291547740384616 0.8987120865384616 0.40146661057692307 0.8949984855769231 0.3989247451923077 0.8901546658653847 0.39810771875 0.7812592043269231 0.4008435889423077 0.7753561274038462 0.40192051442307697 0.7734186057692308 0.4059148725961539
10 0.845748733173077 0.4665798317307692 0.8738428918269231 0.4662166995192308 0.8906347932692308 0.4655812379807692 0.8990307427884615 0.4617684399038462 0.8998380456730769 0.43435262740384617 0.8958015288461538 0.43090295432692305 0.8885357980769231 0.43035826923076925 0.7837478317307693 0.4329909134615385 0.7777737788461538 0.43526043509615386 0.7772894038461539 0.4389824495192308 0.7761591706730768 0.4624946947115385 0.7769664759615384 0.46549045432692304 0.782869951923077 0.4669938004807692 0.7974719879807692 0.46694294951923077 0.845748733173077 0.4665798317307692
10 0.8152499038461538 0.5063145552884616 0.81871203125 0.5081638028846154 0.9288077259615384 0.5082611298076923 0.9405789687499999 0.5069958605769231 0.9445604230769231 0.5032973701923077 0.9468107860576923 0.4803278076923077 0.946464576923077 0.47429343509615385 0.9412713846153846 0.4711789158653846 0.9340009182692307 0.4707896009615385 0.8285790937499999 0.4707896009615385 0.8207893028846154 0.47186021874999995 0.8162885384615385 0.4756560336538461 0.8143843701923077 0.4881140985576923 0.8140491153846153 0.5030640961538462 0.8152499038461538 0.5063145552884616
10 0.8201359086538461 0.5335949951923077 0.8228436754807693 0.5350449326923077 0.8269697956730769 0.5357698990384615 0.93386203125 0.5338849807692307 0.9378592163461538 0.5320000697115385 0.9406959182692307 0.5290276947115384 0.9410827451923077 0.5061911899038462 0.9383749735576923 0.5042337740384615 0.9363119254807692 0.5037987932692307 0.8242620264423077 0.5036538004807692 0.8218121490384616 0.504451264423077 0.8202361538461538 0.5057636899038461 0.8187175576923077 0.5320725600961539 0.8201359086538461 0.5335949951923077
10 0.8201611899038461 0.5370349711538461 0.819645423076923 0.539572360576923 0.8188717764423077 0.5638588028846153 0.8195164831730769 0.5655987283653846 0.8218374230769231 0.5667586778846154 0.824932014423077 0.5677736346153845 0.9319531995192307 0.5668311754807692 0.9374976730769231 0.5645112764423077 0.9405922548076924 0.5611764206730769 0.9416237884615384 0.5365274951923077 0.9398186009615385 0.5340626009615385 0.9363371923076923 0.5329026538461539 0.9322110769230769 0.5322501802884616 0.8252908870192308 0.5341396826923077 0.8220953076923077 0.5355125384615385 0.8201611899038461 0.5370349711538461
10 0.8023360144230769 0.5674704543269231 0.7982098894230769 0.5682679206730769 0.7960178942307692 0.5705153221153846 0.7953731875 0.597556641826923 0.7964047115384615 0.5991515769230769 0.7985967163461538 0.6003115240384616 0.8023360144230769 0.6012539807692308 0.9098729615384615 0.5993690625 0.9139990745192308 0.5974116514423077 0.9172226057692308 0.5938593052884615 0.9174804831730768 0.5895819903846153 0.9176094326923077 0.5694278677884616 0.916062141826923 0.56710796875 0.9130964903846154 0.5660930168269231 0.8196599086538462 0.5672074687499999 0.80968565625 0.5673254615384615 0.8023360144230769 0.5674704543269231
10 0.771625670673077 0.6000819447115384 0.7668104086538462 0.6020931346153846 0.7663320240384616 0.6054403942307692 0.7657817067307692 0.6141039711538462 0.7652313942307691 0.6317405432692307 0.7681205504807692 0.6338290817307691 0.7726606514423077 0.6352214447115384 0.8762575673076923 0.6338290817307691 0.8814855697115385 0.6334423149038462 0.8858880889423077 0.6309670096153847 0.8878141850961538 0.6278728774038461 0.8880893605769231 0.6032744975961538 0.8853377836538462 0.6014953749999999 0.8809352403846155 0.5998709495192307 0.8762575673076923 0.5994841826923077 0.7981127475961538 0.6004124230769231 0.7819440865384616 0.6000819447115384 0.771625670673077 0.6000819447115384
10 0.88794 0.6176704278846153 0.85582 0.6754405144230768 0.8556425456730768 0.6772364711538461 0.8586593365384616 0.6786333317307692 0.9040887283653846 0.6859169567307692 0.9097674110576922 0.6854180769230769 0.9145587884615385 0.6834225649038461 0.9472111682692308 0.6280470913461538 0.9466787884615384 0.6248542716346154 0.9433070841346154 0.6228587596153846 0.9383382403846153 0.621362125 0.8978962860576923 0.6155048509615385 0.8913117163461538 0.6157746899038461 0.88794 0.6176704278846153
10 0.79536459375 0.6328610480769231 0.7900398701923077 0.6350488341346154 0.7679217908653846 0.6903192259615385 0.7673073918269231 0.6938887692307693 0.7699697620192307 0.6963068557692308 0.7769328509615385 0.6975734663461538 0.8156395120192308 0.7024096225961538 0.8226026177884616 0.7022944783653846 0.82751775 0.6984946346153845 0.8504550216346154 0.643799985576923 0.8504550216346154 0.6403455841346154 0.84382509375 0.6373608197115386 0.8027373028846154 0.6329761947115385 0.79536459375 0.6328610480769231
10 0.7750270168269231 0.7019836298076924 0.7736496923076923 0.7043068197115385 0.7721193341346153 0.7293456225961539 0.7742618365384615 0.7312385889423076 0.7783938004807692 0.7321850721153846 0.7825257740384616 0.7324432067307692 0.88322334375 0.7317548509615384 0.8876613990384615 0.7295177091346154 0.8893447788461538 0.7271084735576923 0.8908751370192308 0.7030161586538461 0.8887326442307693 0.7010371442307692 0.8862840624999999 0.6995743990384615 0.8394341225961538 0.6995017379807693 0.7790059447115384 0.69983253125 0.7750270168269231 0.7019836298076924
10 0.6587725456730769 0.7040849615384615 0.6565065360576923 0.7076341153846154 0.6547261057692307 0.7314771658653847 0.6569921129807692 0.7330242379807692 0.6628189855769231 0.7346623076923078 0.7665697163461539 0.7344803004807693 0.7727203100961538 0.7317501802884615 0.7746625961538461 0.7277460024038462 0.7749863076923076 0.7053590144230769 0.7709398677884616 0.7022648798076924 0.7665697163461539 0.7013548413461539 0.6761876634615385 0.7023750793269231 0.6634664182692307 0.7022648798076924 0.6587725456730769 0.7040849615384615
10 0.754390923076923 0.7049276730769231 0.7609770817307692 0.7033406466346155 0.7630940817307692 0.7008278629807693 0.7652110432692307 0.6747742908653845 0.7630940817307692 0.6710712451923077 0.7574487860576924 0.66921971875 0.6499533870192308 0.6698809759615384 0.6419559134615385 0.6717325024038462 0.6412502451923078 0.6955378028846154 0.6436024423076923 0.7021503798076923 0.6497181706730769 0.70400190625 0.754390923076923 0.7049276730769231
10 0.6464055504807693 0.6400378245192309 0.642938278846154 0.642962016826923 0.6419269975961538 0.6671678461538462 0.6445274423076923 0.6695234495192307 0.6475613125 0.6719602764423077 0.7577915625 0.6712292283653846 0.7625590625 0.6685487235576922 0.7637148221153847 0.6635938341346154 0.7637148221153847 0.6406876418269231 0.7614033004807692 0.6386569519230769 0.7575026274038461 0.6367887211538462 0.6617193197115385 0.6379259038461539 0.6531956153846153 0.638088360576923 0.6464055504807693 0.6400378245192309
10 0.6496391394230769 0.6061006610576923 0.6490612596153846 0.6135735985576922 0.6481944447115384 0.628925625 0.6479054975961538 0.6341241850961539 0.6503614855769231 0.6370483846153847 0.6539732259615385 0.6394852139423077 0.764347954326923 0.6389166153846154 0.7701267379807692 0.6364797884615385 0.7721493004807692 0.6342866442307693 0.7718603677884615 0.6073190745192307 0.7686820408653846 0.6058569759615385 0.7627587812500001 0.6048822475961538 0.6800627788461538 0.6056254278846154 0.6581628341346154 0.6055320649038461 0.6496391394230769 0.6061006610576923
10 0.6829200528846153 0.5713199807692309 0.6764220336538462 0.5737059375 0.6741676225961538 0.5757190841346154 0.6729741081730769 0.5969689927884615 0.6735045600961538 0.5998768822115385 0.67549375 0.6025610793269232 0.6796047379807693 0.6050215913461539 0.6838483461538462 0.6065128125 0.7703117740384615 0.6056926418269231 0.7939168028846153 0.6045742259615385 0.7989560865384615 0.6009952956730769 0.7992213076923077 0.5965216346153845 0.7990887067307693 0.572736639423077 0.7952429302884615 0.5706489278846154 0.7888775408653845 0.5699033173076923 0.7193885216346154 0.5708726129807692 0.6924681658653846 0.5704998076923077 0.6829200528846153 0.5713199807692309
10 0.7022781442307693 0.5396489735576924 0.6976438197115384 0.5418952115384615 0.6958859759615384 0.5447703966346154 0.6952467572115384 0.5518685048076923 0.6960457788461538 0.5695688557692308 0.6970046009615385 0.5713658461538461 0.6994016634615385 0.5728932932692308 0.7035565721153846 0.5737019326923076 0.7924077115384616 0.5726237403846154 0.8018361754807692 0.5723541899038461 0.81174403125 0.5710963028846154 0.8165381586538462 0.5691196081730769 0.8173371802884616 0.5442312956730769 0.8168577620192308 0.5394692740384616 0.8101459903846154 0.5375824350961539 0.7962430288461538 0.5377621346153846 0.7361566346153846 0.5384809302884616 0.7075516778846154 0.539559125 0.7022781442307693 0.5396489735576924
10 0.7169494038461538 0.5052446298076924 0.7045758437499999 0.5055573028846154 0.701100125 0.506808 0.6983195504807692 0.5087622139423077 0.6973463533653846 0.5117326177884615 0.697207326923077 0.5335416442307692 0.6977634447115384 0.5371373966346155 0.7013781875 0.5388571033653846 0.7044368173076924 0.5394824543269231 0.71152728125 0.5399514639423078 0.8107938004807692 0.5384662596153846 0.8146866081730769 0.5372937307692308 0.8171891298076923 0.5359648677884615 0.8195526153846154 0.5339324879807692 0.8196916514423077 0.5096220697115385 0.8185794182692308 0.5067298317307692 0.8139914663461538 0.5047756177884616 0.8063448846153847 0.5043066081730769 0.7503163004807691 0.5051664615384616 0.731547420673077 0.505010125 0.7169494038461538 0.5052446298076924
10 0.6782634447115385 0.47198001682692303 0.6728131370192307 0.47241013701923074 0.6733826418269231 0.4794055625 0.6736697427884616 0.49312668028846157 0.6736697427884616 0.5011172163461539 0.6741004086538461 0.5044264254807692 0.6765408100961537 0.5067670889423077 0.6805603052884616 0.5070899326923077 0.6940543052884615 0.5077356346153846 0.7229085240384615 0.5075742139423076 0.755495125 0.5073320745192308 0.7801862860576924 0.5070899326923077 0.7932496225961538 0.5057178245192308 0.7989917524038461 0.5016014903846154 0.7997095192307693 0.49199670673076923 0.7995659783653846 0.47577349999999996 0.7933931850961538 0.4712536057692308 0.7819089206730769 0.4710114663461538 0.7133049038461539 0.47191185817307696 0.6937672019230768 0.4718993028846154 0.6782634447115385 0.47198001682692303
10 0.4090823004807692 0.3652299495192307 0.4065868317307692 0.3679191778846154 0.40471522115384617 0.39714990384615384 0.40575500240384615 0.39948836298076923 0.4084584254807692 0.4012422067307692 0.5184673317307692 0.40416527884615383 0.5242901153846155 0.402879125 0.5294890240384615 0.3998391298076923 0.5321924639423077 0.37318070913461543 0.5305288052884616 0.3697899423076923 0.5261617115384616 0.3678022524038462 0.4277983701923077 0.3652299495192307 0.41511303846153846 0.3649961081730769 0.4090823004807692 0.3652299495192307
10 0.5301736298076923 0.37243253605769233 0.5266614350961538 0.4002305649038461 0.5288227884615385 0.40250909134615387 0.5316595649038461 0.4038762091346154 0.64094290625 0.4076737524038462 0.6462111923076923 0.4063825841346154 0.6503988197115385 0.40372430288461536 0.6518847355769231 0.4002305649038461 0.6551267764423077 0.3766098341346154 0.6541811899038461 0.37372370192307697 0.64985846875 0.37174897836538456 0.6444550913461539 0.3713692235576923 0.5346314206730769 0.36817928846153847 0.5317946490384615 0.37015401201923076 0.5301736298076923 0.37243253605769233
10 0.5058454975961538 0.43631704326923076 0.5126923533653847 0.43531614423076925 0.5163896730769231 0.43146651682692305 0.5181698389423077 0.40913867788461544 0.5177590432692308 0.4039801778846154 0.5139248004807693 0.4019783725961539 0.4803751947115385 0.40097747115384613 0.4277913461538461 0.3998225817307692 0.4072507764423077 0.39912964903846154 0.40204716346153846 0.39882167788461537 0.39780210817307693 0.39997656490384614 0.3957480504807692 0.40151641586538467 0.3945156201923077 0.4055200288461539 0.39232462259615386 0.43069659134615385 0.3949264302884616 0.4325444086538462 0.3973912980769231 0.4337762932692308 0.4056075264423077 0.43462321153846156 0.4627103125 0.43585508894230773 0.4876328653846154 0.4360860697115384 0.5058454975961538 0.43631704326923076
10 0.5268720048076923 0.40272403125 0.5243833461538462 0.4052893125 0.5205120865384616 0.4317194927884615 0.5217564206730769 0.4340515673076923 0.5250746418269231 0.4358394927884615 0.5304667379807693 0.43677231971153846 0.6333315216346154 0.4401149639423077 0.6377558100961539 0.43949307451923075 0.6413505552884615 0.43754968028846153 0.6428714134615384 0.4356840192307692 0.6439774687500001 0.4325745841346154 0.647295701923077 0.40870968990384615 0.6452218149038462 0.4066885552884615 0.6431479278846154 0.4052893125 0.6388618870192307 0.4048228990384616 0.5402831442307693 0.40116931490384616 0.5317110721153846 0.40116931490384616 0.5268720048076923 0.40272403125
10 0.6572878774038462 0.4028985552884615 0.6522991322115386 0.40544050721153846 0.6499606586538461 0.40842072596153844 0.6487134663461538 0.41411819951923073 0.6485575697115386 0.43497972115384614 0.6499606586538461 0.43708340384615385 0.6535463125000001 0.4383105552884615 0.6575996802884615 0.4396253557692308 0.6652386899038463 0.4398883125 0.7673521346153845 0.43813524278846155 0.7723408774038462 0.43620687019230775 0.7753029375 0.4328760360576923 0.7760824278846153 0.4297205144230769 0.7756147524038461 0.4140305456730769 0.7751470528846155 0.40614173557692307 0.7718731778846154 0.4024602884615385 0.7664167331730769 0.4015837548076923 0.7447468701923078 0.4015837548076923 0.6844141947115384 0.4028109038461538 0.6685125649038461 0.40263559615384614 0.6572878774038462 0.4028985552884615
10 0.6508691225961538 0.4435764278846154 0.6507315264423077 0.46307239182692306 0.6507315264423077 0.4683332067307692 0.6510067307692308 0.47080888701923074 0.6533459182692307 0.4730524735576923 0.658574701923077 0.4740582139423077 0.7670030793269231 0.47173726442307695 0.7714062596153847 0.4695710504807692 0.7741582475961538 0.46717273317307695 0.7742958557692308 0.4588173197115385 0.7740206610576923 0.44210649278846154 0.7722318629807692 0.43877980048076926 0.7689294855769231 0.43684567548076925 0.7619119038461538 0.43622675961538465 0.6577490961538461 0.4375419615384616 0.6519663822115385 0.43941621634615385 0.6508691225961538 0.4435764278846154
10 0.4727468173076923 0.4350529711538461 0.4691981634615384 0.43687469230769227 0.4668838269230769 0.44849900961538464 0.4664209567307692 0.45717387259615383 0.4665752548076923 0.46255228846153845 0.4687000288461538 0.4681474423076923 0.47363727403846156 0.46944867067307694 0.4930777067307692 0.4704896538461538 0.5152953269230769 0.47153063701923076 0.5319585528846154 0.472311375 0.550164670673077 0.4730921105769231 0.5717651298076923 0.4733523605769231 0.5824110913461539 0.4735258557692308 0.5878112091346154 0.4717041418269231 0.5905884182692308 0.46875468028846157 0.5916684350961539 0.4637232596153846 0.59259415625 0.4570436153846154 0.5935199014423077 0.45027722115384616 0.5942913461538462 0.44385782692307696 0.5939827716346154 0.44090837019230766 0.5893540985576923 0.43830591105769234 0.5828739639423077 0.4374384254807693 0.4964720625 0.43466246875000003 0.48323846875 0.43435898076923074 0.4727468173076923 0.4350529711538461
10 0.4393339615384615 0.46680172115384616 0.43515400240384616 0.4676074927884616 0.43336259134615385 0.47015910576923076 0.4320522644230769 0.47570034375000003 0.42978314182692307 0.48912988942307695 0.42870829326923077 0.49550892307692307 0.42858886778846156 0.49859771875000003 0.43109684134615384 0.5007464447115384 0.43372425000000003 0.5018208125 0.4463835480769231 0.5025594375 0.47038844951923076 0.504170983173077 0.4921242379807692 0.5052453461538462 0.5145765793269231 0.5059168221153846 0.5341626778846154 0.5066554471153846 0.5452694110576923 0.50672259375 0.550643641826923 0.5037680913461539 0.5518379158653846 0.4998063798076923 0.5554207355769231 0.4781176634615385 0.5553013197115384 0.4752303125 0.550643641826923 0.4718057740384615 0.5074109350961539 0.4700599350961538 0.4894968293269231 0.4694556033653846 0.4754044038461539 0.4689855721153846 0.4670444879807692 0.4680455024038462 0.45020522115384615 0.4669039903846154 0.4393339615384615 0.46680172115384616
10 0.5759774086538462 0.4710501899038461 0.5615768725961539 0.4702954158653846 0.5565732860576923 0.47070711057692305 0.5553529014423076 0.47249112259615383 0.5548647548076923 0.47489267548076924 0.5520578677884616 0.49897682692307693 0.5518137932692307 0.5031623942307692 0.5543766009615385 0.5054953293269231 0.5595022115384615 0.5070734951923077 0.666896076923077 0.5088575048076923 0.6728759735576924 0.5069362644230769 0.6753167427884615 0.5040543966346154 0.6780015865384615 0.47736284615384617 0.6749506249999999 0.4746868293269231 0.669458891826923 0.47324589903846154 0.6121007956730768 0.4719421947115385 0.5928187211538462 0.47132465384615385 0.5759774086538462 0.4710501899038461
10 0.5806577187499999 0.539824375 0.5884792572115385 0.5408830625 0.6478649927884615 0.5427561322115385 0.6788614399038462 0.5429190048076923 0.6916076514423076 0.5424303798076923 0.6991394975961539 0.539824375 0.7017466802884615 0.5361596730769231 0.7033399639423077 0.5116469158653846 0.7001534158653846 0.50904090625 0.6946493677884615 0.5071678389423077 0.6826273749999999 0.5064348990384615 0.6538035745192308 0.5065977740384615 0.6339600408653846 0.5067606514423078 0.6141165096153846 0.5062720264423077 0.5991976610576922 0.5057833966346154 0.5860169158653846 0.5061905865384616 0.58181646875 0.5057833966346154 0.5784850697115385 0.5069235264423078 0.5760227379807692 0.5109954110576923 0.575588204326923 0.5162888677884616 0.5752985216346154 0.5223966971153846 0.5745743076923077 0.5278530264423077 0.5750088293269231 0.5321692259615385 0.5751536706730769 0.5348566778846154 0.5773263197115385 0.5381956177884615 0.5806577187499999 0.539824375
10 0.45778587499999995 0.5032762163461538 0.4558593173076923 0.5057521057692308 0.4533823197115385 0.5325226610576923 0.4540703774038462 0.5352306658653846 0.4586115408653846 0.5369328437499999 0.5538385168269231 0.5394861009615385 0.5648474158653847 0.5396408485576922 0.5721408149038462 0.5380160456730769 0.5755810961538461 0.5348438076923077 0.5773700456730769 0.51720309375 0.5765443701923076 0.5093111995192308 0.5751682596153846 0.5065258197115384 0.5703518653846154 0.5044367884615385 0.5596181850961538 0.5036630745192308 0.5429672403846154 0.50319884375 0.4785651682692308 0.502193014423077 0.4696204399038461 0.5020382716346155 0.4700332764423077 0.5021156442307693 0.46315271634615385 0.5021156442307693 0.45778587499999995 0.5032762163461538
10 0.3201368389423077 0.5350963004807693 0.3177980432692307 0.551504983173077 0.31708623557692306 0.5582514086538461 0.31678117788461535 0.561567451923077 0.3178997331730769 0.5634541658653845 0.32339081730769226 0.5646548004807692 0.38857203124999995 0.5664843389423078 0.4102313221153846 0.5670560697115385 0.42426408413461536 0.5675706298076924 0.43138215625000004 0.5676849735576923 0.4371783149038461 0.5653408774038462 0.4378901201923077 0.5608241995192308 0.4388052932692308 0.5536203870192308 0.4403305961538461 0.5434435745192308 0.4405339663461539 0.5367543173076923 0.4378901201923077 0.5346389134615385 0.43168722115384617 0.5337241442307692 0.3327440625 0.5305936105769231 0.3253228653846154 0.5309798341346154 0.3216621418269231 0.53218046875 0.3201368389423077 0.5350963004807693
10 0.44492757692307694 0.53473096875 0.44299721153846155 0.5377156490384615 0.44042340144230774 0.5632211201923076 0.4402625408653846 0.5656631274038462 0.4426754879807693 0.5674720240384615 0.4463753341346154 0.5685573629807692 0.5465931177884615 0.5717229326923077 0.5556014423076923 0.5702758149038462 0.5607490576923077 0.5681955841346154 0.5623576899038462 0.5622262211538461 0.5636446009615385 0.5406098870192307 0.5607490576923077 0.5378965408653846 0.5575317956730769 0.5371729807692307 0.5436975745192307 0.5366303125 0.4582948774038461 0.5341080264423077 0.45023605288461543 0.5339169639423077 0.44492757692307694 0.53473096875
10 0.5627962908653846 0.5407282860576923 0.5613823533653846 0.5657699783653846 0.5620893221153846 0.5694798677884616 0.5660954302884615 0.5713348004807692 0.6353776466346154 0.5730572427884616 0.6624778317307692 0.5737197235576923 0.6763814254807692 0.5739847139423077 0.6829797019230769 0.5701423461538462 0.6862788774038461 0.5436431923076923 0.6796805649038462 0.5396683197115385 0.6669552740384616 0.539403329326923 0.5762021177884615 0.5367736153846153 0.5660954302884615 0.5372833990384616 0.5627962908653846 0.5407282860576923
10 0.42718702644230766 0.5667075697115385 0.4272920841346154 0.57255396875 0.42400614423076927 0.5978032331730769 0.4282048413461539 0.6002665793269231 0.5357278701923077 0.603243110576923 0.5413869879807692 0.6014982475961539 0.5439427019230769 0.5989322644230769 0.5466809783653847 0.5734777235576923 0.5432125048076923 0.5700906225961538 0.5375533870192307 0.5690642307692307 0.4409834711538462 0.5659850528846154 0.43112566826923077 0.5656771346153846 0.42718702644230766 0.5667075697115385
10 0.3082477860576923 0.5689097259615384 0.30592688942307694 0.5909398581730769 0.3057903581730769 0.5933961875 0.30770168990384617 0.5949313846153846 0.3108417379807692 0.5964665865384615 0.4148727331730769 0.6003045889423076 0.4201971658653846 0.5990764230769231 0.4244293870192308 0.5970039038461539 0.42634073076923074 0.5950849038461539 0.42866162740384617 0.5705984471153847 0.4277059663461538 0.56791184375 0.4238833004807692 0.5660696057692308 0.41555535096153845 0.5656858076923077 0.3184870576923077 0.5620013221153847 0.31234349519230775 0.5623851225961538 0.3089304038461539 0.5648414423076923 0.3082477860576923 0.5689097259615384
10 0.5467629423076923 0.5684156057692308 0.5420951538461538 0.5696587692307692 0.5424636586538462 0.5733191923076923 0.5417912740384615 0.5987358197115384 0.5424054567307692 0.6002552403846153 0.5438795024038462 0.6020509254807692 0.5460905576923077 0.6030868942307692 0.5521095576923076 0.6037775384615385 0.6113168509615384 0.6053660192307693 0.6382180913461538 0.6059876033653846 0.6487820360576924 0.6063329254807692 0.6565207500000001 0.6055041514423076 0.6605743653846154 0.6035703413461538 0.6627854302884616 0.6012912091346154 0.6645051370192309 0.5789142740384615 0.6642594663461538 0.5744250745192307 0.6598373389423077 0.5718696850961538 0.654186860576923 0.57097184375 0.5611779471153846 0.5688510408653846 0.5525362716346154 0.5683465408653846 0.5467629423076923 0.5684156057692308
10 0.3001067860576923 0.5964110649038461 0.29837875240384615 0.6072372548076923 0.29751473076923074 0.6158426923076923 0.29553983894230773 0.6241011322115385 0.29702101442307693 0.626321889423077 0.2999833485576923 0.6279180600961538 0.3065251875 0.6289590408653846 0.4077384855769231 0.632290173076923 0.41267571875000003 0.6300694182692308 0.41551461298076925 0.6284038485576923 0.4188472620192308 0.6029345384615384 0.4173660769230769 0.5991870120192307 0.4147740408653846 0.5979378365384616 0.30738919951923077 0.5947454951923077 0.3039331418269231 0.5948842932692308 0.3001067860576923 0.5964110649038461
10 0.4146510408653846 0.6012117572115385 0.4119428846153846 0.6291270240384615 0.4146510408653846 0.6318339567307691 0.5004091442307692 0.6345408966346154 0.5223752692307693 0.6350484447115385 0.5311015625000001 0.6323415120192308 0.5341106177884616 0.6169458149038461 0.5350133004807692 0.6023960408653847 0.5286943076923077 0.6001966610576923 0.4263863461538462 0.5951211514423077 0.4182619014423077 0.5978280865384615 0.4146510408653846 0.6012117572115385
10 0.40729142307692306 0.6617814495192308 0.4100644278846154 0.6342371538461538 0.40623503846153847 0.6314901442307692 0.29927654567307693 0.627703735576923 0.29188187740384613 0.6286688966346153 0.2905614014423077 0.6347568557692308 0.2868640769230769 0.6592571682692309 0.2937405528846154 0.6614699783653847 0.4010851923076923 0.6650481538461539 0.40729142307692306 0.6617814495192308
10 0.40507274519230774 0.6331936802884616 0.4042314375 0.6372932187499999 0.4018477235576923 0.6602348653846154 0.40310968990384616 0.6623634735576923 0.40913907451923076 0.6642555697115384 0.5158450841346154 0.6659111514423077 0.5214538100961539 0.6630730096153846 0.5221548990384616 0.6570025456730769 0.52397771875 0.6350069375 0.5178081298076923 0.6324841466346154 0.4160097644230769 0.6303555384615385 0.40984016346153845 0.6305132163461539 0.40507274519230774 0.6331936802884616
10 0.6482250240384615 0.6357204278846154 0.6501227043269231 0.6327465072115385 0.6525625865384614 0.6066674447115384 0.6489027716346154 0.6045323173076923 0.6414475937499999 0.6039985360576924 0.5462925528846154 0.6005670817307692 0.5393795745192308 0.6005670817307692 0.5344998341346154 0.6019396634615385 0.5321955072115384 0.6139116274038462 0.5301622788461539 0.6287050120192308 0.5311111201923077 0.6332802860576923 0.5362619615384616 0.6351103918269231 0.6430741971153846 0.6377030504807693 0.6482250240384615 0.6357204278846154
10 0.5270128894230769 0.6673977620192308 0.6369292620192308 0.6695507836538461 0.6409095120192307 0.6664504278846154 0.6438181706730769 0.6384611057692309 0.637694701923077 0.6351023846153846 0.5355857548076923 0.6322603942307693 0.5303808004807693 0.6319159110576924 0.5250227548076923 0.6330354831730769 0.5228795552884615 0.6364803221153846 0.5210874855769231 0.6637989591346154 0.5233387980769231 0.6663643028846155 0.5270128894230769 0.6673977620192308
10 0.5237709495192308 0.6672403389423077 0.522258610576923 0.6699890240384616 0.5219096105769231 0.6747664975961538 0.5219096105769231 0.6823581009615385 0.5210952740384616 0.6891643701923077 0.5209789423076923 0.6946617379807692 0.5208626177884615 0.6979994278846154 0.5230729471153845 0.6999627740384615 0.5286569471153846 0.7019915624999999 0.6348514591346154 0.7025741658653846 0.6401043798076922 0.699635545673077 0.6412470168269231 0.6955908317307693 0.6426637283653847 0.6721487019230769 0.6399880480769231 0.6701853557692308 0.6364980432692308 0.6696618004807693 0.6252137139423077 0.668811014423077 0.5321469495192308 0.6659968846153846 0.5264466105769231 0.666324108173077 0.5237709495192308 0.6672403389423077
10 0.4076078149038462 0.6647707163461539 0.4065749519230769 0.6709685576923078 0.4050830504807692 0.683622483173077 0.4043944759615385 0.6905950504807692 0.4045092355769231 0.6941458918269231 0.4065749519230769 0.6956953557692308 0.4103620985576923 0.6965992067307692 0.41564114903846155 0.6970511298076923 0.46349690144230765 0.6979549831730769 0.48358024519230774 0.6980841057692307 0.49781073798076925 0.6980195432692308 0.5110083605769231 0.6982777860576923 0.5181236129807693 0.6979549831730769 0.5215664735576924 0.6958890408653846 0.5230583701923077 0.6945978221153847 0.5239764639423077 0.6771663966346153 0.52409125 0.6698064615384615 0.5237469447115385 0.6671594663461539 0.5200745769230769 0.6649643990384615 0.5157136105769231 0.664189670673077 0.4491516490384615 0.6633503774038462 0.4154116346153846 0.6625110865384615 0.40990305288461537 0.6627693317307692 0.4076078149038462 0.6647707163461539
10 0.2999278100961539 0.660157014423077 0.2940749471153846 0.6604798197115385 0.29074684615384616 0.662674889423077 0.28891065625 0.6648053966346155 0.2873039879807692 0.674554079326923 0.28673018028846153 0.6810747235576924 0.28615637259615384 0.6872080048076923 0.28604160576923077 0.6904360456730768 0.2881073221153846 0.6923083124999999 0.28994351201923074 0.6930184783653845 0.2930420913461539 0.6939223365384616 0.36499786057692307 0.6961819639423077 0.3839335889423077 0.6963756418269231 0.3949507403846154 0.6968275721153846 0.4018364615384616 0.6967630048076923 0.4057383605769231 0.6943742548076923 0.40768931009615383 0.6919855096153846 0.4092959807692308 0.6750705673076923 0.41021407451923075 0.6667422211538461 0.4084926466346154 0.6647408341346155 0.40516456009615387 0.6635141802884615 0.4005740721153846 0.6628685721153846 0.31656829326923075 0.6609317451923077 0.30646924278846155 0.6602861370192308 0.2999278100961539 0.660157014423077