10 0.234375 0.04807692307692308 0.006009615384615385 0.001201923076923077
10 0.1967592596153846 0.2994791658653846 0.31018518509615384 0.3046875 0.31481481490384616 0.2760416658653846 0.19907407451923076 0.2708333341346154 0.1967592596153846 0.2994791658653846
10 0.3287037043269231 0.310329860576923 0.4305555552884615 0.3116319447115385 0.43981481490384616 0.27777777884615384 0.326388889423077 0.27777777884615384 0.3287037043269231 0.3077256947115385 0.3287037043269231 0.310329860576923
10 0.4444444447115385 0.30989583413461536 0.5625 0.3072916658653846 0.5648148149038461 0.2825520841346154 0.451388889423077 0.28125 0.4444444447115385 0.30989583413461536
10 0.5706018509615385 0.31597222115384616 0.6805555552884616 0.320529514423077 0.684027778846154 0.320529514423077 0.684027778846154 0.2892795144230769 0.576388889423077 0.2840711802884615 0.5706018509615385 0.31597222115384616
10 0.684027778846154 0.34917534615384616 0.746527778846154 0.3524305552884615 0.7546296298076923 0.2853732644230769 0.7025462956730769 0.2821180552884615 0.684027778846154 0.34917534615384616
10 0.7581018509615384 0.34830729086538464 0.8726851850961539 0.34244791586538464 0.8692129639423077 0.3125 0.7546296298076923 0.314453125 0.7581018509615384 0.34830729086538464
10 0.15663580288461537 0.33658854086538464 0.27353394951923077 0.34440104086538464 0.2793209879807692 0.3125 0.1612654326923077 0.3053385408653846 0.15663580288461537 0.33658854086538464
10 0.40277777884615384 0.34765625 0.4016203701923077 0.31510416586538464 0.2870370360576923 0.31315104086538464 0.28472222115384616 0.34309895913461536 0.40277777884615384 0.34765625
10 0.5250771610576923 0.34765625 0.5250771610576923 0.31640625 0.40702160576923074 0.314453125 0.4081790120192308 0.34700520913461536 0.5250771610576923 0.34765625
10 0.65625 0.3515625 0.65625 0.32096354086538464 0.5381944447115384 0.31705729086538464 0.5370370360576924 0.34700520913461536 0.65625 0.3515625
10 0.13348765384615385 0.367404514423077 0.2538580240384615 0.3758680552884615 0.25848765384615385 0.34526909615384616 0.13811728365384615 0.33550347115384616 0.13348765384615385 0.367404514423077
10 0.38850308653846155 0.3828125 0.3896604927884615 0.35091145913461536 0.27391975240384614 0.345703125 0.27160493750000003 0.37434895913461536 0.38850308653846155 0.3828125
10 0.3819444447115385 0.3817274302884615 0.5127314807692308 0.384982639423077 0.513888889423077 0.3524305552884615 0.39583333413461536 0.3485243052884615 0.3912037043269231 0.379123264423077 0.3819444447115385 0.3817274302884615
10 0.6400462956730769 0.38932291586538464 0.6469907403846153 0.35807291586538464 0.5231481490384615 0.35221354086538464 0.5185185192307692 0.38346354086538464 0.6400462956730769 0.38932291586538464
10 0.6535493822115386 0.388671875 0.7808641971153846 0.38736979086538464 0.7797067908653846 0.3515625 0.6616512355769231 0.35286458413461536 0.6604938269230769 0.384765625 0.6535493822115386 0.388671875
10 0.9035493822115386 0.3797743052884615 0.9035493822115386 0.3485243052884615 0.7820216057692307 0.349826389423077 0.784336420673077 0.38237847115384616 0.9035493822115386 0.3797743052884615
10 0.24519230769230768 0.39663461538461536 0.1201923076923077 0.03245192307692308
10 0.3629807692307692 0.4014423076923077 0.11899038461538461 0.036057692307692304
10 0.5288461538461539 0.4050480769230769 0.12620192307692307 0.03245192307692308
10 0.7139423076923077 0.4050480769230769 0.11778846153846154 0.028846153846153848
10 0.7824074062499999 0.4149305552884615 0.90625 0.41558159615384616 0.9039351850961539 0.3836805552884615 0.7858796298076923 0.38628472115384616 0.7824074062499999 0.4149305552884615
10 0.1782407403846154 0.412326389423077 0.17361111057692308 0.441623264423077 0.2962962956730769 0.447482639423077 0.2986111105769231 0.41558159615384616 0.1782407403846154 0.41167534615384616 0.1782407403846154 0.412326389423077
10 0.3036265432692308 0.44683159615384616 0.4158950625 0.4520399302884615 0.4158950625 0.42144097115384616 0.3036265432692308 0.4188368052884615 0.3036265432692308 0.44683159615384616
10 0.43325617307692305 0.417751735576923 0.4286265432692308 0.4483506947115385 0.5513117283653846 0.452907985576923 0.5536265432692308 0.4229600697115385 0.4344135793269231 0.41840277884615384 0.43325617307692305 0.417751735576923
10 0.6763117283653847 0.45638020913461536 0.6763117283653847 0.42643229086538464 0.559413579326923 0.42513020913461536 0.5582561730769231 0.45572916586538464 0.6763117283653847 0.45638020913461536
10 0.798611110576923 0.45703125 0.795138889423077 0.42578125 0.6805555552884616 0.42708333413461536 0.684027778846154 0.45833333413461536 0.798611110576923 0.45703125
10 0.9448302475961537 0.45659722115384616 0.9494598774038461 0.42730034615384616 0.8279320985576923 0.427951389423077 0.8290895072115384 0.457248264423077 0.9448302475961537 0.45659722115384616
10 0.08719135817307692 0.470920139423077 0.2133487644230769 0.47612847115384616 0.2121913581730769 0.44487847115384616 0.09876543269230768 0.44292534615384616 0.08719135817307692 0.470920139423077
10 0.3321759254807692 0.47916666586538464 0.3356481490384615 0.44921875 0.21875 0.4453125 0.21296296394230768 0.4765625 0.3321759254807692 0.47916666586538464
10 0.4502314807692308 0.48763020913461536 0.4525462956730769 0.45638020913461536 0.34143518509615384 0.45442708413461536 0.3379629639423077 0.48046875 0.4502314807692308 0.48763020913461536
10 0.5767746923076923 0.48871527884615384 0.5744598774038462 0.45941840384615384 0.4621913581730769 0.45746527884615384 0.45640432211538456 0.48480902884615384 0.5767746923076923 0.48871527884615384
10 0.6959876538461539 0.4891493052884615 0.6959876538461539 0.459201389423077 0.5802469134615384 0.46050347115384616 0.5802469134615384 0.48784722115384616 0.6959876538461539 0.4891493052884615
10 0.8132716057692307 0.48958333413461536 0.8167438269230769 0.45768229086538464 0.6975308653846154 0.46223958413461536 0.6975308653846154 0.486328125 0.8132716057692307 0.48958333413461536
10 0.8221450625 0.4871961802884615 0.9413580240384616 0.4813368052884615 0.9425154326923076 0.4578993052884615 0.8290895072115384 0.4598524302884615 0.8290895072115384 0.482638889423077 0.8221450625 0.4871961802884615
10 0.18981481490384616 0.5088975697115384 0.19212962980769233 0.4815538197115385 0.07291666586538462 0.476345485576923 0.06944444471153846 0.505642360576923 0.18981481490384616 0.5088975697115384
10 0.31597222115384616 0.515625 0.31597222115384616 0.482421875 0.20023148076923075 0.47916666586538464 0.1967592596153846 0.5091145841346154 0.31597222115384616 0.515625
10 0.4317129639423077 0.5203993052884616 0.4317129639423077 0.488498264423077 0.3125 0.48589409615384616 0.31134259375 0.515842014423077 0.4317129639423077 0.5203993052884616
10 0.4440586418269231 0.5160590288461538 0.4448215336538462 0.5167742379807693 0.5597993822115385 0.5206163197115384 0.5679012355769231 0.4893663197115385 0.44290123557692307 0.488064235576923 0.4440586418269231 0.5160590288461538
10 0.6793981490384616 0.5249565961538462 0.6817129639423077 0.49370659615384616 0.5717592596153847 0.490451389423077 0.56365740625 0.519748264423077 0.6793981490384616 0.5249565961538462
10 0.8125 0.523654514423077 0.8171296298076923 0.49370659615384616 0.6990740745192308 0.494357639423077 0.6979166658653846 0.5243055552884616 0.8125 0.523654514423077
10 0.9429012355769231 0.5208333341346154 0.940586420673077 0.48958333413461536 0.8271604927884616 0.49153645913461536 0.8283179014423077 0.5201822908653846 0.9429012355769231 0.5208333341346154
10 0.12259615384615384 0.5264423076923077 0.11899038461538461 0.03485576923076923
10 0.17515432211538462 0.5421006947115384 0.2955246923076923 0.5492621538461538 0.3001543221153846 0.5167100697115384 0.18325617307692307 0.511501735576923 0.17515432211538462 0.5421006947115384
10 0.3032407403846154 0.5199652788461538 0.31018518509615384 0.5460069447115384 0.420138889423077 0.550564235576923 0.42824074038461535 0.5206163197115384 0.3032407403846154 0.5186631947115384 0.3032407403846154 0.5199652788461538
10 0.4247685192307692 0.5531684038461538 0.5393518509615385 0.5518663197115384 0.5381944447115384 0.525173610576923 0.4305555552884615 0.5219184038461538 0.4247685192307692 0.5531684038461538
10 0.5466820985576922 0.5540364591346154 0.6612654326923076 0.5572916658653846 0.6647376538461539 0.5279947908653846 0.5501543221153846 0.5247395841346154 0.5466820985576922 0.5540364591346154
10 0.7962962956730769 0.554470485576923 0.7939814807692307 0.525173610576923 0.6782407403846153 0.5277777788461538 0.6770833341346154 0.5570746538461538 0.7962962956730769 0.554470485576923
10 0.9147376538461539 0.550564235576923 0.9193672836538462 0.5206163197115384 0.8024691346153846 0.5258246538461538 0.8024691346153846 0.5492621538461538 0.9147376538461539 0.550564235576923
10 0.04629629567307692 0.570095485576923 0.16782407451923076 0.5766059038461538 0.16898148076923075 0.5453559038461538 0.050925925480769234 0.542751735576923 0.04629629567307692 0.570095485576923
10 0.2943672836538461 0.5809461802884616 0.29783950721153846 0.5503472211538462 0.17978394951923077 0.5464409711538462 0.17746913461538463 0.5770399302884616 0.2943672836538461 0.5809461802884616
10 0.40393518509615384 0.5826822908653846 0.40972222115384616 0.5520833341346154 0.2974537043269231 0.5501302091346154 0.29282407451923076 0.580078125 0.40393518509615384 0.5826822908653846
10 0.528163579326923 0.5872395841346154 0.5327932091346154 0.5553385408653846 0.4158950625 0.5533854158653846 0.41358024759615386 0.58203125 0.528163579326923 0.5872395841346154
10 0.6412037043269231 0.5885416658653846 0.642361110576923 0.5553385408653846 0.5347222211538462 0.5533854158653846 0.53125 0.5852864591346154 0.6412037043269231 0.5885416658653846
10 0.7650462956730769 0.589626735576923 0.7662037043269231 0.5577256947115384 0.6504629639423077 0.5590277788461538 0.6504629639423077 0.589626735576923 0.7650462956730769 0.589626735576923
10 0.8846450625 0.5848524302884616 0.8765432091346154 0.5542534711538462 0.7723765432692308 0.5575086802884616 0.7758487644230769 0.584201389423077 0.8846450625 0.5848524302884616
10 0.045910492788461536 0.6039496538461538 0.1616512355769231 0.6085069447115384 0.16975308653846152 0.5766059038461538 0.045910492788461536 0.5733506947115384 0.045910492788461536 0.6039496538461538
10 0.28395061778846153 0.6139322908653846 0.2862654326923077 0.5826822908653846 0.17399691346153848 0.578125 0.1705246923076923 0.607421875 0.28395061778846153 0.6139322908653846
10 0.4016203701923077 0.615017360576923 0.40740740625 0.583767360576923 0.2905092596153846 0.5792100697115384 0.2905092596153846 0.611111110576923 0.4016203701923077 0.615017360576923
10 0.5177469134615384 0.6165364591346154 0.5200617283653846 0.5872395841346154 0.40663580288461537 0.5833333341346154 0.4031635793269231 0.6145833341346154 0.5177469134615384 0.6165364591346154
10 0.5389660504807693 0.6223958341346154 0.6396604927884616 0.6236979158653846 0.6396604927884616 0.591796875 0.5297067908653846 0.58984375 0.5308641971153846 0.62109375 0.5389660504807693 0.6223958341346154
10 0.7623456778846154 0.626736110576923 0.7635030865384616 0.5941840288461538 0.6477623461538461 0.5928819447115384 0.6489197524038463 0.6241319447115384 0.7623456778846154 0.626736110576923
10 0.1628086418269231 0.643012153846154 0.1674382716346154 0.6117621538461538 0.04822530769230769 0.609157985576923 0.04938271634615384 0.6378038197115384 0.1628086418269231 0.643012153846154
10 0.2831790120192308 0.6493055552884616 0.28665123557692307 0.615451389423077 0.1674382716346154 0.6089409711538462 0.16628086538461537 0.640842014423077 0.2831790120192308 0.6493055552884616
10 0.3981481490384615 0.6514756947115384 0.4016203701923077 0.618923610576923 0.2870370360576923 0.6163194447115384 0.28472222115384616 0.646918403846154 0.3981481490384615 0.6514756947115384
10 0.5219907403846153 0.650173610576923 0.5219907403846153 0.6182725697115384 0.40856481490384616 0.617621528846154 0.4108796298076923 0.648220485576923 0.5219907403846153 0.650173610576923
10 0.6354166658653846 0.654730903846154 0.6354166658653846 0.6221788197115384 0.5185185192307692 0.620876735576923 0.5219907403846153 0.6495225697115384 0.6354166658653846 0.654730903846154
10 0.7592592596153847 0.6529947908653846 0.7592592596153847 0.6276041658653846 0.6435185192307693 0.6276041658653846 0.6435185192307693 0.65234375 0.7592592596153847 0.6529947908653846
10 0.1890432091346154 0.677300346153846 0.1890432091346154 0.6434461802884616 0.0721450625 0.6395399302884616 0.07098765384615385 0.6688368052884616 0.1890432091346154 0.677300346153846
10 0.3730709879807692 0.6881510408653846 0.37422839423076926 0.65625 0.25848765384615385 0.65234375 0.25733024759615386 0.6803385408653846 0.3730709879807692 0.6881510408653846
10 0.5239197524038461 0.6924913197115384 0.5239197524038461 0.6612413197115384 0.4093364206730769 0.6592881947115384 0.4093364206730769 0.689236110576923 0.5239197524038461 0.6924913197115384
10 0.5852623461538461 0.696831596153846 0.6547067908653846 0.694878471153846 0.6581790120192307 0.667534721153846 0.5470679014423078 0.6649305552884616 0.5470679014423078 0.690972221153846 0.5852623461538461 0.696831596153846
10 0.7650462956730769 0.6846788197115384 0.7627314807692307 0.657986110576923 0.6574074062499999 0.658637153846154 0.659722221153846 0.683376735576923 0.7650462956730769 0.6846788197115384
10 0.8834876538461539 0.685763889423077 0.8777006177884614 0.654513889423077 0.7758487644230769 0.656467014423077 0.7735339495192307 0.683810764423077 0.8834876538461539 0.685763889423077
10 0.847222221153846 0.593967014423077 0.7962962956730769 0.5874565961538462 0.7743055552884616 0.644097221153846 0.8229166658653846 0.6512586802884616 0.847222221153846 0.593967014423077
10 0.9151234567307692 0.6360677091346154 0.940586420673077 0.5774739591346154 0.8908179014423077 0.5709635408653846 0.8607253076923077 0.6282552091346154 0.9151234567307692 0.6360677091346154
10 0.9232253076923077 0.3936631947115385 0.9764660504807693 0.3975694447115385 0.9926697524038463 0.3370225697115385 0.9429012355769231 0.33441840384615384 0.9232253076923077 0.3936631947115385
10 0.10030864182692308 0.431423610576923 0.15432098798076924 0.4383680552884615 0.16975308653846152 0.37760416586538464 0.11882716105769231 0.373263889423077 0.10030864182692308 0.431423610576923