10 0.234375 0.04807692307692308 0.006009615384615385 0.001201923076923077
10 0.21412037019230767 0.35286458413461536 0.3275462956730769 0.35807291586538464 0.3321759254807692 0.32942708413461536 0.21643518509615384 0.32421875 0.21412037019230767 0.35286458413461536
10 0.34490740625 0.3643663197115385 0.44675925961538465 0.36566840384615384 0.4560185192307692 0.331814235576923 0.34259259375 0.331814235576923 0.34490740625 0.36176215384615384 0.34490740625 0.3643663197115385
10 0.45833333413461536 0.36197916586538464 0.576388889423077 0.359375 0.5787037043269231 0.33463541586538464 0.46527777884615384 0.33333333413461536 0.45833333413461536 0.36197916586538464
10 0.5717592596153847 0.367404514423077 0.6817129639423077 0.3719618052884615 0.6851851850961539 0.3719618052884615 0.6851851850961539 0.3407118052884615 0.5775462956730769 0.33550347115384616 0.5717592596153847 0.367404514423077
10 0.6956018509615384 0.39605034615384616 0.7581018509615384 0.3993055552884615 0.7662037043269231 0.332248264423077 0.7141203701923077 0.3289930552884615 0.6956018509615384 0.39605034615384616
10 0.767361110576923 0.39973958413461536 0.8819444447115384 0.39388020913461536 0.878472221153846 0.36393229086538464 0.763888889423077 0.36588541586538464 0.767361110576923 0.39973958413461536
10 0.17399691346153848 0.38606770913461536 0.29089506249999997 0.39388020913461536 0.2966820985576923 0.36197916586538464 0.17862654326923078 0.35481770913461536 0.17399691346153848 0.38606770913461536
10 0.41666666586538464 0.39583333413461536 0.41550925961538465 0.36328125 0.30092592548076924 0.361328125 0.2986111105769231 0.39127604086538464 0.41666666586538464 0.39583333413461536
10 0.5389660504807693 0.39973958413461536 0.5389660504807693 0.36848958413461536 0.4209104927884615 0.36653645913461536 0.4220679014423077 0.39908854086538464 0.5389660504807693 0.39973958413461536
10 0.6678240745192308 0.400390625 0.6678240745192308 0.36979166586538464 0.5497685192307692 0.36588541586538464 0.548611110576923 0.39583333413461536 0.6678240745192308 0.400390625
10 0.15432098798076924 0.4168836802884615 0.2746913581730769 0.42534722115384616 0.2793209879807692 0.394748264423077 0.15895061778846153 0.384982639423077 0.15432098798076924 0.4168836802884615
10 0.4012345673076923 0.43229166586538464 0.4023919759615385 0.400390625 0.28665123557692307 0.39518229086538464 0.2843364206730769 0.423828125 0.4012345673076923 0.43229166586538464
10 0.3981481490384615 0.4305555552884615 0.5289351850961539 0.433810764423077 0.53009259375 0.4012586802884615 0.4120370360576923 0.3973524302884615 0.40740740625 0.427951389423077 0.3981481490384615 0.4305555552884615
10 0.65625 0.43619791586538464 0.6631944447115384 0.40494791586538464 0.5393518509615385 0.39908854086538464 0.5347222211538462 0.43033854086538464 0.65625 0.43619791586538464
10 0.6570216057692307 0.43684895913461536 0.784336420673077 0.435546875 0.7831790120192307 0.39973958413461536 0.6651234567307692 0.40104166586538464 0.6639660504807693 0.43294270913461536 0.6570216057692307 0.43684895913461536
10 0.9081790120192307 0.427951389423077 0.9081790120192307 0.396701389423077 0.7866512355769231 0.39800347115384616 0.7889660504807693 0.4305555552884615 0.9081790120192307 0.427951389423077
10 0.25600961538461536 0.44471153846153844 0.1201923076923077 0.03245192307692308
10 0.3786057692307692 0.44711538461538464 0.11899038461538461 0.036057692307692304
10 0.5408653846153846 0.4519230769230769 0.12620192307692307 0.03245192307692308
10 0.7199519230769231 0.45072115384615385 0.11778846153846154 0.028846153846153848
10 0.7905092596153847 0.4618055552884615 0.9143518509615384 0.46245659615384616 0.9120370360576923 0.4305555552884615 0.7939814807692307 0.43315972115384616 0.7905092596153847 0.4618055552884615
10 0.19560185096153845 0.459201389423077 0.19097222115384616 0.488498264423077 0.31365740625 0.494357639423077 0.31597222115384616 0.46245659615384616 0.19560185096153845 0.45855034615384616 0.19560185096153845 0.459201389423077
10 0.32098765384615385 0.49175347115384616 0.43325617307692305 0.4969618052884615 0.43325617307692305 0.46636284615384616 0.32098765384615385 0.4637586802884615 0.32098765384615385 0.49175347115384616
10 0.4436728389423077 0.464626735576923 0.43904320913461536 0.4952256947115385 0.5617283942307693 0.499782985576923 0.5640432091346154 0.4698350697115385 0.44483024759615386 0.46527777884615384 0.4436728389423077 0.464626735576923
10 0.6878858028846154 0.501953125 0.6878858028846154 0.47200520913461536 0.5709876538461539 0.470703125 0.5698302475961539 0.5013020841346154 0.6878858028846154 0.501953125
10 0.8148148149038461 0.5045572908653846 0.8113425937500001 0.47330729086538464 0.6967592596153847 0.474609375 0.7002314807692307 0.505859375 0.8148148149038461 0.5045572908653846
10 0.9540895072115384 0.5054253461538462 0.9587191346153846 0.47612847115384616 0.837191358173077 0.476779514423077 0.8383487644230769 0.506076389423077 0.9540895072115384 0.5054253461538462
10 0.10108024759615385 0.5210503461538462 0.22723765384615383 0.5262586802884616 0.22608024759615386 0.4950086802884615 0.11265432211538462 0.4930555552884615 0.10108024759615385 0.5210503461538462
10 0.34722222115384616 0.5279947908653846 0.3506944447115385 0.498046875 0.23379629567307691 0.494140625 0.2280092596153846 0.525390625 0.34722222115384616 0.5279947908653846
10 0.47158775 0.5334706923076923 0.46953089663461534 0.5002154278846154 0.35588799759615386 0.4961669567307692 0.3492031538461538 0.52971140625 0.47158775 0.5334706923076923
10 0.5883159735576923 0.5369408076923077 0.5893443990384616 0.5042639014423077 0.47261622355769234 0.5013721298076923 0.46953089663461534 0.5334706923076923 0.5883159735576923 0.5369408076923077
10 0.7098765432692308 0.537326389423077 0.7098765432692308 0.5073784711538462 0.5941358028846154 0.5086805552884616 0.5941358028846154 0.5360243052884616 0.7098765432692308 0.537326389423077
10 0.8271604927884616 0.5377604158653846 0.8306327163461538 0.505859375 0.7114197524038463 0.5104166658653846 0.7114197524038463 0.5345052091346154 0.8271604927884616 0.5377604158653846
10 0.8348765432692308 0.533420139423077 0.9540895072115384 0.527560764423077 0.9552469134615384 0.504123264423077 0.8418209879807693 0.506076389423077 0.8418209879807693 0.5288628461538462 0.8348765432692308 0.533420139423077
10 0.2094907403846154 0.554470485576923 0.2118055552884615 0.527126735576923 0.09259259375 0.5219184038461538 0.0891203701923077 0.5512152788461538 0.2094907403846154 0.554470485576923
10 0.3321759254807692 0.5618489591346154 0.3321759254807692 0.5286458341346154 0.21643518509615384 0.525390625 0.21296296394230768 0.5553385408653846 0.3321759254807692 0.5618489591346154
10 0.4490740745192308 0.566623264423077 0.4490740745192308 0.5347222211538462 0.329861110576923 0.5321180552884616 0.3287037043269231 0.5620659711538462 0.4490740745192308 0.566623264423077
10 0.45794753125 0.5629340288461538 0.4587104206730769 0.5636492379807693 0.5736882716346154 0.5674913197115384 0.5817901225961538 0.5362413197115384 0.4567901225961538 0.534939235576923 0.45794753125 0.5629340288461538
10 0.6921296298076923 0.572482639423077 0.6944444447115384 0.541232639423077 0.5844907403846153 0.5379774302884616 0.576388889423077 0.5672743052884616 0.6921296298076923 0.572482639423077
10 0.826388889423077 0.5679253461538462 0.8310185192307693 0.5379774302884616 0.7129629639423077 0.5386284711538462 0.7118055552884616 0.568576389423077 0.826388889423077 0.5679253461538462
10 0.9544753076923077 0.564453125 0.9521604927884616 0.533203125 0.8387345673076924 0.53515625 0.8398919759615384 0.5638020841346154 0.9544753076923077 0.564453125
10 0.1346153846153846 0.5733173076923077 0.11899038461538461 0.03485576923076923
10 0.1971450625 0.5889756947115384 0.3175154326923077 0.5961371538461538 0.3221450625 0.5635850697115384 0.20524691346153848 0.558376735576923 0.1971450625 0.5889756947115384
10 0.3206018509615385 0.5668402788461538 0.3275462956730769 0.5928819447115384 0.4375 0.597439235576923 0.4456018509615385 0.5674913197115384 0.3206018509615385 0.5655381947115384 0.3206018509615385 0.5668402788461538
10 0.4421296298076923 0.5967881947115384 0.5567129639423076 0.595486110576923 0.5555555552884616 0.5687934038461538 0.44791666586538464 0.5655381947115384 0.4421296298076923 0.5967881947115384
10 0.559413579326923 0.59765625 0.6739969134615384 0.6009114591346154 0.6774691346153846 0.5716145841346154 0.5628858028846154 0.568359375 0.559413579326923 0.59765625
10 0.8067129639423077 0.5987413197115384 0.8043981490384616 0.5694444447115384 0.6886574062499999 0.572048610576923 0.6875 0.601345485576923 0.8067129639423077 0.5987413197115384
10 0.9216820985576923 0.597439235576923 0.9263117283653847 0.5674913197115384 0.809413579326923 0.5726996538461538 0.809413579326923 0.5961371538461538 0.9216820985576923 0.597439235576923
10 0.06944444471153846 0.615668403846154 0.19097222115384616 0.6221788197115384 0.19212962980769233 0.5909288197115384 0.07407407451923077 0.5883246538461538 0.06944444471153846 0.615668403846154
10 0.3105709879807692 0.6239149302884616 0.31404320913461536 0.5933159711538462 0.19598765384615383 0.5894097211538462 0.19367283894230772 0.6200086802884616 0.3105709879807692 0.6239149302884616
10 0.420138889423077 0.6282552091346154 0.4259259254807692 0.59765625 0.31365740625 0.595703125 0.30902777884615384 0.6256510408653846 0.420138889423077 0.6282552091346154
10 0.5443672836538462 0.6334635408653846 0.5489969134615384 0.6015625 0.43209876442307693 0.599609375 0.42978394951923077 0.6282552091346154 0.5443672836538462 0.6334635408653846
10 0.6539351850961539 0.6354166658653846 0.6550925937500001 0.6022135408653846 0.5474537043269231 0.6002604158653846 0.5439814807692308 0.6321614591346154 0.6539351850961539 0.6354166658653846
10 0.7789351850961539 0.6338975697115384 0.7800925937500001 0.6019965288461538 0.6643518509615384 0.603298610576923 0.6643518509615384 0.6338975697115384 0.7789351850961539 0.6338975697115384
10 0.8973765432692308 0.628472221153846 0.8892746923076923 0.597873264423077 0.7851080240384616 0.6011284711538462 0.7885802475961537 0.6278211802884616 0.8973765432692308 0.628472221153846
10 0.05864197596153846 0.652126735576923 0.17438271634615385 0.656684028846154 0.1824845673076923 0.624782985576923 0.05864197596153846 0.621527778846154 0.05864197596153846 0.652126735576923
10 0.29783950721153846 0.6608072908653846 0.3001543221153846 0.6295572908653846 0.18788580288461537 0.625 0.18441357932692307 0.654296875 0.29783950721153846 0.6608072908653846
10 0.4131944447115385 0.664496528846154 0.4189814807692308 0.633246528846154 0.3020833341346154 0.628689235576923 0.3020833341346154 0.660590278846154 0.4131944447115385 0.664496528846154
10 0.5339506177884615 0.6627604158653846 0.5362654326923078 0.6334635408653846 0.4228395072115385 0.6295572908653846 0.4193672836538462 0.6608072908653846 0.5339506177884615 0.6627604158653846
10 0.5447530865384616 0.6653645841346154 0.64544753125 0.6666666658653846 0.64544753125 0.634765625 0.5354938269230769 0.6328125 0.5366512355769231 0.6640625 0.5447530865384616 0.6653645841346154
10 0.7727623461538461 0.668402778846154 0.7739197524038463 0.6358506947115384 0.6581790120192307 0.634548610576923 0.659336420673077 0.665798610576923 0.7727623461538461 0.668402778846154
10 0.17901234615384617 0.687934028846154 0.18364197596153845 0.656684028846154 0.06442901201923076 0.654079860576923 0.06558642067307692 0.6827256947115384 0.17901234615384617 0.687934028846154
10 0.2993827163461539 0.6961805552884616 0.30285493750000003 0.662326389423077 0.18364197596153845 0.655815971153846 0.1824845673076923 0.687717014423077 0.2993827163461539 0.6961805552884616
10 0.4178240745192308 0.695095485576923 0.4212962956730769 0.662543403846154 0.3067129639423077 0.659939235576923 0.3043981490384616 0.6905381947115384 0.4178240745192308 0.695095485576923
10 0.5335648149038461 0.6963975697115384 0.5335648149038461 0.664496528846154 0.420138889423077 0.663845485576923 0.4224537043269231 0.6944444447115384 0.5335648149038461 0.6963975697115384
10 0.6493055552884616 0.7003038197115384 0.6493055552884616 0.667751735576923 0.53240740625 0.666449653846154 0.5358796298076923 0.695095485576923 0.6493055552884616 0.7003038197115384
10 0.7743055552884616 0.6946614591346154 0.7743055552884616 0.6692708341346154 0.6585648149038461 0.6692708341346154 0.6585648149038461 0.6940104158653846 0.7743055552884616 0.6946614591346154
10 0.20524691346153848 0.722873264423077 0.20524691346153848 0.689019096153846 0.08834876442307693 0.685112846153846 0.08719135817307692 0.714409721153846 0.20524691346153848 0.722873264423077
10 0.3881172836538462 0.7330729158653846 0.38927469230769235 0.701171875 0.27353394951923077 0.697265625 0.2723765432692308 0.7252604158653846 0.3881172836538462 0.7330729158653846
10 0.5378086418269231 0.738064235576923 0.5378086418269231 0.706814235576923 0.42322530769230765 0.704861110576923 0.42322530769230765 0.734809028846154 0.5378086418269231 0.738064235576923
10 0.596836420673077 0.743706596153846 0.6662808653846154 0.741753471153846 0.6697530865384616 0.714409721153846 0.5586419759615384 0.7118055552884616 0.5586419759615384 0.737847221153846 0.596836420673077 0.743706596153846
10 0.7789351850961539 0.728949653846154 0.7766203701923077 0.7022569447115384 0.6712962956730769 0.702907985576923 0.673611110576923 0.7276475697115384 0.7789351850961539 0.728949653846154
10 0.9008487644230769 0.7293836802884616 0.8950617283653847 0.6981336802884616 0.7932098774038461 0.7000868052884616 0.7908950625 0.7274305552884616 0.9008487644230769 0.7293836802884616
10 0.861111110576923 0.6395399302884616 0.8101851850961539 0.633029514423077 0.7881944447115384 0.689670139423077 0.8368055552884616 0.696831596153846 0.861111110576923 0.6395399302884616
10 0.9255401225961539 0.6822916658653846 0.9510030865384616 0.6236979158653846 0.9012345673076924 0.6171875 0.8711419759615384 0.6744791658653846 0.9255401225961539 0.6822916658653846
10 0.9305555552884616 0.44574652884615384 0.9837962956730769 0.44965277884615384 1 0.38910590384615384 0.9502314807692307 0.386501735576923 0.9305555552884616 0.44574652884615384
10 0.12229938221153845 0.480251735576923 0.1763117283653846 0.4871961802884615 0.19174382692307693 0.42643229086538464 0.14081790144230769 0.422092014423077 0.12229938221153845 0.480251735576923