10 0.18762379567307694 0.34756766346153845 0.3163061466346154 0.35485500480769233 0.3190834639423077 0.3173772475961538 0.19416629326923077 0.31011746394230766 0.18762379567307694 0.34756766346153845
10 0.31538037500000005 0.3531633004807692 0.4403596346153846 0.3568069711538462 0.4440627259615385 0.3203702620192308 0.32009221875000005 0.31623918509615384 0.31538037500000005 0.3531633004807692
10 0.4385080913461538 0.35433448076923074 0.5607100360576923 0.3590191995192308 0.564413125 0.3205003942307692 0.44324036778846154 0.3163705528846154 0.4385080913461538 0.35433448076923074
10 0.5558497307692307 0.357067233173077 0.6771259038461538 0.3622724759615385 0.6789774471153845 0.3258357692307693 0.5624535240384616 0.32066858653846153 0.5558497307692307 0.357067233173077
10 0.6734228149038461 0.38933974519230774 0.7410041923076923 0.38881922115384615 0.7474845985576923 0.31906895192307694 0.6883794495192308 0.31702429807692306 0.6734228149038461 0.38933974519230774
10 0.7433186225961539 0.3522523822115385 0.7433186225961539 0.3892096153846154 0.8682978846153847 0.38556594471153843 0.8655205673076923 0.3496497596153846 0.754427891826923 0.3517318581730769 0.7433186225961539 0.3522523822115385
10 0.15059290384615384 0.37997030769230766 0.27442967307692306 0.3893746538461539 0.28368720432692307 0.3529360144230769 0.1587081346153846 0.3431781129807692 0.15059290384615384 0.37997030769230766
10 0.28182112740384613 0.3849152884615385 0.39198803365384616 0.39168210576923074 0.40402307211538463 0.39012053125 0.4068003894230769 0.3568069711538462 0.28467497596153846 0.35217668509615385 0.28182112740384613 0.3849152884615385
10 0.40170864182692306 0.38855895913461536 0.5239105865384615 0.3922026298076923 0.5276136754807692 0.35784801923076925 0.40458276923076925 0.35426156249999996 0.40170864182692306 0.38855895913461536
10 0.5236791442307692 0.38907948317307695 0.6468068605769232 0.39428472836538464 0.6523614951923077 0.35993011778846157 0.5293514783653847 0.35478394230769233 0.5236791442307692 0.38907948317307695
10 0.13423698557692307 0.41315373798076926 0.25475681971153846 0.41995353125 0.2636278125 0.38611596875000004 0.1374913341346154 0.3789587596153846 0.13423698557692307 0.41315373798076926
10 0.9076716274038461 0.4345199519230769 0.9706241442307693 0.44076624519230767 0.9919169086538461 0.3715365 0.9271187355769231 0.3672044807692308 0.9076716274038461 0.4345199519230769
10 0.6523899134615385 0.4259313004807692 0.7755176298076923 0.4259313004807692 0.7727403125 0.39053563942307695 0.6517129951923077 0.3933110240384616 0.6523899134615385 0.4259313004807692
10 0.5172271562499999 0.42371906971153844 0.6394291009615384 0.4304858870192308 0.6424228197115384 0.39331179807692307 0.5228692283653846 0.3904602524038462 0.5172271562499999 0.42371906971153844
10 0.26981450721153843 0.3825976442307692 0.2707402788461538 0.4159112043269231 0.3947937692307692 0.42059592548076924 0.3957195408653846 0.38624131490384617 0.2837482836538462 0.38108525240384616 0.26981450721153843 0.3825976442307692
10 0.3929422235576923 0.4200753990384615 0.5151441682692307 0.4242395961538462 0.5188472572115385 0.3904055096153846 0.3967112451923077 0.3857727524038461 0.3929422235576923 0.4200753990384615
10 0.772045985576923 0.4222876298076923 0.895173701923077 0.4176029086538462 0.8933221562500001 0.3832482980769231 0.7703235096153846 0.38850983173076925 0.772045985576923 0.4222876298076923
10 0.10039817548076924 0.47681256009615386 0.16242491826923075 0.4856614735576923 0.1837176826923077 0.41747277884615386 0.1217112451923077 0.4102488293269231 0.10039817548076924 0.47681256009615386
10 0.17793160576923078 0.4505260769230769 0.30291086778846155 0.4562518461538462 0.3047624110576923 0.4213767115384615 0.18536884615384613 0.41519751923076925 0.17793160576923078 0.4505260769230769
10 0.3026794230769231 0.45456014182692306 0.4258071418269231 0.4608064350961539 0.43043600240384616 0.42489025 0.3055079254807692 0.42183853125 0.3026794230769231 0.45456014182692306
10 0.4644581346153846 0.45651210817307697 0.5866600793269231 0.4606763028846154 0.5912889423076924 0.42632169230769235 0.46638774759615387 0.42379358653846155 0.4644581346153846 0.45651210817307697
10 0.6472981658653846 0.46028590865384617 0.7704258822115384 0.4592448605769231 0.7697489639423077 0.4232411778846154 0.6470841346153846 0.42649445432692307 0.6472981658653846 0.46028590865384617
10 0.7750547451923077 0.4557313221153846 0.8972566899038461 0.451567125 0.8963309158653847 0.41825356490384613 0.775980516826923 0.4218972355769231 0.7750547451923077 0.4557313221153846
10 0.17722300480769232 0.4843649495192308 0.29920777884615385 0.4892083798076923 0.3047624110576923 0.45641534134615386 0.18069647836538463 0.4501622524038461 0.17722300480769232 0.4843649495192308
10 0.2980381201923077 0.4893317139423077 0.4202382355769231 0.4915221610576923 0.42370988221153844 0.45833873076923076 0.30273014903846157 0.45556132932692306 0.2980381201923077 0.4893317139423077
10 0.42579469711538465 0.4895919759615385 0.5461450985576923 0.4968793173076923 0.5498481875000001 0.46148365865384616 0.43235977884615384 0.4553032307692308 0.42579469711538465 0.4895919759615385
10 0.5530883894230769 0.4940164326923077 0.6743645625 0.4976601033653846 0.6752903341346154 0.46226444471153844 0.5550445793269231 0.4602519182692308 0.5530883894230769 0.4940164326923077
10 0.6715872451923077 0.49453695673076925 0.7965665072115384 0.49297538461538465 0.7965665072115384 0.45757972596153845 0.6726379399038461 0.4602534639423077 0.6715872451923077 0.49453695673076925
10 0.8155448389423078 0.49518761298076924 0.9433014182692308 0.49518761298076924 0.9442271899038462 0.45770985576923073 0.8183221562499999 0.4587509038461538 0.8155448389423078 0.49518761298076924
10 0.08997079326923077 0.5152611682692307 0.21495005528846153 0.5209869350961539 0.21891885817307694 0.48765452644230767 0.09277625240384615 0.48095079567307697 0.08997079326923077 0.5152611682692307
10 0.2163387139423077 0.5182541826923077 0.3376148846153846 0.5229389014423077 0.3394664302884615 0.4911869134615384 0.22101661057692307 0.48551001923076925 0.2163387139423077 0.5182541826923077
10 0.334606125 0.5208568052884616 0.45495652644230766 0.5239799519230769 0.45773384375000004 0.49222796153846154 0.33745198798076925 0.4886365625 0.334606125 0.5208568052884616
10 0.45495652644230766 0.5254113918269231 0.5734553822115385 0.5285345384615385 0.5762326971153846 0.4957415024038462 0.4578223581730769 0.49319424038461535 0.45495652644230766 0.5254113918269231
10 0.5722981658653846 0.5274934903846155 0.6972774278846153 0.5285345384615385 0.6963516562500001 0.4957415024038462 0.5761095865384616 0.49371662019230766 0.5722981658653846 0.5274934903846155
10 0.6972774278846153 0.5277537524038461 0.8185536009615385 0.5261921802884616 0.8194793725961538 0.49860438701923077 0.8102216490384616 0.49183756971153847 0.6992577355769231 0.49449864182692305 0.6972774278846153 0.5277537524038461
10 0.9398297716346153 0.5195554927884616 0.940755545673077 0.4945703221153846 0.8196281057692307 0.49619250961538464 0.8194793725961538 0.5205965432692308 0.9398297716346153 0.5195554927884616
10 0.07191563701923077 0.5468664951923077 0.1980547091346154 0.5529024206730769 0.2008320264423077 0.519588858173077 0.08001614423076922 0.51433371875 0.07191563701923077 0.5468664951923077
10 0.19620316586538464 0.5505600600961539 0.3165535649038462 0.556285829326923 0.32210819951923075 0.5224517427884615 0.20087752884615384 0.5183225192307692 0.19620316586538464 0.5505600600961539
10 0.3172478942307692 0.5534229447115384 0.4338952067307692 0.5581076634615385 0.4385240673076923 0.5258351514423076 0.31959218028846154 0.5214901586538462 0.3172478942307692 0.5534229447115384
10 0.44130138461538465 0.5573268774038461 0.5588744663461539 0.5594089759615385 0.5637646274038461 0.5253940913461539 0.44341422596153846 0.523442125 0.44130138461538465 0.5573268774038461
10 0.5607260120192308 0.558237795673077 0.6782990961538461 0.5613609423076923 0.6838537283653847 0.5290884278846154 0.5653548725961538 0.52596528125 0.5607260120192308 0.558237795673077
10 0.6968145408653845 0.5611006802884615 0.8171649423076922 0.5564159591346154 0.8180907139423077 0.5251844951923077 0.6969425360576923 0.5278319759615384 0.6968145408653845 0.5611006802884615
10 0.8220252451923076 0.5534229447115384 0.9405241009615384 0.5529024206730769 0.9405241009615384 0.5190683341346154 0.8220252451923076 0.5216709567307692 0.8220252451923076 0.5534229447115384
10 0.05961979807692308 0.580221610576923 0.18297413221153846 0.5839824350961538 0.18532005528846154 0.5494876514423077 0.06332288701923076 0.5469080480769231 0.05961979807692308 0.580221610576923
10 0.18000214903846154 0.5837434903846154 0.30220409375 0.5894692596153847 0.30868450000000003 0.5551146490384615 0.1837052403846154 0.5493888798076922 0.18000214903846154 0.5837434903846154
10 0.30545351442307694 0.5862175264423077 0.4248781418269231 0.5903817211538461 0.42580391586538463 0.5570681586538462 0.31106271394230767 0.554000375 0.30545351442307694 0.5862175264423077
10 0.4232580408653846 0.5867380504807692 0.5445342139423077 0.5903817211538461 0.5491630745192307 0.5581092091346154 0.42796067067307697 0.5550435865384615 0.4232580408653846 0.5867380504807692
10 0.5426826682692307 0.5907721153846154 0.6630330697115384 0.5938952620192308 0.6621480961538461 0.5599174495192307 0.5455532620192307 0.5580387644230769 0.5426826682692307 0.5907721153846154
10 0.6764567668269231 0.5935048677884616 0.7949556225961539 0.5898611971153847 0.7931040793269231 0.5581092091346154 0.6747203125 0.5618159639423077 0.6764567668269231 0.5935048677884616
10 0.795649951923077 0.5868681826923077 0.9206292139423078 0.5853066081730769 0.9187776682692307 0.5525135721153845 0.7975014975961539 0.55563671875 0.795649951923077 0.5868681826923077
10 0.05340364663461539 0.6126070288461538 0.1753825048076923 0.6173188581730769 0.18093713942307693 0.584005298076923 0.0603469375 0.5807249086538462 0.05340364663461539 0.6126070288461538
10 0.17954012259615387 0.6165109615384616 0.29596434855769227 0.6218734471153847 0.3033705264423077 0.5885598870192308 0.18212695192307693 0.5834266850961538 0.17954012259615387 0.6165109615384616
10 0.29804733653846155 0.618620170673077 0.41654619230769235 0.6227843653846155 0.4193235096153846 0.5910323774038462 0.3045804639423077 0.5853801971153846 0.29804733653846155 0.618620170673077
10 0.41099155769230766 0.6195310865384616 0.5348071658653846 0.6243211442307692 0.5331935024038461 0.5898611971153847 0.4184701201923077 0.5873352524038462 0.41099155769230766 0.6195310865384616
10 0.53180484375 0.6226542331730769 0.6475263822115385 0.6252568557692307 0.6503036995192308 0.5935048677884616 0.5355993677884615 0.5899394182692308 0.53180484375 0.6226542331730769
10 0.6500722572115385 0.6253869879807692 0.7713484302884616 0.6248664615384616 0.7694968846153846 0.5920734254807692 0.6520347451923078 0.5931957860576923 0.6500722572115385 0.6253869879807692
10 0.7697283269230769 0.6207022668269231 0.8798952331730768 0.61966121875 0.8889557836538462 0.6152208485576923 0.8866419278846155 0.5872430480769231 0.769858625 0.5879889975961539 0.7697283269230769 0.6207022668269231
10 0.8574452548076923 0.6623442187499999 0.9157689086538461 0.6727547067307692 0.9509482572115384 0.6102917788461538 0.8924022740384616 0.5996136129807692 0.8574452548076923 0.6623442187499999
10 0.7674105312499999 0.6822731201923078 0.8289777548076922 0.6879800456730769 0.8548993798076924 0.6296813125 0.8502705192307692 0.623955545673077 0.7940264855769231 0.6185088822115384 0.7674105312499999 0.6822731201923078
10 0.6470634975961538 0.658864045673077 0.7655623533653846 0.6583435192307692 0.7646365793269231 0.6250299591346155 0.6452119519230769 0.6260710072115384 0.6470634975961538 0.658864045673077
10 0.04644230288461538 0.6464561754807693 0.17121653125 0.6496247355769231 0.17491962019230767 0.6168316995192308 0.05338559615384615 0.6145740552884615 0.04644230288461538 0.6464561754807693
10 0.05480066346153846 0.6790343653846154 0.17422529086538463 0.6821575120192308 0.17700260817307692 0.6504055240384615 0.05573768028846154 0.646836985576923 0.05480066346153846 0.6790343653846154
10 0.07539515384615385 0.714127435096154 0.19459228125 0.7178134326923077 0.2038500048076923 0.6839793461538461 0.0798117548076923 0.6788690072115385 0.07539515384615385 0.714127435096154
10 0.17143731009615384 0.6503709206730769 0.2894839423076923 0.6530081442307692 0.2950385769230769 0.6202151081730769 0.17490895673076923 0.6171874903846154 0.17143731009615384 0.6503709206730769
10 0.17329951923076925 0.68189725 0.29087260096153844 0.6860614447115385 0.2964272355769231 0.6527478822115385 0.17610805048076922 0.6486606754807693 0.17329951923076925 0.68189725
10 0.2624051033653846 0.7217173653846154 0.3846070480769231 0.7243199879807692 0.3846070480769231 0.6910064254807692 0.26610819230769234 0.6873627548076923 0.2624051033653846 0.7217173653846154
10 0.29064115865384615 0.6513164399038461 0.4082142403846154 0.6544395865384616 0.41099155769230766 0.6216465504807692 0.2929612475961539 0.6191483389423078 0.29064115865384615 0.6513164399038461
10 0.29087260096153844 0.6858011826923077 0.40937145673076925 0.6894448533653846 0.41307454567307694 0.6556107668269231 0.2946265697115385 0.65152603125 0.29087260096153844 0.6858011826923077
10 0.4068255817307692 0.6536588004807692 0.5225471201923078 0.6552203750000001 0.5281017548076923 0.6224273365384616 0.40967343990384614 0.6204073966346153 0.4068255817307692 0.6536588004807692
10 0.4091400144230769 0.6863217067307693 0.5257873245192308 0.6878832788461539 0.5267130961538462 0.6545697187499999 0.41099155769230766 0.6524876201923077 0.4091400144230769 0.6863217067307693
10 0.4082142403846154 0.7303060192307692 0.5248615528846154 0.7329086394230769 0.5294904134615385 0.6969924567307693 0.4119878725961538 0.6944955528846154 0.4082142403846154 0.7303060192307692
10 0.5237043365384616 0.656651814903846 0.6403516466346153 0.6597749615384616 0.6431289639423077 0.6259408774038462 0.5274973221153846 0.6239234086538462 0.5237043365384616 0.656651814903846
10 0.5260187668269231 0.6885339350961538 0.6417403052884616 0.6906160336538462 0.6463691682692307 0.6573024711538462 0.5279599014423076 0.6553047740384615 0.5260187668269231 0.6885339350961538
10 0.5429403173076923 0.7343189951923077 0.59406303125 0.7330387716346153 0.6653475 0.7314771971153846 0.6607186394230768 0.6997252091346154 0.5487001899038462 0.6986841610576923 0.5429403173076923 0.7343189951923077
10 0.6475263822115385 0.6920474759615385 0.7678767836538462 0.6930885240384614 0.7669510096153846 0.6576928653846154 0.6484521562500001 0.6587339134615384 0.6475263822115385 0.6920474759615385
10 0.7743833942307692 0.7213058846153846 0.7762087331730769 0.6830684302884615 0.7669510096153846 0.6893147211538462 0.6615245240384616 0.6894216754807693 0.6623387403846154 0.7210667091346153 0.7743833942307692 0.7213058846153846
10 0.7741257451923077 0.7193750048076922 0.8879957403846154 0.7178134326923077 0.8889215120192309 0.6860614447115385 0.7759772908653846 0.6865819687499999 0.7741257451923077 0.7193750048076922