10 0.31134259375 0.3231119783653846 0.3096064807692308 0.3162760408653846 0.18981481490384616 0.3113932283653846 0.18981481490384616 0.3152994783653846 0.18634259375 0.3426432283653846 0.18807870432692309 0.3436197908653846 0.29571759375 0.3514322908653846 0.3043981490384616 0.3504557283653846 0.31134259375 0.3465494783653846 0.31134259375 0.3231119783653846
10 0.32037037019230774 0.3161458341346154 0.3166666658653846 0.34635416586538464 0.4361111105769231 0.3536458341346154 0.43518518509615384 0.3213541658653846 0.32499999999999996 0.31718749999999996 0.32037037019230774 0.3161458341346154
10 0.4388888894230769 0.3192708341346154 0.4342592596153846 0.3494791658653846 0.5527777788461539 0.3515625 0.5555555552884616 0.32291666586538464 0.4444444447115385 0.31875 0.4388888894230769 0.3192708341346154
10 0.6720335985576923 0.3280736129807692 0.5601851850961539 0.32291666586538464 0.5574074062500001 0.3526041658653846 0.6666666658653846 0.35624999999999996 0.6720335985576923 0.3280736129807692
10 0.7296296298076924 0.3864583341346154 0.7407407403846153 0.3166666658653846 0.6870370360576923 0.31770833413461536 0.686111110576923 0.3182291658653846 0.6870370360576923 0.3182291658653846 0.675 0.38541666586538464 0.7296296298076924 0.3864583341346154
10 0.15648148076923077 0.3442708341346154 0.14629629567307692 0.3770833341346154 0.26851851923076925 0.3848958341346154 0.2703703701923077 0.3526041658653846 0.15648148076923077 0.3447916658653846 0.15648148076923077 0.3442708341346154
10 0.28148148076923074 0.3822916658653846 0.3953703701923077 0.38593750000000004 0.39907407451923077 0.35416666586538464 0.39722222115384614 0.3552083341346154 0.28240740625 0.3520833341346154 0.28148148076923074 0.3822916658653846
10 0.1367216346153846 0.37920722836538456 0.12777777884615385 0.4098958341346154 0.24814814903846155 0.41666666586538464 0.2537037043269231 0.3869791658653846 0.1367216346153846 0.37920722836538456
10 0.4 0.3552083341346154 0.39629629567307695 0.38749999999999996 0.5194444447115385 0.3895833341346154 0.5185185192307692 0.3583333341346154 0.40462962980769235 0.3557291658653846 0.4 0.3552083341346154
10 0.6444444447115385 0.3604166658653846 0.5231481490384615 0.35468750000000004 0.5185185192307692 0.38802083413461536 0.6407407403846155 0.3901041658653846 0.6453703701923076 0.36197916586538464 0.6342592596153847 0.36197916586538464 0.6444444447115385 0.3604166658653846
10 0.5060419158653846 0.3916570841346154 0.3870370360576923 0.3890625 0.3870370360576923 0.4177083341346154 0.5018518509615385 0.4213541658653846 0.5060419158653846 0.3916570841346154
10 0.26574074038461537 0.3869791658653846 0.26111111057692304 0.4161458341346154 0.3796296298076923 0.4203125 0.3814814807692307 0.38802083413461536 0.2666666658653846 0.38541666586538464 0.26574074038461537 0.3869791658653846
10 0.1203703701923077 0.4151041658653846 0.1 0.475 0.15740740625 0.48124999999999996 0.175 0.4182291658653846 0.12407407451923078 0.41145833413461536 0.1203703701923077 0.4151041658653846
10 0.30370370432692306 0.41927083413461536 0.30092592548076924 0.4526041658653846 0.4203703701923077 0.45625000000000004 0.42314814903846154 0.4239583341346154 0.30740740624999996 0.4203125 0.30370370432692306 0.41927083413461536
10 0.1805555552884615 0.4182291658653846 0.175 0.4473958341346154 0.29259259375 0.4536458341346154 0.2972222211538461 0.4229166658653846 0.18425925961538464 0.41874999999999996 0.1805555552884615 0.4182291658653846
10 0.46388888942307693 0.4213541658653846 0.46018518509615386 0.4546875 0.5787037043269231 0.4567708341346154 0.5814814807692308 0.42447916586538464 0.46851851923076926 0.4229166658653846 0.46388888942307693 0.4213541658653846
10 0.17962962980769231 0.4494791658653846 0.17592592548076924 0.48124999999999996 0.2916666658653846 0.48697916586538464 0.29259259375 0.45572916586538464 0.1805555552884615 0.44999999999999996 0.17962962980769231 0.4494791658653846
10 0.2972222211538461 0.4828125 0.41111111057692307 0.48906249999999996 0.41666666586538464 0.45833333413461536 0.4129629639423077 0.45833333413461536 0.30185185096153844 0.4546875 0.2972222211538461 0.4828125
10 0.5453703701923077 0.490625 0.6592592596153846 0.4932291658653846 0.6638888894230769 0.46406250000000004 0.6611111105769231 0.46354166586538464 0.55 0.4604166658653846 0.5453703701923077 0.490625
10 0.42685185096153844 0.45625000000000004 0.42314814903846154 0.4859375 0.5388888894230769 0.4921875 0.54259259375 0.4609375 0.43148148076923076 0.45572916586538464 0.42685185096153844 0.45625000000000004
10 0.26111111057692304 0.7171875000000001 0.3796296298076923 0.7213541658653846 0.3796296298076923 0.6890624999999999 0.2629629639423077 0.6880208341346153 0.26111111057692304 0.7171875000000001
10 0.3314814807692308 0.5182291658653846 0.44537037019230774 0.5229166658653847 0.44814814903846156 0.4927083341346154 0.44537037019230774 0.4921875 0.33888888942307693 0.4880208341346154 0.3314814807692308 0.5182291658653846
10 0.21944444471153846 0.4822916658653846 0.21111111057692306 0.5161458341346153 0.3287037043269231 0.5192708341346154 0.33240740625000004 0.48906249999999996 0.22222222115384616 0.4838541658653846 0.21944444471153846 0.4822916658653846
10 0.4537037043269231 0.49375 0.4509259254807692 0.5229166658653847 0.5675925937499999 0.5265625 0.5675925937499999 0.49375 0.4564814807692308 0.4932291658653846 0.4537037043269231 0.49375
10 0.5731481490384616 0.4927083341346154 0.5722222211538461 0.525 0.6870370360576923 0.5265625 0.6842592596153847 0.4942708341346154 0.6194444447115385 0.49375 0.5731481490384616 0.4927083341346154
10 0.2118790168269231 0.4869685841346154 0.09537037019230768 0.47916666586538464 0.09074074038461538 0.5109375 0.20740740625 0.5161458341346153 0.2118790168269231 0.4869685841346154
10 0.19814814903846154 0.5166666658653847 0.19351851923076924 0.5484375 0.3083333341346154 0.5510416658653846 0.3111111105769231 0.5208333341346154 0.20370370432692309 0.5171875 0.19814814903846154 0.5166666658653847
10 0.31759259375 0.5494791658653846 0.4305555552884615 0.5536458341346153 0.4333333341346154 0.5255208341346154 0.4333333341346154 0.5244791658653847 0.31851851923076924 0.5213541658653846 0.31759259375 0.5494791658653846
10 0.5601851850961539 0.5546875 0.675 0.5588541658653846 0.6712962956730769 0.5302083341346153 0.6722222211538462 0.5296875 0.5601851850961539 0.5260416658653846 0.5601851850961539 0.5546875
10 0.43796296394230766 0.5276041658653846 0.43703703605769234 0.5536458341346153 0.5509259254807692 0.5572916658653846 0.5537037043269231 0.5265625 0.44259259375 0.5260416658653846 0.43796296394230766 0.5276041658653846
10 0.07222222115384615 0.5421875 0.1888888894230769 0.5479166658653847 0.18981481490384616 0.5192708341346154 0.18981481490384616 0.5182291658653846 0.07685185096153846 0.5125 0.07222222115384615 0.5421875
10 0.30277777884615387 0.5822916658653846 0.41481481490384614 0.5859375 0.4212962956730769 0.5557291658653847 0.41759259374999996 0.5567708341346154 0.3083333341346154 0.5526041658653846 0.30277777884615387 0.5822916658653846
10 0.18425925961538464 0.5494791658653846 0.17685185096153846 0.5807291658653846 0.29444444471153847 0.5859375 0.30185185096153844 0.5541666658653847 0.1879629639423077 0.5505208341346154 0.18425925961538464 0.5494791658653846
10 0.42500000000000004 0.5567708341346154 0.4185185192307692 0.5854166658653847 0.5342592596153847 0.5875 0.5379629639423077 0.5572916658653846 0.42962962980769226 0.5572916658653846 0.42500000000000004 0.5567708341346154
10 0.5416666658653846 0.5859375 0.653703704326923 0.5875 0.6555555552884615 0.5598958341346154 0.652777778846154 0.559375 0.54259259375 0.5567708341346154 0.5416666658653846 0.5859375
10 0.05648148076923077 0.5770833341346153 0.17685185096153846 0.58125 0.17870370432692306 0.5515625 0.17685185096153846 0.5515625 0.06203703605769231 0.5463541658653847 0.05648148076923077 0.5770833341346153
10 0.41111111057692307 0.5880208341346154 0.29622981490384614 0.5885256826923077 0.29259259375 0.6161458341346153 0.40648148076923074 0.6203125 0.41111111057692307 0.5880208341346154
10 0.05462962980769231 0.6442708341346154 0.05462962980769231 0.6755208341346154 0.17037037019230766 0.6791666658653847 0.17129629567307691 0.6479166658653847 0.05925925961538462 0.6453125 0.05462962980769231 0.6442708341346154
10 0.4120370360576923 0.5880208341346154 0.4092592596153847 0.6171875 0.5212962956730769 0.6208333341346154 0.525 0.5901041658653846 0.41666666586538464 0.5885416658653846 0.4120370360576923 0.5880208341346154
10 0.5296296298076923 0.6182291658653847 0.64259259375 0.6213541658653846 0.64259259375 0.5916666658653846 0.6444444447115385 0.5916666658653846 0.5305555552884615 0.5880208341346154 0.5296296298076923 0.6182291658653847
10 0.05555555528846154 0.6078125 0.16851851923076921 0.6135416658653846 0.17129629567307691 0.5848958341346153 0.17222222115384614 0.584375 0.05740740625 0.5802083341346154 0.05555555528846154 0.6078125
10 0.2879629639423077 0.6479166658653847 0.40462962980769235 0.6499999999999999 0.4037037043269231 0.6213541658653846 0.40462962980769235 0.6213541658653846 0.2907407403846154 0.6182291658653847 0.2879629639423077 0.6479166658653847
10 0.16944444471153847 0.6156250000000001 0.16666666586538462 0.6447916658653846 0.2842592596153846 0.6479166658653847 0.2879629639423077 0.6192708341346154 0.1740740745192308 0.6151041658653846 0.16944444471153847 0.6156250000000001
10 0.40462962980769235 0.6187499999999999 0.40462962980769235 0.6484375 0.5157407403846154 0.6510416658653846 0.5157407403846154 0.621875 0.4083333341346154 0.6197916658653846 0.40462962980769235 0.6187499999999999
10 0.5185185192307692 0.6510416658653846 0.6296296298076923 0.6526041658653846 0.6333333341346153 0.6255208341346153 0.6342592596153847 0.6239583341346153 0.5231481490384615 0.6208333341346154 0.5185185192307692 0.6510416658653846
10 0.5212962956730769 0.6557291658653847 0.5212962956730769 0.6848958341346154 0.6379629639423077 0.6869791658653847 0.6370370360576924 0.6572916658653847 0.525 0.6572916658653847 0.5212962956730769 0.6557291658653847
10 0.4083333341346154 0.6510416658653846 0.4083333341346154 0.6822916658653846 0.51759259375 0.6833333341346154 0.5194444447115385 0.653125 0.4120370360576923 0.6510416658653846 0.4083333341346154 0.6510416658653846
10 0.2916666658653846 0.6510416658653846 0.2879629639423077 0.6817708341346154 0.4037037043269231 0.6822916658653846 0.4037037043269231 0.653125 0.2962962956730769 0.6510416658653846 0.2916666658653846 0.6510416658653846
10 0.1740740745192308 0.6484375 0.17222222115384614 0.6781250000000001 0.28518518509615387 0.6828125 0.2879629639423077 0.6510416658653846 0.17685185096153846 0.6484375 0.1740740745192308 0.6484375
10 0.05 0.6427083341346154 0.16018518509615387 0.6468750000000001 0.16759259375 0.6177083341346153 0.16481481490384614 0.6177083341346153 0.05370370432692308 0.6130208341346154 0.05 0.6427083341346154
10 0.18968958173076922 0.6833280937499999 0.07777777884615385 0.6786458341346153 0.07314814903846154 0.7072916658653846 0.1879629639423077 0.7119791658653847 0.18968958173076922 0.6833280937499999
10 0.5444444447115384 0.7286458341346154 0.653703704326923 0.7281249999999999 0.652777778846154 0.7005208341346154 0.54259259375 0.6984375 0.5444444447115384 0.7286458341346154
10 0.40648148076923074 0.7239583341346154 0.5212962956730769 0.7276041658653847 0.5240740745192307 0.6953125 0.5212962956730769 0.6973958341346154 0.4101851850961538 0.6937500000000001 0.40648148076923074 0.7239583341346154
10 0.7694525937500001 0.684375 0.7685266658653845 0.7151041658653846 0.8833414807692308 0.7151041658653846 0.8805637043269231 0.6848958341346154 0.7740822211538462 0.6854166658653846 0.7694525937500001 0.684375
10 0.655563704326923 0.6864583341346153 0.6546377788461538 0.7166666658653846 0.765748889423077 0.7166666658653846 0.7648229639423078 0.6869791658653847 0.655563704326923 0.6875 0.655563704326923 0.6864583341346153
10 0.6444525937500001 0.6541666658653846 0.641674814903846 0.6885416658653847 0.7601933341346154 0.6875 0.75926740625 0.6567708341346153 0.6481562956730769 0.6567708341346153 0.6444525937500001 0.6541666658653846
10 0.641674814903846 0.6244791658653847 0.6398229639423078 0.6557291658653847 0.7555637043269231 0.6552083341346153 0.7574155552884616 0.6239583341346153 0.6453785192307693 0.6239583341346153 0.641674814903846 0.6244791658653847
10 0.8879711105769231 0.6046875 0.8537118509615385 0.6604166658653846 0.9074155552884615 0.6692708341346154 0.9416748149038461 0.6088541658653847 0.8879711105769231 0.6015625 0.8879711105769231 0.6046875
10 0.790748889423077 0.6187499999999999 0.7648229639423078 0.6781250000000001 0.8185266658653846 0.6854166658653846 0.8435185192307693 0.6239583341346153 0.7953785192307692 0.6197916658653846 0.790748889423077 0.6187499999999999
10 0.6490822211538462 0.5911458341346154 0.6472303701923077 0.6213541658653846 0.7638970360576922 0.6208333341346154 0.7611192596153846 0.5901041658653846 0.65186 0.5916666658653846 0.6490822211538462 0.5911458341346154
10 0.7629711105769231 0.6182291658653847 0.8759340745192308 0.6166666658653847 0.87686 0.5864583341346153 0.7648229639423078 0.5864583341346153 0.7629711105769231 0.6182291658653847
10 0.673156295673077 0.5619791658653847 0.6759340745192308 0.5895833341346154 0.78426740625 0.5895833341346154 0.7833414807692307 0.5578125 0.6740822211538462 0.559375 0.673156295673077 0.5619791658653847
10 0.7963044447115385 0.5536458341346153 0.7963044447115385 0.5838541658653846 0.9074155552884615 0.5828125 0.9037118509615384 0.5515625 0.8027859254807693 0.5536458341346153 0.7963044447115385 0.5536458341346153
10 0.6916748149038461 0.5276041658653846 0.6898229639423078 0.5567708341346154 0.8083414807692308 0.5526041658653846 0.8092674062499999 0.5229166658653847 0.6944525937499999 0.525 0.6916748149038461 0.5276041658653846
10 0.8194525937499999 0.5223958341346153 0.8203785192307692 0.5510416658653846 0.9333414807692308 0.5489583341346154 0.9333414807692308 0.5197916658653846 0.8259340745192307 0.5208333341346154 0.8194525937499999 0.5223958341346153
10 0.8176007403846154 0.4911458341346154 0.8166748149038461 0.5177083341346154 0.9314896298076923 0.5177083341346154 0.9324155552884614 0.490625 0.8194525937499999 0.490625 0.8176007403846154 0.4911458341346154
10 0.6944525937499999 0.4927083341346154 0.6953785192307692 0.5239583341346153 0.8129711105769231 0.5208333341346154 0.8129711105769231 0.48958333413461536 0.6981562956730769 0.4921875 0.6944525937499999 0.4927083341346154
10 0.8064896298076923 0.4916666658653846 0.9361192596153847 0.48958333413461536 0.9379711105769231 0.4885416658653846 0.9379711105769231 0.45833333413461536 0.9351933341346155 0.4588541658653846 0.8101933341346155 0.459375 0.8064896298076923 0.4916666658653846
10 0.673156295673077 0.45833333413461536 0.6722303701923077 0.490625 0.7833414807692307 0.48906249999999996 0.78426740625 0.4588541658653846 0.67686 0.4598958341346154 0.673156295673077 0.45833333413461536
10 0.9611192596153846 0.4375 0.980563704326923 0.3729166658653846 0.91945259375 0.3661458341346154 0.9287118509615385 0.36875 0.90926740625 0.4307291658653846 0.9611192596153846 0.4375
10 0.7740822211538462 0.4208333341346154 0.77686 0.45052083413461536 0.8861192596153846 0.4473958341346154 0.8861192596153846 0.41874999999999996 0.7759340745192307 0.4203125 0.7740822211538462 0.4208333341346154
10 0.6444525937500001 0.428125 0.6472303701923077 0.4572916658653846 0.7638970360576922 0.4552083341346154 0.7629711105769231 0.42447916586538464 0.6435266658653845 0.4260416658653846 0.6444525937500001 0.428125
10 0.6463044447115384 0.4239583341346154 0.766674814903846 0.4213541658653846 0.7638970360576922 0.3895833341346154 0.6481481490384616 0.3921875 0.6463044447115384 0.4239583341346154
10 0.5176007403846155 0.3911458341346154 0.5111192596153846 0.4208333341346154 0.6333414807692308 0.4260416658653846 0.6379711105769231 0.39322916586538464 0.51945259375 0.3911458341346154 0.5176007403846155 0.3911458341346154
10 0.7694525937500001 0.38802083413461536 0.765748889423077 0.41927083413461536 0.8861192596153846 0.41666666586538464 0.8851933341346154 0.3828125 0.7731562956730769 0.3869791658653846 0.7694525937500001 0.38802083413461536
10 0.7416748149038461 0.353125 0.7398229639423076 0.38593750000000004 0.855563704326923 0.384375 0.8546296298076924 0.35 0.7435266658653846 0.35416666586538464 0.7416748149038461 0.353125
10 0.17592592548076924 0.6126302091346154 0.29398148076923075 0.6165364591346154 0.2974537043269231 0.5859375 0.17939814903846155 0.5833333341346154 0.17592592548076924 0.6126302091346154