10 0.25721153846153844 0.32091346153846156 0.12379807692307693 0.040865384615384616
10 0.3870192307692308 0.3293269230769231 0.12379807692307693 0.03245192307692308
10 0.5096153846153846 0.3293269230769231 0.11298076923076923 0.037259615384615384
10 0.6189903846153846 0.33413461538461536 0.11298076923076923 0.038461538461538464
10 0.22115384615384615 0.3581730769230769 0.11899038461538461 0.038461538461538464
10 0.39867243509615385 0.3514966778846154 0.3934641033653846 0.3485669903846154 0.35874187980769234 0.3485669903846154 0.3552696586538462 0.3466138653846154 0.3101307692307692 0.3466138653846154 0.3066585480769231 0.3446607403846154 0.28929743509615385 0.3446607403846154 0.2840891033653846 0.3475904278846154 0.2840891033653846 0.3554029278846154 0.2806168798076923 0.3573560528846154 0.2806168798076923 0.3749341778846154 0.2858252139423077 0.3778638653846154 0.31360299278846154 0.3778638653846154 0.3170752139423077 0.3798169903846154 0.3656863245192307 0.3798169903846154 0.36915854807692305 0.3817701153846154 0.3934641033653846 0.3817701153846154 0.3952002139423077 0.3807935528846154 0.39867243509615385 0.3788404278846154 0.39867243509615385 0.3514966778846154
10 0.5256191899038462 0.3494526802884615 0.5238830793269231 0.3484761177884615 0.5134664110576923 0.3484761177884615 0.5099941899038462 0.3465229927884615 0.4197164110576923 0.3465229927884615 0.41624418990384615 0.3445698677884615 0.4127719663461538 0.3465229927884615 0.4092997451923077 0.3465229927884615 0.4040914110576923 0.3494526802884615 0.4040914110576923 0.3767964302884615 0.4092997451923077 0.3797261177884615 0.4752719663461538 0.3797261177884615 0.47874418990384615 0.3816792427884615 0.5169386346153846 0.3816792427884615 0.5186747451923077 0.3807026802884615 0.5256191899038462 0.3767964302884615 0.5256191899038462 0.3494526802884615
10 0.6554567692307691 0.3553120408653846 0.6502484375 0.3523823533653846 0.6294151033653846 0.3523823533653846 0.6259428822115385 0.3504292283653846 0.5738595480769231 0.3504292283653846 0.5703873245192308 0.3484761033653846 0.5426095480769231 0.3484761033653846 0.5374012139423077 0.3514057908653846 0.5374012139423077 0.3533589158653846 0.5339289927884615 0.3553120408653846 0.5339289927884615 0.3807026658653846 0.5356651033653846 0.3816792283653846 0.5495539927884615 0.3816792283653846 0.5530262139423077 0.3836323533653846 0.6051095480769231 0.3836323533653846 0.6085817692307692 0.3855854783653846 0.6467762139423077 0.3855854783653846 0.6485123245192308 0.3846089158653846 0.6554567692307691 0.3807026658653846 0.6554567692307691 0.3553120408653846
10 0.7730688317307692 0.38893134375 0.7713327211538462 0.38795478125 0.6567493870192307 0.38795478125 0.6515410552884616 0.39088446875 0.6515410552884616 0.41236884375 0.6480688317307692 0.41432196875 0.6515410552884616 0.41627509375 0.6515410552884616 0.41822821875 0.6567493870192307 0.42115790625 0.7643882764423077 0.42115790625 0.7661243870192307 0.42018134375 0.7730688317307692 0.41822821875 0.7730688317307692 0.38893134375
10 0.8973833533653846 0.4140684350961538 0.8991194639423077 0.4130918725961538 0.8991194639423077 0.4111387475961538 0.9025916875 0.4091856225961538 0.9025916875 0.3837949975961538 0.8973833533653846 0.3808653100961538 0.8348833533653846 0.3808653100961538 0.8314111322115385 0.3828184350961538 0.7862722427884615 0.3828184350961538 0.7810639086538462 0.3857481225961538 0.7810639086538462 0.4130918725961538 0.7862722427884615 0.4160215600961538 0.8453000216346154 0.4160215600961538 0.8470361322115385 0.4150449975961538 0.8487722427884615 0.4140684350961538 0.8973833533653846 0.4140684350961538
10 0.8572738389423077 0.38125224038461536 0.8607460600961538 0.37929911538461536 0.8642182836538462 0.37929911538461536 0.8659543942307693 0.37832255288461536 0.8659543942307693 0.34902567788461536 0.8607460600961538 0.34609599038461536 0.8051905048076923 0.34609599038461536 0.8017182836538462 0.34804911538461536 0.7531071706730769 0.34804911538461536 0.7478988389423077 0.35097880288461536 0.7478988389423077 0.35879130288461536 0.7444266153846153 0.36074442788461536 0.7444266153846153 0.38027567788461536 0.7496349495192308 0.38125224038461536 0.7531071706730769 0.38320536538461536 0.7808849495192308 0.38320536538461536 0.7826210600961538 0.38222880288461536 0.7843571706730769 0.38125224038461536 0.8572738389423077 0.38125224038461536
10 0.6380471298076924 0.4052069182692308 0.6415193533653846 0.4032537932692308 0.6415193533653846 0.3876287932692308 0.6397832427884615 0.3866522307692308 0.6224221298076924 0.3866522307692308 0.6189499086538461 0.3846991057692308 0.5738110192307693 0.3846991057692308 0.5703387980769231 0.3827459807692308 0.5251999086538461 0.3827459807692308 0.5199915745192307 0.3856756682692308 0.5199915745192307 0.4052069182692308 0.5165193533653846 0.4071600432692308 0.5165193533653846 0.4091131682692308 0.5199915745192307 0.4110662932692308 0.5217276875 0.4139959807692308 0.5286721298076923 0.4139959807692308 0.5321443533653846 0.4159491057692308 0.5807554639423077 0.4159491057692308 0.5842276875 0.4179022307692308 0.6328387980769231 0.4179022307692308 0.6345749086538461 0.4169256682692308 0.6380471298076924 0.4149725432692308 0.6380471298076924 0.4052069182692308
10 0.508597016826923 0.41774026923076923 0.5103331274038462 0.41676370673076923 0.5103331274038462 0.40895120673076923 0.5138053509615385 0.40699808173076923 0.5138053509615385 0.38941995673076923 0.5120692379807692 0.38844339423076923 0.508597016826923 0.38844339423076923 0.5051247932692308 0.38649026923076923 0.42179146153846153 0.38649026923076923 0.41831923798076925 0.38453714423076923 0.4009581274038462 0.38453714423076923 0.39574979326923077 0.38746683173076923 0.39574979326923077 0.40309183173076923 0.3922775721153846 0.40504495673076923 0.3922775721153846 0.41481058173076923 0.3940136826923077 0.41578714423076923 0.39748590625 0.41578714423076923 0.4009581274038462 0.41774026923076923 0.44956923798076925 0.41774026923076923 0.45304146153846153 0.41969339423076923 0.4704025721153846 0.41969339423076923 0.47387479326923077 0.41774026923076923 0.48081923798076925 0.41774026923076923 0.48429146153846153 0.41969339423076923 0.4860275721153846 0.41871683173076923 0.4877636826923077 0.41774026923076923 0.508597016826923 0.41774026923076923
10 0.40126585576923074 0.3903819206730769 0.40126585576923074 0.3864756706730769 0.3960575216346154 0.3835459831730769 0.39258530048076923 0.3835459831730769 0.3891130769230769 0.3815928581730769 0.3405019663461539 0.3815928581730769 0.33702974278846154 0.3796397331730769 0.29883530048076923 0.3796397331730769 0.2953630769230769 0.3776866081730769 0.28841863221153846 0.3776866081730769 0.2849464110576923 0.3796397331730769 0.2797380769230769 0.3806162956730769 0.2797380769230769 0.4021006706730769 0.2762658557692308 0.4040537956730769 0.2762658557692308 0.4060069206730769 0.2797380769230769 0.4079600456730769 0.2814741875 0.4108897331730769 0.30577974278846154 0.4108897331730769 0.3092519663461539 0.4128428581730769 0.36133530048076923 0.4128428581730769 0.3648075216346154 0.4147959831730769 0.3960575216346154 0.4147959831730769 0.3977936322115384 0.4138194206730769 0.3977936322115384 0.3923350456730769 0.40126585576923074 0.3903819206730769
10 0.26737478846153845 0.4012171754807692 0.2708470120192308 0.3992640504807692 0.2708470120192308 0.3836390504807692 0.2691109014423077 0.3826624879807692 0.26563867788461537 0.3826624879807692 0.2621664567307692 0.3807093629807692 0.23091645673076922 0.3807093629807692 0.2274442331730769 0.3787562379807692 0.2031386778846154 0.3787562379807692 0.19966645673076922 0.3768031129807692 0.17883312259615383 0.3768031129807692 0.1753609014423077 0.3748499879807692 0.15105534615384617 0.3748499879807692 0.14931923317307694 0.3758265504807692 0.14931923317307694 0.3777796754807692 0.14584701201923075 0.3797328004807692 0.14584701201923075 0.3894984254807692 0.14237478846153848 0.3914515504807692 0.14237478846153848 0.4051234254807692 0.1441109014423077 0.4060999879807692 0.14758312259615386 0.4060999879807692 0.15105534615384617 0.4080531129807692 0.1649442331730769 0.4080531129807692 0.16841645673076922 0.4100062379807692 0.18924978846153848 0.4100062379807692 0.19272201201923078 0.4119593629807692 0.22397201201923078 0.4119593629807692 0.2274442331730769 0.4139124879807692 0.2621664567307692 0.4139124879807692 0.2639025673076923 0.4129359254807692 0.26737478846153845 0.4109828004807692 0.26737478846153845 0.4012171754807692
10 0.31130293509615387 0.44063132932692306 0.31130293509615387 0.41914695432692306 0.31477515865384614 0.41719382932692306 0.30609460096153845 0.41231101682692306 0.2783168245192308 0.41231101682692306 0.27484460096153845 0.41035789182692306 0.23665015865384614 0.41035789182692306 0.23317793509615384 0.40840476682692306 0.20540015865384614 0.40840476682692306 0.20192793509615384 0.40645164182692306 0.19845571394230768 0.40840476682692306 0.19324737980769233 0.40938132932692306 0.19324737980769233 0.41524070432692306 0.18977515865384614 0.41719382932692306 0.18977515865384614 0.43867820432692306 0.19151126923076925 0.43965476682692306 0.21581682451923076 0.43965476682692306 0.21294260336538462 0.44501932211538464 0.2505270841346154 0.44990279807692307 0.2783168245192308 0.44356101682692306 0.28178904567307694 0.44551414182692306 0.30609460096153845 0.44551414182692306 0.3078307139423077 0.44453757932692306 0.3078307139423077 0.44258445432692306 0.31130293509615387 0.44063132932692306
10 0.4350920889423077 0.4277733269230769 0.4385643100961539 0.4258202019230769 0.4385643100961539 0.4238670769230769 0.4350920889423077 0.4219139519230769 0.4333559783653846 0.4189842644230769 0.4194670889423077 0.4189842644230769 0.4159948653846154 0.4170311394230769 0.3708559783653846 0.4170311394230769 0.36738375480769225 0.4150780144230769 0.3222448653846154 0.4150780144230769 0.32050875480769225 0.4160545769230769 0.32050875480769225 0.4180077019230769 0.3170365336538462 0.4199608269230769 0.3170365336538462 0.4453514519230769 0.3222448653846154 0.4482811394230769 0.3639115336538462 0.4482811394230769 0.36738375480769225 0.4502342644230769 0.4090504230769231 0.4502342644230769 0.41252264423076923 0.4521873894230769 0.4264115336538462 0.4521873894230769 0.42814764423076923 0.4512108269230769 0.4350920889423077 0.4473045769230769 0.4350920889423077 0.4277733269230769
10 0.5944507932692308 0.42096601682692303 0.5927146802884615 0.41998945432692303 0.568409125 0.41998945432692303 0.5649369038461539 0.41803632932692303 0.5302146802884615 0.41803632932692303 0.5267424591346154 0.41608320432692303 0.48160356971153845 0.41608320432692303 0.4763952379807692 0.41901289182692303 0.4763952379807692 0.42682539182692303 0.47292301442307694 0.42877851682692303 0.47292301442307694 0.44635664182692303 0.4781313485576923 0.44928632932692303 0.48854801442307694 0.44928632932692303 0.4920202379807692 0.45123945432692303 0.5649369038461539 0.45123945432692303 0.568409125 0.45319257932692303 0.5857702379807692 0.45319257932692303 0.5875063485576922 0.45221601682692303 0.5944507932692308 0.44635664182692303 0.5944507932692308 0.42096601682692303
10 0.7682239134615384 0.4529104831730769 0.7734322475961538 0.4499807956730769 0.7734322475961538 0.4226370456730769 0.7682239134615384 0.4197073581730769 0.7404461370192308 0.4197073581730769 0.7369739134615384 0.4216604831730769 0.6605850240384614 0.4216604831730769 0.6553766923076924 0.4245901706730769 0.6553766923076924 0.4499807956730769 0.6640572475961538 0.4548636081730769 0.7508628028846154 0.4548636081730769 0.7525989134615384 0.4538870456730769 0.7543350240384614 0.4529104831730769 0.7682239134615384 0.4529104831730769
10 0.898327795673077 0.4431295769230769 0.9035361298076924 0.4401998894230769 0.9035361298076924 0.4128561394230769 0.898327795673077 0.4099264519230769 0.8948555745192308 0.4099264519230769 0.8913833509615384 0.4118795769230769 0.804577795673077 0.4118795769230769 0.8011055745192308 0.4138327019230769 0.7941611298076924 0.4138327019230769 0.79068890625 0.4118795769230769 0.7854805745192308 0.4148092644230769 0.7854805745192308 0.4421530144230769 0.79068890625 0.4450827019230769 0.82193890625 0.4450827019230769 0.823675016826923 0.4441061394230769 0.8254111298076924 0.4431295769230769 0.898327795673077 0.4431295769230769
10 0.7992077163461538 0.4885261009615384 0.800943826923077 0.4855964134615384 0.8044160504807691 0.4836432884615384 0.8044160504807691 0.4602057884615384 0.7957354951923077 0.4553229759615384 0.7922632716346154 0.4553229759615384 0.7887910504807691 0.4533698509615384 0.7749021610576924 0.4533698509615384 0.7714299399038461 0.4553229759615384 0.691568826923077 0.4553229759615384 0.6880966057692308 0.4572761009615384 0.6828882716346154 0.4582526634615384 0.6828882716346154 0.4875495384615384 0.6846243822115384 0.4885261009615384 0.6880966057692308 0.4885261009615384 0.691568826923077 0.4904792259615384 0.7887910504807691 0.4904792259615384 0.7905271610576924 0.4895026634615384 0.7922632716346154 0.4885261009615384 0.7992077163461538 0.4885261009615384
10 0.6782851778846154 0.4549969591346154 0.6765490673076923 0.4540203966346154 0.6175212884615384 0.4540203966346154 0.6140490673076923 0.4520672716346154 0.61057684375 0.4540203966346154 0.6036323990384616 0.4540203966346154 0.6001601778846154 0.4520672716346154 0.5654379567307692 0.4520672716346154 0.5602296225961538 0.4549969591346154 0.5602296225961538 0.4706219591346154 0.5567573990384616 0.4725750841346154 0.5567573990384616 0.4803875841346154 0.561965733173077 0.4833172716346154 0.5723823990384616 0.4833172716346154 0.5758546225961538 0.4852703966346154 0.6730768437500001 0.4852703966346154 0.6748129567307692 0.4842938341346154 0.6782851778846154 0.4823407091346154 0.6782851778846154 0.4549969591346154
10 0.5510238028846154 0.4852278798076923 0.5510238028846154 0.4735091298076923 0.5544960240384615 0.4715560048076923 0.5544960240384615 0.4598372548076923 0.5492876923076924 0.4569075673076923 0.500676579326923 0.4569075673076923 0.49720435817307695 0.4549544423076923 0.4728988028846154 0.4549544423076923 0.46942657932692305 0.4530013173076923 0.45206546875 0.4530013173076923 0.4485932475961538 0.4510481923076923 0.43817657932692305 0.4510481923076923 0.43644046875 0.4520247548076923 0.43644046875 0.4559310048076923 0.4329682475961538 0.4578841298076923 0.4329682475961538 0.4735091298076923 0.42949602403846154 0.4754622548076923 0.42949602403846154 0.4793685048076923 0.4329682475961538 0.4813216298076923 0.4329682475961538 0.4832747548076923 0.43817657932692305 0.4862044423076923 0.46942657932692305 0.4862044423076923 0.4728988028846154 0.4881575673076923 0.5110932475961538 0.4881575673076923 0.51456546875 0.4901106923076923 0.54581546875 0.4901106923076923 0.547551579326923 0.4891341298076923 0.547551579326923 0.4871810048076923 0.5510238028846154 0.4852278798076923
10 0.42123475 0.4785545769230769 0.42470697115384615 0.4766014519230769 0.42470697115384615 0.4551170769230769 0.41949863942307697 0.4521873894230769 0.3604708605769231 0.4521873894230769 0.35699863942307697 0.4502342644230769 0.32227641586538464 0.4502342644230769 0.3188041947115385 0.4482811394230769 0.31533197115384615 0.4482811394230769 0.30665141586538464 0.4531639519230769 0.31012363942307697 0.4551170769230769 0.31012363942307697 0.4570702019230769 0.30665141586538464 0.4590233269230769 0.30665141586538464 0.4785545769230769 0.30838752884615384 0.4795311394230769 0.31185975 0.4795311394230769 0.31533197115384615 0.4814842644230769 0.33963752884615384 0.4814842644230769 0.34310975 0.4834373894230769 0.40213752884615384 0.4834373894230769 0.40560975 0.4853905144230769 0.41602641586538464 0.4853905144230769 0.41776252884615384 0.4844139519230769 0.42123475 0.4824608269230769 0.42123475 0.4785545769230769
10 0.30946237259615383 0.47953187019230764 0.30946237259615383 0.45414124519230764 0.3077262620192308 0.45316468269230764 0.2903651514423077 0.45316468269230764 0.2868929278846154 0.45121155769230764 0.25217070673076925 0.45121155769230764 0.2486984831730769 0.44925843269230764 0.2174484831730769 0.44925843269230764 0.21397626201923078 0.44730530769230764 0.1931429278846154 0.44730530769230764 0.19140681730769232 0.44828187019230764 0.19140681730769232 0.46390687019230764 0.18793459375 0.46585999519230764 0.18793459375 0.47562562019230764 0.1966151514423077 0.48050843269230764 0.23828181730769232 0.48050843269230764 0.24175403846153848 0.48246155769230764 0.2799484831730769 0.48246155769230764 0.28342070673076925 0.48441468269230764 0.3042540384615385 0.48441468269230764 0.3059901514423077 0.48343812019230764 0.3059901514423077 0.48148499519230764 0.30946237259615383 0.47953187019230764
10 0.33555982932692313 0.4951415576923077 0.33903205288461535 0.4931884326923077 0.33903205288461535 0.4853759326923077 0.33382371875 0.4824462451923077 0.30604594230769233 0.4824462451923077 0.30257371875 0.4804931201923077 0.26785149759615384 0.4804931201923077 0.26437927403846156 0.4785399951923077 0.23660149759615384 0.4785399951923077 0.23312927403846156 0.4765868701923077 0.22965705288461538 0.4765868701923077 0.22097649759615384 0.4814696826923077 0.22097649759615384 0.5068603076923077 0.22618482932692308 0.5097899951923077 0.2539626081730769 0.5097899951923077 0.2574348293269231 0.5117431201923077 0.30257371875 0.5117431201923077 0.30604594230769233 0.5136962451923077 0.33035149759615384 0.5136962451923077 0.3320876081730769 0.5127196826923077 0.33555982932692313 0.5107665576923077 0.33555982932692313 0.4951415576923077
10 0.4606084903846154 0.4904074254807692 0.4588723798076923 0.4894308629807692 0.4415112692307692 0.4894308629807692 0.43803904567307694 0.4874777379807692 0.3477612692307692 0.4874777379807692 0.34602515865384614 0.4884543004807692 0.34602515865384614 0.5060324254807692 0.34255293509615387 0.5079855504807692 0.34255293509615387 0.5138449254807692 0.3477612692307692 0.5167746129807692 0.3790112692307692 0.5167746129807692 0.3824834903846154 0.5187277379807692 0.4345668245192308 0.5187277379807692 0.43803904567307694 0.5206808629807692 0.45192793509615387 0.5206808629807692 0.45366404567307694 0.5197043004807692 0.4606084903846154 0.5138449254807692 0.4606084903846154 0.4904074254807692
10 0.5814263413461538 0.5068603076923077 0.5848985649038462 0.5049071826923077 0.5814263413461538 0.5029540576923077 0.5814263413461538 0.4912353076923077 0.5796902307692308 0.4902587451923077 0.5171902307692308 0.4902587451923077 0.5137180096153846 0.4883056201923077 0.47205134134615384 0.4883056201923077 0.4668430096153846 0.4912353076923077 0.4668430096153846 0.5107665576923077 0.46337078605769233 0.5127196826923077 0.46337078605769233 0.5146728076923077 0.4685791201923077 0.5176024951923077 0.4755235649038462 0.5176024951923077 0.47899578605769233 0.5195556201923077 0.5241346754807693 0.5195556201923077 0.5276068966346154 0.5215087451923077 0.5762180096153846 0.5215087451923077 0.5779541201923076 0.5205321826923077 0.5814263413461538 0.5185790576923077 0.5814263413461538 0.5068603076923077
10 0.8193868846153846 0.49824785336538463 0.822859108173077 0.49629472836538463 0.822859108173077 0.49043535336538463 0.8176507740384615 0.48750566586538463 0.8141785528846154 0.48750566586538463 0.810706329326923 0.48555254086538463 0.7968174399038461 0.48555254086538463 0.79334521875 0.48750566586538463 0.7100118846153846 0.48750566586538463 0.701331329326923 0.49238847836538463 0.701331329326923 0.5138728533653846 0.7048035528846154 0.5158259783653846 0.7065396634615385 0.5187556658653846 0.7898729975961539 0.5187556658653846 0.79334521875 0.5168025408653846 0.8037618846153846 0.5168025408653846 0.807234108173077 0.5187556658653846 0.8141785528846154 0.5187556658653846 0.8159146634615385 0.5177791033653846 0.8193868846153846 0.5158259783653846 0.8193868846153846 0.49824785336538463
10 0.9471979735576923 0.5132209206730769 0.9419896394230769 0.5102912331730769 0.8343507524038463 0.5102912331730769 0.8291424182692307 0.5132209206730769 0.8291424182692307 0.5405646706730769 0.8308785288461539 0.5415412331730769 0.8864340841346153 0.5415412331730769 0.8899063076923077 0.5395881081730769 0.8933785288461539 0.5395881081730769 0.8968507524038463 0.5415412331730769 0.9385174182692307 0.5415412331730769 0.9402535288461539 0.5405646706730769 0.9471979735576923 0.5366584206730769 0.9471979735576923 0.5132209206730769
10 0.9384688894230769 0.5109570817307693 0.9402050024038461 0.5080273942307693 0.9436772235576923 0.5060742692307693 0.9436772235576923 0.4865430192307692 0.9419411129807693 0.4855664567307692 0.8308300024038461 0.4855664567307692 0.8290938894230769 0.4865430192307692 0.8290938894230769 0.4904492692307692 0.8256216682692308 0.4924023942307692 0.8256216682692308 0.5099805192307693 0.8308300024038461 0.5109570817307693 0.8343022235576923 0.5129102067307693 0.8655522235576923 0.5129102067307693 0.8672883341346154 0.5119336442307693 0.8690244447115384 0.5109570817307693 0.9384688894230769 0.5109570817307693
10 0.6837039182692308 0.5473873197115384 0.6871761394230769 0.5454341947115384 0.6871761394230769 0.5259029447115384 0.6854400288461538 0.5249263822115384 0.62641225 0.5249263822115384 0.6229400288461538 0.5229732572115384 0.6055789182692307 0.5229732572115384 0.6021066947115384 0.5210201322115384 0.5708566947115384 0.5210201322115384 0.5691205841346154 0.5219966947115384 0.5691205841346154 0.5395748197115384 0.5656483629807693 0.5415279447115384 0.5656483629807693 0.5473873197115384 0.5743289182692307 0.5522701322115384 0.6541900288461538 0.5522701322115384 0.65766225 0.5542232572115384 0.6784955841346154 0.5542232572115384 0.6802316947115384 0.5532466947115384 0.6837039182692308 0.5512935697115384 0.6837039182692308 0.5473873197115384
10 0.8135975264423077 0.5546070649038461 0.8188058581730769 0.5516773774038461 0.8188058581730769 0.5380055024038461 0.8222780817307692 0.5360523774038461 0.8222780817307692 0.5282398774038461 0.8188058581730769 0.5262867524038461 0.8170697475961538 0.5233570649038461 0.7858197475961538 0.5233570649038461 0.7823475264423077 0.5253101899038461 0.7059586370192308 0.5253101899038461 0.7007503028846155 0.5282398774038461 0.7007503028846155 0.5419117524038461 0.6972780817307692 0.5438648774038461 0.6972780817307692 0.5497242524038461 0.7007503028846155 0.5516773774038461 0.7007503028846155 0.5536305024038461 0.7059586370192308 0.5565601899038461 0.7684586370192308 0.5565601899038461 0.7701947475961538 0.5555836274038461 0.7719308581730769 0.5546070649038461 0.8135975264423077 0.5546070649038461
10 0.8218532932692307 0.48968690625 0.9460618461538461 0.4878703942307692 0.9476749927884616 0.45335696153846156 0.8205305625 0.4537115264423077 0.8218532932692307 0.48968690625
10 0.16105769230769232 0.49278846153846156 0.12740384615384615 0.038461538461538464
10 0.140625 0.5252403846153846 0.1201923076923077 0.036057692307692304
10 0.4373850144230769 0.5301205 0.4408572355769231 0.528167375 0.4408572355769231 0.520354875 0.43564890384615385 0.5174251875 0.37314890384615385 0.5174251875 0.3696766802884615 0.5154720625 0.3280100144230769 0.5154720625 0.3228016802884615 0.51840175 0.3228016802884615 0.535979875 0.3193294591346154 0.537933 0.3193294591346154 0.54183925 0.32453779326923077 0.5447689375 0.3280100144230769 0.5447689375 0.3314822355769231 0.5467220625 0.3905100144230769 0.5467220625 0.3939822355769231 0.5486751875 0.4321766802884615 0.5486751875 0.43391279326923077 0.547698625 0.4373850144230769 0.5457455 0.4373850144230769 0.5301205
10 0.31914326442307694 0.5213168557692307 0.31914326442307694 0.5154574807692307 0.31740715384615387 0.5144809182692307 0.29657381971153846 0.5144809182692307 0.2931015985576923 0.5125277932692307 0.25490715384615387 0.5125277932692307 0.25143493028846153 0.5105746682692307 0.22712937500000002 0.5105746682692307 0.22365715384615384 0.5086215432692307 0.20976826442307692 0.5086215432692307 0.20455993028846153 0.5115512307692307 0.20455993028846153 0.5174106057692307 0.20108770913461538 0.5193637307692307 0.20108770913461538 0.5388949807692307 0.20282381971153846 0.5398715432692307 0.22712937500000002 0.5398715432692307 0.23060159855769233 0.5418246682692307 0.2687960432692308 0.5418246682692307 0.27226826442307694 0.5437777932692307 0.3139349302884616 0.5437777932692307 0.3156710432692308 0.5428012307692307 0.3156710432692308 0.5232699807692307 0.31914326442307694 0.5213168557692307
10 0.56433153125 0.5257117211538461 0.5625954206730769 0.5247351586538461 0.5556509759615385 0.5247351586538461 0.5521787548076923 0.5227820336538461 0.4757898653846154 0.5227820336538461 0.4723176442307692 0.5208289086538461 0.45148431009615386 0.5208289086538461 0.44974819951923073 0.5237585961538461 0.44627597596153845 0.5257117211538461 0.44627597596153845 0.5491492211538461 0.45148431009615386 0.5520789086538461 0.5000954206730769 0.5520789086538461 0.5035676442307693 0.5540320336538461 0.5556509759615385 0.5540320336538461 0.5573870865384616 0.5530554711538461 0.56433153125 0.5491492211538461 0.56433153125 0.5257117211538461
10 0.30052275 0.5667273461538461 0.30399497115384616 0.5647742211538461 0.30399497115384616 0.5511023461538461 0.2987866394230769 0.5481726586538461 0.25017552884615385 0.5481726586538461 0.24670330528846154 0.5462195336538461 0.21545330528846154 0.5462195336538461 0.21198108413461536 0.5442664086538461 0.19114775 0.5442664086538461 0.18941163942307693 0.5452429711538461 0.18941163942307693 0.5471960961538461 0.18593941586538462 0.5491492211538461 0.18593941586538462 0.5667273461538461 0.18246719471153844 0.5686804711538461 0.18246719471153844 0.5706335961538461 0.19114775 0.5755164086538461 0.22586997115384613 0.5755164086538461 0.22934219471153844 0.5774695336538461 0.2675366394230769 0.5774695336538461 0.2710088605769231 0.5794226586538461 0.2953144158653846 0.5794226586538461 0.29705052884615385 0.5784460961538461 0.30052275 0.5764929711538461 0.30052275 0.5667273461538461
10 0.42688824038461537 0.5717727908653847 0.4303604639423077 0.5698196658653847 0.4303604639423077 0.5541946658653847 0.4251521298076923 0.5512649783653847 0.4008465745192308 0.5512649783653847 0.39737435096153845 0.5493118533653847 0.34181879567307694 0.5493118533653847 0.3383465745192308 0.5473587283653847 0.31751324038461537 0.5473587283653847 0.3157771298076923 0.5483352908653847 0.3157771298076923 0.5522415408653847 0.31230490624999996 0.5541946658653847 0.31230490624999996 0.5756790408653847 0.31751324038461537 0.5786087283653847 0.34876324038461537 0.5786087283653847 0.3522354639423077 0.5805618533653847 0.4077910192307692 0.5805618533653847 0.41126324038461537 0.5825149783653847 0.41820768509615386 0.5825149783653847 0.41994379567307694 0.5815384158653847 0.42688824038461537 0.5795852908653847 0.42688824038461537 0.5717727908653847
10 0.5487309807692308 0.5538833149038461 0.5469948701923077 0.5529067524038461 0.5157448701923077 0.5529067524038461 0.5122726466346154 0.5509536274038461 0.4532448701923077 0.5509536274038461 0.4497726466346154 0.5490005024038461 0.43935598076923077 0.5490005024038461 0.4341476466346154 0.5519301899038461 0.4341476466346154 0.5675551899038461 0.43067542548076926 0.5695083149038461 0.43067542548076926 0.5773208149038461 0.43588375721153844 0.5802505024038461 0.4740782019230769 0.5802505024038461 0.47755042548076926 0.5822036274038461 0.5400504254807692 0.5822036274038461 0.5417865360576923 0.5812270649038461 0.5487309807692308 0.5753676899038461 0.5487309807692308 0.5538833149038461
10 0.6612390288461539 0.578948625 0.66471125 0.5769955 0.66471125 0.559417375 0.6595029182692307 0.5564876875 0.5761695841346154 0.5564876875 0.572697360576923 0.5545345625 0.55533625 0.5545345625 0.5501279182692308 0.55746425 0.5501279182692308 0.57308925 0.5466556947115385 0.575042375 0.5466556947115385 0.582854875 0.5518640288461538 0.5857845625 0.5831140288461538 0.5857845625 0.58658625 0.5877376875 0.6560306947115385 0.5877376875 0.6577668052884615 0.586761125 0.6612390288461539 0.584808 0.6612390288461539 0.578948625
10 0.6478510600961538 0.6144301995192307 0.6478510600961538 0.5890395745192307 0.6461149471153846 0.5880630120192307 0.6079205048076923 0.5880630120192307 0.6044482812499999 0.5861098870192307 0.5488927259615385 0.5861098870192307 0.5454205048076923 0.5841567620192307 0.5419482812499999 0.5841567620192307 0.5367399471153846 0.5870864495192307 0.5367399471153846 0.5968520745192307 0.5332677259615385 0.5988051995192307 0.5332677259615385 0.6144301995192307 0.5350038365384615 0.6154067620192307 0.5488927259615385 0.6154067620192307 0.5523649471153846 0.6173598870192307 0.6322260600961538 0.6173598870192307 0.63569828125 0.6193130120192307 0.6374343918269231 0.6183364495192307 0.6426427259615385 0.6173598870192307 0.6478510600961538 0.6144301995192307
10 0.7883570360576923 0.5889054735576923 0.7866209254807692 0.5879289110576923 0.6998153701923078 0.5879289110576923 0.6893987019230768 0.5840226610576923 0.6824542572115385 0.5840226610576923 0.6789820360576923 0.5859757860576923 0.6755098125000001 0.5859757860576923 0.6703014807692308 0.5889054735576923 0.6703014807692308 0.6142960985576923 0.6755098125000001 0.6172257860576923 0.7831487019230768 0.6172257860576923 0.7848848125000001 0.6162492235576923 0.7883570360576923 0.6142960985576923 0.7883570360576923 0.5889054735576923
10 0.8865385360576923 0.6087620769230769 0.8865385360576923 0.5833714519230769 0.8813302043269231 0.5804417644230769 0.8778579807692307 0.5804417644230769 0.8743857596153847 0.5823948894230769 0.8257746466346153 0.5823948894230769 0.8223024254807693 0.5843480144230769 0.7806357596153847 0.5843480144230769 0.7754274254807693 0.5872777019230769 0.7754274254807693 0.6126683269230769 0.7771635360576923 0.6136448894230769 0.8466079807692307 0.6136448894230769 0.8500802043269231 0.6116917644230769 0.8535524254807693 0.6136448894230769 0.8743857596153847 0.6136448894230769 0.8761218701923077 0.6126683269230769 0.8813302043269231 0.6116917644230769 0.8865385360576923 0.6087620769230769
10 0.7947108413461539 0.5810491298076923 0.7999191754807692 0.5781194423076923 0.7999191754807692 0.5527288173076923 0.7947108413461539 0.5497991298076923 0.7808219519230769 0.5497991298076923 0.7773497307692309 0.5517522548076923 0.7113775096153846 0.5517522548076923 0.7079052860576923 0.5497991298076923 0.6835997307692309 0.5497991298076923 0.6783913966346155 0.5527288173076923 0.6783913966346155 0.5781194423076923 0.6818636201923076 0.5800725673076923 0.6835997307692309 0.5830022548076923 0.7773497307692309 0.5830022548076923 0.7790858413461539 0.5820256923076923 0.7808219519230769 0.5810491298076923 0.7947108413461539 0.5810491298076923
10 0.9216816754807693 0.5759135024038462 0.9216816754807693 0.5583353774038462 0.9251538966346153 0.5563822524038462 0.9216816754807693 0.5505228774038462 0.9164733413461538 0.5475931899038462 0.9130011201923077 0.5475931899038462 0.9095288966346153 0.5495463149038462 0.8261955649038462 0.5495463149038462 0.8227233413461538 0.5514994399038462 0.8123066754807693 0.5514994399038462 0.8070983413461538 0.5544291274038462 0.8070983413461538 0.5798197524038462 0.8088344519230769 0.5807963149038462 0.9095288966346153 0.5807963149038462 0.9112650096153847 0.5798197524038462 0.9164733413461538 0.5788431899038462 0.9216816754807693 0.5759135024038462
10 0.7698483389423078 0.6467761850961539 0.7698483389423078 0.6252918100961539 0.7646400048076922 0.6223621225961539 0.6639455624999999 0.6223621225961539 0.6604733389423078 0.6204089975961539 0.6570011177884615 0.6204089975961539 0.6517927836538462 0.6233386850961539 0.6517927836538462 0.6506824350961539 0.6570011177884615 0.6536121225961539 0.7646400048076922 0.6536121225961539 0.7663761177884615 0.6526355600961539 0.7663761177884615 0.6487293100961539 0.7698483389423078 0.6467761850961539
10 0.6484493293269231 0.6459915408653847 0.6484493293269231 0.6245071658653847 0.6432409951923077 0.6215774783653847 0.5737965504807693 0.6215774783653847 0.5703243293269231 0.6196243533653847 0.5390743293269231 0.6196243533653847 0.53733821875 0.6225540408653847 0.5338659951923077 0.6245071658653847 0.5338659951923077 0.6440384158653847 0.5303937740384616 0.6459915408653847 0.5338659951923077 0.6479446658653847 0.5356021057692307 0.6508743533653847 0.5737965504807693 0.6508743533653847 0.5772687740384616 0.6528274783653847 0.6432409951923077 0.6528274783653847 0.6449771057692307 0.6518509158653847 0.6449771057692307 0.6479446658653847 0.6484493293269231 0.6459915408653847
10 0.6498949278846153 0.6723441105769231 0.6498949278846153 0.6567191105769231 0.6446865937499999 0.6537894230769231 0.5995477043269231 0.6537894230769231 0.5960754831730769 0.6518362980769231 0.5370477043269231 0.6518362980769231 0.53531159375 0.6528128605769231 0.53531159375 0.6703909855769231 0.5318393701923078 0.6723441105769231 0.5318393701923078 0.6782034855769231 0.5370477043269231 0.6811331730769231 0.5439921490384616 0.6811331730769231 0.5474643701923078 0.6830862980769231 0.6446865937499999 0.6830862980769231 0.6464227043269232 0.6821097355769231 0.6464227043269232 0.6742972355769231 0.6498949278846153 0.6723441105769231
10 0.7733692211538461 0.6583901586538462 0.7646886658653845 0.6535073461538462 0.7612164447115385 0.6535073461538462 0.7577442211538461 0.6554604711538462 0.6674664447115385 0.6554604711538462 0.6639942211538461 0.6535073461538462 0.660522 0.6535073461538462 0.6553136658653845 0.6564370336538462 0.6553136658653845 0.6740151586538462 0.6518414447115385 0.6759682836538462 0.6553136658653845 0.6779214086538462 0.6553136658653845 0.6818276586538462 0.6639942211538461 0.6867104711538462 0.7646886658653845 0.6867104711538462 0.7664247764423078 0.6857339086538462 0.7733692211538461 0.6818276586538462 0.7733692211538461 0.6583901586538462
10 0.7805485216346154 0.7076483100961538 0.7840207427884616 0.7056951850961538 0.7840207427884616 0.7037420600961538 0.7805485216346154 0.7017889350961538 0.7805485216346154 0.6998358100961538 0.7840207427884616 0.6978826850961538 0.7840207427884616 0.6881170600961538 0.7805485216346154 0.6861639350961538 0.7788124110576924 0.6832342475961538 0.7753401875 0.6832342475961538 0.7718679663461538 0.6851873725961538 0.6746457427884616 0.6851873725961538 0.6694374110576924 0.6881170600961538 0.6729096322115384 0.6900701850961538 0.6729096322115384 0.7115545600961538 0.6781179663461538 0.7144842475961538 0.7718679663461538 0.7144842475961538 0.773604076923077 0.7135076850961538 0.7805485216346154 0.7115545600961538 0.7805485216346154 0.7076483100961538
10 0.5241105961538461 0.6443204927884616 0.5241105961538461 0.6189298677884616 0.5223744831730769 0.6179533052884616 0.45640226201923073 0.6179533052884616 0.4529300408653846 0.6160001802884616 0.41820781730769235 0.6160001802884616 0.4129994831730769 0.6189298677884616 0.4129994831730769 0.6365079927884616 0.40952726201923073 0.6384611177884616 0.40952726201923073 0.6423673677884616 0.4129994831730769 0.6443204927884616 0.4147355961538462 0.6472501802884616 0.4598744831730769 0.6472501802884616 0.4633467067307692 0.6492033052884616 0.5189022620192307 0.6492033052884616 0.5206383725961539 0.6482267427884616 0.5206383725961539 0.6462736177884616 0.5241105961538461 0.6443204927884616
10 0.40644987259615384 0.6186477548076923 0.4012415384615385 0.6157180673076923 0.3665193173076923 0.6157180673076923 0.36304709375 0.6137649423076923 0.31443598317307697 0.6137649423076923 0.3109637620192308 0.6118118173076923 0.30054709375 0.6118118173076923 0.29533876201923076 0.6147415048076923 0.29533876201923076 0.6166946298076923 0.2918665384615385 0.6186477548076923 0.2918665384615385 0.6323196298076923 0.2883943173076923 0.6342727548076923 0.2883943173076923 0.6401321298076923 0.2936026514423077 0.6430618173076923 0.3074915384615385 0.6430618173076923 0.3109637620192308 0.6450149423076923 0.3561026514423077 0.6450149423076923 0.35957487259615384 0.6469680673076923 0.3977693173076923 0.6469680673076923 0.39950542788461535 0.6459915048076923 0.40644987259615384 0.6420852548076923 0.40644987259615384 0.6186477548076923
10 0.4162853798076923 0.5924000192307692 0.4197576033653846 0.5904468942307692 0.4197576033653846 0.5865406442307692 0.4180214903846154 0.5855640817307692 0.4110770456730769 0.5855640817307692 0.40760482451923075 0.5836109567307692 0.3381603798076923 0.5836109567307692 0.33468815865384616 0.5816578317307692 0.3103826033653846 0.5816578317307692 0.30517426923076924 0.5845875192307692 0.30517426923076924 0.6002125192307692 0.3017020456730769 0.6021656442307692 0.3017020456730769 0.6099781442307692 0.30343815865384616 0.6109547067307692 0.31385482451923075 0.6109547067307692 0.3173270456730769 0.6129078317307692 0.3589937139423077 0.6129078317307692 0.3624659350961539 0.6148609567307692 0.4110770456730769 0.6148609567307692 0.41281315865384616 0.6138843942307692 0.4162853798076923 0.6119312692307692 0.4162853798076923 0.5924000192307692
10 0.5315559591346154 0.6095479855769231 0.5350281826923077 0.6075948605769231 0.5350281826923077 0.5900167355769231 0.5332920697115384 0.5890401730769231 0.49509762740384616 0.5890401730769231 0.49162540384615383 0.5870870480769231 0.4256531826923077 0.5870870480769231 0.4239170697115385 0.5880636105769231 0.4239170697115385 0.5978292355769231 0.4204448485576923 0.5997823605769231 0.4204448485576923 0.615407360576923 0.42218095913461534 0.616383923076923 0.44995873798076924 0.616383923076923 0.45343095913461534 0.618337048076923 0.5159309591346154 0.618337048076923 0.5194031826923077 0.620290173076923 0.524611514423077 0.619313610576923 0.5315559591346154 0.617360485576923 0.5315559591346154 0.6095479855769231
10 0.30225175961538464 0.5890256201923078 0.30572398076923074 0.5870724951923078 0.30572398076923074 0.5851193701923078 0.30051564903846156 0.5821896826923078 0.28662675961538464 0.5821896826923078 0.2831545360576923 0.5802365576923078 0.23454342548076923 0.5802365576923078 0.23107120432692307 0.5782834326923078 0.20329342548076923 0.5782834326923078 0.19982120432692307 0.5763303076923078 0.19634898076923074 0.5763303076923078 0.18766842548076923 0.5812131201923078 0.18766842548076923 0.6007443701923078 0.18419620432692307 0.6026974951923078 0.18766842548076923 0.6046506201923078 0.18766842548076923 0.6066037451923078 0.1928767596153846 0.6095334326923078 0.23454342548076923 0.6095334326923078 0.23801564903846154 0.6114865576923078 0.29009898076923074 0.6114865576923078 0.2935712043269231 0.6134396826923078 0.29530731490384615 0.6124631201923078 0.30225175961538464 0.6105099951923078 0.30225175961538464 0.5890256201923078
10 0.17841394471153846 0.5741560096153846 0.17667783413461538 0.5731794471153846 0.13848338942307692 0.5731794471153846 0.13501116826923076 0.5712263221153846 0.10376116826923076 0.5712263221153846 0.10028894471153847 0.5692731971153846 0.07251116826923078 0.5692731971153846 0.06903894471153846 0.5673200721153846 0.06035838942307692 0.5722028846153846 0.06035838942307692 0.5839216346153846 0.05688616826923077 0.5858747596153846 0.05688616826923077 0.5956403846153846 0.06035838942307692 0.5975935096153846 0.062094500000000004 0.6005231971153846 0.10028894471153847 0.6005231971153846 0.10376116826923076 0.6024763221153846 0.14890005769230769 0.6024763221153846 0.15237227884615384 0.6044294471153846 0.17320561298076922 0.6044294471153846 0.1749417235576923 0.6034528846153846 0.17841394471153846 0.6014997596153846 0.17841394471153846 0.5741560096153846
10 0.1807554278846154 0.5569477379807692 0.1842276514423077 0.5549946129807692 0.1842276514423077 0.5471821129807692 0.18249153846153848 0.5462055504807692 0.15124153846153846 0.5462055504807692 0.14776931730769233 0.5442524254807692 0.10263042788461538 0.5442524254807692 0.09915820673076924 0.5422993004807692 0.08179709375000001 0.5422993004807692 0.07832487259615384 0.5403461754807692 0.0748526514423077 0.5422993004807692 0.07138042788461539 0.5422993004807692 0.06617209375000001 0.5452289879807692 0.06617209375000001 0.5510883629807692 0.06269987259615385 0.5530414879807692 0.06269987259615385 0.5706196129807692 0.06790820673076924 0.5735493004807692 0.09915820673076924 0.5735493004807692 0.10263042788461538 0.5755024254807692 0.14429709375 0.5755024254807692 0.14776931730769233 0.5774555504807692 0.17554709375 0.5774555504807692 0.17728320673076922 0.5764789879807692 0.1807554278846154 0.5745258629807692 0.1807554278846154 0.5569477379807692
10 0.18045768028846154 0.6281172884615385 0.18045768028846154 0.6124922884615385 0.17872156971153846 0.6115157259615385 0.15788823557692308 0.6115157259615385 0.1544160144230769 0.6095626009615385 0.10927712499999999 0.6095626009615385 0.1058049014423077 0.6076094759615385 0.07802712499999999 0.6076094759615385 0.07455490144230768 0.6056563509615385 0.07108268028846154 0.6056563509615385 0.062402125 0.6105391634615385 0.062402125 0.6359297884615385 0.06761045913461539 0.6388594759615385 0.11969379086538462 0.6388594759615385 0.12316601442307692 0.6408126009615385 0.17524934615384616 0.6408126009615385 0.17698545913461539 0.6398360384615385 0.17698545913461539 0.6300704134615385 0.18045768028846154 0.6281172884615385
10 0.28686871634615385 0.621060295673077 0.2903409375 0.619107170673077 0.2903409375 0.615200920673077 0.28860482692307693 0.614224358173077 0.2851326057692308 0.614224358173077 0.2816603822115385 0.612271233173077 0.23999371634615382 0.612271233173077 0.23652149278846152 0.610318108173077 0.19832704807692308 0.610318108173077 0.19485482692307693 0.608364983173077 0.1844381610576923 0.608364983173077 0.17922982692307693 0.611294670673077 0.17922982692307693 0.615200920673077 0.17575760576923075 0.617154045673077 0.17575760576923075 0.638638420673077 0.17749371634615382 0.639614983173077 0.20527149278846152 0.639614983173077 0.20874371634615382 0.641568108173077 0.2608270480769231 0.641568108173077 0.2642992716346154 0.643521233173077 0.2816603822115385 0.643521233173077 0.2833964927884615 0.642544670673077 0.28686871634615385 0.640591545673077 0.28686871634615385 0.621060295673077
10 0.17932704326923077 0.6587923533653846 0.17932704326923077 0.6470736033653846 0.1775909326923077 0.6460970408653846 0.16022982211538464 0.6460970408653846 0.15675760096153846 0.6441439158653846 0.12203537740384615 0.6441439158653846 0.11856315625000001 0.6421907908653846 0.08384093269230769 0.6421907908653846 0.08036871153846153 0.6402376658653846 0.06995204326923077 0.6402376658653846 0.06474371153846153 0.6431673533653846 0.06474371153846153 0.6529329783653846 0.06127148798076923 0.6548861033653846 0.06127148798076923 0.6666048533653846 0.06474371153846153 0.6685579783653846 0.06647982211538461 0.6714876658653846 0.08036871153846153 0.6714876658653846 0.08384093269230769 0.6734407908653846 0.09078537740384615 0.6734407908653846 0.09425760096153847 0.6714876658653846 0.09772982211538461 0.6714876658653846 0.10120204326923078 0.6734407908653846 0.13847759615384614 0.6745155625 0.14286871153846153 0.6753939158653846 0.17411871153846153 0.6753939158653846 0.17585482211538464 0.6744173533653846 0.17585482211538464 0.6607454783653846 0.17932704326923077 0.6587923533653846
10 0.29530731490384615 0.651807670673077 0.29530731490384615 0.647901420673077 0.2935712043269231 0.646924858173077 0.26579342548076923 0.646924858173077 0.2623212043269231 0.644971733173077 0.21371009375 0.644971733173077 0.21023787019230772 0.643018608173077 0.18593231490384615 0.643018608173077 0.18072398076923074 0.645948295673077 0.18072398076923074 0.665479545673077 0.1772517596153846 0.667432670673077 0.1772517596153846 0.669385795673077 0.18246009375 0.672315483173077 0.18593231490384615 0.672315483173077 0.1894045360576923 0.674268608173077 0.23107120432692307 0.674268608173077 0.23454342548076923 0.676221733173077 0.29009898076923074 0.676221733173077 0.29183509375 0.675245170673077 0.29183509375 0.653760795673077 0.29530731490384615 0.651807670673077
10 0.4156242163461539 0.67276028125 0.4156242163461539 0.65127590625 0.41041588461538464 0.64834621875 0.32013810576923074 0.64834621875 0.31666588461538464 0.64639309375 0.3062492163461539 0.64639309375 0.3010408846153846 0.64932278125 0.3010408846153846 0.66690090625 0.2975686610576923 0.66885403125 0.2975686610576923 0.67471340625 0.3027769951923077 0.67764309375 0.32701650961538464 0.6781861634615385 0.3340269951923077 0.67959621875 0.41041588461538464 0.67959621875 0.4121519951923077 0.67861965625 0.4121519951923077 0.67471340625 0.4156242163461539 0.67276028125
10 0.5255560600961539 0.6738378774038462 0.5255560600961539 0.6504003774038462 0.5203477283653846 0.6474706899038462 0.41618106009615385 0.6474706899038462 0.4144449495192308 0.6484472524038462 0.4144449495192308 0.6621191274038462 0.4109727283653846 0.6640722524038462 0.4109727283653846 0.6757910024038462 0.41618106009615385 0.6767675649038462 0.41965328365384613 0.6787206899038462 0.5203477283653846 0.6787206899038462 0.5220838389423077 0.6777441274038462 0.5220838389423077 0.6757910024038462 0.5255560600961539 0.6738378774038462
10 0.3883475216346154 0.6872320072115384 0.3831391875 0.6843023197115384 0.3032780769230769 0.6843023197115384 0.2998058533653846 0.6823491947115384 0.2789725216346154 0.6823491947115384 0.2737641875 0.6852788822115384 0.2737641875 0.6872320072115384 0.2702919639423077 0.6891851322115384 0.2702919639423077 0.7165288822115384 0.2720280769230769 0.7175054447115384 0.2755002980769231 0.7175054447115384 0.2789725216346154 0.7194585697115384 0.34494474278846154 0.7194585697115384 0.3484169639423077 0.7214116947115384 0.3796669639423077 0.7214116947115384 0.3814030769230769 0.7204351322115384 0.3883475216346154 0.7165288822115384 0.3883475216346154 0.6872320072115384
10 0.20702461057692306 0.7040687716346153 0.20702461057692306 0.6982093966346153 0.21049683413461537 0.6962562716346153 0.21049683413461537 0.6923500216346153 0.21396905528846155 0.6903968966346153 0.21396905528846155 0.6864906466346153 0.21744127884615386 0.6845375216346153 0.21744127884615386 0.6806312716346153 0.21223294471153847 0.6796547091346153 0.2087607235576923 0.6777015841346153 0.16362183413461537 0.6777015841346153 0.16014961057692306 0.6757484591346153 0.1115385 0.6757484591346153 0.10806627884615384 0.6737953341346153 0.09417738942307692 0.6737953341346153 0.08896905528846154 0.6767250216346153 0.08896905528846154 0.6864906466346153 0.08549683413461538 0.6884437716346153 0.08549683413461538 0.7021156466346153 0.09070516826923078 0.7050453341346153 0.1115385 0.7050453341346153 0.11501072355769232 0.7069984591346153 0.15320516826923078 0.7069984591346153 0.15667738942307693 0.7089515841346153 0.20181627884615386 0.7089515841346153 0.20355238942307693 0.7079750216346153 0.20355238942307693 0.7060218966346153 0.20702461057692306 0.7040687716346153
10 0.7775468052884615 0.7104189663461539 0.7880318990384616 0.7126896153846154 0.890463764423077 0.7099648677884616 0.8936899134615385 0.6827174158653846 0.7870993149038461 0.6829969783653845 0.7775468052884615 0.7104189663461539
10 0.4189488629807692 0.6803742644230769 0.41088334375 0.7185206995192307 0.5334788966346153 0.7226078173076923 0.5383181923076923 0.6880944038461538 0.4231326009615385 0.6849667716346153 0.4189488629807692 0.6803742644230769
10 0.6852276947115384 0.38188849519230766 0.74329925 0.38098024038461537 0.7529778413461539 0.31422398076923075 0.697532201923077 0.3125842716346154 0.6852276947115384 0.38188849519230766
10 0.9214146394230769 0.42949475721153846 0.9802926947115385 0.43403599278846156 0.9996498774038461 0.36818798798076924 0.9382362932692309 0.36310906971153845 0.9214146394230769 0.42949475721153846
10 0.8573546850961539 0.6526557908653847 0.9154262379807693 0.6626464951923077 0.9541406081730769 0.5995232355769231 0.8943222475961539 0.5909747788461538 0.8573546850961539 0.6526557908653847
10 0.7716539783653846 0.6736266009615384 0.8321451802884615 0.6795302307692308 0.8619874567307693 0.6186775576923077 0.8005220216346154 0.6123904591346154 0.7716539783653846 0.6736266009615384