10 0.19929607451923076 0.3336051370192308 0.3256447475961538 0.3402303341346154 0.32767610096153843 0.30596203846153847 0.2062529591346154 0.3011877596153846 0.19929607451923076 0.3336051370192308
10 0.33892502163461535 0.3429255649038462 0.44672470913461537 0.3435636658653846 0.453533110576923 0.33925652884615387 0.4521146754807692 0.3091065793269231 0.3321689831730769 0.3080030240384615 0.3289961129807692 0.3376612884615385 0.33892502163461535 0.3429255649038462
10 0.45271070192307694 0.3419684254807692 0.5724250913461538 0.3453184182692308 0.5721413725961538 0.3102232451923077 0.4544128028846154 0.30878753365384615 0.45271070192307694 0.3419684254807692
10 0.5743065360576923 0.3110208653846154 0.572037079326923 0.3449993774038462 0.6877799086538462 0.3481898413461538 0.6891982908653845 0.31500894951923075 0.5786352524038462 0.31183410576923076 0.5743065360576923 0.3110208653846154
10 0.7427068293269231 0.3789778894230769 0.7520683798076924 0.37786121875 0.7622810072115385 0.3146899014423077 0.7551888894230768 0.3079899134615385 0.7063953701923077 0.3070327716346154 0.698735920673077 0.3095851490384615 0.6931420360576923 0.3760047283653846 0.7427068293269231 0.3789778894230769
10 0.17072841826923077 0.36890943509615387 0.28190535817307694 0.37512301201923076 0.2868352331730769 0.3707257115384615 0.29006513461538463 0.34243006490384614 0.2815653725961539 0.34051819711538467 0.1731083533653846 0.33420903125 0.16741968269230767 0.33723609374999997 0.16358861298076924 0.3659460456730769 0.17072841826923077 0.36890943509615387
10 0.29680407932692304 0.37489618509615386 0.40288116105769234 0.37833754807692305 0.41223089423076925 0.3753741490384615 0.41359086538461537 0.34784325240384617 0.41104093750000004 0.3444018894230769 0.30207392307692305 0.3410561225961538 0.29408414903846153 0.34392392307692304 0.2936859254807692 0.3723897644230769 0.29680407932692304 0.37489618509615386
10 0.42603628846153846 0.3797714495192308 0.5265035240384616 0.3800582283653846 0.5361932572115384 0.37623449038461537 0.5363632740384616 0.34564460817307696 0.4190664855769231 0.34363714423076924 0.4148505048076923 0.34613212499999996 0.4136266394230769 0.37613889903846154 0.42603628846153846 0.3797714495192308
10 0.5476278245192308 0.38048960096153844 0.6531025961538461 0.3821371490384615 0.6616258245192307 0.3768949615384616 0.6629575697115384 0.34963559615384615 0.6576305697115384 0.34798805528846155 0.548426875 0.34574140384615387 0.5424815961538462 0.3492092091346154 0.5396373100961539 0.37839272596153845 0.5476278245192308 0.38048960096153844
10 0.7554349759615384 0.37412186538461534 0.7628193365384616 0.37723620192307694 0.8713695985576924 0.3743294855769231 0.8809692692307693 0.37059227884615387 0.8813385 0.3454699567307692 0.8765386466346154 0.3384107956730769 0.759127139423077 0.3431861057692308 0.7554349759615384 0.37412186538461534
10 0.9296882259615384 0.4247125745192308 0.9784133149038462 0.4285327139423077 0.9852067091346155 0.42616159855769226 1 0.3650395096153846 0.9969194615384616 0.36029727884615387 0.9472573677884615 0.3568723389423077 0.9404639735576924 0.3604290120192308 0.9266903725961538 0.4208201298076923 0.9296882259615384 0.4247125745192308
10 0.6624975793269231 0.3851571009615385 0.6633923990384616 0.4119517524038461 0.6676428197115385 0.41522245913461536 0.7777061658653845 0.4124549423076923 0.7828015721153846 0.4118551634615385 0.7859832932692308 0.4069198894230769 0.78486475 0.3808800168269231 0.7828015721153846 0.3788777451923077 0.7788246875 0.37811249519230766 0.667103798076923 0.3816657283653846 0.6624975793269231 0.3851571009615385
10 0.7911633894230768 0.4114224855769231 0.9032506298076922 0.4075268149038462 0.9089349038461538 0.4028320360576923 0.9069809495192308 0.37516278124999997 0.9012966418269232 0.37316500480769227 0.7915186682692308 0.3770606754807692 0.7861323725961539 0.37907808894230766 0.7853014591346154 0.4087254831730769 0.7911633894230768 0.4114224855769231
10 0.7974304639423077 0.4448130240384615 0.9049208245192308 0.44172767307692307 0.9116545600961538 0.43527646153846156 0.9096593870192307 0.40877041105769235 0.9024268653846155 0.40736797115384615 0.7919437091346153 0.41143503846153845 0.7901979399038462 0.44102644711538463 0.7974304639423077 0.4448130240384615
10 0.14814072115384616 0.40190197836538466 0.25971225 0.40763456249999996 0.26764119951923077 0.40397207451923073 0.26990660336538463 0.37626457451923073 0.26594214182692305 0.37339828365384614 0.15776871634615386 0.3678249399038461 0.1480121201923077 0.3715086730769231 0.14445943269230768 0.39808025240384615 0.14814072115384616 0.40190197836538466
10 0.2834990745192308 0.4097046610576923 0.39393790144230767 0.4116155240384615 0.4029995673076923 0.4060421802884615 0.4007341370192308 0.3788123966346154 0.2837822596153846 0.3757868605769231 0.2797358341346154 0.3786791177884616 0.27783555288461537 0.4065198966346154 0.2834990745192308 0.4097046610576923
10 0.4071493990384615 0.4132079134615385 0.5150396370192307 0.41241171875 0.5158891658653846 0.41304867067307693 0.5235349326923078 0.4084307572115385 0.5224022427884616 0.3796085841346154 0.4105475168269231 0.37849391586538467 0.40296124278846157 0.3815472956730769 0.40205222115384615 0.4095454254807693 0.4071493990384615 0.4132079134615385
10 0.5371596057692307 0.41336714903846156 0.6323069038461538 0.4159149639423077 0.6442003149038461 0.4160742067307692 0.6512797620192308 0.41113780769230773 0.6524124519230768 0.3839080240384615 0.6484479639423076 0.3815194471153846 0.5334783293269231 0.38024554326923077 0.5295138413461539 0.4109785721153846 0.5371596057692307 0.41336714903846156
10 0.11468858173076923 0.4678615817307692 0.16509400240384617 0.47343493269230774 0.1738724567307692 0.4712055913461538 0.18944717067307693 0.4076694278846154 0.13026329567307693 0.4008221706730769 0.11146941346153846 0.4637683870192308 0.11468858173076923 0.4678615817307692
10 0.19540651923076924 0.43999484615384615 0.30896027884615385 0.4447720024038461 0.3126415817307692 0.43967636778846153 0.3149069831730769 0.41212810336538463 0.3086771201923077 0.40973952644230766 0.20107003846153845 0.4052808509615385 0.19177838701923078 0.40903399759615383 0.19059252644230767 0.43744702644230765 0.19540651923076924 0.43999484615384615
10 0.19385701442307693 0.4736777163461538 0.3059949014423077 0.4773401971153846 0.31194160576923075 0.4732 0.31194160576923075 0.4450147860576923 0.3062780865384615 0.443740875 0.1921579567307692 0.44007838701923074 0.19007872596153846 0.4436911442307692 0.1893262091346154 0.4701744639423077 0.19385701442307693 0.4736777163461538
10 0.31726044951923077 0.4438681081730769 0.43137639423076923 0.4472153173076923 0.4355801923076923 0.44111108413461536 0.43812878125 0.41658835336538463 0.43137639423076923 0.41326506249999995 0.3240086778846154 0.41021881250000003 0.3167034567307692 0.41309724999999997 0.31409748317307695 0.44063336778846157 0.31726044951923077 0.4438681081730769
10 0.3162400384615385 0.47844913461538463 0.4259341923076923 0.4807443629807692 0.43222674519230775 0.4768233509615385 0.43409747836538465 0.45023695432692307 0.4266144879807693 0.4473679182692308 0.31845093509615385 0.44440324999999997 0.3126965576923077 0.44762457692307694 0.31028764903846157 0.475771375 0.3162400384615385 0.47844913461538463
10 0.4443163269230769 0.4804763100961538 0.5482019134615385 0.48417364423076925 0.5568809639423077 0.48121577884615385 0.5608259855769231 0.45415126442307696 0.5555659639423077 0.4498623509615385 0.4424753076923077 0.44631290625 0.44055203846153845 0.4482640096153846 0.4382672980769231 0.4770747548076923 0.4443163269230769 0.4804763100961538
10 0.4824515528846154 0.44749605528846154 0.5892301490384615 0.44927077884615385 0.5986982019230769 0.44512975480769235 0.5997502403846154 0.4162905192307692 0.590545173076923 0.4146636899038461 0.48692256971153847 0.41274107451923076 0.47962159855769226 0.4158540336538462 0.4771915072115384 0.4424676706730769 0.4824515528846154 0.44749605528846154
10 0.6624962067307693 0.4467994951923077 0.6688345889423076 0.4506183293269231 0.7770393533653847 0.44730867788461537 0.7824722283653845 0.44450819471153846 0.7833776947115385 0.4195584927884616 0.7779448197115385 0.4126845865384615 0.6629489591346154 0.41930389423076925 0.6624962067307693 0.4467994951923077
10 0.5725665096153846 0.48503332692307694 0.6774746514423077 0.48434535817307695 0.6848151634615385 0.47798168990384615 0.6863444567307693 0.45476288461538467 0.677780514423077 0.44960315144230767 0.564654795673077 0.4521177716346154 0.5636967067307692 0.48056155528846156 0.5725665096153846 0.48503332692307694
10 0.6930969711538462 0.48503332692307694 0.8001461298076923 0.48262544951923075 0.811462735576923 0.47643376923076924 0.809627608173077 0.4509790841346154 0.7995344038461538 0.4475392572115385 0.6915677067307692 0.4499471370192308 0.6876519399038461 0.45340855288461535 0.6866740216346153 0.48021756971153845 0.6930969711538462 0.48503332692307694
10 0.8290927956730769 0.4822814639423077 0.8379625721153846 0.48468934375 0.9474585625 0.4838293846153846 0.9587751658653846 0.479185625 0.9603044591346154 0.45287098076923077 0.9554107740384615 0.4485712043269231 0.8388801370192307 0.4478832427884616 0.8313015913461539 0.4521177716346154 0.8290927956730769 0.4822814639423077
10 0.9465409975961538 0.5094682788461539 0.9541873461538461 0.5025886370192307 0.95326978125 0.4807457572115385 0.8340552596153846 0.484903625 0.8324571875 0.5106722139423077 0.9465409975961538 0.5094682788461539
10 0.5950586947115385 0.5187558004807692 0.6990492716346155 0.5192717740384615 0.7109776057692307 0.5134240769230769 0.7091424759615385 0.4871094350961539 0.6990492716346155 0.48401359375 0.5920001394230769 0.4845295673076923 0.5866841346153846 0.489034125 0.5858830552884615 0.5158319471153846 0.5950586947115385 0.5187558004807692
10 0.7167979543269231 0.5177238533653846 0.8244588149038462 0.5141120384615385 0.8336344567307693 0.5098122644230769 0.8296583629807692 0.4814337259615385 0.8217061225961538 0.4809177524038461 0.7115170576923078 0.48645256249999996 0.7103750072115385 0.51308009375 0.7167979543269231 0.5177238533653846
10 0.1073434375 0.5042945721153846 0.2161624158653846 0.5092002716346153 0.22282011057692308 0.5061019375 0.2248862932692308 0.47705504326923076 0.21891732692307692 0.47537677403846157 0.11124623076923078 0.4717620528846154 0.1041293701923077 0.4766677524038462 0.10114488701923077 0.4990015817307692 0.1073434375 0.5042945721153846
10 0.2340693341346154 0.5089420769230769 0.3403732043269231 0.5126858990384615 0.34749008413461535 0.5088129807692308 0.3493266634615385 0.4832517139423077 0.34335771875000004 0.4788624014423077 0.2345387283653846 0.47576406730769233 0.22747546634615384 0.4784908125 0.22764120432692309 0.5058437403846153 0.2340693341346154 0.5089420769230769
10 0.35487040144230775 0.5126858990384615 0.45611336538461533 0.5141059663461538 0.46644428125 0.5106203389423076 0.4678217355769231 0.4867373413461538 0.4618527908653846 0.48054067067307693 0.3493605793269231 0.47937879567307695 0.34867185096153847 0.5097166610576923 0.35487040144230775 0.5126858990384615
10 0.4721214855769231 0.5163006225961538 0.5722165576923077 0.5172043028846154 0.5855319855769231 0.5148805504807693 0.58438409375 0.4845426850961539 0.47235104807692313 0.4826062259615385 0.4682710600961538 0.4850791033653846 0.46615249759615385 0.512556798076923 0.4721214855769231 0.5163006225961538
10 0.09189338942307691 0.5372519807692308 0.2027927091346154 0.5402458701923076 0.20777695432692309 0.5373156826923077 0.20913629326923078 0.5117084206730769 0.20777695432692309 0.5090330336538462 0.09381912019230769 0.50444665625 0.08946479086538463 0.5079244663461538 0.08747554086538462 0.5334300024038462 0.09189338942307691 0.5372519807692308
10 0.21425451201923076 0.5421729326923077 0.3210010600961538 0.5448007836538461 0.32733241586538464 0.5418338581730769 0.32959361538461535 0.5153010745192308 0.32567420913461537 0.5122493822115385 0.21819187740384616 0.5086043004807692 0.20882090625 0.5113169182692308 0.2086768966346154 0.5388669326923077 0.21425451201923076 0.5421729326923077
10 0.3284380889423077 0.5409121177884615 0.3329705865384615 0.544522858173077 0.43963400961538457 0.5468367403846154 0.44618096634615384 0.543226 0.44945442307692307 0.5158441682692307 0.44391471875 0.5138618004807692 0.33313069471153844 0.5129913605769231 0.32969710817307696 0.5162741274038462 0.3284380889423077 0.5409121177884615
10 0.4591948052884615 0.5471537716346154 0.5620562139423076 0.5487604927884615 0.5715804302884615 0.5437260985576923 0.5721518822115385 0.5176971923076923 0.4586233533653846 0.5152335528846154 0.45484659375000003 0.5171152788461538 0.45348028365384613 0.5435118677884615 0.4591948052884615 0.5471537716346154
10 0.5798107115384615 0.5501529903846154 0.6851483990384615 0.5509027908653846 0.6937201826923077 0.5460826249999999 0.6935297115384615 0.5193039158653846 0.5841918389423078 0.5173758485576923 0.5766090456730769 0.5188838365384615 0.5742866610576923 0.5461897379807692 0.5798107115384615 0.5501529903846154
10 0.7161519807692307 0.5506885600961539 0.8270137187500001 0.5469395432692308 0.8298709783653847 0.5434047548076923 0.8298709783653847 0.5186612259615384 0.8224421009615385 0.5141624038461539 0.7167234326923076 0.5173758485576923 0.71037625 0.52000928125 0.7092945528846154 0.5461897379807692 0.7161519807692307 0.5506885600961539
10 0.8383862788461538 0.5451185913461538 0.9463907572115384 0.5422264903846153 0.9522957860576924 0.5409411129807692 0.9532481826923077 0.5372992091346154 0.9538196346153847 0.5100920408653846 0.9462002836538462 0.5096635793269231 0.84143403125 0.5123414519230769 0.8344253221153846 0.5156682788461538 0.8353385456730769 0.5425478341346154 0.8383862788461538 0.5451185913461538
10 0.8158915552884616 0.5780734086538462 0.9240865048076923 0.5750741947115384 0.9309439326923077 0.5687544182692308 0.9278961971153846 0.5435824326923077 0.8124628413461538 0.5472243389423077 0.8098441682692308 0.5497531899038461 0.8109389567307693 0.5751813100961539 0.8158915552884616 0.5780734086538462
10 0.6862481995192307 0.5541868028846154 0.68758159375 0.5808583966346154 0.6967248293269231 0.5842860673076923 0.8039673653846153 0.5810726225961539 0.8083484927884614 0.5761453413461538 0.8075865673076923 0.5518302740384615 0.8039673653846153 0.5482954855769231 0.6910103076923076 0.5525800817307692 0.6862481995192307 0.5541868028846154
10 0.5603031875 0.5818289807692307 0.6625931418269231 0.5832214711538461 0.6749746201923077 0.5789368798076923 0.6745936394230768 0.5546218100961539 0.6713554158653847 0.5506585600961539 0.5629699687499999 0.5491589543269231 0.5563153052884615 0.5521648581730769 0.5543981850961539 0.5791511057692308 0.5603031875 0.5818289807692307
10 0.4416807860576923 0.5795795673076923 0.5428278365384616 0.5807578293269231 0.5542568822115385 0.5774372692307692 0.5559712379807692 0.5522652836538462 0.5521615625 0.5487304951923077 0.44587144230769227 0.5462668533653846 0.4376969519230769 0.5486277451923077 0.4378711105769231 0.5758305480769231 0.4416807860576923 0.5795795673076923
10 0.32164018028846153 0.5765803509615385 0.427168375 0.5793653365384616 0.4372640264423077 0.5744380552884615 0.4378354783653846 0.5500158725961538 0.4338353125 0.5466953125 0.3258308365384615 0.544553016826923 0.31936442548076927 0.5475023004807692 0.3166876009615385 0.5733669038461539 0.32164018028846153 0.5765803509615385
10 0.19709901682692307 0.5743797427884615 0.3066273605769231 0.5774860745192307 0.3131038245192308 0.5733085961538461 0.3153896346153846 0.5480294951923077 0.30853220673076925 0.544173360576923 0.20148014423076924 0.5409599158653846 0.1958870096153846 0.5436436298076923 0.19176545673076922 0.57202321875 0.19709901682692307 0.5743797427884615
10 0.07610031009615384 0.5698809206730769 0.18581914423076923 0.5730943653846153 0.1909622139423077 0.5704164975961539 0.1951528701923077 0.5447089350961538 0.1909622139423077 0.5397816514423077 0.08219581249999999 0.5369966658653846 0.07383872836538462 0.5417142956730769 0.07286208653846155 0.5676315096153846 0.07610031009615384 0.5698809206730769
10 0.07210014423076923 0.6032090576923077 0.17496155048076922 0.6062082716346153 0.18296188221153847 0.6056726971153846 0.1875335 0.6032090576923077 0.18962883653846155 0.5768588100961538 0.18391431490384613 0.5738595913461538 0.07590983653846153 0.5705390336538462 0.06897966346153847 0.5732267620192307 0.06562369711538461 0.6007454158653845 0.07210014423076923 0.6032090576923077
10 0.1945152331730769 0.6069580745192308 0.3017577860576923 0.6099572932692308 0.30937713701923075 0.6055655841346154 0.3114724735576923 0.5807149447115385 0.3074723076923077 0.5775014975961539 0.19718200480769232 0.5742880528846154 0.19131377163461538 0.5770854302884616 0.18822925961538461 0.6049228942307692 0.1945152331730769 0.6069580745192308
10 0.31373264182692306 0.609866391826923 0.4204969350961539 0.6114808245192308 0.42605943269230767 0.6086555673076923 0.42731547115384616 0.5814120216346154 0.42211185817307695 0.5787885673076923 0.3176802331730769 0.5767705240384615 0.3118800649038462 0.5793564951923077 0.3094261826923077 0.6070411322115384 0.31373264182692306 0.609866391826923
10 0.43416684375 0.6121939038461538 0.535368608173077 0.6126984134615385 0.5430843341346153 0.6096713533653846 0.5429049086538462 0.5809142764423076 0.4312958653846154 0.5789971370192307 0.42900337259615384 0.5819311899038462 0.4268099663461538 0.6093686466346153 0.43416684375 0.6121939038461538
10 0.5495886466346154 0.6140594975961539 0.6540202548076923 0.6146649086538462 0.6603005168269231 0.6113351418269231 0.6613771298076923 0.5836879879807693 0.552459625 0.5817708461538461 0.5455881802884616 0.5826884519230769 0.5436672668269231 0.6113351418269231 0.5495886466346154 0.6140594975961539
10 0.6711110961538461 0.6167838509615385 0.7785931225961539 0.6138576923076923 0.7837967379807692 0.6091153004807692 0.7814640841346154 0.5836879879807693 0.7764398942307692 0.5825780649038461 0.6703933485576923 0.5843943004807692 0.6640577331730769 0.58662621875 0.6642925264423076 0.6140594975961539 0.6711110961538461 0.6167838509615385
10 0.8917676778846153 0.6090143942307692 0.8982273629807692 0.6036665889423077 0.898765670673077 0.5797528076923076 0.8915882524038461 0.5767257475961538 0.7815941322115385 0.5807618293269231 0.7814502884615385 0.5828399038461538 0.7839268004807691 0.6122432620192307 0.8917676778846153 0.6090143942307692
10 0.9214211129807693 0.6622308100961539 0.9297488197115384 0.6589527692307692 0.9602837620192308 0.6054114278846154 0.9561199086538461 0.5993236370192307 0.9103175192307693 0.5919870673076922 0.903182076923077 0.5944965240384615 0.8722876418269231 0.6539576490384615 0.9214211129807693 0.6622308100961539
10 0.7856573725961538 0.6734656394230769 0.8344651298076923 0.6787189879807692 0.8407567524038462 0.6760387067307693 0.8619194879807692 0.62071778125 0.8594409639423077 0.6160004975961539 0.8066294663461538 0.6108543629807692 0.7839661298076923 0.6706171826923076 0.7856573725961538 0.6734656394230769
10 0.7890891682692308 0.6801446610576923 0.7868013052884616 0.6832537860576923 0.7866106610576923 0.7066258004807692 0.792711625 0.7097349278846153 0.8947121995192308 0.7083411802884616 0.9025290600961539 0.7033022572115384 0.9015757908653845 0.6804662956730769 0.8983346394230769 0.6762850625 0.7905460673076923 0.6793069903846154 0.7890891682692308 0.6801446610576923
10 0.06718593028846154 0.636664764423077 0.1701377548076923 0.6396114110576924 0.18277554086538464 0.6373580985576923 0.18277554086538464 0.6108383197115385 0.18000139182692307 0.6073716802884616 0.06903536298076923 0.6042517067307692 0.06120710096153847 0.6075807932692308 0.06102115865384616 0.6325048004807693 0.06718593028846154 0.636664764423077
10 0.18119278365384617 0.6368990120192308 0.18872356009615385 0.6403638341346153 0.2955237716346154 0.6423849783653846 0.3001449326923077 0.6396901153846154 0.30254106971153844 0.612549014423077 0.2943256706730769 0.6097579110576923 0.18803893990384615 0.6078330072115384 0.18345664423076924 0.610257673076923 0.18119278365384617 0.6368990120192308
10 0.3070454783653846 0.6421119999999999 0.41196296634615387 0.6441331466346154 0.4191514399038461 0.6396096274038462 0.4189802980769231 0.6156446129807692 0.4157283798076923 0.6115060745192308 0.30892816826923075 0.6093886850961538 0.3036494278846154 0.6124246105769231 0.30122623317307695 0.6393208942307692 0.3070454783653846 0.6421119999999999
10 0.42535191826923074 0.6443256346153846 0.5273598052884615 0.644806860576923 0.5350617427884615 0.6404758341346154 0.5360886682692307 0.6135272211538462 0.5304405817307692 0.6127572620192308 0.4229557668269231 0.6120835456730769 0.42076034615384617 0.6143026225961539 0.41901922596153846 0.6408608124999999 0.42535191826923074 0.6443256346153846
10 0.5397198317307692 0.6469242500000001 0.6468623461538462 0.6479829471153846 0.651825795673077 0.6447106177884615 0.6530238942307692 0.6195906586538461 0.6475469519230769 0.6147784086538461 0.5376144423076923 0.6147360096153845 0.5352698149038462 0.6439406562500001 0.5397198317307692 0.6469242500000001
10 0.6677760576923077 0.6503890721153845 0.772188298076923 0.6478867043269231 0.7773229230769231 0.6435556754807692 0.7762959975961539 0.6170882884615385 0.7685940625000001 0.6143934278846154 0.6629919375 0.6168957980769231 0.6570367596153847 0.6192143485576923 0.6583625889423076 0.6474054759615384 0.6677760576923077 0.6503890721153845
10 0.07108083173076923 0.6697268533653846 0.17813851682692305 0.6713622091346154 0.18431842307692306 0.668500329326923 0.18668133173076923 0.6444809759615384 0.17995613942307692 0.6389616346153846 0.07217140144230769 0.6372240625000001 0.06636654807692308 0.6401020024038462 0.0641738798076923 0.6661494975961539 0.07108083173076923 0.6697268533653846
10 0.18934690625 0.6724865240384615 0.29585931490384615 0.6749395649038461 0.30185745432692307 0.6712600048076923 0.30258450721153846 0.6466273870192307 0.29767693990384614 0.6426411947115385 0.1906192451923077 0.6397793100961539 0.1866445625 0.6428634879807693 0.18353053605769232 0.6704423173076923 0.18934690625 0.6724865240384615
10 0.3009778221153846 0.6708511610576923 0.3047948197115385 0.6754506129807692 0.4151242091346154 0.677290391826923 0.41930474038461535 0.6728953581730769 0.42239470192307693 0.6489782139423077 0.4162147788461539 0.6448898149038461 0.3102476730769231 0.6431522427884615 0.30392244471153845 0.6470057139423078 0.3009778221153846 0.6708511610576923
10 0.41998388461538466 0.6726909423076923 0.4292537355769231 0.677290391826923 0.531222110576923 0.6771881802884615 0.5355843942307692 0.6750417692307693 0.5375837524038461 0.6486715841346153 0.5324944326923077 0.6454008653846154 0.42378581490384615 0.645094235576923 0.42283676442307694 0.648079625 0.41998388461538466 0.6726909423076923
10 0.5439838677884615 0.6789257548076922 0.6463157620192308 0.6798456466346153 0.6526774014423077 0.6760638725961539 0.6552220769230769 0.6522489350961538 0.6479516177884614 0.6484671658653846 0.5390236899038462 0.6474659615384616 0.5365316250000001 0.6764727163461538 0.5439838677884615 0.6789257548076922
10 0.772242483173077 0.6815832139423077 0.7766047644230769 0.6786191250000001 0.77878590625 0.6526577740384615 0.7718789471153846 0.648569375 0.6585727908653846 0.6506708629807693 0.6602772211538461 0.6515334663461538 0.6597319350961539 0.6515334663461538 0.6584901009615384 0.6510252524038461 0.6606407379807693 0.6800500625 0.6668206442307691 0.6827075216346153 0.772242483173077 0.6815832139423077
10 0.0910794014423077 0.7010949423076924 0.20148713942307694 0.7048960985576923 0.2079249278846154 0.7023619927884616 0.20889059375000002 0.675391891826923 0.20277470192307692 0.6726767812500001 0.09301073317307693 0.6699616706730769 0.08850427403846153 0.6974747908653847 0.0910794014423077 0.7010949423076924
10 0.27541716346153844 0.6834298653846154 0.2729845168269231 0.7077110408653847 0.27921818990384617 0.7119858918269231 0.38640703605769233 0.7136958389423077 0.3918805096153846 0.710190451923077 0.3950733677884615 0.6845413245192307 0.3888396826923077 0.6816344254807691 0.27886574278846155 0.6801915408653846 0.27541716346153844 0.6834298653846154
10 0.4205223533653846 0.7154912788461538 0.4275162379807692 0.7199371201923076 0.5307520120192307 0.7207065961538461 0.5386581298076923 0.7181416826923077 0.5403305889423077 0.6931765336538462 0.5365295769230769 0.6887306850961538 0.4267560384615384 0.6870207427884616 0.4214545817307692 0.6919978966346154 0.4205223533653846 0.7154912788461538
10 0.5596885745192307 0.7222118197115385 0.6676376225961539 0.7225538052884615 0.6735672163461538 0.720159889423077 0.6735672163461538 0.7161415240384615 0.6741753725961538 0.6957077187499999 0.6687018990384614 0.6904069014423077 0.5621212355769231 0.691090875 0.5583202067307692 0.6939977788461539 0.5574273004807693 0.7198454975961539 0.5596885745192307 0.7222118197115385
10 0.6741319158653846 0.7102422259615384 0.6785410985576923 0.7117811730769231 0.7793442139423077 0.7103277211538461 0.7857299302884615 0.7070788341346154 0.7855778990384615 0.6821991778846154 0.7779758461538461 0.6788647908653846 0.6712431346153847 0.6812587115384615 0.6717265144230768 0.6831431298076923 0.6720033485576924 0.6944252620192307 0.6741319158653846 0.7102422259615384
10 0.22310801201923078 0.7835488990384616 0.24759846875 0.8076058125000001 0.2584486923076923 0.8114409687499999 0.37563090144230765 0.7816313173076923 0.37594088942307696 0.7774475072115384 0.35548050240384615 0.7523446418269231 0.34525031009615387 0.7493811105769231 0.22622937259615383 0.7798343100961538 0.22310801201923078 0.7835488990384616
10 0.17751146874999998 0.8302103581730769 0.3027538197115385 0.8546159158653845 0.3201141370192308 0.8314306346153846 0.31174397836538464 0.8268981706730769 0.31670408173076925 0.8214940841346153 0.19363175240384617 0.7979601490384615 0.1750602860576923 0.8279797692307693 0.17751146874999998 0.8302103581730769
10 0.31175601923076923 0.82753634375 0.4410927355769231 0.8549204639423077 0.4641324855769231 0.8265057548076923 0.45811071875000003 0.8204694759615384 0.3465774278846154 0.7923492211538462 0.3337484975961538 0.7945576177884616 0.3155991177884615 0.8201484975961539 0.31175601923076923 0.82753634375
10 0.47207572115384616 0.8357398197115384 0.4826612451923077 0.8365901899038461 0.6066629615384616 0.8106540913461538 0.5949432764423077 0.7978986370192308 0.5904066298076923 0.7998119543269231 0.5541134471153846 0.7957727307692307 0.5538561923076923 0.7822107932692308 0.44863638701923075 0.8038511802884615 0.47207572115384616 0.8357398197115384
10 0.592911985576923 0.7983238221153847 0.6027414110576923 0.8095911346153847 0.6125708028846154 0.8112918653846154 0.7369505504807693 0.7866313149038462 0.739218875 0.7825920889423077 0.7161576057692307 0.7509160384615385 0.5986714591346154 0.7745524879807693 0.592911985576923 0.7983238221153847
10 0.7363297115384615 0.7896598581730768 0.7432945937500001 0.7945555576923078 0.8698233004807693 0.8038573870192308 0.8776587932692308 0.8027150504807692 0.8866550817307692 0.7686083533653847 0.7500061730769231 0.7572094062500001 0.7363297115384615 0.7896598581730768
10 0.8905599230769231 0.7709254711538461 0.8797540216346154 0.7992497139423077 0.8841112475961539 0.8036600649038461 1 0.8166539302884614 0.9993776033653846 0.7791346682692308 0.8978800552884615 0.7668091442307692 0.8905599230769231 0.7709254711538461
10 0.8949197427884615 0.8151590649038462 0.8862053076923077 0.8438753461538462 0.8907368125 0.8467175697115384 0.8968369158653846 0.8467175697115384 1 0.8581844783653847 0.9993776033653846 0.8207663197115385 0.9046799134615384 0.8099646562499999 0.8949197427884615 0.8151590649038462
10 1 0.8581589615384615 0.8923785649038461 0.8477701394230769 0.8814995072115385 0.8790313341346153 0.8869024519230769 0.8818735576923077 1 0.8946178557692307 1 0.8581589615384615
10 1 0.8926362067307692 0.8846493149038461 0.8825719759615385 0.8753577379807692 0.9141432427884616 0.8791692235576923 0.9159170192307692 1 0.9300333149038462 1 0.8926362067307692
10 0.2647652716346154 0.896604076923077 0.27053714423076924 0.8953557379807692 0.28874077403846155 0.8691404711538462 0.28585482692307695 0.8633980817307693 0.1650893389423077 0.8386808317307692 0.15687550240384615 0.83980434375 0.13868524278846153 0.869295014423077 0.2647652716346154 0.896604076923077
10 0.24165604807692306 0.9289485480769231 0.2625236033653846 0.8983640745192307 0.13709621153846155 0.8702762932692308 0.13043634855769232 0.8706507980769231 0.11203635576923077 0.9020856370192308 0.24165604807692306 0.9289485480769231
10 0.21833190144230769 0.9608035264423077 0.23897747355769233 0.9348379302884615 0.23764550240384616 0.9297197163461538 0.1111081201923077 0.903129951923077 0.10644621634615385 0.9061259807692307 0.08871857932692308 0.9346888846153847 0.21833190144230769 0.9608035264423077
10 0.07396942548076922 0.9686379975961539 0.18881402884615386 0.993357375 0.19903325 0.9935398028846154 0.22084951923076923 0.9668066706730769 0.22003846153846154 0.9621546850961539 0.090023375 0.9366136538461538 0.07018061778846153 0.9654196682692308 0.07396942548076922 0.9686379975961539
10 0.04898910096153846 0.9997581009615384 0.1951402139423077 1 0.19643787259615383 0.9936466706730769 0.07234732211538461 0.9677414951923077 0.06748102644230769 0.96847121875 0.04803112740384615 0.9970465865384616 0.04898910096153846 0.9997581009615384
10 0.3040504783653846 0.8763674350961538 0.4263912596153846 0.8996900456730769 0.43577002403846155 0.8959396706730769 0.4526518004807692 0.870507483173077 0.44827504326923073 0.8642959326923076 0.3251006057692308 0.8399185360576923 0.31738917307692305 0.8415593245192308 0.2984546009615385 0.8724168004807692 0.3040504783653846 0.8763674350961538
10 0.2925875576923077 0.9093338798076923 0.4182629975961539 0.9330080865384616 0.42597441346153847 0.9297265096153846 0.44223093750000003 0.9042943221153846 0.44264778365384616 0.9004267548076924 0.4286838581730769 0.8978483774038462 0.3078366875 0.8771664831730769 0.2902949591346154 0.9047631177884615 0.2925875576923077 0.9093338798076923
10 0.2496536466346154 0.9432714350961539 0.3713691754807692 0.9658908509615384 0.3809563461538461 0.9630780745192309 0.39742129326923076 0.9364738942307693 0.39366978846153844 0.9324891274038462 0.26436635096153843 0.9100624254807692 0.2459021418269231 0.9397554639423077 0.2496536466346154 0.9432714350961539
10 0.37706181971153846 1 0.39525365144230773 0.9729504182692307 0.39243078124999997 0.96959928125 0.2623060432692308 0.9473197980769231 0.243283375 0.9759349038461539 0.2503463798076923 0.9807109591346154 0.3491467932692308 1 0.37706181971153846 1
10 0.3771316538461538 0.9997624134615385 0.2443439951923077 0.9730809350961539 0.2310987716346154 0.9774178557692307 0.2182044735576923 0.9994207451923077 0.3771316538461538 0.9997624134615385
10 0.4453747043269231 0.8571363533653845 0.4671918221153846 0.8833653701923077 0.4737118725961539 0.884070454326923 0.5973422211538462 0.8584054999999999 0.6011037932692308 0.8555851730769231 0.5785343605769231 0.8272409134615385 0.5735189158653846 0.8242795721153846 0.4471585192307692 0.8530740480769231 0.4453747043269231 0.8571363533653845
10 0.4468793317307692 0.8929013485576923 0.46669026442307693 0.9182842740384616 0.4762195961538461 0.921809670673077 0.6028591778846154 0.8952986274038461 0.5843020961538461 0.8685055408653847 0.5772804879807693 0.8639930264423078 0.45016884134615387 0.8888451610576923 0.4468793317307692 0.8929013485576923
10 0.7340502740384616 0.8336422740384616 0.7400687884615385 0.828142639423077 0.7190039615384615 0.8034648004807692 0.7072177091346153 0.7999393942307692 0.5854624182692307 0.8267402692307692 0.58094853125 0.8301246586538462 0.6044479423076923 0.8592122860576924 0.7340502740384616 0.8336422740384616
10 0.5850919903846153 0.8696831826923077 0.6003890600961539 0.8925278100961538 0.6101691466346154 0.8970403245192308 0.7317933076923077 0.8723624879807693 0.7368087307692307 0.86728590625 0.7202578125 0.8427490841346154 0.7139885408653845 0.8378135144230769 0.5848808365384616 0.8649271971153846 0.5850919903846153 0.8696831826923077
10 0.5946213004807692 0.9395802163461539 0.7192547403846153 0.913069173076923 0.7197562764423077 0.9072875072115385 0.6996945649038462 0.8827506850961538 0.6926729567307692 0.87978934375 0.5660333509615385 0.9055953124999999 0.5653137307692307 0.9106464903846153 0.5878504711538461 0.9387341201923077 0.5946213004807692 0.9395802163461539
10 0.5524951466346154 0.9472014663461539 0.55702459375 0.9412159110576923 0.53935971875 0.9151086778846154 0.53052728125 0.912688985576923 0.4082319831730769 0.9347209423076923 0.4041554735576923 0.9396876826923077 0.42388066826923076 0.9671123052884615 0.5524951466346154 0.9472014663461539
10 0.44818650240384617 1 0.5412668125 0.99001646875 0.5437580048076923 0.9858138413461539 0.5326608533653846 0.9585604447115385 0.5245078341346153 0.9553766346153847 0.3956448125 0.9702768605769231 0.39292713942307694 0.9756256586538462 0.4048502163461538 0.9996085024038461 0.44818650240384617 1
10 0.6470685841346153 0.9998226009615384 0.6694893870192308 0.9934549807692308 0.66903646875 0.9888702980769231 0.6484274206730769 0.9656921754807691 0.641180298076923 0.9633998341346154 0.5211497355769231 0.992054110576923 0.5177526442307692 0.996256735576923 0.5224312259615385 0.99979965625 0.6470685841346153 0.9998226009615384
10 0.6860219278846155 0.9559352788461539 0.692589610576923 0.9522420600961539 0.6728864783653846 0.9265168870192307 0.6667717139423076 0.923333076923077 0.5367763557692308 0.9506645961538461 0.5562530072115385 0.9777906442307691 0.5632107668269231 0.9810665552884615 0.6860219278846155 0.9559352788461539
10 0.6430156466346154 0.9997127235576924 0.7563146682692307 1 0.7332968076923077 0.9767018389423078 0.7240896634615385 0.9762703846153846 0.7046523485576923 0.9825983822115384 0.6705687620192309 0.9919895745192308 0.6430156466346154 0.9997127235576924
10 0.6893247716346154 0.9744909447115385 0.8162179975961539 0.9829105048076923 0.8252015865384615 0.978490235576923 0.8304420048076923 0.9532315408653846 0.8261373894230769 0.9479693149038462 0.6980181778846154 0.9390235240384615 0.6910933197115384 0.9420756177884615 0.6842117596153846 0.9715720480769231 0.6893247716346154 0.9744909447115385
10 0.83302065625 0.9817634062499999 0.9602882091346154 0.9952347067307692 0.9688974711538462 0.9903934591346153 0.9776939158653846 0.9622931610576924 0.9595395865384616 0.9592410673076923 0.8528594254807692 0.9497690576923077 0.8381102620192308 0.9508778966346154 0.8292775 0.9769221538461538 0.83302065625 0.9817634062499999
10 0.9391393269230769 1 0.9402622740384616 0.9931298173076922 0.8348922427884615 0.98292109375 0.83302065625 0.9807109567307692 0.8240370649038462 0.9789218028846154 0.8150534735576923 0.98292109375 0.8013909399038461 0.9815529158653846 0.7968272692307692 1 0.9391393269230769 1
10 0.7490244158653846 0.839297235576923 0.87956490625 0.8487130504807693 0.8873680721153847 0.8445079278846154 0.8945209543269231 0.8152549182692308 0.8917573533653846 0.8121467860576923 0.7539013942307692 0.7996228413461538 0.7509143317307692 0.8020594495192307 0.7421966442307693 0.8355491971153846 0.7490244158653846 0.839297235576923
10 0.7447976899038462 0.8735139158653846 0.8777766682692308 0.8818327427884616 0.8823285072115384 0.8791816923076923 0.8894814206730769 0.8497458485576923 0.8854172812500001 0.8471862067307693 0.7482310432692307 0.8397931995192308 0.7392704567307693 0.8695830432692309 0.7447976899038462 0.8735139158653846
10 0.7334180745192308 0.9030628100961539 0.7392704567307693 0.9082735072115384 0.8657467764423077 0.9162266682692307 0.8745253389423078 0.9136670288461539 0.8824910937499999 0.883774108173077 0.8785895096153846 0.8813973004807691 0.744328076923077 0.87368496875 0.7399207115384615 0.8775578437499999 0.7334180745192308 0.9030628100961539
10 0.7155358149038461 0.9394235264423076 0.8499778870192307 0.9498449110576923 0.8577810552884616 0.9450912956730769 0.8642836826923077 0.9173009326923077 0.8561553894230769 0.9160211177884615 0.7293539278846153 0.9070623822115385 0.7235935721153847 0.9093605144230769 0.7191122716346154 0.9175751802884615 0.7155358149038461 0.9394235264423076
10 1 0.9303095745192308 0.8765400673076923 0.9142514110576924 0.8644251971153847 0.9163195024038462 0.8564574278846154 0.9492110168269231 0.9838433028846154 0.9631558173076923 0.9931457836538461 0.9620609423076923 1 0.9466110384615385 1 0.9303095745192308