10 0.32839078605769234 0.31330138942307695 0.3337920216346154 0.27597499999999997 0.2080204158653846 0.2694645841346154 0.19798955048076922 0.30722499999999997 0.32839078605769234 0.31330138942307695
10 0.44999606009615384 0.3151900769230769 0.44999606009615384 0.2787317427884615 0.33078309615384616 0.27515101442307693 0.3255747644230769 0.3119348677884615 0.44999606009615384 0.3151900769230769
10 0.5707127860576923 0.32052732451923077 0.5753424158653846 0.28341794951923077 0.45902297115384616 0.2817903461538461 0.45439334134615383 0.3169465961538461 0.5707127860576923 0.32052732451923077
10 0.6859902283653846 0.32502013942307695 0.6940920817307692 0.2908404519230769 0.5766152283653846 0.2833534711538462 0.5743004134615385 0.3204628461538462 0.6859902283653846 0.32502013942307695
10 0.28286609375 0.3472845697115385 0.2938614639423077 0.3131048822115385 0.16944016826923078 0.30561790384615384 0.1613383173076923 0.33882102884615384 0.28286609375 0.3472845697115385
10 0.4127265336538462 0.3521673822115385 0.41793486778846156 0.31766217548076925 0.29582838701923075 0.31277936298076925 0.29467097836538464 0.3472845697115385 0.4127265336538462 0.3521673822115385
10 0.53541171875 0.3526249519230769 0.5365691274038462 0.31714318028846156 0.4156200528846154 0.31388797355769227 0.4144626466346154 0.3487187019230769 0.53541171875 0.3526249519230769
10 0.6569394975961539 0.3586777596153846 0.6644626466346154 0.32482359375 0.5388839423076923 0.3205918221153846 0.5377265336538462 0.3557480721153846 0.6569394975961539 0.3586777596153846
10 0.6472170817307692 0.39253192548076926 0.6541615240384615 0.35835223798076926 0.5326337475961538 0.35639911298076926 0.5291615240384615 0.38960223798076926 0.6472170817307692 0.39253192548076926
10 0.5196713149038461 0.38803915144230766 0.5231435360576924 0.3545105072115385 0.3993009447115385 0.35288290144230766 0.3998796490384615 0.38706258894230766 0.5196713149038461 0.38803915144230766
10 0.755780889423077 0.3560091153846154 0.7661975552884616 0.28732421875 0.7060123701923077 0.28634765625 0.695017 0.35242838701923074 0.755780889423077 0.3560091153846154
10 0.8759204495192308 0.35138734615384615 0.8759204495192308 0.3168821370192308 0.7578648942307692 0.3198118245192308 0.75612878125 0.3549680745192308 0.8759204495192308 0.35138734615384615
10 0.7850639663461538 0.39096883894230766 0.7833278557692308 0.35776571394230766 0.6641148942307692 0.36069540144230766 0.6641148942307692 0.3945495697115385 0.7850639663461538 0.39096883894230766
10 0.5988367788461538 0.4248230072115385 0.6040451129807692 0.39096883894230766 0.4807812235576923 0.38803915144230766 0.4773090024038461 0.42319540144230766 0.5988367788461538 0.4248230072115385
10 0.3969861298076923 0.3840039471153846 0.39872224038461535 0.35047530048076925 0.28008798076923075 0.34624353124999996 0.27603705528846156 0.3781445721153846 0.3969861298076923 0.3840039471153846
10 0.2668932019230769 0.37886009134615384 0.2755737572115385 0.3463080072115385 0.15115246153846154 0.33882102884615384 0.14594412740384616 0.37137311298076925 0.2668932019230769 0.37886009134615384
10 0.30728705528846156 0.4190926274038462 0.3130740913461538 0.3849129399038462 0.19096761057692307 0.38035564663461535 0.18749538942307692 0.4138842932692308 0.30728705528846156 0.4190926274038462
10 0.1659679471153846 0.44467977644230766 0.18737998317307694 0.3789245697115385 0.12661609375 0.37176311057692313 0.10520405769230769 0.4365417572115385 0.1659679471153846 0.44467977644230766
10 0.4312450528846154 0.42364987740384613 0.4341385721153846 0.3897957115384615 0.3155043125 0.38556393990384613 0.3102959783653846 0.41941810817307695 0.4312450528846154 0.42364987740384613
10 0.7773100096153847 0.42475852884615384 0.7784674158653846 0.39090436298076925 0.6552035264423076 0.39057884134615384 0.6540461201923077 0.42508405048076925 0.7773100096153847 0.42475852884615384
10 0.3025420216346154 0.45125467067307695 0.3077503533653846 0.41805154567307695 0.1879586875 0.41316873317307695 0.18275035336538462 0.44441873317307695 0.3025420216346154 0.45125467067307695
10 0.2113391826923077 0.48263366586538464 0.21886233173076922 0.45040710336538464 0.09212621874999999 0.44454772836538464 0.08923270192307692 0.4770998125 0.2113391826923077 0.48263366586538464
10 0.34085187019230767 0.48790647836538464 0.3454815 0.45470335336538464 0.22453242548076924 0.44949501923076923 0.21874538942307692 0.4853023100961539 0.34085187019230767 0.48790647836538464
10 0.9067070096153846 0.3877136322115385 0.9049708966346154 0.3525573822115385 0.7840218245192307 0.3574401947115385 0.7898088605769231 0.38999227644230766 0.9067070096153846 0.3877136322115385
10 0.9115674495192307 0.41883463701923074 0.9133035600961539 0.3853059903846154 0.7946693004807692 0.3892122403846154 0.7935118942307693 0.41981119951923074 0.9115674495192307 0.41883463701923074
10 0.4265000192307692 0.45483540144230766 0.4305509447115385 0.4232598798076923 0.3101805745192308 0.4203301923076923 0.3032361298076923 0.45190571394230766 0.4265000192307692 0.45483540144230766
10 0.679372016826923 0.4632314110576923 0.6874738701923077 0.43067932932692304 0.56826090625 0.4241689110576923 0.5595803509615385 0.4583485985576923 0.679372016826923 0.4632314110576923
10 0.5575379903846154 0.4575071370192308 0.5610102115384615 0.42397849278846156 0.44353336057692305 0.42267640865384615 0.4383250264423077 0.45490297115384615 0.5575379903846154 0.4575071370192308
10 0.8036980312500001 0.45828717548076925 0.8054341442307693 0.4263861322115385 0.6856424759615384 0.42671165384615384 0.6856424759615384 0.46121686298076925 0.8036980312500001 0.45828717548076925
10 0.9518461802884615 0.4605658197115385 0.9553184014423077 0.42703717548076925 0.8303184014423077 0.4293158197115385 0.8285822908653846 0.46186790384615384 0.9518461802884615 0.4605658197115385
10 0.9837962956730769 0.40978453125 1 0.3430527596153846 0.939236110576923 0.33589130048076926 0.920138889423077 0.40392515625 0.9837962956730769 0.40978453125
10 0.46145305048076923 0.49142272836538464 0.46839749519230767 0.4556154375 0.348027125 0.45301127163461535 0.34339749519230767 0.48751647836538464 0.46145305048076923 0.49142272836538464
10 0.5788144975961539 0.49435241586538464 0.58228671875 0.462451375 0.46480986778846156 0.4595216875 0.4607589423076923 0.49207377163461535 0.5788144975961539 0.49435241586538464
10 0.5661984206730769 0.5256668942307692 0.5702493461538461 0.49539345673076923 0.45045768028846156 0.4950679350961539 0.4481428653846154 0.5243648100961539 0.5661984206730769 0.5256668942307692
10 0.1965236971153846 0.5104995024038461 0.20231073317307693 0.47859846153846153 0.08078295673076924 0.47566877403846153 0.07731073317307692 0.5056166899038461 0.1965236971153846 0.5104995024038461
10 0.3201339423076923 0.5190275216346154 0.3264996826923077 0.4874520024038462 0.2055506081730769 0.4806160649038462 0.20034227403846155 0.5141447091346154 0.3201339423076923 0.5190275216346154
10 0.1871474951923077 0.5440280288461539 0.19061971634615385 0.5124525096153846 0.07082805048076923 0.5088717788461539 0.06619842067307692 0.5388196971153846 0.1871474951923077 0.5440280288461539
10 0.2945571105769231 0.5836558004807693 0.2997654447115385 0.5511037187500001 0.17823766586538461 0.5462209062500001 0.1741867403846154 0.5807261129807693 0.2945571105769231 0.5836558004807693
10 0.3023325889423077 0.5484381274038461 0.30696221874999996 0.5175136466346154 0.1877492548076923 0.5152350024038461 0.1865918485576923 0.5468105216346154 0.3023325889423077 0.5484381274038461
10 0.6885358533653847 0.5289221418269231 0.6908506682692307 0.49799766346153845 0.5762673365384615 0.4947424543269231 0.5704802980769231 0.5266434951923077 0.6885358533653847 0.5289221418269231
10 0.7023093365384615 0.4959815673076923 0.7052028557692308 0.4627784423076923 0.58425378125 0.4595232331730769 0.5825176706730769 0.4930518798076923 0.7023093365384615 0.4959815673076923
10 0.8268461802884615 0.4933113774038462 0.8268461802884615 0.4610848149038462 0.707054514423077 0.46141033413461535 0.708790625 0.4968921057692308 0.8268461802884615 0.4933113774038462
10 0.9520769903846154 0.4900561682692308 0.9474473605769231 0.4607592932692308 0.834600139423077 0.46141033413461535 0.8328640264423076 0.46629314663461535 0.8340214350961539 0.49266033413461535 0.9520769903846154 0.4900561682692308
10 0.9479105192307693 0.5259924158653846 0.9490679254807692 0.4921382475961539 0.8298549615384616 0.49278929086538464 0.8315910745192308 0.5256668942307692 0.9479105192307693 0.5259924158653846
10 0.8202493461538461 0.5241068605769231 0.8208280504807692 0.49253133894230766 0.7016150865384615 0.49480998557692313 0.7010363846153846 0.5267110264423077 0.8202493461538461 0.5241068605769231
10 0.8017672091346154 0.5593921057692308 0.8006098004807692 0.5284676274038461 0.6819755408653846 0.5300952307692308 0.6813968365384616 0.5623217932692308 0.8017672091346154 0.5593921057692308
10 0.44382014663461533 0.5241661153846153 0.4469065649038461 0.48987792067307695 0.32807940625 0.48683972596153846 0.3249929855769231 0.5215619495192307 0.44382014663461533 0.5241661153846153
10 0.18024263701923077 0.5771872451923077 0.18255745192307693 0.5437671057692308 0.05678584855769231 0.5411629399038461 0.055242637019230774 0.5732809951923077 0.18024263701923077 0.5771872451923077
10 0.28857717307692304 0.6161434855769231 0.29552161778846153 0.5840254302884615 0.17592285096153845 0.5796851538461538 0.16820680288461537 0.6135393197115385 0.28857717307692304 0.6161434855769231
10 0.1682052644230769 0.6107804471153846 0.17669292067307693 0.5782283629807693 0.05709415384615384 0.5760582259615384 0.051692920673076924 0.6073082259615384 0.1682052644230769 0.6107804471153846
10 0.17499471634615385 0.6458486394230769 0.17962434615384615 0.6132965552884616 0.06234039663461539 0.6085222499999999 0.056939161057692304 0.6423764158653846 0.17499471634615385 0.6458486394230769
10 0.28224934134615387 0.6448106129807692 0.2853357596153846 0.6105224182692308 0.1719098341346154 0.6092203341346154 0.16882341586538463 0.6422064447115384 0.28224934134615387 0.6448106129807692
10 0.19274254086538462 0.67744609375 0.19505735576923078 0.6466301225961538 0.07623019471153845 0.6427238725961538 0.07468698557692308 0.67353984375 0.19274254086538462 0.67744609375
10 0.4396461298076923 0.5250255336538461 0.44196094471153846 0.4929074783653846 0.3246769927884615 0.48986928365384613 0.3215905745192308 0.5215533125 0.4396461298076923 0.5250255336538461
10 0.5249950528846153 0.6967178677884616 0.5303962884615385 0.6619956466346154 0.4092543125 0.6593914783653846 0.4069394975961539 0.6915095336538462 0.5249950528846153 0.6967178677884616
10 0.41913032451923077 0.5877768966346154 0.4276179807692308 0.5552248125 0.3064760048076923 0.5517525889423077 0.3026179807692308 0.5847387019230769 0.41913032451923077 0.5877768966346154
10 0.42746159134615386 0.5560445408653846 0.4313196153846154 0.5195862067307693 0.3070912211538462 0.5174160673076923 0.3132640600961538 0.5530063461538461 0.42746159134615386 0.5560445408653846
10 0.40771124278846155 0.6208679182692307 0.4138840841346154 0.5861456947115384 0.2927421081730769 0.5826734735576923 0.2911988990384615 0.6178297235576923 0.40771124278846155 0.6208679182692307
10 0.5453652283653846 0.5585240504807693 0.5507664639423078 0.5242358557692308 0.43579732692307693 0.5211976610576923 0.43039609375 0.5546178004807693 0.5453652283653846 0.5585240504807693
10 0.6660437644230769 0.5587849735576923 0.6683585793269231 0.5279690024038461 0.5549326538461539 0.5244967788461539 0.5479882091346154 0.5561808076923077 0.6660437644230769 0.5587849735576923
10 0.53610596875 0.5923751634615384 0.5384207836538462 0.5611251634615384 0.42653806730769234 0.560257108173077 0.4226800432692308 0.5910730793269231 0.53610596875 0.5923751634615384
10 0.5194403629807692 0.62310625 0.5256132019230769 0.5896861105769231 0.40832925240384615 0.5892520817307692 0.40524283173076925 0.621370139423077 0.5194403629807692 0.62310625
10 0.4091193028846154 0.6518415697115384 0.4122057211538461 0.6171193461538462 0.2902921418269231 0.6136471250000001 0.29260695673076925 0.6496714302884615 0.4091193028846154 0.6518415697115384
10 0.6506116658653845 0.5961083894230769 0.6567845048076923 0.5618201947115384 0.5402721586538461 0.5574799158653846 0.5371857403846154 0.5948063052884616 0.6506116658653845 0.5961083894230769
10 0.7774634639423077 0.5938533245192308 0.7774634639423077 0.5599991586538462 0.6555498846153847 0.5604331850961539 0.65709309375 0.5934192956730769 0.7774634639423077 0.5938533245192308
10 0.7697472740384614 0.6293555432692308 0.7728336923076923 0.5941992932692307 0.6470620889423077 0.5937652668269231 0.6493769038461538 0.6310916538461538 0.7697472740384614 0.6293555432692308
10 0.6419706971153847 0.6282264855769231 0.6435139062499999 0.5943723173076922 0.5223719326923077 0.5913341225961538 0.5231435360576924 0.6269244014423077 0.6419706971153847 0.6282264855769231
10 0.5251683485576923 0.6524501682692307 0.5305695841346154 0.6198980841346154 0.41019921394230774 0.6177279447115385 0.41019921394230774 0.6511480841346154 0.5251683485576923 0.6524501682692307
10 0.6595627596153846 0.6978470072115385 0.6618775745192308 0.6665970072115385 0.5415072043269231 0.6635588124999999 0.5430504134615385 0.6991490889423078 0.6595627596153846 0.6978470072115385
10 0.8935123701923077 0.5895130456730769 0.8942839759615384 0.5569609639423077 0.7762284182692307 0.5613012403846154 0.7762284182692307 0.5925512403846154 0.8935123701923077 0.5895130456730769
10 0.9206735360576922 0.5557468990384615 0.923759954326923 0.5210246754807693 0.8010747692307691 0.5223267596153847 0.7995315600961538 0.5579170384615385 0.9206735360576922 0.5557468990384615
10 0.8524638533653845 0.5957625 0.7930502740384615 0.5892520817307692 0.7722169399038462 0.652620139423077 0.8270008894230769 0.659998610576923 0.8524638533653845 0.5957625
10 0.8589451394230768 0.6307457259615384 0.9152723004807692 0.64333253125 0.9507661274038461 0.5803985024038462 0.8944389663461538 0.5708498918269231 0.8589451394230768 0.6307457259615384
10 0.6436881129807692 0.6547932908653846 0.64445971875 0.6226752355769231 0.5233177427884615 0.6226752355769231 0.5248609519230769 0.6552273173076923 0.6436881129807692 0.6547932908653846
10 0.7722170817307692 0.6905534591346154 0.7737602908653846 0.6575673485576924 0.6595627596153846 0.6597374879807693 0.6564763389423077 0.6918555432692308 0.7722170817307692 0.6905534591346154
10 0.8870321346153845 0.6876033629807693 0.8901185528846154 0.6546172524038462 0.7718297644230769 0.6549047836538461 0.7718297644230769 0.6866569855769231 0.8870321346153845 0.6876033629807693
10 0.5904273894230769 0.783957451923077 0.5641928221153847 0.7505373125 0.4337915889423077 0.7726727283653846 0.4561681298076923 0.8117352283653846 0.5904273894230769 0.783957451923077
10 0.8586368341346154 0.7804852379807692 0.8694393028846155 0.745763016826923 0.732093625 0.734044266826923 0.7182047355769231 0.7683324615384616 0.8586368341346154 0.7804852379807692
10 1 0.7589583701923076 0.8759864399038462 0.7437990673076923 0.8593225096153846 0.7776333894230769 1 0.7956000048076923 1 0.7589583701923076
10 0.8661978918269231 0.8247560817307692 0.8816299903846154 0.7869956658653846 0.7342534471153846 0.7748428870192308 0.7242225817307693 0.813471360576923 0.8661978918269231 0.8247560817307692
10 0.8597166754807692 0.8567891514423077 0.8674542644230769 0.8242305745192307 0.7304400192307692 0.8109655096153846 0.718512971153846 0.8472405408653846 0.8597166754807692 0.8567891514423077
10 0.5888834110576924 0.7870836754807692 0.7270006947115385 0.7606079807692308 0.7022074687500001 0.7280740985576923 0.5700113918269231 0.7489555072115385 0.5888834110576924 0.7870836754807692
10 0.7208277139423077 0.808351045673077 0.6945931466346154 0.769288545673077 0.5618770985576923 0.7961982668269231 0.5911980841346154 0.8343927115384615 0.7208277139423077 0.808351045673077
10 0.5814764375 0.8278823341346153 0.5552418701923076 0.793594141826923 0.4225258197115384 0.8213719182692307 0.4487603870192308 0.8552260841346153 0.5814764375 0.8278823341346153
10 0.22425716826923076 0.9007561995192308 0.2481769206730769 0.8651659206730768 0.11821768509615384 0.83739259375 0.09044451923076924 0.8722679759615384 0.22425716826923076 0.9007561995192308
10 0.25665758653846155 0.8668598293269232 0.2755988918269231 0.8321873341346154 0.14228767788461538 0.8072019927884615 0.11776869711538461 0.8399501081730769 0.25665758653846155 0.8668598293269232
10 0.204937 0.9309880576923076 0.22422712259615382 0.8971338894230769 0.09073946875 0.8697901394230769 0.06990613461538461 0.9040783341346154 0.204937 0.9309880576923076
10 0.18240560576923076 0.9635401394230769 0.20478214903846154 0.9318561129807693 0.07283770432692308 0.9019081947115384 0.04814634615384616 0.9348943076923076 0.18240560576923076 0.9635401394230769
10 0.15648018269230768 0.9917533918269231 0.18348635576923078 0.9578992259615385 0.051562043269230765 0.93212871875 0.026078947115384613 0.9644096418269231 0.15648018269230768 0.9917533918269231
10 0.5833287211538462 0.8691998990384615 0.5601805745192308 0.8379498990384615 0.42592131490384616 0.8609533725961539 0.4529274879807692 0.8978457331730769 0.5833287211538462 0.8691998990384615
10 0.2901373605769231 0.8254968894230769 0.30502504326923074 0.7969005625 0.18141486778846155 0.7665855264423077 0.1582705625 0.7993787884615385 0.2901373605769231 0.8254968894230769
10 0.35832922596153843 0.9729991658653846 0.3776193485576923 0.9378429158653846 0.24258848557692309 0.9126693052884616 0.22252675721153845 0.944787360576923 0.35832922596153843 0.9729991658653846
10 0.5370324254807692 0.9159899350961538 0.5181511826923078 0.8843706370192308 0.3857657980769231 0.90415071875 0.4024297283653846 0.9364234399038461 0.5370324254807692 0.9159899350961538
10 0.7211338557692308 0.8425756466346154 0.6933560793269231 0.8100235625000001 0.5629548437499999 0.8382353677884615 0.5876462019230769 0.8712214783653847 0.7211338557692308 0.8425756466346154
10 1 0.8040957331730769 0.8824745024038462 0.7862305048076923 0.8667364014423077 0.8226674663461538 1 0.8393243677884615 1 0.8040957331730769
10 0.999121858173077 0.8726381490384616 1 0.8386449711538462 0.8704394350961538 0.8231879879807693 0.8584043677884616 0.8559812668269231 0.999121858173077 0.8726381490384616
10 0.9843094447115385 0.9043903701923077 1 0.8716295552884615 0.8587962956730769 0.8560045552884615 0.8449074062499999 0.89029275 0.9843094447115385 0.9043903701923077
10 0.8493775048076924 0.8924643557692308 0.8578651586538462 0.8564400504807692 0.719747875 0.8468914399038462 0.7097170096153846 0.8798775504807692 0.8493775048076924 0.8924643557692308
10 0.8317847427884615 0.92588459375 0.8449020264423077 0.8898602884615384 0.7007915120192307 0.8804460697115384 0.6933853052884615 0.9148009302884615 0.8317847427884615 0.92588459375
10 0.793368733173077 0.9559226514423076 0.8036986586538462 0.9200676225961538 0.6725258197115385 0.9105190120192308 0.6591317620192307 0.9455120913461539 0.793368733173077 0.9559226514423076
10 0.32191341346153846 1 0.34583316586538465 0.9700520841346154 0.21080230048076926 0.941840278846154 0.19382699278846155 0.9756944447115384 0.32191341346153846 1
10 0.9651181730769232 0.937170764423077 0.9813218774038461 0.9011464567307693 0.8416613846153846 0.8885596514423076 0.8300873100961539 0.921111735576923 0.9651181730769232 0.937170764423077
10 0.9373411658653846 0.9677257115384615 0.9481436346153846 0.9330034903846154 0.8155872115384616 0.9210472500000001 0.8026264567307693 0.95384053125 0.9373411658653846 0.9677257115384615
10 0.5237058725961539 0.9598472211538461 0.5094080336538462 0.9243229735576922 0.3728049735576923 0.9390260793269231 0.3774338341346154 0.9509982403846154 0.3867228461538461 0.9703299182692308 0.5237058725961539 0.9598472211538461
10 0.3783765024038462 0.6876980649038462 0.3830053629807692 0.6554253245192307 0.2641203485576923 0.6524739591346154 0.2635808028846154 0.6835338245192308 0.3783765024038462 0.6876980649038462
10 0.3649601346153846 0.7528129182692307 0.33533545192307695 0.7221017572115385 0.2149850625 0.7531685889423076 0.2372035408653846 0.7812770889423077 0.3649601346153846 0.7528129182692307
10 0.4202825024038462 0.8285237884615384 0.45268453125 0.7972921081730769 0.3184475600961539 0.7629372668269231 0.2953032548076923 0.7978126274038462 0.4202825024038462 0.8285237884615384
10 0.4133664951923077 0.8696577235576922 0.43651080048076923 0.8373849807692307 0.3023147932692308 0.8139322932692308 0.2837583846153846 0.8425902620192307 0.4133664951923077 0.8696577235576922
10 0.4004056706730769 0.9045330841346153 0.4254015625 0.8727808822115384 0.2942129423076923 0.8458333341346154 0.27357490384615385 0.8774656418269231 0.4004056706730769 0.9045330841346153
10 0.35689440384615384 0.9347237259615385 0.38096446875 0.9019304447115384 0.2490740528846154 0.8796875 0.23098936298076925 0.9092178846153847 0.35689440384615384 0.9347237259615385
10 0.6966527788461538 0.8868351442307693 0.6762858173076923 0.8540418822115385 0.5488425721153847 0.8809895841346154 0.5688962548076923 0.9118205240384616 0.6966527788461538 0.8868351442307693
10 0.6633249927884616 0.9253542043269231 0.6429580336538462 0.8936020432692308 0.5152014399038461 0.9227515649038461 0.5392715024038461 0.953983266826923 0.6633249927884616 0.9253542043269231
10 0.6457353076923076 0.9628322259615385 0.620739485576923 0.9362853052884615 0.49946333894230766 0.9659553870192308 0.5198303004807692 0.9935433870192308 0.6457353076923076 0.9628322259615385