10 0.3123440288461538 0.3146894567307692 0.31774526442307693 0.27736306730769233 0.19197365865384614 0.2708526490384615 0.18194279567307692 0.30861306730769233 0.3123440288461538 0.3146894567307692
10 0.43641808653846154 0.32004834374999996 0.43641808653846154 0.2835900096153846 0.31720512259615385 0.28000928125 0.31199679086538457 0.3167931346153846 0.43641808653846154 0.32004834374999996
10 0.55713471875 0.32330347115384617 0.5617643485576923 0.28619409615384617 0.4454449038461539 0.2845664927884615 0.44081527403846155 0.3197227427884615 0.55713471875 0.32330347115384617
10 0.6699434735576923 0.3291843653846154 0.6780453245192307 0.2950046778846154 0.5605684735576923 0.2875176995192308 0.5582536586538461 0.32462707451923073 0.6699434735576923 0.3291843653846154
10 0.2643506514423077 0.3486726370192308 0.27534602163461536 0.3144929495192308 0.15092472355769232 0.30700597115384615 0.14282287259615384 0.34020909615384615 0.2643506514423077 0.3486726370192308
10 0.39791421634615387 0.3556375697115385 0.4031225504807692 0.32113236057692307 0.2810160697115385 0.31624954807692307 0.2798586610576923 0.3507547572115385 0.39791421634615387 0.3556375697115385
10 0.5218337451923077 0.35748320432692304 0.5229911538461539 0.32200143509615387 0.4020420793269231 0.31874622596153845 0.40088467307692305 0.35357695432692304 0.5218337451923077 0.35748320432692304
10 0.6433615240384616 0.3593718004807692 0.6508846730769231 0.32551763221153845 0.52530596875 0.3212858629807692 0.5241485600961538 0.3564421129807692 0.6433615240384616 0.3593718004807692
10 0.6336391081730769 0.3932259663461538 0.6405835504807692 0.3590462788461538 0.5190557740384615 0.3570931538461538 0.5155835504807692 0.3902962788461538 0.6336391081730769 0.3932259663461538
10 0.5023902139423077 0.38803915144230766 0.5058624375 0.3545105072115385 0.38201984375 0.35288290144230766 0.3825985480769231 0.38706258894230766 0.5023902139423077 0.38803915144230766
10 0.7397343197115384 0.3560091153846154 0.7501509879807693 0.28732421875 0.6899658028846154 0.28634765625 0.6789704326923077 0.35242838701923074 0.7397343197115384 0.3560091153846154
10 0.8635768197115384 0.3541634927884615 0.8635768197115384 0.31965828365384613 0.7455212644230769 0.32258797115384613 0.7437851514423077 0.35774422115384613 0.8635768197115384 0.3541634927884615
10 0.7702516490384615 0.39166286538461537 0.7685155384615385 0.35845974038461537 0.6493025745192308 0.36138942788461537 0.6493025745192308 0.39524359615384613 0.7702516490384615 0.39166286538461537
10 0.5803213365384615 0.42829319230769236 0.5855296682692308 0.3944390264423077 0.46226577884615383 0.3915093389423077 0.45879355769230773 0.4266655889423077 0.5803213365384615 0.42829319230769236
10 0.3809394663461539 0.38747413461538466 0.3826755793269231 0.3539454879807692 0.26404131971153844 0.34971371634615384 0.2599903942307692 0.38161475961538466 0.3809394663461539 0.38747413461538466
10 0.24590906971153847 0.38094221153846153 0.254589625 0.3483901274038462 0.13016832692307692 0.34090314903846153 0.1249599951923077 0.37345523317307694 0.24590906971153847 0.38094221153846153
10 0.29000595432692305 0.41978668028846156 0.29579299278846155 0.38560699278846156 0.1736865096153846 0.38104969951923073 0.17021428846153847 0.4145783461538462 0.29000595432692305 0.41978668028846156
10 0.14992128365384616 0.4481499639423077 0.17133332211538463 0.38239475480769236 0.11056943269230769 0.37523329807692307 0.08915739663461539 0.44001194230769236 0.14992128365384616 0.4481499639423077
10 0.4139640480769231 0.42364987740384613 0.4168575649038461 0.3897957115384615 0.2982233052884615 0.38556393990384613 0.2930149735576923 0.41941810817307695 0.4139640480769231 0.42364987740384613
10 0.7773100096153847 0.42475852884615384 0.7784674158653846 0.39090436298076925 0.6552035264423076 0.39057884134615384 0.6540461201923077 0.42508405048076925 0.7773100096153847 0.42475852884615384
10 0.2840265769230769 0.45125467067307695 0.28923490865384616 0.41805154567307695 0.16944324278846154 0.41316873317307695 0.16423490865384613 0.44441873317307695 0.2840265769230769 0.45125467067307695
10 0.20022989663461538 0.48263366586538464 0.20775304567307692 0.45040710336538464 0.08101693509615385 0.44454772836538464 0.07812341586538461 0.4770998125 0.20022989663461538 0.48263366586538464
10 0.3223364254807692 0.48790647836538464 0.3269660552884615 0.45470335336538464 0.20601698076923075 0.44949501923076923 0.2002299447115385 0.4853023100961539 0.3223364254807692 0.48790647836538464
10 0.8918946923076922 0.3904897788461538 0.8901585793269231 0.3553335288461538 0.7692095048076923 0.3602163413461538 0.7749965432692308 0.39276842307692306 0.8918946923076922 0.3904897788461538
10 0.8942862548076923 0.4223048221153846 0.8960223653846153 0.3887761778846154 0.7773881057692308 0.3926824278846154 0.7762306995192307 0.4232813846153846 0.8942862548076923 0.4223048221153846
10 0.41045326201923077 0.45483540144230766 0.4145041875 0.4232598798076923 0.2941338173076923 0.4203301923076923 0.28718937259615385 0.45190571394230766 0.41045326201923077 0.45483540144230766
10 0.6596222283653846 0.4667015985576923 0.6677240817307692 0.4341495144230769 0.5485111177884615 0.4276390985576923 0.5398305624999999 0.4618187860576923 0.6596222283653846 0.4667015985576923
10 0.5402568894230769 0.45958924519230765 0.5437291105769231 0.4260605985576923 0.42625225961538465 0.42475851442307694 0.4210439254807692 0.45698507692307694 0.5402568894230769 0.45958924519230765
10 0.7888857139423078 0.46106333413461537 0.7906218245192308 0.4291622932692307 0.6708301586538461 0.4294878125 0.6708301586538461 0.46399302163461537 0.7888857139423078 0.46106333413461537
10 0.935799423076923 0.46473006009615386 0.9392716466346154 0.43120141346153845 0.8142716466346154 0.43348006009615386 0.8125355360576924 0.4660321442307692 0.935799423076923 0.46473006009615386
10 0.9714526658653846 0.4111726105769231 0.9876563701923077 0.34444083894230765 0.9268924807692307 0.33727938221153847 0.9077952596153847 0.4053132355769231 0.9714526658653846 0.4111726105769231
10 0.44540629567307694 0.49281081009615385 0.45235073798076925 0.4570035168269231 0.33198036778846157 0.4543993509615385 0.32735073798076925 0.48890456009615385 0.44540629567307694 0.49281081009615385
10 0.5627678365384615 0.49574049759615385 0.5662400576923077 0.4638394543269231 0.44876320673076925 0.4609097668269231 0.44471227884615383 0.4934618509615385 0.5627678365384615 0.49574049759615385
10 0.5513860096153846 0.5256668942307692 0.5554369350961539 0.49539345673076923 0.43564526923076924 0.4950679350961539 0.4333304543269231 0.5243648100961539 0.5513860096153846 0.5256668942307692
10 0.18047693990384614 0.5146637163461538 0.1862639783653846 0.48276267548076923 0.06473619951923076 0.47983298798076923 0.061263978365384615 0.5097809038461538 0.18047693990384614 0.5146637163461538
10 0.305321625 0.5190275216346154 0.3116873653846154 0.4874520024038462 0.1907382908653846 0.4806160649038462 0.18552995673076925 0.5141447091346154 0.305321625 0.5190275216346154
10 0.16492901923076925 0.5474982163461538 0.1684012403846154 0.5159226947115385 0.048609574519230765 0.5123419663461538 0.04397994471153846 0.5422898822115385 0.16492901923076925 0.5474982163461538
10 0.28221348076923075 0.5829617475961538 0.28742181490384616 0.5504096634615384 0.16589403605769232 0.5455268509615384 0.16184311057692308 0.5800320600961538 0.28221348076923075 0.5829617475961538
10 0.2890754735576923 0.5527483725961538 0.29277860096153846 0.5208226370192308 0.17181099519230772 0.5145763173076923 0.16409596875000002 0.5489301274038462 0.2890754735576923 0.5527483725961538
10 0.6687860649038462 0.5296161682692307 0.6711008798076924 0.49869168990384616 0.5565175480769231 0.49543648076923075 0.5507305096153846 0.5273375240384616 0.6687860649038462 0.5296161682692307
10 0.682559454326923 0.49875772596153845 0.6854529735576923 0.46555460096153845 0.5645038990384615 0.46229939423076927 0.5627677884615385 0.49582803846153845 0.682559454326923 0.49875772596153845
10 0.807096485576923 0.4946994567307692 0.807096485576923 0.4624728942307692 0.6873048197115386 0.46279841586538456 0.6890409302884616 0.49828018509615385 0.807096485576923 0.4946994567307692
10 0.9323271081730768 0.4907502211538462 0.9337217644230769 0.46182946153846155 0.8148502572115385 0.46210438701923073 0.8131141442307693 0.46698719951923073 0.8142715528846154 0.49335438701923073 0.9323271081730768 0.4907502211538462
10 0.9293950745192308 0.52668646875 0.9305524807692307 0.4928323004807692 0.8113395192307693 0.49348334375 0.8130756298076923 0.5263609471153846 0.9293950745192308 0.52668646875
10 0.8066712788461537 0.5282710745192307 0.807249983173077 0.49669555288461537 0.6880370192307693 0.4989741995192307 0.6874583173076924 0.5308752403846154 0.8066712788461537 0.5282710745192307
10 0.783251764423077 0.5593921057692308 0.7820943557692307 0.5284676274038461 0.6634600961538462 0.5300952307692308 0.6628813942307693 0.5623217932692308 0.783251764423077 0.5593921057692308
10 0.42653904567307693 0.5241661153846153 0.4296254663461539 0.48987792067307695 0.31079830528846153 0.48683972596153846 0.30771188461538457 0.5215619495192307 0.42653904567307693 0.5241661153846153
10 0.16296153846153846 0.5792693509615384 0.16527635336538463 0.5458492115384616 0.03950474759615385 0.5432450456730769 0.03796153846153846 0.5753631009615384 0.16296153846153846 0.5792693509615384
10 0.27376485576923076 0.6182255673076923 0.28070930048076925 0.5861075120192308 0.16111053365384614 0.5817672331730769 0.1533944855769231 0.6156213990384616 0.27376485576923076 0.6182255673076923
10 0.14968981971153844 0.6121685 0.15817747596153844 0.5796164182692307 0.03857870913461539 0.5774462788461538 0.033177475961538465 0.6086962788461538 0.14968981971153844 0.6121685
10 0.15647927403846154 0.6458486394230769 0.16110890384615384 0.6132965552884616 0.04382495192307692 0.6085222499999999 0.038423716346153845 0.6423764158653846 0.15647927403846154 0.6458486394230769
10 0.26743702403846153 0.6489748245192307 0.2705234423076923 0.6146866322115385 0.15709751682692305 0.6133845480769231 0.15401109615384617 0.6463706586538461 0.26743702403846153 0.6489748245192307
10 0.17546143990384613 0.6781401225961539 0.1777762548076923 0.6473241490384616 0.05894909375 0.6434178990384616 0.057405884615384616 0.6742338725961539 0.17546143990384613 0.6781401225961539
10 0.5052452644230769 0.7001880552884615 0.5106465 0.6654658317307691 0.38950452403846153 0.6628616658653846 0.38718970913461537 0.6949797211538461 0.5052452644230769 0.7001880552884615
10 0.40184922596153844 0.5870828149038462 0.4103368798076923 0.5545307331730769 0.2891949038461539 0.5510585096153846 0.2853368798076923 0.5840446225961539 0.40184922596153844 0.5870828149038462
10 0.4114149302884615 0.5567385673076923 0.41527295432692307 0.5202802331730769 0.29864155048076924 0.5204746057692308 0.2924697355769231 0.5517063413461538 0.4114149302884615 0.5567385673076923
10 0.39166458173076923 0.6243381033653846 0.3978374206730769 0.5896158822115385 0.27669544711538463 0.5861436586538461 0.2751522355769231 0.6212999086538461 0.39166458173076923 0.6243381033653846
10 0.5280841298076923 0.5599121298076923 0.5334853629807692 0.5256239350961539 0.41851622836538466 0.5225857403846154 0.41311499278846153 0.5560058798076923 0.5280841298076923 0.5599121298076923
10 0.6512312572115384 0.5629492139423077 0.6535460721153845 0.5321332427884615 0.5401201466346154 0.5286610192307692 0.533175701923077 0.5603450480769231 0.6512312572115384 0.5629492139423077
10 0.5175905264423076 0.5868229230769231 0.5199053413461538 0.5555729230769231 0.408022625 0.5547048677884615 0.4041645985576923 0.5855208389423077 0.5175905264423076 0.5868229230769231
10 0.5070967331730769 0.6238003293269231 0.5132695721153846 0.5903801899038462 0.39598562259615383 0.5899461634615385 0.3928992019230769 0.62206421875 0.5070967331730769 0.6238003293269231
10 0.38936951442307693 0.6539237019230769 0.39245593269230766 0.6192014807692308 0.2705423533653846 0.6157292572115385 0.2728571682692308 0.6517535624999999 0.38936951442307693 0.6539237019230769
10 0.62839309375 0.5968024423076923 0.6345659350961538 0.5625142475961539 0.5180535889423077 0.5581739711538461 0.5149671682692307 0.5955003581730769 0.62839309375 0.5968024423076923
10 0.7577135817307692 0.5952414038461539 0.7577135817307692 0.5613872379807693 0.6358000024038462 0.5618212644230769 0.6373432115384615 0.5948073774038461 0.7577135817307692 0.5952414038461539
10 0.7512318293269231 0.6286615168269231 0.7543182500000001 0.5935052668269231 0.6285466442307693 0.5930712379807692 0.6308614591346154 0.6303976274038461 0.7512318293269231 0.6286615168269231
10 0.6271583798076924 0.6261443509615384 0.6287015889423077 0.5922901850961538 0.5109550144230769 0.5923064447115385 0.50833121875 0.6248422668269231 0.6271583798076924 0.6261443509615384
10 0.50665290625 0.6531441947115385 0.5120541394230769 0.6205921105769231 0.39168376923076925 0.6184219711538461 0.39168376923076925 0.6518421105769231 0.50665290625 0.6531441947115385
10 0.6447504423076923 0.7013171923076923 0.6470652572115385 0.6700671923076923 0.5266948870192307 0.6670289975961539 0.5282380961538462 0.7026192764423077 0.6447504423076923 0.7013171923076923
10 0.8700593605769231 0.5881250192307692 0.8708309663461539 0.5555729350961538 0.7527754110576923 0.5599132139423078 0.7527754110576923 0.5911632139423078 0.8700593605769231 0.5881250192307692
10 0.904626778846154 0.5592170865384616 0.9077131995192308 0.5244948629807692 0.785028014423077 0.5257969471153846 0.7834848028846154 0.5613872235576923 0.904626778846154 0.5592170865384616
10 0.8364170961538462 0.5964565264423076 0.777003516826923 0.5899461105769231 0.7561701826923077 0.6533141658653846 0.8109541346153846 0.6606926370192308 0.8364170961538462 0.5964565264423076
10 0.8466015096153847 0.6342159110576924 0.902928670673077 0.6468027163461538 0.9384224975961538 0.5838686899038461 0.8820953389423077 0.5743200793269231 0.8466015096153847 0.6342159110576924
10 0.6288757956730768 0.6575694495192308 0.6296474014423077 0.6254513942307691 0.5085054254807692 0.6254513942307691 0.5100486346153846 0.6580034783653846 0.6288757956730768 0.6575694495192308
10 0.7586390120192308 0.6905534591346154 0.7601822235576924 0.6575673485576924 0.6459846923076923 0.6597374879807693 0.6428982716346153 0.6918555432692308 0.7586390120192308 0.6905534591346154
10 0.8709853774038462 0.6896854447115385 0.8740717980769231 0.6566993341346153 0.7557830072115385 0.6569868629807692 0.7557830072115385 0.6887390649038461 0.8709853774038462 0.6896854447115385
10 0.5694432572115384 0.7874276370192308 0.5432086899038462 0.7540075 0.4140642019230769 0.7779472163461538 0.43518399759615384 0.8152054158653846 0.5694432572115384 0.7874276370192308
10 0.8438244230769231 0.7825673461538462 0.8546268918269231 0.7478451225961538 0.7172812115384615 0.7361263725961538 0.7033923221153846 0.7704145673076923 0.8438244230769231 0.7825673461538462
10 0.9794557596153847 0.7975563221153846 0.9955024206730769 0.7635484807692308 0.8624084639423076 0.7479633076923077 0.8457445360576923 0.7817976298076924 0.9794557596153847 0.7975563221153846
10 0.8501511346153846 0.8282263221153846 0.865583233173077 0.79046590625 0.7182066899038462 0.7783131274038462 0.7081758269230769 0.8169415985576923 0.8501511346153846 0.8282263221153846
10 0.8486073894230769 0.8602593389423077 0.8563449807692307 0.8277007596153846 0.7193307355769231 0.8144356947115384 0.7074036850961539 0.8507107283653846 0.8486073894230769 0.8602593389423077
10 0.57407109375 0.7898598076923077 0.7121883774038462 0.7633841129807692 0.6873951514423078 0.7308502307692308 0.5551990745192308 0.7517316418269231 0.57407109375 0.7898598076923077
10 0.7060153028846153 0.8104331514423078 0.6797807355769231 0.7713706514423078 0.5470646850961539 0.7982803749999999 0.5763856730769231 0.8364748197115385 0.7060153028846153 0.8104331514423078
10 0.5703671514423078 0.83412865625 0.5441325841346154 0.7998404615384616 0.4114165336538462 0.8276182379807693 0.4376511033653846 0.86147240625 0.5703671514423078 0.83412865625
10 0.2057417235576923 0.9049204110576923 0.22966147596153846 0.8693301346153847 0.09970224038461538 0.8415568076923077 0.07192907451923078 0.8764321899038462 0.2057417235576923 0.9049204110576923
10 0.23937648798076921 0.8689418846153847 0.2583177908653846 0.8342693870192307 0.12500657932692308 0.8092840480769231 0.1004875985576923 0.8420321610576923 0.23937648798076921 0.8689418846153847
10 0.18765599278846154 0.9316821370192307 0.20694611778846153 0.89782796875 0.07345846153846154 0.87048421875 0.05262512980769231 0.9047724134615385 0.18765599278846154 0.9316821370192307
10 0.16389016105769233 0.9656222740384616 0.18626670432692308 0.9339382451923076 0.054322259615384616 0.9039903293269231 0.02963090144230769 0.9369764399038462 0.16389016105769233 0.9656222740384616
10 0.13426161298076925 0.9966116322115385 0.16126778605769232 0.9627574663461539 0.029343473557692307 0.9369869591346155 0.003860377403846154 0.9692678822115385 0.13426161298076925 0.9966116322115385
10 0.5685164038461539 0.8726700865384616 0.5453682572115385 0.8414200865384616 0.4111089975961538 0.864423560096154 0.4381151706730769 0.901315920673077 0.5685164038461539 0.8726700865384616
10 0.27532494951923075 0.8310491850961538 0.2902126322115385 0.8024528557692308 0.16660245673076923 0.7721378197115385 0.1434581514423077 0.8049310817307693 0.27532494951923075 0.8310491850961538
10 0.33734509375 0.9764693533653847 0.35663521634615386 0.9413131033653847 0.22160435336538462 0.9161394927884616 0.20154262499999998 0.9482575480769231 0.33734509375 0.9764693533653847
10 0.5209857644230769 0.9194601201923077 0.5021045216346154 0.8878408245192309 0.36971913701923076 0.9076209062499999 0.38638306490384616 0.9398936274038461 0.5209857644230769 0.9194601201923077
10 0.7063215384615386 0.8467398870192308 0.6785437620192307 0.8141878028846155 0.5481425264423077 0.8423996081730769 0.5728338846153846 0.87538571875 0.7063215384615386 0.8467398870192308
10 0.9814845552884616 0.8386303413461539 1 0.8044966947115384 0.8639590576923077 0.7855364783653846 0.8482209567307692 0.8219734399038461 0.9814845552884616 0.8386303413461539
10 0.9818407572115385 0.8733322019230769 0.9964290192307692 0.8404146490384616 0.8531583341346154 0.8238820408653846 0.8411232668269231 0.8566753221153847 0.9818407572115385 0.8733322019230769
10 0.9670283461538461 0.9071665288461539 0.9827188990384615 0.8744057163461538 0.8415151971153846 0.8587807163461538 0.8276263076923077 0.8930689110576923 0.9670283461538461 0.9071665288461539
10 0.8333307475961539 0.8952405697115384 0.8418184014423077 0.859216264423077 0.7037011177884616 0.8496676514423077 0.6936702548076923 0.882653764423077 0.8333307475961539 0.8952405697115384
10 0.8157379879807691 0.9265786201923076 0.8288552716346154 0.8905543149038462 0.6847447572115384 0.8811400961538461 0.6773385504807692 0.9154949567307693 0.8157379879807691 0.9265786201923076
10 0.7785564158653846 0.9586988125 0.7888863413461539 0.9228437836538461 0.6577135024038461 0.913295170673077 0.6443194447115383 0.9482882524038462 0.7785564158653846 0.9586988125
10 0.30339796875 1 0.32731772115384616 0.9700520841346154 0.19805068509615384 0.94729234375 0.17706655288461537 0.9813001850961538 0.30339796875 1
10 0.9466027307692308 0.9378647908653845 0.9628064326923076 0.9018404855769231 0.8231459399038462 0.8892536802884615 0.8115718653846155 0.9218057620192308 0.9466027307692308 0.9378647908653845
10 0.9212944086538462 0.9684197379807693 0.9320968774038462 0.933697516826923 0.7995404543269231 0.9217412764423076 0.7865796995192308 0.9545345576923077 0.9212944086538462 0.9684197379807693
10 0.5064248677884615 0.9653995408653846 0.49212702644230766 0.9298752932692308 0.35552396875000003 0.9445783990384615 0.36015282932692305 0.9565505600961538 0.3694418413461538 0.9758822379807692 0.5064248677884615 0.9653995408653846
10 0.3635641826923077 0.6890861177884615 0.3681930456730769 0.6568133774038463 0.24930803125 0.6538620120192308 0.24876848557692308 0.6849218774038461 0.3635641826923077 0.6890861177884615
10 0.3470613966346154 0.7560205336538461 0.3174367139423077 0.7253093725961539 0.1970863269230769 0.756376204326923 0.21930480288461537 0.7844847067307692 0.3470613966346154 0.7560205336538461
10 0.4042357475961538 0.8306058966346155 0.43663777403846155 0.7993742139423077 0.30240080288461535 0.7650193725961538 0.27925649759615384 0.7998947331730769 0.4042357475961538 0.8306058966346155
10 0.3985541778846154 0.8738219350961539 0.4216984831730769 0.8415491947115386 0.28445609134615385 0.8126490841346155 0.2689460673076923 0.8467544759615385 0.3985541778846154 0.8738219350961539
10 0.38189022596153843 0.9066151634615385 0.4068861177884615 0.8748629639423077 0.2756974975961538 0.8479154134615385 0.25505946153846154 0.8795477235576924 0.38189022596153843 0.9066151634615385
10 0.3359102716346154 0.9381939110576922 0.3599803341346154 0.9054006298076923 0.2313784471153846 0.8792766610576923 0.2100052283653846 0.9126880697115385 0.3359102716346154 0.9381939110576922
10 0.6806060216346155 0.8882231971153847 0.6602390625 0.8554299350961538 0.5327958149038461 0.8823776370192308 0.5528495 0.9132085769230769 0.6806060216346155 0.8882231971153847
10 0.6522157067307692 0.928824391826923 0.6318487475961538 0.8970722307692308 0.5040921538461538 0.9262217524038461 0.5281622163461539 0.957453451923077 0.6522157067307692 0.928824391826923
10 0.6272198629807693 0.9635262524038463 0.6022240408653846 0.9369793317307693 0.4809478942307692 0.9666494134615384 0.5013148557692307 0.9942374134615384 0.6272198629807693 0.9635262524038463
10 0.8850264615384614 1 0.8949013100961539 0.9671263365384615 0.7595678725961539 0.9585069447115384 0.7504808822115384 0.9865594038461538 0.8850264615384614 1