12 0.07552083413461538 0.1 0.07083333413461539 0.1537037043269231 0.1322916658653846 0.17962962980769231 0.1390625 0.12777777884615385 0.0796875 0.10555555528846153 0.07552083413461538 0.1
12 0.05989583413461538 0.15555555528846154 0.053645834134615385 0.20370370432692309 0.11614583413461539 0.23240740625 0.12239583413461538 0.18148148076923076 0.061458334134615385 0.15277777884615384 0.05989583413461538 0.15555555528846154
12 0.1390625 0.13055555528846152 0.1375 0.18518518509615384 0.1994791658653846 0.19814814903846154 0.20416666586538462 0.14351851923076925 0.14166666586538462 0.1296296298076923 0.1390625 0.13055555528846152
12 0.05260416586538462 0.21111111057692306 0.047395834134615386 0.2583333341346154 0.10833333413461539 0.28888888942307694 0.1171875 0.23518518509615383 0.053125000000000006 0.21111111057692306 0.05260416586538462 0.21111111057692306
12 0.128125 0.18518518509615384 0.12291666586538462 0.23425925961538463 0.18645833413461538 0.25185185096153845 0.19010416586538462 0.19814814903846154 0.1286458341346154 0.18425925961538464 0.128125 0.18518518509615384
12 0.046354165865384614 0.26759259375 0.039583334134615386 0.31203703605769234 0.10208333413461539 0.3444444447115385 0.10989583413461539 0.2916666658653846 0.046875 0.26574074038461537 0.046354165865384614 0.26759259375
12 0.20572916586538462 0.14722222115384614 0.2010416658653846 0.19722222115384616 0.2645833341346154 0.21388888942307693 0.2677083341346154 0.1583333341346154 0.2067708341346154 0.1453703701923077 0.20572916586538462 0.14722222115384614
12 0.12135416586538463 0.23611111057692308 0.11614583413461539 0.2916666658653846 0.1791666658653846 0.30740740624999996 0.1833333341346154 0.25185185096153845 0.12239583413461538 0.2370370360576923 0.12135416586538463 0.23611111057692308
12 0.04270833413461539 0.31759259375 0.03541666586538462 0.36388888942307696 0.09739583413461537 0.3953703701923077 0.10364583413461538 0.34722222115384616 0.04270833413461539 0.3166666658653846 0.04270833413461539 0.31759259375
12 0.19687500000000002 0.19814814903846154 0.19374999999999998 0.25 0.2572916658653846 0.2712962956730769 0.2614583341346154 0.21481481490384613 0.1989583341346154 0.2009259254807692 0.19687500000000002 0.19814814903846154
12 0.19010416586538462 0.2546296298076923 0.184375 0.30277777884615387 0.24895833413461538 0.32222222115384613 0.2526041658653846 0.2703703701923077 0.1911458341346154 0.2546296298076923 0.19010416586538462 0.2546296298076923
12 0.2703125 0.15648148076923077 0.265625 0.20648148076923079 0.3296875 0.23240740625 0.334375 0.17592592548076924 0.2723958341346154 0.15555555528846154 0.2703125 0.15648148076923077
12 0.11458333413461538 0.2935185192307692 0.11458333413461538 0.29444444471153847 0.10989583413461539 0.34351851923076926 0.175 0.3620370360576923 0.17864583413461538 0.31018518509615384 0.115625 0.29537037019230766 0.11458333413461538 0.2935185192307692
12 0.18229166586538462 0.30370370432692306 0.1796875 0.3583333341346154 0.2421875 0.3787037043269231 0.2463541658653846 0.3240740745192308 0.1838541658653846 0.3083333341346154 0.18229166586538462 0.30370370432692306
12 0.2651041658653846 0.21574074038461538 0.2625 0.2648148149038462 0.3239583341346154 0.28888888942307694 0.3291666658653846 0.23333333413461538 0.2661458341346154 0.21481481490384613 0.2651041658653846 0.21574074038461538
12 0.03697916586538462 0.3722222211538462 0.031770834134615386 0.4222222211538461 0.09166666586538462 0.4546296298076923 0.103125 0.40462962980769235 0.038020834134615385 0.3703703701923077 0.03697916586538462 0.3722222211538462
12 0.109375 0.3490740745192307 0.10677083413461538 0.39907407451923077 0.1682291658653846 0.4157407403846154 0.171875 0.3620370360576923 0.109375 0.3481481490384616 0.109375 0.3490740745192307
12 0.040104165865384615 0.42685185096153844 0.031770834134615386 0.47592592548076923 0.09114583413461538 0.511111110576923 0.09947916586538462 0.4592592596153846 0.0390625 0.4259259254807692 0.040104165865384615 0.42685185096153844
12 0.1791443846153846 0.3641414134615385 0.175 0.41111111057692307 0.23593750000000002 0.4333333341346154 0.2416666658653846 0.3796296298076923 0.1791443846153846 0.3641414134615385
12 0.03489583413461538 0.4796296298076923 0.029166665865384616 0.5268518509615384 0.09010416586538463 0.5657407403846154 0.09739583413461537 0.51759259375 0.038020834134615385 0.4814814807692308 0.03489583413461538 0.4796296298076923
12 0.10364583413461538 0.39722222115384614 0.1 0.4509259254807692 0.16249999999999998 0.4666666658653846 0.1677083341346154 0.4157407403846154 0.10520833413461537 0.4009259254807693 0.10364583413461538 0.39722222115384614
12 0.022916665865384617 0.5879629639423076 0.084375 0.6194444447115385 0.09166666586538462 0.5722222211538461 0.08958333413461537 0.5712962956730769 0.031770834134615386 0.5361111105769231 0.022916665865384617 0.5879629639423076
12 0.1078125 0.45740740625000004 0.10364583413461538 0.5083333341346153 0.1661458341346154 0.5231481490384615 0.16927083413461538 0.4712962956730769 0.10885416586538461 0.45740740625000004 0.1078125 0.45740740625000004
12 0.1739583341346154 0.4185185192307692 0.1713541658653846 0.47037037019230765 0.2338541658653846 0.4879629639423077 0.23697916586538462 0.43240740625 0.175 0.41759259374999996 0.1739583341346154 0.4185185192307692
12 0.103125 0.5083333341346153 0.09947916586538462 0.5574074062500001 0.1598958341346154 0.5787037043269231 0.16562500000000002 0.5277777788461538 0.10416666586538462 0.511111110576923 0.103125 0.5083333341346153
12 0.09322916586538461 0.5601851850961539 0.09166666586538462 0.6120370360576923 0.1526041658653846 0.6296296298076923 0.15625 0.5787037043269231 0.09375 0.5620370360576923 0.09322916586538461 0.5601851850961539
12 0.17291666586538462 0.4731481490384616 0.1697916658653846 0.5222222211538461 0.23125 0.5379629639423077 0.23593750000000002 0.49074074038461535 0.17343750000000002 0.475 0.17291666586538462 0.4731481490384616
12 0.1713541658653846 0.5268518509615384 0.1682291658653846 0.5768518509615385 0.23125 0.59259259375 0.2338541658653846 0.5453703701923077 0.17291666586538462 0.528703704326923 0.1713541658653846 0.5268518509615384
12 0.159375 0.5768518509615385 0.1557291658653846 0.6268518509615385 0.21718749999999998 0.6453703701923076 0.21979166586538462 0.5935185192307693 0.1619791658653846 0.5768518509615385 0.159375 0.5768518509615385
12 0.2234375 0.5953703701923077 0.21770833413461538 0.6444444447115385 0.2807291658653846 0.6648148149038462 0.2828125 0.613888889423077 0.2244791658653846 0.5972222211538462 0.2234375 0.5953703701923077
12 0.2864583341346154 0.6629629639423077 0.3421875 0.6814814807692307 0.3453125 0.6277777788461538 0.2875 0.6129629639423076 0.2833333341346154 0.6592592596153846 0.2864583341346154 0.6629629639423077
12 0.23697916586538462 0.5379629639423077 0.23125 0.5888888894230769 0.2916666658653846 0.6083333341346153 0.2973958341346154 0.5592592596153846 0.2385416658653846 0.5407407403846154 0.23697916586538462 0.5379629639423077
12 0.2401041658653846 0.48425925961538463 0.23541666586538462 0.5370370360576924 0.2984375 0.5527777788461539 0.3 0.5018518509615385 0.24062499999999998 0.48425925961538463 0.2401041658653846 0.48425925961538463
12 0.24322916586538462 0.43148148076923076 0.2364583341346154 0.48055555528846156 0.2979166658653846 0.5 0.3020833341346154 0.4490740745192308 0.24322916586538462 0.4305555552884615 0.24322916586538462 0.43148148076923076
12 0.24479166586538462 0.37592592548076925 0.24114583413461538 0.42777777884615387 0.3 0.4462962956730769 0.3052083341346154 0.39722222115384614 0.24479166586538462 0.3731481490384615 0.24479166586538462 0.37592592548076925
12 0.2505208341346154 0.3212962956730769 0.2453125 0.3731481490384615 0.3083333341346154 0.39444444471153844 0.3119791658653846 0.3379629639423077 0.2520833341346154 0.3194444447115385 0.2505208341346154 0.3212962956730769
12 0.3015625 0.5564814807692308 0.2947916658653846 0.6092592596153846 0.3552083341346154 0.6314814807692308 0.3572916658653846 0.5759259254807693 0.3036458341346154 0.5583333341346154 0.3015625 0.5564814807692308
12 0.303125 0.5018518509615385 0.2989583341346154 0.5555555552884616 0.3588541658653846 0.5759259254807693 0.3635416658653846 0.5222222211538461 0.3036458341346154 0.5009259254807692 0.303125 0.5018518509615385
12 0.30625 0.44814814903846156 0.3 0.49907407451923075 0.3609375 0.5212962956730769 0.3677083341346154 0.4620370360576923 0.3072916658653846 0.44722222115384613 0.30625 0.44814814903846156
12 0.3369791658653846 0.16759259375 0.328125 0.22407407451923078 0.39531249999999996 0.24907407451923075 0.40156250000000004 0.19259259375 0.33906250000000004 0.17129629567307691 0.3369791658653846 0.16759259375
12 0.33281249999999996 0.23148148076923075 0.3302083341346154 0.2787037043269231 0.38749999999999996 0.30740740624999996 0.3947916658653846 0.25092592548076925 0.33281249999999996 0.23055555528846156 0.33281249999999996 0.23148148076923075
12 0.321875 0.3361111105769231 0.3817708341346154 0.3601851850961539 0.3869791658653846 0.30648148076923076 0.3265625 0.2842592596153846 0.321875 0.3361111105769231
12 0.3375 0.34537037019230765 0.3213541658653846 0.33518518509615386 0.3161458341346154 0.3916666658653846 0.37239583413461536 0.4138888894230769 0.38125 0.3620370360576923 0.3359375 0.3462962956730769 0.3375 0.34537037019230765
12 0.40104166586538464 0.19629629567307694 0.39531249999999996 0.25 0.459375 0.27685185096153847 0.46406250000000004 0.22314814903846153 0.40364583413461536 0.19907407451923076 0.40104166586538464 0.19629629567307694
12 0.38541666586538464 0.30648148076923076 0.44946464423076926 0.33311074759615383 0.45833333413461536 0.28055555528846154 0.39531249999999996 0.2564814807692308 0.39322916586538464 0.2564814807692308 0.38541666586538464 0.30648148076923076
12 0.3885416658653846 0.3138888894230769 0.3807291658653846 0.361111110576923 0.4442708341346154 0.38611111057692304 0.453125 0.3370370360576923 0.3890625 0.31481481490384616 0.3885416658653846 0.3138888894230769
12 0.3817708341346154 0.36388888942307696 0.37239583413461536 0.4203703701923077 0.4354166658653846 0.44537037019230774 0.4416666658653846 0.3916666658653846 0.384375 0.36759259375000003 0.3817708341346154 0.36388888942307696
12 0.2595486105769231 0.2614197524038462 0.25486111057692307 0.31419753125 0.3147569447115384 0.33364197596153844 0.3204861105769231 0.2873456778846154 0.26267361057692307 0.26419753125 0.2595486105769231 0.2614197524038462
12 0.3453125 0.6499999999999999 0.34114583413461536 0.6962962956730769 0.4020833341346154 0.7148148149038461 0.40885416586538464 0.6638888894230769 0.34635416586538464 0.6472222211538461 0.3453125 0.6499999999999999
12 0.3572916658653846 0.5953703701923077 0.3520833341346154 0.6416666658653847 0.41718750000000004 0.6629629639423077 0.4197916658653846 0.613888889423077 0.359375 0.5935185192307693 0.3572916658653846 0.5953703701923077
12 0.3630208341346154 0.5379629639423077 0.35677083413461536 0.5870370360576923 0.4203125 0.611111110576923 0.42447916586538464 0.5555555552884616 0.3635416658653846 0.5333333341346154 0.3630208341346154 0.5379629639423077
12 0.3687308701923077 0.4718769975961538 0.36458333413461536 0.5308641971153846 0.42447916586538464 0.5570987644230769 0.4288194447115385 0.4938271610576923 0.3687308701923077 0.4718769975961538
12 0.373263889423077 0.4274691346153846 0.3663194447115385 0.4737654326923077 0.4296875 0.4969135793269231 0.4383680552884615 0.44290123557692307 0.373263889423077 0.4243827163461538 0.373263889423077 0.4274691346153846
12 0.5946180552884616 0.28086419711538463 0.5833333341346154 0.23148148076923075 0.5286458341346154 0.27777777884615384 0.5260416658653846 0.28086419711538463 0.5347222211538462 0.3287037043269231 0.5946180552884616 0.28086419711538463
12 0.509982639423077 0.3032407403846154 0.4952256947115385 0.35725308653846155 0.5559895841346154 0.4043209879807692 0.5672743052884616 0.35108024759615386 0.51171875 0.3078703701923077 0.509982639423077 0.3032407403846154
12 0.48003472115384616 0.4128086418269231 0.541232639423077 0.45524691346153845 0.552517360576923 0.40354938221153847 0.4930555552884615 0.3603395072115385 0.48003472115384616 0.4128086418269231
12 0.5377604158653846 0.4537037043269231 0.478732639423077 0.40972222115384616 0.466579860576923 0.4591049375 0.5260416658653846 0.5054012355769231 0.537326389423077 0.4567901225961538 0.5377604158653846 0.4537037043269231
12 0.46614583413461536 0.4621913581730769 0.454861110576923 0.5077160504807693 0.5143229158653846 0.5555555552884616 0.5238715288461538 0.5077160504807693 0.466579860576923 0.46450617307692305 0.46614583413461536 0.4621913581730769
12 0.443142360576923 0.5648148149038461 0.5030381947115384 0.6072530865384616 0.5143229158653846 0.559413579326923 0.45572916586538464 0.5146604927884615 0.443142360576923 0.5648148149038461
12 0.4435224278846154 0.5646514879807693 0.43315972115384616 0.6103395072115385 0.490451389423077 0.6566358028846154 0.5026041658653846 0.6087962956730769 0.4435224278846154 0.5646514879807693
12 0.43229166586538464 0.6157407403846153 0.42230902884615384 0.6604938269230769 0.478732639423077 0.7083333341346154 0.49088541586538464 0.6581790120192307 0.43359375 0.6157407403846153 0.43229166586538464 0.6157407403846153
12 0.41840277884615384 0.6643518509615384 0.4071180552884615 0.7060185192307693 0.46614583413461536 0.7538580240384616 0.47786458413461536 0.7083333341346154 0.41840277884615384 0.6620370360576923 0.41840277884615384 0.6643518509615384
12 0.4774305552884615 0.7214506177884614 0.46527777884615384 0.7654320985576923 0.525607639423077 0.8125 0.5355902788461538 0.7592592596153847 0.47786458413461536 0.7214506177884614 0.4774305552884615 0.7214506177884614
12 0.4921875 0.6651234567307692 0.48003472115384616 0.7168209879807693 0.540798610576923 0.7623456778846154 0.552517360576923 0.7098765432692308 0.49348958413461536 0.6666666658653846 0.4921875 0.6651234567307692
12 0.5047743052884616 0.6188271610576923 0.493923610576923 0.6658950625 0.5546875 0.712191358173077 0.5655381947115384 0.6620370360576923 0.506076389423077 0.6203703701923077 0.5047743052884616 0.6188271610576923
12 0.521267360576923 0.5702160504807693 0.5108506947115384 0.6188271610576923 0.5729166658653846 0.662808641826923 0.58203125 0.6134259254807692 0.5230034711538462 0.5725308653846154 0.521267360576923 0.5702160504807693
12 0.5377604158653846 0.5223765432692308 0.52734375 0.5709876538461539 0.587673610576923 0.6157407403846153 0.5989583341346154 0.5625 0.5390625 0.5246913581730769 0.5377604158653846 0.5223765432692308
12 0.5399305552884616 0.4629629639423077 0.5286458341346154 0.5154320985576922 0.5911458341346154 0.5586419759615384 0.6019965288461538 0.5069444447115384 0.541232639423077 0.4637345673076923 0.5399305552884616 0.4629629639423077
12 0.560763889423077 0.41358024759615386 0.5503472211538462 0.46604938221153847 0.6145833341346154 0.5054012355769231 0.624565971153846 0.4575617283653846 0.5620659711538462 0.4120370360576923 0.560763889423077 0.41358024759615386
12 0.5672743052884616 0.35725308653846155 0.5577256947115384 0.40895061778846153 0.619357639423077 0.4529320985576923 0.6336805552884616 0.39891975240384614 0.568142360576923 0.35802469230769235 0.5672743052884616 0.35725308653846155
12 0.5772569447115384 0.29475308653846155 0.5629340288461538 0.34799382692307695 0.625 0.39274691346153845 0.6380208341346154 0.34413580288461537 0.5772569447115384 0.29398148076923075 0.5772569447115384 0.29475308653846155
12 0.5360243052884616 0.7615740745192308 0.529079860576923 0.8101851850961539 0.5928819447115384 0.8395061730769231 0.6006944447115384 0.7893518509615384 0.5364583341346154 0.76080246875 0.5360243052884616 0.7615740745192308
12 0.5516493052884616 0.7091049375 0.5434027788461538 0.7600308653846154 0.609375 0.7908950625 0.6158854158653846 0.7407407403846153 0.5533854158653846 0.7114197524038463 0.5516493052884616 0.7091049375
12 0.56640625 0.6620370360576923 0.560763889423077 0.7129629639423077 0.623263889423077 0.7422839495192307 0.631076389423077 0.690586420673077 0.568142360576923 0.6620370360576923 0.56640625 0.6620370360576923
12 0.5815972211538462 0.6118827163461538 0.5828993052884616 0.6689814807692307 0.6471354158653846 0.6774691346153846 0.6471354158653846 0.621913579326923 0.5833333341346154 0.61419753125 0.5815972211538462 0.6118827163461538
12 0.6011284711538462 0.7901234567307692 0.599826389423077 0.8418209879807693 0.6653645841346154 0.850308641826923 0.666232639423077 0.7993827163461538 0.6015625 0.7908950625 0.6011284711538462 0.7901234567307692
12 0.6666666658653846 0.7858796298076923 0.6829427091346154 0.8333333341346154 0.7395833341346154 0.7824074062499999 0.7239583341346154 0.732638889423077 0.6647135408653846 0.7870370360576923 0.6666666658653846 0.7858796298076923
12 0.73046875 0.7268518509615384 0.7376302091346154 0.7824074062499999 0.802734375 0.7569444447115384 0.794921875 0.704861110576923 0.7330729158653846 0.7291666658653846 0.73046875 0.7268518509615384
12 0.6217447908653846 0.7488425937500001 0.6276041658653846 0.7939814807692307 0.69140625 0.7662037043269231 0.68359375 0.715277778846154 0.6217447908653846 0.7442129639423077 0.6217447908653846 0.7488425937500001
12 0.6341145841346154 0.6898148149038461 0.6451822908653846 0.732638889423077 0.708984375 0.684027778846154 0.6985677091346154 0.638888889423077 0.6360677091346154 0.684027778846154 0.6341145841346154 0.6898148149038461
12 0.68359375 0.7118055552884616 0.697265625 0.753472221153846 0.7578125 0.7083333341346154 0.74609375 0.65625 0.6822916658653846 0.7118055552884616 0.68359375 0.7118055552884616
12 0.7643229158653846 0.6469907403846153 0.7630208341346154 0.6990740745192308 0.8268229158653846 0.7199074062499999 0.8287760408653846 0.6631944447115384 0.7643229158653846 0.6458333341346154 0.7643229158653846 0.6469907403846153
12 0.7962239591346154 0.5960648149038461 0.7877604158653846 0.6458333341346154 0.8528645841346154 0.6747685192307693 0.8626302091346154 0.6168981490384616 0.7981770841346154 0.59490740625 0.7962239591346154 0.5960648149038461
12 0.6998697908653846 0.6365740745192308 0.7096354158653846 0.6793981490384616 0.771484375 0.6377314807692307 0.759765625 0.5844907403846153 0.69921875 0.6365740745192308 0.6998697908653846 0.6365740745192308
12 0.6575520841346154 0.6099537043269231 0.669921875 0.65625 0.728515625 0.6053240745192308 0.71875 0.5648148149038461 0.6575520841346154 0.607638889423077 0.6575520841346154 0.6099537043269231
12 0.5983072908653846 0.5694444447115384 0.6041666658653846 0.6122685192307692 0.66796875 0.6006944447115384 0.6614583341346154 0.545138889423077 0.5983072908653846 0.56365740625 0.5983072908653846 0.5694444447115384
12 0.6067708341346154 0.5127314807692308 0.6145833341346154 0.5625 0.6783854158653846 0.53125 0.6673177091346154 0.47800925961538465 0.607421875 0.5081018509615385 0.6067708341346154 0.5127314807692308
12 0.62890625 0.4421296298076923 0.63671875 0.4942129639423077 0.6998697908653846 0.451388889423077 0.6888020841346154 0.4004629639423077 0.6282552091346154 0.43981481490384616 0.62890625 0.4421296298076923
12 0.630859375 0.31134259375 0.640625 0.3668981490384615 0.7037760408653846 0.3275462956730769 0.6953125 0.2731481490384616 0.6321614591346154 0.3125 0.630859375 0.31134259375
12 0.6966145841346154 0.3391203701923077 0.705078125 0.3900462956730769 0.7688802091346154 0.3495370360576923 0.7565104158653846 0.2974537043269231 0.697265625 0.3368055552884615 0.6966145841346154 0.3391203701923077
12 0.7786458341346154 0.2407407403846154 0.7701822908653846 0.2974537043269231 0.8385416658653846 0.3171296298076923 0.8430989591346154 0.2638888894230769 0.7786458341346154 0.23958333413461538 0.7786458341346154 0.2407407403846154
12 0.8481028653846153 0.26175853605769234 0.83984375 0.31597222115384616 0.9036458341346154 0.34143518509615384 0.912109375 0.2881944447115385 0.8481028653846153 0.26175853605769234
12 0.7778238629807692 0.30235145913461536 0.7740885408653846 0.3587962956730769 0.8391927091346154 0.375 0.8450520841346154 0.3182870360576923 0.7778238629807692 0.30235145913461536
12 0.7786458341346154 0.3587962956730769 0.771484375 0.4143518509615385 0.8372395841346154 0.43402777884615384 0.841796875 0.37615740625 0.779296875 0.3634259254807692 0.7786458341346154 0.3587962956730769
12 0.7630208341346154 0.47222222115384616 0.8307291658653846 0.48958333413461536 0.8352864591346154 0.4328703701923077 0.7734375 0.41550925961538465 0.7630208341346154 0.47222222115384616
12 0.826171875 0.48958333413461536 0.771484375 0.47800925961538465 0.7649739591346154 0.4756944447115385 0.7643229158653846 0.4745370360576923 0.7630208341346154 0.4745370360576923 0.7631022139423076 0.47424768509615384 0.7610677091346154 0.4756944447115385 0.7545572908653846 0.53240740625 0.8209635408653846 0.545138889423077 0.826171875 0.48958333413461536
12 0.7434895841346154 0.53125 0.7376302091346154 0.5810185192307692 0.8053385408653846 0.5983796298076923 0.8125 0.5439814807692308 0.744140625 0.5289351850961539 0.7434895841346154 0.53125
12 0.8509114591346154 0.31365740625 0.8411458341346154 0.37731481490384616 0.9069010408653846 0.40625 0.9134114591346154 0.34606481490384616 0.8509114591346154 0.3206018509615385 0.8509114591346154 0.31365740625
12 0.8444010408653846 0.3831018509615385 0.8372395841346154 0.4317129639423077 0.9010416658653846 0.4606481490384615 0.9088541658653846 0.40740740625 0.8470052091346154 0.38425925961538465 0.8444010408653846 0.3831018509615385
12 0.8391927091346154 0.44097222115384616 0.8287760408653846 0.4918981490384615 0.8971354158653846 0.5185185192307692 0.904296875 0.46527777884615384 0.83984375 0.43981481490384616 0.8391927091346154 0.44097222115384616
12 0.828125 0.48958333413461536 0.8209635408653846 0.545138889423077 0.88671875 0.5706018509615385 0.8958333341346154 0.517361110576923 0.828125 0.48958333413461536
12 0.6686197908653846 0.5405092596153847 0.6790364591346154 0.5856481490384615 0.7428385408653846 0.5462962956730769 0.7317708341346154 0.4942129639423077 0.6686197908653846 0.5393518509615385 0.6686197908653846 0.5405092596153847
12 0.6829427091346154 0.46527777884615384 0.6940104158653846 0.5162037043269231 0.759765625 0.47916666586538464 0.75 0.42824074038461535 0.68359375 0.46527777884615384 0.6829427091346154 0.46527777884615384
12 0.6953125 0.4016203701923077 0.7044270841346154 0.4525462956730769 0.76953125 0.41666666586538464 0.7578125 0.361111110576923 0.6940104158653846 0.4004629639423077 0.6953125 0.4016203701923077
12 0.6985677091346154 0.26967592548076924 0.703125 0.326388889423077 0.7708333341346154 0.28125 0.76171875 0.23495370432692309 0.69921875 0.2731481490384616 0.6985677091346154 0.26967592548076924
12 0.3117606298076923 0.39411807451923075 0.3046875 0.4421296298076923 0.36588541586538464 0.46759259375 0.37109375 0.4131944447115385 0.3117606298076923 0.39411807451923075
12 0.6302083341346154 0.3831018509615385 0.640625 0.4247685192307692 0.7024739591346154 0.3831018509615385 0.69140625 0.3368055552884615 0.62890625 0.3831018509615385 0.6302083341346154 0.3831018509615385
12 0.8157552091346154 0.5439814807692308 0.8079427091346154 0.5960648149038461 0.8723958341346154 0.6192129639423077 0.87890625 0.5671296298076923 0.81640625 0.5416666658653846 0.8157552091346154 0.5439814807692308