12 0.13111384134615384 0.1693453293269231 0.13744550240384615 0.16778434134615386 0.1439379735576923 0.11594567548076923 0.07899116826923078 0.08703619471153846 0.07229784615384616 0.1418381875 0.13111384134615384 0.1693453293269231
12 0.20194982451923077 0.18821433173076924 0.2052068125 0.18455782932692305 0.2097237355769231 0.13181805288461537 0.14381679326923077 0.11532319951923077 0.1397242139423077 0.1723694326923077 0.20194982451923077 0.18821433173076924
12 0.2708746658653846 0.20387551442307691 0.2757831706730769 0.14683453846153846 0.2107699375 0.1304289735576923 0.20624919230769231 0.18681178125 0.2708746658653846 0.20387551442307691
12 0.3365875480769231 0.2211383798076923 0.3420597788461538 0.16321075961538462 0.2760151081730769 0.14256181971153847 0.2715204519230769 0.20012750721153846 0.3365875480769231 0.2211383798076923
12 0.4655138966346154 0.27017985096153846 0.4733658173076923 0.2135562235576923 0.40640671634615383 0.18364665624999998 0.39949184134615384 0.24121236778846156 0.4655138966346154 0.27017985096153846
12 0.4592296875 0.3274358918269231 0.4669839110576923 0.27012510336538464 0.3996444975961539 0.2421951610576923 0.3926769975961539 0.29906537019230767 0.4592296875 0.3274358918269231
12 0.4525449591346154 0.3825187932692308 0.4606052932692308 0.3293793413461538 0.39291403125 0.29995626682692306 0.38591973317307693 0.3573092788461538 0.4525449591346154 0.3825187932692308
12 0.4432403822115385 0.4382206850961538 0.45093907451923076 0.38302000721153845 0.3835120048076923 0.3559400673076923 0.3775942884615385 0.41264377884615383 0.4432403822115385 0.4382206850961538
12 0.3693200528846154 0.46732075240384613 0.43523104086538467 0.4908980024038462 0.44221885817307693 0.4366962596153846 0.3760604375 0.41262973798076924 0.3716465024038461 0.44970496875 0.3693200528846154 0.46732075240384613
12 0.36472870432692306 0.5252583028846154 0.4308437692307692 0.5481100745192308 0.43793193750000003 0.4929505168269231 0.37014273557692307 0.4697234615384615 0.36809567067307697 0.4898924423076923 0.36472870432692306 0.5252583028846154
12 0.3601688966346154 0.5757303725961539 0.3634046730769231 0.5832518990384615 0.42712452163461534 0.6022770072115384 0.43297380288461534 0.548298798076923 0.36800942548076926 0.526840235576923 0.3647736538461538 0.5321495841346153 0.3601688966346154 0.5757303725961539
12 0.3432255120192308 0.6903405961538461 0.4087624807692307 0.7115419615384616 0.4151656081730769 0.6575956826923076 0.3495968221153846 0.6352013629807692 0.3470199158653846 0.6410544254807693 0.3432255120192308 0.6903405961538461
12 0.6047511995192308 0.2733645889423077 0.5921965336538462 0.21870833653846156 0.5288331225961538 0.26687040384615385 0.5420594951923077 0.3199049014423077 0.6047511995192308 0.2733645889423077
12 0.5636425384615384 0.39704689663461534 0.5754090048076923 0.3435441875 0.5139929951923077 0.30039874278846157 0.5023893485576922 0.35272951923076923 0.5636425384615384 0.39704689663461534
12 0.5488920985576923 0.4496222668269231 0.5609149855769231 0.39585658413461544 0.49788994471153847 0.3501894567307692 0.48624677403846156 0.40373022355769234 0.5488920985576923 0.4496222668269231
12 0.533799141826923 0.49936062499999995 0.5460750600961538 0.44694466826923074 0.4832234326923077 0.4008276033653846 0.47208649519230766 0.4516688533653846 0.533799141826923 0.49936062499999995
12 0.5215834158653846 0.5497462283653847 0.5334006610576923 0.4991157716346154 0.47146712259615386 0.45166317307692305 0.45995050961538464 0.5036292235576924 0.5215834158653846 0.5497462283653847
12 0.5086867403846154 0.6006252019230769 0.5120562067307692 0.5962657524038462 0.5220662716346154 0.5530446225961538 0.5229511105769231 0.55015690625 0.4607380240384616 0.5043425336538461 0.4496325216346154 0.5541838245192308 0.5086867403846154 0.6006252019230769
12 0.4975926923076923 0.6510056201923077 0.5099952067307693 0.6015142019230769 0.4487419615384616 0.5540473701923078 0.43684567307692307 0.6037637860576923 0.4975926923076923 0.6510056201923077
12 0.4871672403846154 0.7043947524038461 0.49927831730769234 0.6545400697115386 0.4388604567307692 0.6059771081730769 0.4272172620192308 0.6538938557692308 0.4871672403846154 0.7043947524038461
12 0.4720284014423077 0.7494339423076923 0.4848403485576923 0.7004741850961539 0.42537854326923075 0.6534062836538461 0.41262661057692307 0.7005147908653846 0.4720284014423077 0.7494339423076923
12 0.7148446971153846 0.3179945192307692 0.703463951923077 0.26327190384615384 0.6373830456730769 0.30315252163461537 0.6474609639423077 0.35859988221153843 0.7148446971153846 0.3179945192307692
12 0.6168179879807693 0.4995388125 0.6221999326923077 0.49797688942307694 0.6332933245192307 0.44760516346153845 0.5684716514423077 0.40467499278846153 0.5567529014423077 0.45714412980769226 0.6168179879807693 0.4995388125
12 0.5986793942307692 0.553706875 0.6112661995192308 0.5012377379807693 0.5468755360576923 0.4564961081730769 0.5346953557692308 0.509730764423077 0.5986793942307692 0.553706875
12 0.6486620024038461 0.42517387259615386 0.7131354855769231 0.38026885336538463 0.7014929110576923 0.3252792716346154 0.6359210673076923 0.3703795144230769 0.6357013966346153 0.3781890793269231 0.6448177644230769 0.4187309591346154 0.6486620024038461 0.42517387259615386
12 0.7810253990384616 0.3431821225961539 0.7696871995192307 0.2879256442307692 0.7024207475961538 0.33106144230769236 0.7147016298076923 0.38680190865384617 0.7810253990384616 0.3431821225961539
12 0.7115351442307692 0.44542790625 0.7001122836538461 0.39154189182692306 0.6340284158653847 0.4308665216346154 0.643766641826923 0.4864281105769231 0.7115351442307692 0.44542790625
12 0.7774349639423076 0.4080631658653846 0.7779074110576923 0.3991616778846154 0.7684588750000001 0.35297463701923076 0.7009965120192307 0.3946269495192307 0.7120829543269231 0.4489609254807692 0.7774349639423076 0.4080631658653846
12 0.7678919663461539 0.47395193509615385 0.7675140264423077 0.46471453125 0.7575153918269231 0.41958314663461543 0.6902961466346155 0.46130846634615386 0.7013410216346153 0.5141013413461539 0.7678919663461539 0.47395193509615385
12 0.7405120504807693 0.6044118677884616 0.7271896634615385 0.5567132475961538 0.6629253245192307 0.6030965024038462 0.6757228173076922 0.6538811802884615 0.7405120504807693 0.6044118677884616
12 0.6519166346153846 0.6732561490384616 0.6558872379807692 0.6662110024038461 0.6574934879807692 0.6171687572115385 0.5887033846153846 0.6103960336538461 0.5876690072115385 0.6652032884615384 0.6519166346153846 0.6732561490384616
12 0.5930934711538461 0.6101136033653846 0.5964761442307692 0.6089101346153846 0.6064399182692308 0.5639211658653847 0.6043829326923077 0.557428326923077 0.5437360192307692 0.5150636538461538 0.5326426466346154 0.5667341875 0.5930934711538461 0.6101136033653846
12 0.5594929326923077 0.7057458269230769 0.5629841875 0.7040043629807692 0.5732699903846153 0.6554973100961539 0.5104097908653846 0.6112082932692308 0.499865576923077 0.662946670673077 0.5594929326923077 0.7057458269230769
12 0.5323262524038461 0.8076304254807692 0.5426507884615385 0.7555015625 0.4820996201923077 0.7112213149038461 0.4799294807692308 0.722795389423077 0.4699879278846154 0.7640428076923077 0.5323262524038461 0.8076304254807692
12 0.6137819110576923 0.7888431586538461 0.6172966538461538 0.7863050673076923 0.6245248677884615 0.7376301682692308 0.5591453870192308 0.7055640240384615 0.5511742572115385 0.7591364014423078 0.6137819110576923 0.7888431586538461
12 0.6284958677884614 0.738777139423077 0.6328829158653846 0.73358940625 0.6393073677884615 0.6854281947115385 0.5730765552884616 0.6575089951923078 0.5656463846153846 0.7112552067307691 0.6284958677884614 0.738777139423077
12 0.7827752956730769 0.6304646826923077 0.768319076923077 0.5822622067307692 0.7056409254807693 0.6332269903846155 0.7198800961538462 0.6826066322115385 0.7827752956730769 0.6304646826923077
12 0.7656761466346154 0.7077014110576924 0.7663929879807692 0.6989092091346154 0.7550705673076923 0.6605173990384615 0.7522748725961539 0.6564398461538462 0.6909182692307693 0.7077577259615384 0.7052117211538461 0.7586417860576924 0.7656761466346154 0.7077014110576924
12 0.6735461249999999 0.8490048750000001 0.6749634206730769 0.7950919855769231 0.6071988197115384 0.7863856153846154 0.6057829278846154 0.8413138774038462 0.6735461249999999 0.8490048750000001
12 0.7477910216346154 0.7811411706730769 0.7339567572115384 0.7317680576923077 0.6723797596153845 0.7843939254807691 0.6873357139423076 0.8349527355769231 0.7477910216346154 0.7811411706730769
12 0.8116210889423077 0.7558722019230769 0.8124599759615384 0.7481463677884614 0.806223983173077 0.7059902091346154 0.802255608173077 0.7026311466346153 0.7387873966346153 0.7293459158653846 0.7469192475961539 0.7834207764423078 0.8116210889423077 0.7558722019230769
12 0.7798080240384616 0.28120873317307693 0.7796190408653847 0.2709636081730769 0.7711153822115384 0.22511249278846154 0.7039446899038461 0.2643695 0.7151055841346154 0.32084767067307696 0.7798080240384616 0.28120873317307693
12 0.8481376971153847 0.31145912980769236 0.8540001225961539 0.2545651418269231 0.7845100697115384 0.23225965144230767 0.7794513750000001 0.2920186153846154 0.8481376971153847 0.31145912980769236
12 0.7837092163461539 0.3524439423076923 0.8510529975961538 0.37261950721153847 0.8582279615384615 0.3144589567307693 0.7878725528846153 0.29272639423076924 0.7817719951923077 0.3443297572115384 0.7837092163461539 0.3524439423076923
12 0.8477477836538461 0.4297353269230769 0.8531617956730769 0.37440271634615385 0.7843464206730769 0.35351748798076926 0.77840615625 0.41035063942307687 0.8477477836538461 0.4297353269230769
12 0.8420125192307691 0.48715031249999996 0.8478706201923077 0.43178422355769236 0.8488409783653845 0.43109822115384616 0.7787075096153846 0.4120241442307692 0.773524451923077 0.46885452163461544 0.8420125192307691 0.48715031249999996
12 0.8318139134615384 0.5406929471153846 0.8373243341346155 0.48676666105769234 0.7685475841346154 0.4671508293269231 0.7627820432692308 0.5244498221153846 0.8318139134615384 0.5406929471153846
12 0.8357148004807692 0.714240670673077 0.8413074350961539 0.6625742524038463 0.8409294951923076 0.6595510985576923 0.7736977403846154 0.6383158557692308 0.7686079879807692 0.6944591009615385 0.8357148004807692 0.714240670673077
12 0.9165388822115385 0.3346346394230769 0.9247590865384615 0.2808897283653846 0.8569273317307692 0.24824012019230768 0.8480900985576922 0.3084227908653846 0.9165388822115385 0.3346346394230769
12 0.9181451298076924 0.3981720576923077 0.9277826129807691 0.3409001490384615 0.8584384399038462 0.31196866586538463 0.8504027139423077 0.3689630456730769 0.9181451298076924 0.3981720576923077
12 0.9149326634615385 0.4543673245192308 0.9235308076923077 0.3994467331730769 0.8540180216346154 0.3721692788461538 0.8472713798076923 0.4285791658653846 0.9149326634615385 0.4543673245192308
12 0.90895659375 0.5125509134615385 0.9172188701923076 0.45729442307692303 0.8490299471153846 0.43006134615384617 0.84157475 0.48663734375 0.90895659375 0.5125509134615385
12 0.8975659447115384 0.5670772115384616 0.9061640937500001 0.5133323197115385 0.84109846875 0.4856372836538462 0.8373915048076923 0.48978765625 0.8308330913461539 0.5419986514423077 0.8975659447115384 0.5670772115384616
12 0.88346909375 0.6194984951923076 0.8906499951923077 0.5660894927884615 0.8299083004807692 0.5407017908653846 0.822714170673077 0.5415926538461538 0.8153563389423077 0.5944744927884615 0.88346909375 0.6194984951923076
12 0.8651242355769231 0.6680182211538461 0.871335701923077 0.6150972451923077 0.8133008149038462 0.5935930240384615 0.8032997427884615 0.5932786370192308 0.7978386610576924 0.6463888485576923 0.8651242355769231 0.6680182211538461
12 0.8145927307692309 0.5942272211538462 0.8197894134615384 0.5391387067307692 0.7512666081730769 0.5208341634615384 0.7465493317307692 0.5773567620192307 0.8145927307692309 0.5942272211538462
12 0.7501008701923078 0.5441181346153846 0.7508972548076923 0.5312749735576923 0.7419293149038461 0.49032062980769225 0.6748448918269231 0.5306293100961539 0.6863720600961538 0.5837024134615384 0.7501008701923078 0.5441181346153846
12 0.6581643221153846 0.7285007283653846 0.7186008365384615 0.6830437475961539 0.7048911490384615 0.6325112211538462 0.6415288076923077 0.6805270889423076 0.6539169663461538 0.7278715673076923 0.6581643221153846 0.7285007283653846
12 0.6381175552884616 0.7918940673076923 0.7001468221153846 0.7627953125 0.6920358653846154 0.7108465192307692 0.6255867115384616 0.7393620576923077 0.6331622908653846 0.7898493100961539 0.6381175552884616 0.7918940673076923
12 0.5727097451923077 0.340447454326923 0.6329516298076924 0.38654506971153846 0.6450335096153845 0.3402734038461538 0.6429466610576923 0.3310971706730769 0.5878091971153846 0.2867778774038462 0.5805336875 0.29252186778846156 0.5706103677884615 0.33304954567307693 0.5727097451923077 0.340447454326923
12 0.5380980288461539 0.8096034975961538 0.6000367163461539 0.8390956298076924 0.6075955120192308 0.786526389423077 0.5478733822115385 0.7561079903846154 0.5431409543269231 0.7552833894230768 0.5352423076923076 0.8068701538461538 0.5380980288461539 0.8096034975961538
12 0.6245800096153846 0.5554746057692308 0.6875872788461539 0.5234111081730769 0.6778553269230769 0.4678186995192308 0.614914483173077 0.5000266899038461 0.6112072139423077 0.5020710120192308 0.6205028173076923 0.555154201923077 0.6245800096153846 0.5554746057692308
12 0.5800407307692308 0.6597573653846154 0.5903652475961538 0.6093856634615384 0.5283081802884616 0.5629187668269231 0.5167754326923076 0.6158285600961538 0.5800407307692308 0.6597573653846154
12 0.6062767115384615 0.5603839447115384 0.6057275192307693 0.5711220865384615 0.6100619615384615 0.6117430144230769 0.6147340504807692 0.6146604375 0.6733862115384616 0.5963079375 0.67714640625 0.59276434375 0.6775243461538462 0.5887334975961539 0.6725166466346154 0.5403630649038461 0.6730835240384615 0.5393553461538462 0.6062767115384615 0.5603839447115384
12 0.5464699110576923 0.7552893269230769 0.5497476586538462 0.7525681947115385 0.5599796923076923 0.7070652620192307 0.4984015745192308 0.6607803774038461 0.48704888701923077 0.7129224375000001 0.5464699110576923 0.7552893269230769
12 0.36344354326923073 0.6385566225961538 0.4234298317307692 0.659130298076923 0.42579440625 0.6496177620192308 0.43032581730769226 0.6051676826923077 0.36692821875 0.5821449591346154 0.36294572836538463 0.5863481826923077 0.3626407451923077 0.5860614399038462 0.35834097596153847 0.6336897596153845 0.36344354326923073 0.6385566225961538
12 0.34491650721153844 0.6717750288461539 0.34746275961538464 0.6383673365384616 0.3541457956730769 0.6322855192307693 0.35439081250000004 0.6192191346153847 0.2903576658653846 0.603394298076923 0.2869273076923077 0.6563857211538462 0.34491650721153844 0.6717750288461539
12 0.30247309855769233 0.6017213389423077 0.35972143028846154 0.6211888725961539 0.36457509134615385 0.5826962283653846 0.3614637716346154 0.5773868798076923 0.3624593605769231 0.5641135528846154 0.30757567548076925 0.5470794375 0.30247309855769233 0.6017213389423077
12 0.3028487379807692 0.5464456298076923 0.3624204783653846 0.5649231995192308 0.3670252644230769 0.5268729903846153 0.36528292307692306 0.5193514302884615 0.3658253341346154 0.5107259134615385 0.30783090865384616 0.49171201442307694 0.3028487379807692 0.5464456298076923
12 0.30610015384615386 0.4910869879807693 0.3662824182692308 0.5102199254807692 0.36902035096153846 0.47438191346153846 0.37238059375 0.47017868028846155 0.3692692860576923 0.46509057932692305 0.3698260793269231 0.45672815144230766 0.31139870192307695 0.4363316826923077 0.30610015384615386 0.4910869879807693
12 0.3123593076923077 0.3850987956730769 0.3078790216346154 0.4308917836538461 0.3121104014423077 0.43686480528846156 0.3707867019230769 0.45605384615384614 0.3776473942307692 0.40262686538461534 0.31721297836538465 0.37956824038461534 0.3123593076923077 0.3850987956730769
12 0.32415030048076926 0.33052186057692307 0.3189231129807692 0.3797385625 0.3785060649038462 0.4040211129807692 0.3833597379807693 0.35977665384615387 0.38696884615384614 0.3575644302884615 0.38640127403846153 0.34844275240384615 0.3279890408653846 0.32732785576923074 0.32415030048076926 0.33052186057692307
12 0.3424110288461539 0.16482609134615386 0.33759221394230765 0.21796270673076926 0.3997486322115385 0.2378936201923077 0.40791432932692306 0.18210275 0.3460430408653846 0.15963705528846153 0.3424110288461539 0.16482609134615386
12 0.39435675000000003 0.29477208653846154 0.4009492043269231 0.2388272427884615 0.3387361298076923 0.21768046875 0.33342678846153845 0.27186951682692306 0.39435675000000003 0.29477208653846154
12 0.3868789447115385 0.34940635096153844 0.39206510576923076 0.30351768749999997 0.3958682836538462 0.3004447764423077 0.3936785793269231 0.29409412259615386 0.3333455793269231 0.2720227980769231 0.32705660817307697 0.3269016009615384 0.3868789447115385 0.34940635096153844
12 0.12089302884615384 0.22502508413461536 0.12892530528846155 0.16980157451923078 0.06424740625 0.13654952403846154 0.056294670673076926 0.19233717307692308 0.12089302884615384 0.22502508413461536
12 0.19314373076923078 0.24220065384615383 0.19641072115384617 0.18645077884615385 0.1309848701923077 0.16987127644230768 0.12769950000000002 0.2246163653846154 0.19314373076923078 0.24220065384615383
12 0.18554465865384615 0.2968375673076923 0.18946506490384613 0.24137804326923076 0.1886595504807692 0.24105637740384617 0.12388008413461539 0.22381101442307694 0.12026282932692307 0.27914514182692307 0.18554465865384615 0.2968375673076923
12 0.2645181875 0.26007139423076925 0.26827523317307694 0.20490223317307693 0.20640562259615386 0.18616668990384613 0.20233744951923077 0.19021628125 0.19875746634615382 0.24112542307692308 0.2645181875 0.26007139423076925
12 0.2542172091346154 0.31435924278846156 0.2587093341346154 0.2597708125 0.19345108173076925 0.2394453389423077 0.1889910216346154 0.2954101081730769 0.2542172091346154 0.31435924278846156
12 0.18642703365384616 0.2938885697115384 0.18207513461538463 0.3493994471153846 0.24675902884615386 0.36834573798076925 0.25123404326923077 0.3141101490384616 0.18642703365384616 0.2938885697115384
12 0.33199885817307695 0.27750109134615386 0.3370313533653846 0.22177256009615384 0.2718547451923077 0.20028562019230767 0.2665827019230769 0.2558068798076923 0.33199885817307695 0.27750109134615386
12 0.2643837211538461 0.2548402451923077 0.2591764519230769 0.3089312091346154 0.32212590384615386 0.3315346706730769 0.3245964639423077 0.32949294951923075 0.3299563221153846 0.277427125 0.2643837211538461 0.2548402451923077
12 0.3150647860576923 0.3784649230769231 0.3194358413461539 0.33007449278846157 0.2568899447115385 0.3091880168269231 0.25371678365384615 0.31294834374999997 0.24912799519230772 0.3627688557692308 0.31181023557692306 0.38381618269230766 0.3150647860576923 0.3784649230769231
12 0.2479406153846154 0.36332586298076924 0.24240790625 0.4184292211538461 0.30709179567307693 0.4399788100961538 0.3121766802884615 0.38566944951923077 0.2479406153846154 0.36332586298076924
12 0.3044175721153846 0.49430987499999995 0.31062484375 0.4418044278846154 0.24541648557692308 0.4188251274038462 0.2408610528846154 0.4709650961538462 0.3044175721153846 0.49430987499999995
12 0.30249325240384617 0.5484123149038461 0.30755709134615383 0.49542087980769234 0.2429746466346154 0.47337404567307695 0.23858102403846154 0.5267418533653846 0.30249325240384617 0.5484123149038461
12 0.3005330504807692 0.6047872259615384 0.30538316346153843 0.5497896346153847 0.24099202163461536 0.5297281201923076 0.23633654326923076 0.583590639423077 0.3005330504807692 0.6047872259615384
12 0.2864438894230769 0.6581682548076924 0.2901192403846154 0.6040153774038461 0.22623059134615384 0.585823358173077 0.2223133798076923 0.6395104375 0.2864438894230769 0.6581682548076924
12 0.24180713701923076 0.421667875 0.24261938942307693 0.4207714903846154 0.24718278365384616 0.37020281009615386 0.24633958413461537 0.3688156033653846 0.18340506490384617 0.34861604326923074 0.17907761778846154 0.4042653028846154 0.24180713701923076 0.421667875
12 0.2388426201923077 0.47728321634615384 0.2433587019230769 0.42261431971153846 0.1784699951923077 0.4042890745192308 0.1746627139423077 0.45859156971153847 0.2388426201923077 0.47728321634615384
12 0.2369823918269231 0.5325613725961539 0.2412443798076923 0.47723506009615385 0.1765429423076923 0.4602607572115385 0.17307590865384614 0.5131681466346154 0.2369823918269231 0.5325613725961539
12 0.23608398317307694 0.5873393004807692 0.2404127379807692 0.5328960456730769 0.17584923317307694 0.5141681658653846 0.17567738942307692 0.5157888052884615 0.17195131730769228 0.5675038413461538 0.23608398317307694 0.5873393004807692
12 0.22202880048076923 0.6389177403846154 0.22589677403846153 0.58469740625 0.16715585817307693 0.5666503028846154 0.1621549591346154 0.5703574543269231 0.1593600048076923 0.6201471129807692 0.22202880048076923 0.6389177403846154
12 0.15857209615384615 0.6219676153846153 0.1610971802884615 0.5679393533653846 0.09800506490384617 0.5515036009615385 0.0938351875 0.6046781346153847 0.15857209615384615 0.6219676153846153
12 0.11386300240384616 0.27983190865384616 0.12156336778846154 0.22567039423076923 0.056617786057692306 0.19183490384615384 0.04954711778846154 0.245759125 0.11386300240384616 0.27983190865384616
12 0.10741660336538462 0.33335903125 0.11538249759615385 0.2813214903846154 0.051426492788461536 0.24645430048076925 0.04326804086538461 0.2991454182692308 0.10741660336538462 0.33335903125
12 0.1017076875 0.3881465120192308 0.11020467067307692 0.33516500240384617 0.046453593749999994 0.3014722283653846 0.03793253846153846 0.3544856442307692 0.1017076875 0.3881465120192308
12 0.09756357211538462 0.44507289182692306 0.10592777403846153 0.39140534134615385 0.04233328605769231 0.3566147019230769 0.034584935096153846 0.4079478173076923 0.09756357211538462 0.44507289182692306
12 0.09709100000000001 0.5001091033653846 0.1050681610576923 0.4485459326923077 0.042429312500000003 0.4143853149038461 0.0340895625 0.4651428341346154 0.09709100000000001 0.5001091033653846
12 0.09439581971153846 0.555150420673077 0.10309814423076923 0.5026204110576923 0.03964344711538462 0.46781525961538456 0.03202888461538462 0.5195955504807692 0.09439581971153846 0.555150420673077
12 0.0887139014423077 0.61033059375 0.09713766346153846 0.5578045288461538 0.09645107211538462 0.5562669423076924 0.03471872355769231 0.5224285985576923 0.02619766826923077 0.5741529182692308 0.0887139014423077 0.61033059375
12 0.16428792788461538 0.5691856274038462 0.16755492548076922 0.5652657019230769 0.17041354567307693 0.5150831778846153 0.10605370673076922 0.4984819903846154 0.10311081730769231 0.5517020600961539 0.16428792788461538 0.5691856274038462
12 0.17195026442307693 0.5147525985576923 0.17570733653846154 0.46045452403846154 0.11100994711538462 0.44435132211538464 0.1074689639423077 0.49874082932692304 0.17195026442307693 0.5147525985576923
12 0.16950004086538462 0.4592487764423077 0.17301204086538463 0.40509588461538465 0.10906057211538461 0.38825478125 0.10506269711538462 0.44235790625000004 0.16950004086538462 0.4592487764423077
12 0.1745638798076923 0.40509588461538465 0.17854270673076922 0.35034698798076924 0.11404274278846153 0.3344426995192308 0.11044655288461538 0.38811298798076926 0.1745638798076923 0.40509588461538465
12 0.1802008485576923 0.35140070192307693 0.18412124278846154 0.29724782692307694 0.11918967788461539 0.2793904375 0.11554021153846154 0.33381944471153846 0.1802008485576923 0.35140070192307693
12 0.6281488557692309 0.4458620048076923 0.6397252956730769 0.39703343028846155 0.6379593942307692 0.3891860048076923 0.5763493125 0.34715853365384614 0.5643804783653846 0.40104434615384615 0.6281488557692309 0.4458620048076923