12 0.07566631490384615 0.13611110576923077 0.1364217956730769 0.16697530288461537 0.14423321634615385 0.10524690865384614 0.08347773317307693 0.08209875961538461 0.07566631490384615 0.13611110576923077
12 0.14162940865384616 0.1638888846153846 0.20585663221153847 0.18549382211538462 0.21453598798076923 0.12685184615384615 0.15034830048076925 0.10987653846153847 0.14162940865384616 0.1638888846153846
12 0.21019631009615386 0.17777777403846157 0.27442353365384614 0.19320987259615385 0.27963114663461536 0.14074073557692307 0.21453598798076923 0.12376542788461539 0.21019631009615386 0.17777777403846157
12 0.27442353365384614 0.19938271153846154 0.34299043509615385 0.21790123076923076 0.3473301129807692 0.15925925480769232 0.28142456971153845 0.13765431730769231 0.27442353365384614 0.19938271153846154
12 0.3403866274038462 0.21327160096153847 0.40287798076923076 0.23641974759615386 0.4124252716346154 0.1808641923076923 0.3500010793269231 0.15771604567307693 0.3403866274038462 0.21327160096153847
12 0.40027417548076927 0.2379629591346154 0.4662372692307692 0.2641975264423077 0.47318075240384616 0.20864197115384617 0.4107652067307692 0.18395061298076923 0.40027417548076927 0.2379629591346154
12 0.06264728365384616 0.18549382211538462 0.12427069951923077 0.2225308605769231 0.13208211778846152 0.16697530288461537 0.06875119951923077 0.13456789663461538 0.06264728365384616 0.18549382211538462
12 0.13034624759615385 0.21635801923076922 0.1937055360576923 0.23641974759615386 0.1980452139423077 0.1808641923076923 0.13385572596153847 0.16543209374999998 0.13034624759615385 0.21635801923076922
12 0.20412076201923077 0.23641974759615386 0.2666121153846154 0.25802468749999996 0.2718197283653846 0.19783950240384615 0.2085080216346154 0.18395061298076923 0.20412076201923077 0.23641974759615386
12 0.2692159206730769 0.24413579807692307 0.33517901442307696 0.26882715625000003 0.3386507572115385 0.21327160096153847 0.2744803653846154 0.1962962908653846 0.2692159206730769 0.24413579807692307
12 0.33517901442307696 0.26574073557692307 0.39680243269230775 0.2888888846153846 0.4037459158653846 0.23179011778846154 0.3413207620192308 0.21018518028846153 0.33517901442307696 0.26574073557692307
12 0.39680243269230775 0.2935185144230769 0.4627655264423077 0.3197530817307692 0.4705769471153846 0.26574073557692307 0.40642468990384617 0.2379629591346154 0.39680243269230775 0.2935185144230769
12 0.05483586298076923 0.23487653846153847 0.11732721634615384 0.27191357451923076 0.12600656971153848 0.21790123076923076 0.06354298557692308 0.18858024278846156 0.05483586298076923 0.23487653846153847
12 0.12427069951923077 0.2703703653846154 0.1867620528846154 0.2873456754807692 0.1884979230769231 0.23487653846153847 0.12777933653846155 0.22098764903846155 0.12427069951923077 0.2703703653846154
12 0.1919696658653846 0.2842592548076923 0.2553289543269231 0.30432098317307693 0.2605365673076923 0.25185184615384615 0.1980452139423077 0.23641974759615386 0.1919696658653846 0.2842592548076923
12 0.26314037259615386 0.2996913533653846 0.32823553125000005 0.3228395024038461 0.3334431442307692 0.26882715625000003 0.27100814182692307 0.2487654278846154 0.26314037259615386 0.2996913533653846
12 0.3334431442307692 0.31820987259615385 0.3933306899038461 0.3413580192307692 0.39940624038461536 0.2873456754807692 0.3387162355769231 0.26882715625000003 0.3334431442307692 0.31820987259615385
12 0.39072688461538463 0.34753086057692306 0.45582204326923076 0.3722222163461538 0.4627655264423077 0.3197530817307692 0.39861231009615383 0.2935185144230769 0.39072688461538463 0.34753086057692306
12 0.3872551418269231 0.3444444399038461 0.38117959375 0.40308641586538463 0.44540681730769227 0.43086419230769235 0.4523503028846154 0.37530863701923073 0.3881230793269231 0.35061727884615385 0.3872551418269231 0.3444444399038461
12 0.3230279182692308 0.37376542788461536 0.38117959375 0.3984567860576923 0.39072688461538463 0.3490740697115384 0.33003580048076925 0.3228395024038461 0.3230279182692308 0.37376542788461536
12 0.2535930817307692 0.35370369951923075 0.3178203052884615 0.37685184615384615 0.3230279182692308 0.3259259206730769 0.2596686298076923 0.3058641923076923 0.2535930817307692 0.35370369951923075
12 0.1841582451923077 0.3398148100961539 0.24751753365384616 0.36141974759615386 0.2535930817307692 0.30895061298076926 0.19027921634615386 0.2935185144230769 0.1841582451923077 0.3398148100961539
12 0.11993102163461539 0.32438271153846154 0.18329031009615385 0.34290123076923074 0.18762998798076921 0.2935185144230769 0.12430687500000001 0.2765432043269231 0.11993102163461539 0.32438271153846154
12 0.04962825 0.2919753028846154 0.10951579807692308 0.3259259206730769 0.11819515144230769 0.27808641586538463 0.05570379807692308 0.24567900721153846 0.04962825 0.2919753028846154
12 0.04268476682692308 0.34753086057692306 0.10430818509615383 0.38302468749999996 0.11385547355769231 0.33209875961538465 0.05225850240384615 0.29814814423076924 0.04268476682692308 0.34753086057692306
12 0.11385547355769231 0.3783950576923077 0.17634682692307693 0.3984567860576923 0.17895063461538463 0.3459876490384615 0.11823072596153847 0.33209875961538465 0.11385547355769231 0.3783950576923077
12 0.18155443990384615 0.3969135745192308 0.24491372836538464 0.41543209375 0.24925340625 0.3629629591346154 0.1859389375 0.34753086057692306 0.18155443990384615 0.3969135745192308
12 0.24838547115384615 0.40925925480769226 0.3082730168269231 0.42777777403846157 0.3134806298076923 0.37993826682692305 0.2535930817307692 0.35987653846153844 0.24838547115384615 0.40925925480769226
12 0.3126126947115385 0.43086419230769235 0.3742361105769231 0.45709875961538465 0.37857578846153844 0.4015432043269231 0.3178203052884615 0.37530863701923073 0.3126126947115385 0.43086419230769235
12 0.3759719807692308 0.4586419711538462 0.43846333413461536 0.48024690865384617 0.4428030120192308 0.43086419230769235 0.38038314182692307 0.40617283413461536 0.3759719807692308 0.4586419711538462
12 0.36989643269230765 0.5157407355769231 0.43325572115384614 0.5373456754807692 0.43933126923076926 0.48641974759615386 0.3760428653846154 0.46327160096153847 0.36989643269230765 0.5157407355769231
12 0.03921302403846154 0.3999999951923077 0.09996850721153847 0.43549382211538457 0.10604405528846154 0.3891975264423077 0.04618223317307692 0.35524690865384617 0.03921302403846154 0.3999999951923077
12 0.10951579807692308 0.43395061298076926 0.17027127884615384 0.44938271153846154 0.17374302163461539 0.3999999951923077 0.11389032692307693 0.38611110576923074 0.10951579807692308 0.43395061298076926
12 0.17981856971153845 0.4462962908653846 0.23883818028846154 0.46790123076923074 0.24578166346153846 0.41543209375 0.18155443990384615 0.3984567860576923 0.17981856971153845 0.4462962908653846
12 0.24144198557692306 0.46790123076923074 0.3048012740384615 0.48950616826923077 0.31087682211538464 0.43703703125 0.24843917788461536 0.4169753028846154 0.24144198557692306 0.46790123076923074
12 0.3091409519230769 0.4833333293269231 0.3690284975961538 0.5018518461538461 0.3751040456730769 0.45555555048076923 0.3161472716346154 0.43395061298076926 0.3091409519230769 0.4833333293269231
12 0.36555675721153846 0.5712962908653846 0.42891604567307695 0.5929012307692307 0.43412365625 0.5450617235576923 0.3690986610576923 0.5249999951923077 0.36555675721153846 0.5712962908653846
12 0.3091409519230769 0.5388888846153846 0.36555675721153846 0.5574074038461538 0.37163230528846153 0.5111111057692308 0.31267456971153845 0.48641974759615386 0.3091409519230769 0.5388888846153846
12 0.24317785817307694 0.5203703653846155 0.3065371466346154 0.54043209375 0.31087682211538464 0.48950616826923077 0.24578166346153846 0.4694444399038461 0.24317785817307694 0.5203703653846155
12 0.17721476201923075 0.5064814759615385 0.2379702451923077 0.5234567860576923 0.24317785817307694 0.47253086057692306 0.18159866105769232 0.45555555048076923 0.17721476201923075 0.5064814759615385
12 0.11038373317307691 0.48950616826923077 0.17287508653846156 0.5095678966346153 0.17634682692307693 0.45555555048076923 0.11385547355769231 0.4416666610576923 0.11038373317307691 0.48950616826923077
12 0.03747715384615385 0.45246913221153845 0.09649676442307692 0.4879629591346154 0.1051761201923077 0.4447530817307692 0.04615650961538462 0.40925925480769226 0.03747715384615385 0.45246913221153845
12 0.3629529495192308 0.6268518461538461 0.42891604567307695 0.6484567860576923 0.43238778605769235 0.5990740697115384 0.3690984206730769 0.5805555504807692 0.3629529495192308 0.6268518461538461
12 0.3030654038461539 0.5929012307692307 0.3594812091346154 0.6129629591346154 0.36468882211538467 0.5635802427884615 0.30920282692307693 0.543518514423077 0.3030654038461539 0.5929012307692307
12 0.23970611538461536 0.5743827115384615 0.3013295336538462 0.5944444399038461 0.30566920913461537 0.543518514423077 0.24409854086538463 0.5280864158653846 0.23970611538461536 0.5743827115384615
12 0.17721476201923075 0.5604938221153846 0.23623437259615385 0.5836419711538462 0.24144198557692306 0.5311728341346154 0.17986267067307693 0.5141975264423077 0.17721476201923075 0.5604938221153846
12 0.10864786057692308 0.5450617235576923 0.1667995360576923 0.5620370312499999 0.1711392139423077 0.5095678966346153 0.10955029086538462 0.4972222163461538 0.10864786057692308 0.5450617235576923
12 0.03834508894230769 0.5111111057692308 0.09736470192307692 0.5481481442307692 0.10344025 0.5003086370192308 0.04444600240384615 0.46790123076923074 0.03834508894230769 0.5111111057692308
12 0.34993391826923076 0.6824074038461538 0.41155733653846155 0.7070987596153846 0.41676494711538464 0.654629625 0.3534056610576923 0.6299382668269231 0.34993391826923076 0.6824074038461538
12 0.29004637259615385 0.651543204326923 0.34646217548076924 0.66543209375 0.35514153125000003 0.6191357980769231 0.2943860480769231 0.5990740697115384 0.29004637259615385 0.651543204326923
12 0.2240832764423077 0.6283950576923077 0.2865746298076923 0.6484567860576923 0.2891784375 0.6006172788461538 0.22934195673076924 0.5851851802884616 0.2240832764423077 0.6283950576923077
12 0.16419573076923077 0.6129629591346154 0.22495121153846157 0.6299382668269231 0.2292908894230769 0.5820987596153846 0.16593160096153847 0.5651234519230769 0.16419573076923077 0.6129629591346154
12 0.09823263701923077 0.5975308605769231 0.15898811778846153 0.6114197475961538 0.16245986057692308 0.5620370312499999 0.10260572596153847 0.5496913533653847 0.09823263701923077 0.5975308605769231
12 0.029665735576923077 0.5666666610576923 0.09128915144230769 0.6006172788461538 0.09996850721153847 0.5527777740384615 0.04010572596153846 0.51882715625 0.029665735576923077 0.5666666610576923
12 0.5469552668269231 0.31203703125 0.6059748774038461 0.2626543173076923 0.5929558461538462 0.21635801923076922 0.5366330216346153 0.2641975264423077 0.5469552668269231 0.31203703125
12 0.7856375168269231 0.2842592548076923 0.8524685480769231 0.30740740384615384 0.8585440961538461 0.25185184615384615 0.7927094110576923 0.23333332932692308 0.7856375168269231 0.2842592548076923
12 0.8550723533653847 0.2996913533653846 0.9227713197115384 0.32746913221153845 0.9297148028846153 0.2765432043269231 0.8656260793269231 0.2503086370192308 0.8550723533653847 0.2996913533653846
12 0.7865054519230769 0.3444444399038461 0.8542044182692308 0.36141974759615386 0.8585440961538461 0.30740740384615384 0.7944456418269231 0.2919753028846154 0.7865054519230769 0.3444444399038461
12 0.8568082235576924 0.36450616826923077 0.9245071899038462 0.3891975264423077 0.9323186081730769 0.33518518028846156 0.8647581418269231 0.31203703125 0.8568082235576924 0.36450616826923077
12 0.7830337115384616 0.404629625 0.851600610576923 0.42932098317307693 0.857676158653846 0.37376542788461536 0.788369375 0.35524690865384617 0.7830337115384616 0.404629625
12 0.8498647403846153 0.4216049326923077 0.919299576923077 0.4509259206730769 0.9262430600961539 0.3969135745192308 0.8604182259615385 0.3722222163461538 0.8498647403846153 0.4216049326923077
12 0.77956196875 0.46327160096153847 0.8446571274038461 0.48024690865384617 0.8489968052884616 0.42777777403846157 0.7830337115384616 0.4077160456730769 0.77956196875 0.46327160096153847
12 0.8472609350961539 0.48179011778846154 0.9149598990384615 0.5095678966346153 0.9201675120192309 0.45555555048076923 0.8524685480769231 0.4246913533653846 0.8472609350961539 0.48179011778846154
12 0.7682788076923077 0.5172839447115385 0.8342419014423077 0.5373456754807692 0.8403174495192308 0.48179011778846154 0.7753485408653845 0.46790123076923074 0.7682788076923077 0.5172839447115385
12 0.8342419014423077 0.5342592548076923 0.9028088028846154 0.5604938221153846 0.9088843509615384 0.5064814759615385 0.843056875 0.48179011778846154 0.8342419014423077 0.5342592548076923
12 0.7517880336538462 0.5712962908653846 0.819487 0.5867283894230769 0.8238266778846154 0.5342592548076923 0.7561277115384615 0.5203703653846155 0.7517880336538462 0.5712962908653846
12 0.8229587403846155 0.5867283894230769 0.8880539014423078 0.6098765384615384 0.8967332548076924 0.5604938221153846 0.8316380961538462 0.5358024639423077 0.8229587403846155 0.5867283894230769
12 0.8029962259615384 0.6422839447115384 0.8689593197115385 0.6669753028846154 0.8750348677884615 0.6129629591346154 0.8073359038461538 0.5898148100961539 0.8029962259615384 0.6422839447115384
12 0.7752222908653846 0.6885802427884615 0.8411853870192308 0.7070987596153846 0.8472609350961539 0.654629625 0.7814248100961538 0.6376543173076924 0.7752222908653846 0.6885802427884615
12 0.7517880336538462 0.7780864158653846 0.8168831923076922 0.7533950576923077 0.80646796875 0.7040123413461538 0.7467027067307692 0.7271604879807693 0.7517880336538462 0.7780864158653846
12 0.6519754567307692 0.35061727884615385 0.7162026802884616 0.3135802427884615 0.7049195192307691 0.26111110576923074 0.6425360408653845 0.3012345625 0.6519754567307692 0.35061727884615385
12 0.720542358173077 0.3135802427884615 0.7839016466346155 0.2734567860576923 0.7752222908653846 0.22407406971153848 0.7109950673076924 0.2626543173076923 0.720542358173077 0.3135802427884615
12 0.6502395865384615 0.4185185144230769 0.7162026802884616 0.37530863701923073 0.7049195192307691 0.3259259206730769 0.6407998100961538 0.3691357980769231 0.6502395865384615 0.4185185144230769
12 0.7196744230769231 0.37376542788461536 0.7847695817307693 0.3336419711538462 0.7734864206730769 0.2858024639423077 0.7111121899038462 0.3259259206730769 0.7196744230769231 0.37376542788461536
12 0.7188064879807693 0.4401234519230769 0.7847695817307693 0.3984567860576923 0.772618485576923 0.3459876490384615 0.7085079014423077 0.3891975264423077 0.7188064879807693 0.4401234519230769
12 0.6493716514423077 0.48024690865384617 0.713598875 0.4385802427884615 0.7031836490384615 0.3891975264423077 0.6407998100961538 0.42932098317307693 0.6493716514423077 0.48024690865384617
12 0.7066553894230769 0.5080246875 0.7717505504807692 0.4663580192307692 0.7622032596153846 0.4169753028846154 0.6962401658653847 0.4586419711538462 0.7066553894230769 0.5080246875
12 0.6276732644230769 0.5512345625 0.6910325528846154 0.5141975264423077 0.6823531971153846 0.46790123076923074 0.6189939086538462 0.49876542788461536 0.6276732644230769 0.5512345625
12 0.6919004879807692 0.5728395024038462 0.7561277115384615 0.5327160456730768 0.7448445504807691 0.48487653846153844 0.6814852620192308 0.5280864158653846 0.6919004879807692 0.5728395024038462
12 0.6146542331730769 0.6067901177884616 0.6814852620192308 0.5882716009615385 0.6762776490384615 0.5373456754807692 0.6112859206730769 0.5574074038461538 0.6146542331730769 0.6067901177884616
12 0.6806173269230769 0.6469135745192307 0.7422407451923078 0.6006172788461538 0.7300896466346154 0.5574074038461538 0.6703138173076924 0.5990740697115384 0.6806173269230769 0.6469135745192307
12 0.7231461634615385 0.6716049326923077 0.7830337115384616 0.6237654278846154 0.7691467427884615 0.5805555504807692 0.7111126706730769 0.6283950576923077 0.7231461634615385 0.6716049326923077
12 0.6571830697115384 0.7256172788461538 0.7196744230769231 0.6777777740384615 0.7066553894230769 0.6299382668269231 0.6485037139423077 0.6746913533653847 0.6571830697115384 0.7256172788461538
12 0.7179385504807693 0.7425925889423077 0.77956196875 0.6916666610576924 0.7639391298076923 0.6484567860576923 0.7085069423076923 0.6993827115384617 0.7179385504807693 0.7425925889423077
12 0.6467678437500001 0.7827160456730768 0.7118630024038463 0.7472222163461539 0.7040515841346154 0.7024691322115384 0.64253471875 0.7333333293269231 0.6467678437500001 0.7827160456730768
12 0.6919004879807692 0.8259259206730769 0.7509200985576924 0.7780864158653846 0.7370331322115384 0.7333333293269231 0.6781263173076924 0.7827160456730768 0.6919004879807692 0.8259259206730769
12 0.6103145552884615 0.8382716009615384 0.6745417788461538 0.8444444399038461 0.6762776490384615 0.7919753028846154 0.6138902067307692 0.7888888846153846 0.6103145552884615 0.8382716009615384
12 0.5417476538461539 0.7996913533653847 0.6051069423076924 0.8305555504807691 0.6129183605769231 0.779629625 0.5496538557692308 0.7549382668269231 0.5417476538461539 0.7996913533653847
12 0.47578456009615383 0.7564814759615385 0.5356721057692307 0.8012345625 0.5469552668269231 0.7533950576923077 0.4845499302884615 0.7117283894230769 0.47578456009615383 0.7564814759615385
12 0.4176328846153846 0.6932098725961539 0.474916625 0.7410493774038461 0.48967152644230766 0.6947530817307693 0.42978398076923074 0.651543204326923 0.4176328846153846 0.6932098725961539
12 0.5929558461538462 0.6577160456730768 0.6589189399038461 0.6700617235576923 0.6606548100961539 0.6129629591346154 0.5956608004807692 0.6083333293269231 0.5929558461538462 0.6577160456730768
12 0.5695215889423078 0.6978395024038462 0.6346167475961538 0.7317901177884616 0.6406922956730768 0.6824074038461538 0.5791679855769231 0.654629625 0.5695215889423078 0.6978395024038462
12 0.5573704927884615 0.7533950576923077 0.61986184375 0.779629625 0.626805329326923 0.7287036995192308 0.5644109206730769 0.7009259206730769 0.5573704927884615 0.7533950576923077
12 0.5755971370192308 0.3336419711538462 0.6389564254807693 0.37530863701923073 0.6485037139423077 0.32901234134615387 0.5868802980769231 0.279629625 0.5755971370192308 0.3336419711538462
12 0.5695215889423078 0.39382715625000003 0.6320129423076923 0.4416666610576923 0.6441640384615385 0.39074073557692307 0.5782009423076923 0.3413580192307692 0.5695215889423078 0.39382715625000003
12 0.5070302355769231 0.3444444399038461 0.5686536538461539 0.39074073557692307 0.5782009423076923 0.3398148100961539 0.5184038557692308 0.2996913533653846 0.5070302355769231 0.3444444399038461
12 0.5634460408653846 0.45401234134615387 0.6250694567307692 0.49259258894230773 0.6372205528846154 0.4462962908653846 0.5755971370192308 0.404629625 0.5634460408653846 0.45401234134615387
12 0.48880359134615387 0.3922839447115385 0.5504270096153846 0.4416666610576923 0.5608422331730769 0.39074073557692307 0.5019109206730769 0.3459876490384615 0.48880359134615387 0.3922839447115385
12 0.5408797187500001 0.5033950576923076 0.6025031346153846 0.5481481442307692 0.6129183605769231 0.4972222163461538 0.552258141826923 0.45555555048076923 0.5408797187500001 0.5033950576923076
12 0.4792563004807692 0.44320987259615385 0.5382759110576922 0.49259258894230773 0.5486911370192308 0.4401234519230769 0.4897579014423077 0.4015432043269231 0.4792563004807692 0.44320987259615385
12 0.46536933413461534 0.49259258894230773 0.5235210096153846 0.5419753028846154 0.534804170673077 0.49259258894230773 0.4758692548076923 0.44938271153846154 0.46536933413461534 0.49259258894230773
12 0.5374079759615384 0.5620370312499999 0.599899329326923 0.6067901177884616 0.6111824903846154 0.5604938221153846 0.5460873317307692 0.5141975264423077 0.5374079759615384 0.5620370312499999
12 0.4575579158653846 0.5481481442307692 0.51397371875 0.5975308605769231 0.5235210096153846 0.5481481442307692 0.4663205216346154 0.5033950576923076 0.4575579158653846 0.5481481442307692
12 0.520917201923077 0.6114197475961538 0.5842764903846154 0.6561728341346154 0.5912199759615384 0.6067901177884616 0.5331610408653846 0.5620370312499999 0.520917201923077 0.6114197475961538
12 0.5052943653846154 0.6561728341346154 0.5651819110576923 0.7009259206730769 0.5747292019230769 0.6530864158653846 0.5165775264423077 0.6098765384615384 0.5052943653846154 0.6561728341346154
12 0.4410671418269231 0.6006172788461538 0.4992188173076923 0.64382715625 0.5105019783653846 0.5975308605769231 0.4532999302884615 0.554320983173077 0.4410671418269231 0.6006172788461538
12 0.5009546875 0.6577160456730768 0.48967152644230766 0.7055555504807691 0.5512949447115385 0.7487654278846154 0.5617101682692307 0.7009259206730769 0.5010431057692307 0.6577160456730768 0.5009546875 0.6577160456730768
12 0.43238778605769235 0.6484567860576923 0.48967152644230766 0.6962962908653847 0.5009546875 0.651543204326923 0.44201532692307693 0.6052469086538461 0.43238778605769235 0.6484567860576923