12 0.14433315624999998 0.1616941153846154 0.1524711778846154 0.10208763221153846 0.08639044711538461 0.077203375 0.07922899038461538 0.1316015216346154 0.14433315624999998 0.1616941153846154
12 0.12776700240384614 0.22078615384615385 0.13883471153846155 0.16060096875 0.07438158653846154 0.12703615384615385 0.06429043990384616 0.1872213389423077 0.12776700240384614 0.22078615384615385
12 0.12267894471153847 0.27012601201923075 0.13114248557692307 0.21630656971153844 0.06864248557692308 0.18158434615384617 0.05855133894230769 0.2354037908653846 0.12267894471153847 0.27012601201923075
12 0.11681956971153847 0.3254672403846154 0.12625967307692307 0.2699116826923077 0.060178944711538465 0.23229594230769232 0.05269196394230769 0.29132372115384614 0.11681956971153847 0.3254672403846154
12 0.11116543990384614 0.3806584206730769 0.12093106490384614 0.32683897596153844 0.056477939903846155 0.2932741610576923 0.04801439903846154 0.3418852716346154 0.11116543990384614 0.3806584206730769
12 0.10778990384615385 0.4368570120192308 0.11625344471153845 0.3841949735576923 0.05114927884615384 0.3488940480769231 0.04366230048076923 0.39808386298076925 0.10778990384615385 0.4368570120192308
12 0.10624721875 0.4882329783653846 0.11471075961538461 0.4344135336538461 0.05058315625 0.40084871874999994 0.042445134615384614 0.4494598293269231 0.10624721875 0.4882329783653846
12 0.10266649038461538 0.5442172403846154 0.11275763461538461 0.4909764975961538 0.04797899038461539 0.4579903870192308 0.040492009615384614 0.5066014975961538 0.10266649038461538 0.5442172403846154
12 0.09774829567307693 0.6017875673076923 0.10556079567307693 0.5508616418269231 0.04240975240384615 0.5138246033653846 0.03427173317307692 0.56475053125 0.09774829567307693 0.6017875673076923
12 0.21319498317307695 0.17665640624999998 0.21807779567307695 0.1234156658653846 0.1519970673076923 0.11010548076923077 0.14971842067307692 0.16334622115384614 0.21319498317307695 0.17665640624999998
12 0.19976861057692308 0.23300886538461538 0.20432590144230767 0.17861071875 0.13922173557692308 0.16067090384615385 0.13531548557692308 0.21738386538461538 0.19976861057692308 0.23300886538461538
12 0.1941547019230769 0.28646782211538463 0.19773543028846152 0.23149097115384618 0.1316547019230769 0.2147085625 0.1287250144230769 0.2714215264423077 0.1941547019230769 0.28646782211538463
12 0.18939460336538463 0.34036316346153844 0.19199876923076922 0.28307149759615385 0.12754564423076922 0.27091871875 0.12494147836538462 0.32531686778846153 0.18939460336538463 0.34036316346153844
12 0.1842236658653846 0.3974365985576923 0.18878095673076922 0.3372514134615385 0.12400231249999999 0.32336252403846155 0.12009606249999999 0.3806541899038462 0.1842236658653846 0.3974365985576923
12 0.1788125625 0.4492258677884615 0.1827188125 0.3965638293269231 0.11924225000000001 0.37630919951923075 0.11501048076923077 0.4330221634615385 0.1788125625 0.4492258677884615
12 0.1792234014423077 0.5093350913461538 0.18247861057692308 0.45146472115384617 0.1186765264423077 0.43815453605769233 0.11542131971153848 0.4913952764423077 0.1792234014423077 0.5093350913461538
12 0.16015625 0.5653935192307692 0.16438802163461538 0.5109953701923077 0.10091145913461538 0.49652777884615384 0.09635416586538462 0.5497685192307692 0.16015625 0.5653935192307692
12 0.16632001923076922 0.6148773653846153 0.17315595673076922 0.5604792163461538 0.10837731249999999 0.5425394014423077 0.10479658173076922 0.5975162548076923 0.16632001923076922 0.6148773653846153
12 0.2798040769230769 0.20138888942307692 0.2859889735576923 0.14236111057692308 0.2212103269230769 0.12384259375 0.21502543028846155 0.1811342596153846 0.2798040769230769 0.20138888942307692
12 0.27264261778846155 0.25390859134615384 0.2791530360576923 0.20008914663461536 0.21111918028846155 0.17983451682692309 0.2065618894230769 0.23596877644230768 0.27264261778846155 0.25390859134615384
12 0.2629570120192308 0.30664652403846154 0.2688163870192308 0.24877615384615387 0.2030611778846154 0.2308363389423077 0.19882940865384613 0.28465578365384614 0.2629570120192308 0.30664652403846154
12 0.2552298677884615 0.3620598076923077 0.2601126802884615 0.3024533269230769 0.19338090865384616 0.2868283269230769 0.19110226201923078 0.34006906730769226 0.2552298677884615 0.3620598076923077
12 0.2492904375 0.4168184278846154 0.25645189423076925 0.3601054639423077 0.1867904375 0.3386934278846154 0.19037116586538463 0.34679527884615385 0.18744147836538463 0.39540638942307693 0.2492904375 0.4168184278846154
12 0.24473314423076922 0.4689018245192308 0.25026699999999996 0.41450367788461534 0.18613939423076922 0.39540645432692306 0.18125658173076922 0.45038330769230767 0.24473314423076922 0.4689018245192308
12 0.24526143509615383 0.5243150120192308 0.25046976923076925 0.4652872355769231 0.18438904086538463 0.4473474206730769 0.18113383173076925 0.5069539014423077 0.24526143509615383 0.5243150120192308
12 0.24469048557692308 0.5799369759615385 0.25120090144230767 0.5284323461538462 0.18446913221153846 0.5035480865384615 0.18153944471153846 0.5625758653846155 0.24469048557692308 0.5799369759615385
12 0.23370283173076922 0.6325231490384616 0.23826012500000002 0.578125 0.17380700000000002 0.5630787043269231 0.1695752283653846 0.6134259254807692 0.23370283173076922 0.6325231490384616
12 0.2939294495192308 0.6455487259615384 0.29848674278846155 0.5923079855769231 0.23468465865384613 0.5766829855769231 0.23077840865384613 0.6264515048076924 0.2939294495192308 0.6455487259615384
12 0.34726690865384613 0.2126119495192308 0.3528007620192308 0.15474157932692306 0.2863945120192308 0.13159343028846154 0.28606899038461536 0.14143139423076923 0.28086065865384613 0.1906212091346154 0.34726690865384613 0.2126119495192308
12 0.34067643509615386 0.2641924278846154 0.34751237259615386 0.20690075961538462 0.27980404086538463 0.19011835336538463 0.2755722692307692 0.24335909374999998 0.34067643509615386 0.2641924278846154
12 0.3316045480769231 0.3254496826923077 0.33909152644230767 0.26815801442307696 0.2723597572115385 0.2479033846153846 0.26682590144230767 0.30172282932692307 0.3316045480769231 0.3254496826923077
12 0.3242776442307692 0.3753699278846154 0.3304625384615385 0.3192356682692308 0.26503285096153845 0.29782363221153846 0.25949899759615386 0.35222178125 0.3242776442307692 0.3753699278846154
12 0.31520571875 0.4289712043269231 0.3213906153846154 0.3763091682692308 0.25661196875000003 0.35605453846153845 0.25238019951923074 0.40929527884615385 0.31520571875 0.4289712043269231
12 0.310813875 0.48011536298076923 0.31895189423076925 0.42629591826923074 0.25352220673076925 0.4060412884615384 0.248313875 0.46391165865384615 0.310813875 0.48011536298076923
12 0.31064846394230766 0.5387826057692308 0.31553127644230766 0.48149093990384617 0.2527057548076923 0.4618150120192308 0.2481484639423077 0.5185279759615384 0.31064846394230766 0.5387826057692308
12 0.30666215865384616 0.592886625 0.31512569951923075 0.5379097740384615 0.24937049278846152 0.5188125504807692 0.24644080528846152 0.5737894014423077 0.30666215865384616 0.592886625
12 0.40663967788461536 0.23379629567307691 0.41249905288461536 0.17650462980769233 0.3503245745192308 0.15567129567307691 0.34576728125 0.20833333413461538 0.40663967788461536 0.23379629567307691
12 0.4005348725961539 0.2898641153846154 0.4080218533653846 0.23372985817307693 0.3455218533653846 0.20768818990384613 0.3445452908653846 0.21810485817307693 0.3390114350961539 0.26613726442307695 0.4005348725961539 0.2898641153846154
12 0.3966660192307693 0.33941446634615385 0.4054550817307693 0.28501631971153846 0.3419785192307693 0.26360428125 0.33546810336538463 0.31684502163461536 0.3966660192307693 0.33941446634615385
12 0.38975002644230766 0.39844224519230764 0.396911485576923 0.33941446634615385 0.3357135673076923 0.31684502163461536 0.3279010673076923 0.3689283557692308 0.38975002644230766 0.39844224519230764
12 0.38063548076923076 0.44676868509615386 0.386820375 0.3900557211538462 0.3213906875 0.3680649807692308 0.3155313125 0.41899090625 0.38063548076923076 0.44676868509615386
12 0.3764463677884615 0.5049237259615384 0.38360782692307693 0.45110428125 0.3198057427884615 0.42506261538461537 0.31329532692307693 0.4777246514423077 0.3764463677884615 0.5049237259615384
12 0.37018145432692307 0.5575858269230769 0.3776684326923077 0.5060811971153846 0.3151684326923077 0.47888212500000005 0.31158770432692307 0.5338589759615384 0.37018145432692307 0.5575858269230769
12 0.36855377644230775 0.6132171826923076 0.3740876298076923 0.555925516826923 0.31386627644230775 0.5356708870192308 0.3083324230769231 0.5900690360576923 0.36855377644230775 0.6132171826923076
12 0.35996751923076925 0.6631944447115384 0.3632227283653846 0.61053240625 0.29811856249999996 0.59259259375 0.2948633533653846 0.6475694447115384 0.35996751923076925 0.6631944447115384
12 0.47474836057692305 0.2597715408653846 0.48288638221153846 0.20653079807692307 0.41810773557692305 0.17470209615384616 0.40964419471153846 0.2314150576923077 0.47474836057692305 0.2597715408653846
12 0.46653028365384613 0.3206777475961538 0.47531934615384613 0.25933515625000003 0.4085875769230769 0.23213608173076924 0.4017516394230769 0.29000645192307695 0.46653028365384613 0.3206777475961538
12 0.45973696875 0.37261877884615385 0.46917707451923074 0.313591 0.40374738701923074 0.2910215552884615 0.39626040625 0.34715581490384617 0.45973696875 0.37261877884615385
12 0.4523300817307693 0.43352497115384614 0.4601425817307693 0.3733397860576923 0.39536393509615386 0.3438258966346154 0.39438737259615386 0.35424256249999997 0.38624935336538463 0.40864071153846154 0.4523300817307693 0.43352497115384614
12 0.4440319134615385 0.48430859375 0.45151889423076924 0.42470211057692303 0.38478712259615383 0.4021326682692308 0.37827670673076924 0.45768822355769234 0.4440319134615385 0.48430859375
12 0.437767 0.54094559375 0.4446029375 0.48423263221153845 0.38047533173076925 0.4616631875 0.3720117908653846 0.5183761514423076 0.437767 0.54094559375
12 0.43544565865384616 0.5907141129807691 0.44228159615384616 0.538052076923077 0.37554982451923075 0.5189548533653846 0.37001597115384616 0.569302076923077 0.43544565865384616 0.5907141129807691
12 0.43011987259615386 0.6472848365384615 0.4372813317307692 0.5923079855769231 0.37315372836538463 0.5708959495192307 0.36631779086538463 0.624715391826923 0.43011987259615386 0.6472848365384615
12 0.41994340865384616 0.7016070576923077 0.42547726201923075 0.6495237235576923 0.3577689302884615 0.6205885384615384 0.35223507451923075 0.6813524278846154 0.41994340865384616 0.7016070576923077
12 0.6128764519230769 0.2550402283653846 0.5995300985576922 0.20353559855769232 0.5393087451923078 0.2533041177884615 0.5526550985576922 0.30538744951923075 0.6128764519230769 0.2550402283653846
12 0.5707237836538461 0.38571000480769235 0.5834190961538461 0.3336266706730769 0.5231977403846154 0.2902238942307692 0.5111534711538461 0.3370988942307692 0.5707237836538461 0.38571000480769235
12 0.5589060264423077 0.43663593028846154 0.5709502980769231 0.38686741346153847 0.5077992572115385 0.3382563004807692 0.4964060264423077 0.3903396346153846 0.5589060264423077 0.43663593028846154
12 0.5423704543269231 0.4920154086538462 0.5557168076923077 0.4381959639423077 0.49289128846153846 0.3924783701923077 0.48214910096153846 0.4451404086538462 0.5423704543269231 0.4920154086538462
12 0.5283731442307692 0.5445601850961539 0.5413939759615385 0.48958333413461536 0.4808471009615385 0.4415509254807692 0.4681517884615385 0.49479166586538464 0.5283731442307692 0.5445601850961539
12 0.6440935216346154 0.37529330048076925 0.6558122716346154 0.32147385576923077 0.5939633125 0.2705479302884615 0.5806169591346154 0.3261034855769231 0.6440935216346154 0.37529330048076925
12 0.6363799855769231 0.43698000240384616 0.6494008197115384 0.38142444711538465 0.5885284230769231 0.3339707427884615 0.5745310264423077 0.39126240865384615 0.6363799855769231 0.43698000240384616
12 0.5179894086538461 0.5955448173076923 0.5313357620192307 0.5446188894230769 0.4714399278846154 0.49369296394230766 0.4685102403846154 0.5023735192307692 0.4567914903846154 0.5475124086538462 0.5179894086538461 0.5955448173076923
12 0.5060111274038461 0.6395849278846154 0.5180553990384615 0.5892377067307693 0.45783404326923083 0.5446775216346154 0.44513873076923083 0.5921312235576923 0.5060111274038461 0.6395849278846154
12 0.49823160096153846 0.6939243701923077 0.5096248293269231 0.6458919639423077 0.44777587259615387 0.5955447403846154 0.43508056009615387 0.6429984447115384 0.49823160096153846 0.6939243701923077
12 0.47938440865384613 0.7430555552884616 0.4933818052884615 0.6915509254807692 0.4338114927884615 0.6383101850961539 0.43153284615384613 0.6458333341346154 0.4201396177884615 0.6944444447115384 0.47938440865384613 0.7430555552884616
12 0.6304875937500001 0.4901033317307692 0.6428573870192308 0.43801999759615384 0.5774276995192308 0.39577462740384617 0.5666855120192308 0.4432283317307692 0.6304875937500001 0.4901033317307692
12 0.5473861875 0.5062640913461538 0.6085587836538461 0.5480573942307692 0.6209285745192308 0.49481665384615386 0.5569775841346154 0.44699105528846156 0.5450822211538461 0.49886757932692305 0.5473861875 0.5062640913461538
12 0.5924676466346154 0.6492467740384615 0.60190775 0.6017930721153847 0.5377801466346154 0.5566541826923077 0.527689 0.6041078870192308 0.5924676466346154 0.6492467740384615
12 0.6043184182692308 0.6034120721153846 0.6166882115384615 0.5507500360576923 0.5512585240384615 0.5085046658653846 0.5414928990384615 0.5548009615384616 0.6043184182692308 0.6034120721153846
12 0.5678270697115384 0.7006342187500001 0.5847541538461538 0.6520231081730768 0.5186734230769231 0.605148108173077 0.5079312355769231 0.6566527379807692 0.5678270697115384 0.7006342187500001
12 0.5584199807692308 0.7532376274038461 0.5694876899038461 0.6994181826923077 0.5099173774038461 0.6542792932692307 0.5050345649038461 0.6548579975961538 0.49396685576923083 0.7046265168269231 0.5584199807692308 0.7532376274038461
12 0.5421768701923078 0.7998858533653846 0.5525935384615385 0.7408580769230769 0.49107010096153847 0.7009275216346154 0.4806534326923077 0.7512747427884615 0.5421768701923078 0.7998858533653846
12 0.7235536201923077 0.30405407692307695 0.7137879951923077 0.2473411153846154 0.648683829326923 0.28842907692307695 0.6597515384615384 0.34629944711538463 0.7235536201923077 0.30405407692307695
12 0.722902579326923 0.3649353028846154 0.7105327884615384 0.3111158581730769 0.641847891826923 0.3545186346153846 0.645754141826923 0.36262048798076923 0.657472891826923 0.40949548798076923 0.722902579326923 0.3649353028846154
12 0.7228695624999999 0.43067289182692303 0.7101742499999999 0.3780108533653846 0.6440935216346154 0.4202562235576923 0.6554867499999999 0.47118214903846156 0.7228695624999999 0.43067289182692303
12 0.6975779447115384 0.5109366658653847 0.687486798076923 0.4559598125 0.6214060697115384 0.4970477764423077 0.6311716947115384 0.5479737019230769 0.6975779447115384 0.5109366658653847
12 0.6903174375 0.5876696634615385 0.6828304591346155 0.5297992908653846 0.6164242091346155 0.5500539206730769 0.6180518125 0.5593131802884616 0.6216325408653846 0.6067668846153846 0.6903174375 0.5876696634615385
12 0.7628756514423076 0.5321728125 0.7518079447115384 0.48124688701923074 0.6840996105769231 0.5188626274038461 0.6980970072115384 0.5767329975961538 0.7628756514423076 0.5321728125
12 0.7785006514423076 0.45665585336538467 0.7664563822115384 0.40688733413461536 0.7003756514423076 0.4502901105769231 0.7117688822115384 0.5000586298076923 0.7785006514423076 0.45665585336538467
12 0.7895023701923077 0.39369456009615383 0.776156016826923 0.3404538197115385 0.708773204326923 0.37864826201923074 0.7240726826923077 0.4342038197115385 0.7895023701923077 0.39369456009615383
12 0.793050125 0.2703133341346154 0.7829589807692308 0.21302166826923077 0.71687825 0.2523735192307692 0.7263183557692308 0.3137161129807692 0.793050125 0.2703133341346154
12 0.7924320576923077 0.3321172211538462 0.780062266826923 0.2777190721153846 0.7130049735576923 0.3234366658653846 0.7247237235576923 0.3778348125 0.7924320576923077 0.3321172211538462
12 0.6666534230769231 0.6652159591346154 0.6682810264423077 0.6061881802884616 0.5989450889423077 0.6044520697115384 0.5982940480769231 0.6553779951923077 0.6666534230769231 0.6652159591346154
12 0.6409372764423077 0.7288732908653847 0.6487497764423077 0.6767899567307692 0.5846221730769231 0.6478547716346154 0.5748565480769231 0.7016742163461539 0.6409372764423077 0.7288732908653847
12 0.6262228485576924 0.7793379230769231 0.6359884735576924 0.7289907019230769 0.5695822235576923 0.6960045913461539 0.5617697235576923 0.7457731081730768 0.6262228485576924 0.7793379230769231
12 0.6094277451923077 0.8294504759615384 0.6172402451923078 0.7779458461538462 0.5550657668269231 0.7455384374999999 0.5459511826923077 0.7982004759615384 0.6094277451923077 0.8294504759615384
12 0.6842102451923077 0.839988014423077 0.6848612860576923 0.7832750504807693 0.614223264423077 0.7769093100961538 0.614223264423077 0.8330435697115385 0.6842102451923077 0.839988014423077
12 0.7091031538461539 0.7553764014423077 0.6986864879807692 0.7015569567307692 0.6339078413461539 0.729334733173077 0.6355354447115384 0.7374365865384616 0.6426969038461539 0.7819967716346153 0.7091031538461539 0.7553764014423077
12 0.7577663245192308 0.7715801057692308 0.7431178870192308 0.7252838076923077 0.6832220552884615 0.7710014014423077 0.6972194495192308 0.8271356610576923 0.7577663245192308 0.7715801057692308
12 0.8230639903846153 0.7425863653846154 0.8142749278846153 0.6910817355769231 0.7501473245192307 0.7188595120192307 0.7579598245192307 0.7726789567307691 0.8230639903846153 0.7425863653846154
12 0.8477706850961538 0.7056079567307693 0.8536300600961538 0.651788514423077 0.7859217259615385 0.6280616610576922 0.7810389134615385 0.6870894399038462 0.8477706850961538 0.7056079567307693
12 0.750246329326923 0.5969289206730769 0.737551016826923 0.5483178100961539 0.6714702884615384 0.5940354038461538 0.6757020576923077 0.5980863293269231 0.6851421634615384 0.6466974399038462 0.750246329326923 0.5969289206730769
12 0.7291204495192307 0.6773687355769231 0.7141464903846154 0.6241279951923077 0.6509954495192307 0.6675307740384615 0.6679225336538461 0.7201928100961539 0.7291204495192307 0.6773687355769231
12 0.7910353557692308 0.6238346201923076 0.7773634807692308 0.5758022115384616 0.7148634807692308 0.6302003605769231 0.7285353557692308 0.6793901754807692 0.7910353557692308 0.6238346201923076
12 0.7782740528846154 0.6969274014423077 0.7633000937500001 0.6477375865384616 0.7008000937500001 0.6969274014423077 0.7164250937500001 0.7501681442307693 0.7782740528846154 0.6969274014423077
12 0.8744303341346154 0.6582127331730769 0.8812662716346154 0.6049719927884616 0.8171386682692308 0.5777729182692307 0.8083496057692308 0.6391155120192308 0.8744303341346154 0.6582127331730769
12 0.8253426370192307 0.5871495504807692 0.8292488870192307 0.5275430697115385 0.7618660745192307 0.5119180697115385 0.7560066995192307 0.5663162163461538 0.8253426370192307 0.5871495504807692
12 0.8432133076923077 0.5288765552884616 0.8497237235576923 0.4721635913461538 0.7807133076923077 0.4519089615384615 0.775179454326923 0.5109367403846155 0.8432133076923077 0.5288765552884616
12 0.8532055336538461 0.47667588701923075 0.8603669903846154 0.41706940625000005 0.7907055336538461 0.3991295913461539 0.7835440745192308 0.4593147764423077 0.8532055336538461 0.47667588701923075
12 0.8582532139423077 0.4232591418269231 0.8631360264423077 0.3624952548076923 0.795102173076923 0.34744895673076925 0.787289673076923 0.4018471057692308 0.8582532139423077 0.4232591418269231
12 0.8662262812500001 0.3604737403846154 0.8717601346153846 0.3037607764423077 0.7985179471153846 0.2835061466346154 0.7942861778846153 0.3379042956730769 0.8662262812500001 0.3604737403846154
12 0.8577956274038462 0.29791503365384614 0.8649570865384616 0.24351688701923077 0.7952956274038462 0.22326225721153847 0.7894362524038462 0.2788178125 0.8577956274038462 0.29791503365384614
12 0.9258955144230769 0.3269089615384615 0.9343590576923078 0.2696172956730769 0.8669762451923078 0.2383672956730769 0.8585127019230769 0.29739507451923075 0.9258955144230769 0.3269089615384615
12 0.9308400576923077 0.3821204086538461 0.9406056826923077 0.3259861514423077 0.8715952668269231 0.29647226201923077 0.8631317259615384 0.3560787427884616 0.9308400576923077 0.3821204086538461
12 0.9236499278846153 0.44779929326923074 0.93309003125 0.38529929326923074 0.8634285745192307 0.35694281250000004 0.85496503125 0.4177067019230769 0.9236499278846153 0.44779929326923074
12 0.917300079326923 0.5016774807692308 0.927065704326923 0.4426497043269231 0.8600084110576923 0.4154506298076923 0.8521959110576923 0.47563581490384615 0.917300079326923 0.5016774807692308
12 0.9092940360576923 0.558617141826923 0.916781016826923 0.5019041778846154 0.8480961201923077 0.4775986225961538 0.8412601826923077 0.5319967716346153 0.9092940360576923 0.558617141826923
12 0.8968253245192308 0.6035293341346154 0.9004060528846154 0.5485524807692308 0.8339998028846154 0.5225108149038461 0.8333487620192308 0.5317700745192308 0.8271638653846154 0.5815385913461538 0.8968253245192308 0.6035293341346154