11 0.13266360817307693 0.09784470913461538 0.1392306923076923 0.04264813461538462 0.09057455288461538 0.021949418269230768 0.09134650480769231 0.027514649038461538 0.08878352403846154 0.07714602163461538 0.13266360817307693 0.09784470913461538
11 0.2737087331730769 0.19156744951923077 0.27788778124999997 0.13053276201923075 0.21303520432692308 0.11538075 0.21128279567307692 0.12003831971153846 0.20744084855769232 0.17378778125 0.2737087331730769 0.19156744951923077
11 0.20736623076923077 0.17219559615384616 0.21382791346153845 0.1178793076923077 0.1457251466346154 0.10107692067307691 0.14431298557692307 0.10031708413461539 0.14035207451923076 0.1570696177884615 0.20736623076923077 0.17219559615384616
11 0.19975437740384613 0.23017852644230768 0.2661715096153846 0.24795822355769231 0.27310915625 0.19167409375 0.20467968269230769 0.17365511538461537 0.2034275673076923 0.17526934375 0.19975437740384613 0.2293824423076923 0.19975437740384613 0.23017852644230768
11 0.19706779567307692 0.22739218269230768 0.1990080721153846 0.17325705528846153 0.1340834543269231 0.15627348557692308 0.13226380048076922 0.15667445673076924 0.12912743509615385 0.21606554807692308 0.19706779567307692 0.22739218269230768
11 0.25602235576923077 0.30091546875 0.2606491634615385 0.2454535168269231 0.1961723076923077 0.22820458653846154 0.1951275360576923 0.23085827403846154 0.1916947451923077 0.2834011778846154 0.25602235576923077 0.30091546875
11 0.12259104807692307 0.2706635 0.1867694014423077 0.28393190865384615 0.19064996875 0.22740848076923076 0.12617309615384614 0.2128132235576923 0.12556294471153845 0.21381936057692308 0.12244180048076923 0.2680098149038461 0.12259104807692307 0.2706635
11 0.24885822115384615 0.3577042860576923 0.25348503125 0.30197694471153846 0.18856041346153846 0.28525875 0.18854876923076924 0.28817026201923074 0.18542611778846155 0.33886314423076924 0.24885822115384615 0.3577042860576923
11 0.24661690625000002 0.4149558461538462 0.24915675 0.3516171129807692 0.18423213221153847 0.3348989206730769 0.18363586298076923 0.3353781778846154 0.1806500769230769 0.3903608725961538 0.24661690625000002 0.4149558461538462
11 0.2410225673076923 0.4660071274038462 0.24520161538461538 0.4105451754807692 0.1810232548076923 0.39382696875 0.18087400480769228 0.39382696875 0.18013778125 0.3947138052884615 0.17579943509615384 0.4498196730769231 0.2410225673076923 0.4660071274038462
11 0.24132100721153846 0.52241415625 0.2441567884615385 0.4669522043269231 0.1787844110576923 0.44996864423076927 0.17906106490384616 0.45020729807692306 0.1753516201923077 0.5056959783653846 0.24132100721153846 0.52241415625
11 0.24236576201923077 0.5785558413461538 0.23982849278846155 0.5774943677884615 0.24400754086538462 0.5220324158653846 0.17803815384615385 0.5047834855769231 0.17749856490384616 0.5038489567307692 0.17415760096153846 0.5615722740384615 0.24236576201923077 0.5785558413461538
11 0.16445624759615385 0.5552034735576923 0.16319667307692307 0.5562410817307692 0.16600526442307692 0.5572138245192307 0.1587463605769231 0.6151657043269231 0.22516352403846154 0.6330780745192308 0.2308733798076923 0.5743099783653846 0.16445624759615385 0.5552034735576923
11 0.29053154326923075 0.649030079326923 0.2936658365384615 0.5925066514423076 0.22933822836538462 0.577115295673077 0.22939312499999998 0.5779448701923077 0.2269501923076923 0.6328426225961539 0.29053154326923075 0.649030079326923
11 0.30537143028846153 0.5370446826923077 0.310446 0.48025587980769235 0.24596914182692306 0.46274157451923076 0.24516134375 0.4635453197115385 0.24089457211538462 0.5208572139423077 0.30537143028846153 0.5370446826923077
11 0.3089438221153846 0.4868121466346154 0.31340973076923073 0.42627506490384615 0.24803736778846153 0.4087607596153846 0.24715028846153847 0.40988526442307693 0.24415681730769231 0.46501882451923077 0.3089438221153846 0.4868121466346154
11 0.3115620264423077 0.4303824326923077 0.31790523798076925 0.37399170913461544 0.2488761875 0.3534257235576923 0.24847518028846152 0.3556565985576923 0.24347454807692306 0.4111491225961539 0.3115620264423077 0.4303824326923077
11 0.44724331490384617 0.42788556971153846 0.4541088942307692 0.37109676682692305 0.38634849519230774 0.34535605288461535 0.3854543052884616 0.3477281778846154 0.3793336514423077 0.40187948076923075 0.44724331490384617 0.42788556971153846
11 0.4455802211538461 0.42412982692307694 0.37871532692307697 0.40051206250000004 0.37304374759615383 0.4554432836538461 0.37349150961538463 0.4562393822115384 0.37423776682692306 0.4588930697115385 0.4396101442307693 0.4811839975961538 0.4455802211538461 0.42412982692307694
11 0.43451426442307695 0.5393375288461538 0.44078285096153846 0.4852024134615384 0.44078285096153846 0.48175262740384617 0.37361944471153846 0.4581348629807692 0.3736167548076923 0.45782946634615385 0.3682463798076923 0.5165158653846154 0.43451426442307695 0.5393375288461538
11 0.3751546081730769 0.44615539663461534 0.38231871875 0.3904280769230769 0.3169463389423077 0.3665449375 0.3166478341346154 0.37264840865384613 0.3154022451923077 0.3727247548076923 0.31052850240384616 0.42439520673076925 0.3751546081730769 0.44615539663461534
11 0.37178578124999995 0.5027546442307692 0.3767111033653846 0.45260005048076923 0.37536782211538466 0.4512732139423077 0.37536782211538466 0.44463900480769236 0.31507001923076927 0.4250017644230769 0.3144730096153846 0.4260632379807693 0.3093984399038462 0.4807290913461539 0.37178578124999995 0.5027546442307692
11 0.36558116826923076 0.555636125 0.3714019951923077 0.501235641826923 0.3109549350961538 0.4815983870192308 0.3104299134615385 0.48417475721153846 0.30543261298076924 0.5375910673076923 0.36558116826923076 0.555636125
11 0.3645150985576923 0.6125006778846154 0.36690313461538465 0.5546504158653847 0.3064560697115385 0.5368707475961538 0.3066896923076923 0.5385527524038461 0.30272476682692306 0.5939248990384616 0.3645150985576923 0.6125006778846154
11 0.34909946875000003 0.6629559182692308 0.3564128125 0.6096169158653846 0.29342846875 0.5905104062500001 0.29250834615384613 0.5929273942307692 0.28954791826923076 0.6494221514423076 0.34909946875000003 0.6629559182692308
11 0.41272348317307694 0.7004107692307693 0.41824581250000004 0.6436219807692307 0.35227642307692303 0.6255769230769231 0.35197791105769227 0.6253115745192308 0.3522625985576923 0.6281562283653847 0.34690334134615386 0.6797120384615384 0.41272348317307694 0.7004107692307693
11 0.42624143990384616 0.65067315625 0.4322115144230769 0.5941497307692308 0.36400335336538464 0.5723895408653846 0.36487976442307696 0.5744122788461539 0.36057054807692307 0.6289129663461538 0.42624143990384616 0.65067315625
11 0.4294823293269231 0.5944530096153846 0.4356016682692308 0.5381949591346153 0.36963228125 0.5156386538461539 0.36859721634615383 0.5167096394230769 0.3636622067307692 0.5711006129807692 0.4294823293269231 0.5944530096153846
11 0.3824679663461538 0.3931981346153846 0.3899305576923077 0.33614397596153844 0.32754322355769233 0.31650672115384615 0.3269462139423077 0.31809892548076923 0.32246865384615386 0.3714379423076923 0.3824679663461538 0.3931981346153846
11 0.39084741586538463 0.3389519519230769 0.3975637475961538 0.28189778846153846 0.33457940625 0.2604029735576923 0.3347674879807692 0.26258321875 0.32935558894230765 0.31958007211538464 0.39084741586538463 0.3389519519230769
11 0.3980327980769231 0.28311089182692306 0.4048983966346154 0.22446452403846154 0.34251106249999996 0.20641948076923075 0.341302298076923 0.2080374423076923 0.3350484567307692 0.2624121754807692 0.3980327980769231 0.28311089182692306
11 0.4052395408653846 0.2287130528846154 0.4113588798076923 0.16741300240384616 0.34598650240384615 0.1477757548076923 0.34454612259615386 0.14886204807692308 0.3407626826923077 0.2042991875 0.4052395408653846 0.2287130528846154
11 0.3403149110576923 0.210099375 0.3452402331730769 0.15039153125 0.27882309134615385 0.1312850216346154 0.2789211105769231 0.1316267355769231 0.2735992740384615 0.19046212019230768 0.3403149110576923 0.210099375
11 0.40165702884615384 0.23105091586538462 0.47090995192307694 0.25785310576923076 0.4774770360576923 0.2005335793269231 0.41215779807692304 0.17163075961538463 0.412253920673077 0.16975086778846155 0.4097166370192307 0.16895476201923076 0.4106121490384615 0.16975086778846155 0.40165702884615384 0.23105091586538462
11 0.4626157884615385 0.3155491081730769 0.47022764423076924 0.2566373485576923 0.4027657403846154 0.23036590384615385 0.40197938221153845 0.22996783413461538 0.3953031418269231 0.28874690384615387 0.4626157884615385 0.3155491081730769
11 0.45737065624999995 0.37169078125 0.46408700480769227 0.31224830528846154 0.3955803341346154 0.28597684615384616 0.3949833317307692 0.2865075841346154 0.39587883653846156 0.2862422163461539 0.38886399278846157 0.3478076394230769 0.45737065624999995 0.37169078125
11 0.5043743725961538 0.6420198389423077 0.51571753125 0.5905384110576923 0.45347944711538457 0.5422413798076924 0.4519869158653846 0.5488755889423077 0.4520204783653846 0.5467183413461538 0.4407930216346154 0.5958457572115384 0.5043743725961538 0.6420198389423077
11 0.5148966610576923 0.5918652764423077 0.5266875793269231 0.5395877355769231 0.46250921874999995 0.49049461778846154 0.46239443990384616 0.4912248653846154 0.4507183004807693 0.5430375216346154 0.5148966610576923 0.5918652764423077
11 0.5248965360576923 0.5403675264423077 0.5360904302884616 0.48808998317307695 0.47385234375 0.44165055528846153 0.47329693028846154 0.44176418028846154 0.46176293028846155 0.4952549326923077 0.5248965360576923 0.5403675264423077
11 0.4754195072115385 0.4443042235576923 0.5376575913461539 0.4896821778846154 0.5498962548076923 0.4368738990384615 0.48631490384615383 0.3893730024038462 0.48639550000000004 0.3908382355769231 0.47482249759615386 0.44271201201923077 0.4754195072115385 0.4443042235576923
11 0.5006546971153847 0.3329438293269231 0.5016123701923078 0.33387950480769235 0.48892679567307695 0.38962208653846153 0.5528066610576923 0.4342039591346154 0.5660900769230769 0.3790073533653846 0.5006546971153847 0.3329438293269231
11 0.5697101826923077 0.38740266586538463 0.5810533413461538 0.33034850240384617 0.5176212379807692 0.28815495673076924 0.5165338557692307 0.2895114110576923 0.5056810697115385 0.3438822836538461 0.5697101826923077 0.38740266586538463
11 0.6100828269230769 0.25841743990384614 0.5951576153846154 0.20375158653846154 0.5324717860576923 0.2570905889423077 0.5326210336538462 0.2570905889423077 0.5329195288461539 0.2570905889423077 0.532827360576923 0.2609461370192308 0.5460537139423077 0.3101642307692308 0.6100828269230769 0.25841743990384614
11 0.6385295216346154 0.3747642764423077 0.6509174471153846 0.32115989903846154 0.5895748677884616 0.2712706754807692 0.5868883365384615 0.27312825721153844 0.5867390865384615 0.273393625 0.5869590600961538 0.2743720625 0.574649673076923 0.3259365216346154 0.6385295216346154 0.3747642764423077
11 0.5791272259615384 0.33550608173076923 0.5783556225961538 0.33642068269230774 0.5668885625 0.39373808653846154 0.6324101899038461 0.43778921875 0.6442010913461539 0.38247625721153844 0.5791272259615384 0.33550608173076923
11 0.6380817692307693 0.4348864855769231 0.5727854014423077 0.39266969951923075 0.5733063990384616 0.39481588942307694 0.5610677355769231 0.4492163677884615 0.6255445913461538 0.4916752740384615 0.6380817692307693 0.4348864855769231
11 0.5500206490384616 0.4453621129807692 0.5397247019230769 0.5005814158653846 0.6053955793269231 0.5446325336538462 0.6162909759615385 0.4883744831730769 0.5500206490384616 0.4453621129807692
11 0.5993508870192308 0.6036932043269231 0.61054478125 0.5503541875 0.5469634278846154 0.5055069639423077 0.5460679158653846 0.5086913942307693 0.5345755096153846 0.5604381850961538 0.5993508870192308 0.6036932043269231
11 0.5853958052884616 0.6521229639423077 0.5961419519230768 0.5985185865384616 0.5307695745192308 0.555263579326923 0.5305885961538461 0.5569799302884616 0.5201726826923078 0.60807184375 0.5853958052884616 0.6521229639423077
11 0.6606188100961539 0.6659221033653846 0.6621113413461538 0.6072757139423077 0.5943509254807693 0.6019683677884615 0.5942016778846153 0.6019683677884615 0.5941302644230769 0.6054669326923077 0.591962889423077 0.65902253125 0.6606188100961539 0.6659221033653846
11 0.6842752475961539 0.5844540552884616 0.6774096658653845 0.527665266826923 0.6109925168269231 0.5518137692307692 0.6103955072115385 0.5542020793269231 0.6172611057692308 0.6075410961538462 0.6842752475961539 0.5844540552884616
11 0.6925587427884616 0.5121412259615384 0.6822603557692308 0.4569446394230769 0.6159924711538461 0.4919732403846154 0.614442764423077 0.49375444471153845 0.6249475913461539 0.5474351923076923 0.6925587427884616 0.5121412259615384
11 0.72189940625 0.3067059014423077 0.710407 0.24832489663461538 0.6427958485576923 0.28919159615384615 0.6435472115384615 0.29137757451923074 0.6551837596153847 0.34810334615384614 0.72189940625 0.3067059014423077
11 0.7907046009615384 0.2671660769230769 0.7781674399038461 0.2074582283653846 0.7090136754807692 0.24484327403846157 0.7244367139423077 0.3098903581730769 0.7904061033653846 0.26875828125 0.7907046009615384 0.2671660769230769
11 0.9268293509615385 0.3239099711538461 0.93473971875 0.26446748798076924 0.8647405288461538 0.23501162019230767 0.8645982115384616 0.23543828846153847 0.8554868966346153 0.2952502091346154 0.9268293509615385 0.3239099711538461
11 0.9293666514423078 0.3881290673076923 0.9378740264423077 0.32682900480769234 0.8666808221153846 0.2989653557692308 0.866757735576923 0.3005919615384615 0.8596659759615384 0.3621229639423077 0.9293666514423078 0.3881290673076923
11 0.9250383245192307 0.4450668461538462 0.9327994254807692 0.3877473341346154 0.8628002379807692 0.3598836706730769 0.8624006057692307 0.3610368004807692 0.8542928774038461 0.4185300456730769 0.9250383245192307 0.4450668461538462
11 0.8563708750000001 0.4209044399038462 0.8499645649038462 0.4778561346153846 0.9193667451923078 0.5041275865384616 0.9266801033653846 0.4460119471153846 0.8563708750000001 0.4209044399038462
11 0.9074266105769231 0.5548129014423077 0.9147399519230769 0.4988202259615384 0.8456362788461539 0.47307951201923076 0.8450392692307692 0.4759985600961538 0.8383229278846154 0.53199125 0.9074266105769231 0.5548129014423077
11 0.8938446490384616 0.6098931177884616 0.9004117331730769 0.5536350673076923 0.8293677836538461 0.5294865649038462 0.8295170312500001 0.5300173028846153 0.8236962043269231 0.5862753389423078 0.8938446490384616 0.6098931177884616
11 0.8744418774038463 0.6599313509615385 0.8805612163461538 0.6057962211538461 0.8105620288461538 0.5819130889423076 0.8104127788461538 0.5848321370192308 0.8104127788461538 0.5869550793269231 0.8050397067307693 0.6381711466346154 0.8744418774038463 0.6599313509615385
11 0.9163816995192308 0.7276002067307693 0.9211577716346154 0.6862027596153847 0.870113579326923 0.6716075168269231 0.87026284375 0.6729343389423076 0.8665315408653846 0.7143317860576922 0.9163816995192308 0.7276002067307693
11 0.9154862259615384 0.6843451995192308 0.9199637860576922 0.64215165625 0.8725016490384616 0.6272910360576923 0.8722031514423076 0.6278217740384615 0.8662330600961539 0.6697499567307692 0.9154862259615384 0.6843451995192308
11 0.93608296875 0.5602692644230769 0.9420530600961539 0.5148913076923077 0.9102623750000001 0.5040112067307693 0.9102623750000001 0.5058687860576924 0.9039937884615384 0.5509813798076924 0.93608296875 0.5602692644230769
11 0.9241428173076923 0.6037896586538462 0.9310084134615385 0.558146326923077 0.8975759687499999 0.5515121177884615 0.8961343269230769 0.5524323677884616 0.8916058774038462 0.5958286129807692 0.9241428173076923 0.6037896586538462
11 0.9438440697115384 0.518988204326923 0.9504111706730769 0.47361025 0.9192174975961538 0.46352625240384615 0.9195018413461539 0.46472904567307693 0.9120534038461539 0.510761795673077 0.9438440697115384 0.518988204326923
11 0.9633960913461539 0.4775907451923077 0.9695154158653847 0.43274352644230774 0.9250383245192307 0.4181482764423077 0.9250383245192307 0.4189443822115385 0.92175478125 0.4659145504807692 0.9633960913461539 0.4775907451923077
11 0.9883211634615384 0.33945032932692304 0.9336949326923077 0.3312239134615385 0.9292173701923077 0.3781940889423077 0.9432470625 0.3821746129807692 0.9402620168269231 0.3819092355769231 0.984739108173077 0.38854343990384616 0.9883211634615384 0.33945032932692304
11 0.9681721634615384 0.4328598990384615 0.97459 0.3869511995192308 0.9301129086538461 0.37580573557692304 0.9294738653846154 0.3767660673076923 0.9242920817307693 0.42065296634615384 0.9681721634615384 0.4328598990384615
11 0.8573318317307692 0.2980069471153846 0.863451170673077 0.23591077884615386 0.7928549663461539 0.21813111057692308 0.7927057163461538 0.2215808966346154 0.7926532259615384 0.22174126442307693 0.7858401201923078 0.2783696923076923 0.8573318317307692 0.2980069471153846
11 0.8607646370192307 0.3614299591346154 0.8670332259615384 0.3011913701923077 0.7927057259615384 0.2807580168269231 0.7930598028846153 0.2845801370192308 0.7886759182692308 0.3423234423076923 0.8607646370192307 0.3614299591346154
11 0.8561378125 0.4204906706730769 0.8618093918269231 0.35972136057692305 0.7904669278846155 0.34034948076923077 0.7894839399038461 0.3419197692307692 0.78389984375 0.40164952884615385 0.8561378125 0.4204906706730769
11 0.8562870600961539 0.41692449759615385 0.7844968461538462 0.39887946875 0.78464609375 0.40339071634615387 0.7847125600961539 0.40350890144230767 0.7798700288461539 0.46124099278846153 0.8504662331730769 0.47742844951923075 0.8562870600961539 0.41692449759615385
11 0.840615608173077 0.5293242403846153 0.8465856826923077 0.47067787259615385 0.7752432355769231 0.45475577884615387 0.7743416923076923 0.4572538629807692 0.7704671706730769 0.5147289975961539 0.840615608173077 0.5293242403846153
11 0.8224694927884616 0.5853160120192308 0.8275440600961539 0.5290579471153847 0.7579926346153846 0.5104821682692308 0.7573003533653846 0.5130805168269231 0.7526195673076923 0.5683324447115384 0.8224694927884616 0.5853160120192308
11 0.760878733173077 0.5348395504807693 0.7485654302884615 0.47579513701923076 0.6797845600961538 0.5188412788461538 0.679321483173077 0.5221956442307693 0.6914262139423077 0.5748339663461539 0.760878733173077 0.5348395504807693
11 0.7465002043269231 0.5946202211538462 0.7323212668269231 0.5455271057692308 0.6697846754807693 0.5940894855769231 0.6690952548076923 0.5952817644230769 0.6835158629807693 0.6455709134615385 0.7465002043269231 0.5946202211538462
11 0.7903559879807692 0.6204208125 0.7776695649038461 0.5680105841346154 0.7105305048076923 0.6244741610576923 0.7110923557692307 0.6260377956730768 0.725306451923077 0.6759555889423077 0.7903559879807692 0.6204208125
11 0.8211262259615384 0.7466925072115385 0.8120218557692307 0.6936188653846155 0.7445599519230769 0.7225440048076923 0.7450076971153846 0.7251976923076923 0.7455023245192307 0.7255748149038461 0.7527688004807692 0.7758830072115385 0.8211262259615384 0.7466925072115385
11 0.844646060096154 0.7077636129807693 0.8510638966346153 0.6509748269230768 0.7807661947115385 0.6294799975961538 0.7805885576923076 0.6329202475961538 0.7753931298076923 0.6849419495192308 0.844646060096154 0.7077636129807693
11 0.7744685841346153 0.6948790024038461 0.7602896370192307 0.6444590552884615 0.6968119735576923 0.6979449158653845 0.6969171129807693 0.7010377788461538 0.7112894254807693 0.7494263437500001 0.7744685841346153 0.6948790024038461
11 0.7057712091346153 0.755890701923077 0.6972638485576923 0.7014902115384616 0.6303989543269231 0.7333343990384615 0.6305108629807693 0.7348961562499999 0.6395033245192308 0.787734875 0.7057712091346153 0.755890701923077
11 0.7247262451923077 0.6745552764423077 0.711144298076923 0.6222777500000001 0.6477122115384616 0.6711054975961539 0.6474029759615385 0.6725965625 0.6606971322115385 0.7228523100961539 0.7247262451923077 0.6745552764423077
11 0.636145141826923 0.7305479591346155 0.6436077475961538 0.6748206466346154 0.5767428461538462 0.64748771875 0.5767173149038461 0.6491715865384615 0.5703250096153846 0.7016228341346153 0.636145141826923 0.7305479591346155
11 0.6784581177884615 0.8414881706730769 0.6802491442307693 0.7862915817307693 0.6124887283653846 0.7791266322115384 0.6112750360576923 0.7813164735576923 0.6111454615384615 0.8351193221153845 0.6784581177884615 0.8414881706730769
11 0.7549497884615385 0.7715636706730769 0.7392783197115385 0.7222051778846155 0.6783835 0.7763402932692307 0.6782798557692308 0.7777511995192307 0.6948012283653846 0.8275563605769231 0.7549497884615385 0.7715636706730769
11 0.5676023437500001 0.70060715625 0.5793932620192307 0.6432876322115385 0.5152149014423076 0.60295165625 0.5134010961538462 0.6034002980769231 0.5029762307692308 0.6546984639423077 0.5676023437500001 0.70060715625
11 0.6215569182692308 0.7810136610576923 0.6296165168269231 0.7282053822115385 0.6299150288461538 0.7282053822115385 0.5630501370192308 0.6974226682692308 0.5627675192307693 0.6987085528846154 0.5558860432692307 0.751292423076923 0.6215569182692308 0.7810136610576923
11 0.5549905288461539 0.7498329975961538 0.5658859254807692 0.69702471875 0.5027523269230769 0.6524428485576923 0.5035829591346154 0.6530757668269231 0.49245393990384617 0.7055164879807693 0.5549905288461539 0.7498329975961538
11 0.6058108485576923 0.8298578076923077 0.6140196947115385 0.7765187932692308 0.5501398485576924 0.745736079326923 0.5487827548076922 0.7466563317307693 0.5401399567307692 0.8006672932692307 0.6058108485576923 0.8298578076923077
11 0.5364086850961539 0.8011980384615385 0.5479010913461538 0.7473283004807693 0.48700626442307693 0.7048693774038461 0.48536449278846155 0.7067269591346155 0.47476760096153847 0.7563508076923077 0.5364086850961539 0.8011980384615385
11 0.4906162115384615 0.6976343317307693 0.5031782596153846 0.6436761298076923 0.4417361850961538 0.5983423990384615 0.44136305048076924 0.5998903822115385 0.44074117067307694 0.6005537980769231 0.42942289423076924 0.6507526225961539 0.4906162115384615 0.6976343317307693
11 0.47668604326923075 0.7447372091346154 0.48862619951923075 0.6918847115384616 0.4273085048076923 0.6436761466346154 0.42855226682692305 0.6456664134615384 0.4159902235576923 0.6949806802884615 0.47668604326923075 0.7447372091346154
11 0.7224463413461539 0.36993882211538465 0.7090136754807692 0.30956753124999997 0.6398346971153847 0.35764722355769235 0.640106 0.3606393004807692 0.6519406923076924 0.41425910096153845 0.7224463413461539 0.36993882211538465
11 0.78958425 0.32904643990384613 0.7766490600961539 0.27361397596153847 0.7084906562500001 0.3196111322115385 0.7084388413461539 0.32214074278846155 0.7235816899038461 0.37799212740384613 0.78958425 0.32904643990384613
11 0.7151996370192308 0.3690265625 0.7154064807692309 0.3700862980769231 0.7284323485576922 0.42546352884615385 0.7952640817307692 0.3818251995192308 0.7843189254807693 0.32757215384615385 0.7151996370192308 0.3690265625
11 0.7771050889423077 0.46219092307692305 0.7648332620192307 0.4082327235576923 0.6961773269230769 0.44951222115384615 0.6961564903846154 0.4527991610576923 0.7086150048076922 0.5067138076923077 0.7771050889423077 0.46219092307692305
11 0.7287640120192307 0.4238599615384615 0.7154971778846153 0.3663635144230769 0.6483337716346154 0.4088224182692307 0.647408795673077 0.4102097548076923 0.6589472475961539 0.46396004326923074 0.7287640120192307 0.4238599615384615
11 0.7465402908653846 0.07158275721153846 0.7470999903846154 0.015523716346153847 0.688332 0.012538329326923076 0.6869228725961538 0.015249329326923078 0.68590665625 0.06693880528846154 0.7465402908653846 0.07158275721153846
11 0.8084798677884616 0.06992419471153846 0.8107186514423077 0.015191997596153846 0.7510178581730769 0.01552369951923077 0.7487790745192308 0.01685054326923077 0.748592514423077 0.07257786298076924 0.8084798677884616 0.06992419471153846
11 0.8373974615384616 0.1279735 0.851576389423077 0.024811622596153847 0.8222856923076923 0.013865173076923077 0.8207931706730769 0.015523735576923077 0.8086664471153846 0.11669534855769231 0.8373974615384616 0.1279735
11 0.7456074687500001 0.12432468990384615 0.7474731129807692 0.06959249278846154 0.6896379639423077 0.06561198076923078 0.6884153966346154 0.06865950721153846 0.6875857596153847 0.12067587740384617 0.7456074687500001 0.12432468990384615
11 0.8079201658653846 0.12565155048076923 0.8092261274038461 0.06826568509615384 0.7495253365384615 0.06826568509615384 0.7483112307692308 0.07122849278846154 0.7474731129807692 0.12399300480769232 0.8079201658653846 0.12565155048076923
11 0.687958920673077 0.0676022451923077 0.6901977043269232 0.01353346153846154 0.6318028533653847 0.010879800480769232 0.6308700336538462 0.012538346153846153 0.6299372019230769 0.06295831009615385 0.687958920673077 0.0676022451923077
11 0.6305575528846153 0.059831483173076926 0.631076170673077 0.06270303365384615 0.6290043894230769 0.11621816105769231 0.6883320600961539 0.11986698076923076 0.6898245841346153 0.06380794951923077 0.6305575528846153 0.059831483173076926
11 0.7536297836538461 0.1931749423076923 0.7545626057692308 0.13877446634615384 0.6993393605769231 0.13479394471153847 0.6974347788461538 0.13859793509615384 0.6950483725961539 0.18554560096153846 0.7536297836538461 0.1931749423076923
11 0.8101590096153846 0.1818968076923077 0.8110918317307692 0.12948657932692306 0.7526969807692308 0.12948657932692306 0.7546390048076923 0.13132894230769232 0.7538163846153847 0.18056996394230768 0.8101590096153846 0.1818968076923077
11 0.6881454615384615 0.18421877644230772 0.6916902067307693 0.12981828125 0.6329222259615384 0.12119381730769231 0.6328465745192309 0.12173081009615384 0.6299371899038462 0.17857969951923075 0.6881454615384615 0.18421877644230772
11 0.8676575168269232 0.18298577884615386 0.8680645576923076 0.13111835576923078 0.8101276490384616 0.13111835576923078 0.8111332836538462 0.13336077403846153 0.8105347043269231 0.1846744951923077 0.8676575168269232 0.18298577884615386
11 0.6176122644230768 0.17272532451923078 0.6194032740384615 0.112221375 0.5600009879807692 0.11009845432692307 0.5599565889423077 0.11326777403846154 0.5585084735576923 0.16847945432692307 0.6176122644230768 0.17272532451923078
11 0.52731478125 0.15255738461538462 0.5291057932692308 0.09789147596153845 0.4711960192307692 0.09046120913461539 0.4705986634615385 0.0930215048076923 0.4694050096153846 0.14565778365384616 0.52731478125 0.15255738461538462
11 0.5727619951923077 0.10797549038461537 0.5745530072115385 0.051717439903846155 0.5178372524038461 0.044817867788461536 0.5168750961538462 0.04672519951923077 0.5163447379807692 0.10160664182692308 0.5727619951923077 0.10797549038461537
11 0.6304478966346154 0.11301748076923078 0.6322389086538462 0.05941310336538462 0.5740306370192307 0.054105757211538465 0.5729773822115385 0.049903894230769234 0.5710455769230769 0.1066486610576923 0.6304478966346154 0.11301748076923078
11 0.5181357572115385 0.09523781490384617 0.520225295673077 0.0416334639423077 0.4635095408653846 0.035264644230769235 0.46171851442307693 0.038449040865384615 0.4626140192307692 0.09046122115384615 0.5181357572115385 0.09523781490384617
11 0.6309702644230769 0.057953608173076925 0.6327613076923077 0.004349216346153846 0.5757470264423077 0.004879954326923077 0.5741667620192308 0.005321052884615384 0.5733589879807692 0.05476918269230769 0.6309702644230769 0.057953608173076925
11 0.3353876514423077 0.26435940865384616 0.3408602139423077 0.2101063533653846 0.3408602139423077 0.20804237499999997 0.2748576706730769 0.18710777403846152 0.2741597163461539 0.18783853365384615 0.2692192596153846 0.2437196514423077 0.3353876514423077 0.26435940865384616
11 0.3278421033653846 0.3180227620192308 0.3339780264423077 0.26170572836538464 0.26615128605769234 0.24224538942307694 0.2664689903846154 0.24545170192307691 0.2618395625 0.2973830216346154 0.3278421033653846 0.3180227620192308
11 0.31731156009615386 0.37280990865384617 0.3224524759615385 0.3188517091346154 0.25744492307692307 0.2967376899038462 0.2561741370192308 0.29909864423076926 0.2514748485576923 0.3518753052884615 0.31731156009615386 0.37280990865384617
11 0.452658125 0.11502487740384616 0.4556431298076923 0.05730731009615385 0.41273320913461536 0.0413852235576923 0.4090252908653846 0.0455020048076923 0.40489747355769234 0.10308335817307693 0.452658125 0.11502487740384616
11 0.4067631370192308 0.10374676201923078 0.4123600673076923 0.04470234855769231 0.3701963894230769 0.036741288461538464 0.3654055192307692 0.037724721153846154 0.36198753365384617 0.09512229567307692 0.4067631370192308 0.10374676201923078
11 0.3201969350961538 0.09379545192307694 0.3243013822115385 0.03806813221153846 0.2750482091346154 0.02546313701923077 0.27676861298076927 0.030441403846153847 0.2757944903846154 0.08450754807692308 0.3201969350961538 0.09379545192307694
11 0.36571881971153847 0.10109307451923076 0.3680746153846154 0.04804106490384615 0.32318198076923077 0.03209731971153846 0.3216904879807692 0.03357475240384616 0.3179581706730769 0.09246860817307692 0.36571881971153847 0.10109307451923076
11 0.2724363245192308 0.07986361298076924 0.27318260576923076 0.020155728365384616 0.22728760096153847 0.01352158173076923 0.22579507692307693 0.017502076923076922 0.22504883653846156 0.06991234134615384 0.2724363245192308 0.07986361298076924
11 0.22915324278846153 0.1156883533653846 0.22616823798076924 0.05465362259615385 0.17990009134615384 0.05133653125 0.17915382932692306 0.05399021875 0.17915382932692306 0.10971753846153846 0.22915324278846153 0.1156883533653846
11 0.17815141826923078 0.10774891586538461 0.18412150721153847 0.052684997596153846 0.13885577403846153 0.037404692307692305 0.13725525721153847 0.041676605769230775 0.13176630048076923 0.09578573557692308 0.17815141826923078 0.10774891586538461
11 0.18288511538461538 0.34096031730769233 0.18922832932692307 0.2858964375 0.12057239903846154 0.2653303798076923 0.12032817307692308 0.2705187043269231 0.11758735336538462 0.3230479831730769 0.18288511538461538 0.34096031730769233
11 0.17616880288461537 0.3977235841346154 0.18288515624999999 0.33934261298076923 0.11721427163461538 0.3234204903846154 0.11492943990384616 0.32656829807692306 0.11124418028846154 0.38180149759615384 0.17616880288461537 0.3977235841346154
11 0.1377094110576923 0.16100163221153846 0.14414435336538461 0.09946002403846153 0.08031041826923077 0.07414798076923076 0.0798511875 0.07435211057692308 0.07388110096153847 0.12824227163461538 0.1377094110576923 0.16100163221153846
11 0.12215836538461539 0.21271335096153846 0.1298505889423077 0.1555571153846154 0.06463893990384616 0.12310054807692308 0.06498336538461538 0.12616248798076923 0.064753875 0.12671612740384616 0.05775038461538461 0.1801421610576923 0.12215836538461539 0.21271335096153846
11 0.11718725240384614 0.26847574278846154 0.12212967548076924 0.21073565144230771 0.05829574038461539 0.17929972115384615 0.05898459615384615 0.18174927403846153 0.05289970432692308 0.2317609639423077 0.11718725240384614 0.26847574278846154
11 0.16882837499999997 0.5559301057692307 0.17192822115384615 0.49938627163461535 0.10901276682692308 0.48673025 0.1080781875 0.4872757956730769 0.10465001442307692 0.5416410552884615 0.16882837499999997 0.5559301057692307
11 0.17454014423076922 0.5051914302884616 0.1777548076923077 0.4484434543269231 0.11323201442307693 0.43537917067307697 0.11288758413461539 0.43660394951923076 0.11059140625 0.48988171394230773 0.17454014423076922 0.5051914302884616
11 0.17287538942307693 0.4471040625 0.17563081490384616 0.39096848076923074 0.11156726201923076 0.3762711634615385 0.11134607451923076 0.37652081009615385 0.10858222115384615 0.4332232596153846 0.17287538942307693 0.4471040625
11 0.09879583413461537 0.5403222019230769 0.09911044471153846 0.5425596730769231 0.09869060336538461 0.5427337283653846 0.09646982451923078 0.5980828605769231 0.16041857211538463 0.6123719230769231 0.1641009639423077 0.5577320817307693 0.09879583413461537 0.5403222019230769
11 0.09238210817307692 0.6011047692307693 0.10018913701923077 0.54946003125 0.03681443269230769 0.5135332620192308 0.037309985576923076 0.5152632307692308 0.030155504807692305 0.5659945144230769 0.09238210817307692 0.6011047692307693
11 0.09769206250000001 0.5431194831730769 0.10607313701923077 0.4894334471153846 0.04200958173076923 0.45575209375000003 0.041198637019230766 0.4571516466346154 0.03397293990384615 0.5094381201923077 0.09769206250000001 0.5431194831730769
11 0.09909844471153846 0.48967605048076923 0.10747951923076923 0.43599002403846154 0.044334439903846154 0.40292105048076926 0.04376039663461539 0.4047582283653846 0.036068173076923074 0.4545657956730769 0.09909844471153846 0.48967605048076923
11 0.10110762019230769 0.43276244471153846 0.10857023076923077 0.37723926682692305 0.04462148317307692 0.34417030048076924 0.04351994230769231 0.34451837500000004 0.03658484134615385 0.39703981730769233 0.10110762019230769 0.43276244471153846
11 0.10469540384615385 0.3797272764423077 0.11215800240384616 0.32216280048076923 0.04648712019230769 0.28888970913461537 0.046372314903846155 0.2899103533653846 0.04620662980769231 0.2915045072115384 0.0395985673076923 0.34420877403846156 0.10469540384615385 0.3797272764423077
11 0.10770913221153845 0.3217420192307693 0.11654944471153847 0.2654023221153846 0.05328955769230769 0.2333540096153846 0.05258936538461538 0.23462214423076924 0.045138110576923074 0.2886730721153846 0.10770913221153845 0.3217420192307693
11 0.9828079855769231 0.6129684975961539 0.9849401730769232 0.5682349783653846 0.9312094447115384 0.562927625 0.9323482235576923 0.5651518629807692 0.9307830192307692 0.6087984086538462 0.9828079855769231 0.6129684975961539
11 0.9757717956730769 0.6517880673076923 0.9787568509615384 0.605538173076923 0.9248129110576924 0.6032635841346153 0.9260193677884616 0.6060183317307692 0.9243864639423076 0.6506507620192308 0.9757717956730769 0.6517880673076923
11 0.9824241875 0.6943839807692308 0.9753880360576923 0.6500295697115385 0.9250687884615385 0.6814946442307692 0.9261664230769231 0.6844607307692308 0.9344503365384615 0.7247117500000001 0.9824241875 0.6943839807692308
11 0.9805645985576923 0.14961831971153847 0.99250478125 0.08991046875 0.9458635336538461 0.06536391826923077 0.943251608173077 0.06934441346153847 0.9316845865384615 0.1250717331730769 0.9805645985576923 0.14961831971153847
11 0.30446625961538465 0.5969632259615385 0.30915703365384617 0.5370658605769231 0.24327295432692309 0.5169736899038462 0.24272499759615382 0.5194760360576923 0.23794252163461538 0.5742173990384616 0.30446625961538465 0.5969632259615385
11 0.9956140096153846 0.5672625240384616 0.9988975673076923 0.5221499158653846 0.9442713197115384 0.5189654903846154 0.9445024975961539 0.5198590408653846 0.9418832836538461 0.5624859014423077 0.9956140096153846 0.5672625240384616