12 0.05164842307692308 0.13992409615384616 0.12038701682692307 0.17231227884615385 0.12663598076923077 0.11493892307692308 0.05895833894230769 0.08351851682692307 0.05164842307692308 0.13992409615384616
12 0.03602601442307692 0.19174518990384615 0.10424386298076924 0.22783488221153847 0.11205506730769231 0.1704615264423077 0.045416673076923084 0.13629629326923076 0.03602601442307692 0.19174518990384615
12 0.030818545673076923 0.24726779326923076 0.0974741514423077 0.28243210817307696 0.10580610336538461 0.22783488221153847 0.03708333894230769 0.19092592307692308 0.030818545673076923 0.24726779326923076
12 0.024569584134615387 0.3018650192307692 0.09122518990384616 0.3351785793269231 0.09955713942307692 0.28243210817307696 0.03135417307692308 0.24740740384615384 0.024569584134615387 0.3018650192307692
12 0.020403608173076924 0.3574469375 0.0870592139423077 0.39076049759615383 0.09487041826923076 0.3370886490384616 0.02718750721153846 0.30296295913461535 0.020403608173076924 0.3574469375
12 0.015196139423076923 0.4111187860576923 0.08341398557692307 0.4462831009615385 0.09174593750000001 0.39261125240384614 0.02458333894230769 0.3594444423076923 0.015196139423076923 0.4111187860576923
12 0.015716884615384615 0.46756676442307693 0.08289323798076922 0.5027310793269231 0.09122518990384616 0.44998460817307695 0.02458333894230769 0.41777777403846156 0.015716884615384615 0.46756676442307693
12 0.015716884615384615 0.5240740600961539 0.08185174519230769 0.5592383750000001 0.08914220192307692 0.5055665264423077 0.023020838942307695 0.4724074038461538 0.015716884615384615 0.5240740600961539
12 0.00998866826923077 0.5777459086538461 0.07612352884615384 0.6138356009615384 0.08341398557692307 0.5592383750000001 0.017799872596153846 0.5240740600961539 0.00998866826923077 0.5777459086538461
12 0.12142851201923076 0.17132758653846156 0.18860486298076923 0.18798436778846156 0.19277083894230768 0.12783488221153846 0.12455299278846153 0.11487960817307694 0.12142851201923076 0.17132758653846156
12 0.10945133173076924 0.22407406009615385 0.17714843269230768 0.24258159375000002 0.18183515384615384 0.18705899278846155 0.11312500721153847 0.17055555288461538 0.10945133173076924 0.22407406009615385
12 0.10268162259615385 0.28052203846153845 0.17037872115384617 0.2934773125 0.1735032043269231 0.24073084134615386 0.10739583894230768 0.22425925721153844 0.10268162259615385 0.28052203846153845
12 0.09799489903846154 0.33425320432692307 0.16569199999999998 0.3509099855769231 0.17037872115384617 0.2963127596153846 0.1027083389423077 0.2798148125 0.09799489903846154 0.33425320432692307
12 0.0907044423076923 0.3870589927884615 0.15996378365384614 0.40834265625 0.16412975961538462 0.35004392307692306 0.09802083894230769 0.33351851682692313 0.0907044423076923 0.3870589927884615
12 0.08862145432692309 0.44258159375 0.15683930288461537 0.459238375 0.16152602403846156 0.40556652644230773 0.09333333894230769 0.38907407211538464 0.08862145432692309 0.44258159375
12 0.09122518990384616 0.4981041971153846 0.15840154326923078 0.518462483173077 0.1620467716346154 0.46016375240384616 0.0948958389423077 0.44833332932692305 0.09122518990384616 0.4981041971153846
12 0.08810070673076924 0.553626798076923 0.15371481971153847 0.568432826923077 0.15840154326923078 0.5156863533653846 0.09229167307692307 0.5001851826923077 0.08810070673076924 0.553626798076923
12 0.08081025 0.6073579639423077 0.1453828701923077 0.6240147451923076 0.14850735096153847 0.5684921418269231 0.08237249278846154 0.5518353605769231 0.08081025 0.6073579639423077
12 0.1875633701923077 0.18428286057692309 0.2536982283653846 0.20371577163461538 0.2594264447115385 0.14270022596153847 0.1933333389423077 0.1279629591346154 0.1875633701923077 0.18428286057692309
12 0.18548038221153848 0.18705899278846155 0.18183515384615384 0.23888008653846154 0.24849075961538464 0.26016375240384615 0.2536982283653846 0.20279039663461537 0.1870833389423077 0.18537036778846155 0.18548038221153848 0.18705899278846155
12 0.1724617091346154 0.29162656009615384 0.23859656971153848 0.31568635336538464 0.24484553125 0.259238375 0.17714843269230768 0.23610395673076923 0.1724617091346154 0.29162656009615384
12 0.1646505048076923 0.3481338533653846 0.2318268581730769 0.3694175192307692 0.2370343269230769 0.31204416346153846 0.1704166730769231 0.29370370192307693 0.1646505048076923 0.3481338533653846
12 0.16308826442307692 0.4008803269230769 0.22661938942307694 0.4221639903846154 0.2328683533653846 0.36479063461538463 0.1667708389423077 0.3492592572115385 0.16308826442307692 0.4008803269230769
12 0.15892228846153847 0.45831299759615385 0.22505714903846152 0.47682053124999996 0.23026461778846155 0.4212979302884615 0.16312500721153847 0.4029629591346154 0.15892228846153847 0.45831299759615385
12 0.15840154326923078 0.5111187860576923 0.22401565384615385 0.5314770745192308 0.22870237740384616 0.47780522355769234 0.1620833389423077 0.4603703677884615 0.15840154326923078 0.5111187860576923
12 0.15840154326923078 0.567566764423077 0.22401565384615385 0.5851489230769231 0.22766088221153843 0.5314770745192308 0.16152602403846156 0.5129695384615385 0.15840154326923078 0.567566764423077
12 0.1453828701923077 0.6212979302884616 0.2094347403846154 0.6398054639423076 0.2141214639423077 0.5815067307692308 0.14954884375 0.565775326923077 0.1453828701923077 0.6212979302884616
12 0.2542189759615385 0.19735676682692307 0.32035383653846156 0.21864043028846153 0.32556130528846156 0.1575655673076923 0.26104167307692305 0.13722221875 0.2542189759615385 0.19735676682692307
12 0.24901150721153845 0.25195399278846153 0.3161878605769231 0.27601378605769233 0.32191607692307694 0.21771505528846152 0.2558333389423077 0.19740740384615385 0.24901150721153845 0.25195399278846153
12 0.24276254326923075 0.30655121875 0.30941815144230767 0.33061101201923077 0.3156671129807692 0.27416303365384614 0.24906250721153847 0.25203703365384617 0.24276254326923075 0.30655121875
12 0.2328683533653846 0.35929768990384614 0.3000447067307692 0.38335748557692306 0.30577292067307693 0.32783488221153845 0.23911731490384616 0.3047004639423077 0.2328683533653846 0.35929768990384614
12 0.2281816298076923 0.4166710456730769 0.29275424759615387 0.43517857932692305 0.29744097115384616 0.38150673076923075 0.2323958389423077 0.3612962932692308 0.2281816298076923 0.4166710456730769
12 0.22661938942307694 0.4712682716346154 0.2917127548076923 0.4925519375 0.2963994783653846 0.4379547115384615 0.23083333894230768 0.4187037019230769 0.22661938942307694 0.4712682716346154
12 0.22505714903846152 0.5258654975961539 0.2891090192307692 0.5462237860576923 0.2932749951923077 0.49070118269230767 0.2282291730769231 0.47333332932692307 0.22505714903846152 0.5258654975961539
12 0.2229741610576923 0.5832388533653846 0.2880675264423077 0.6008210120192308 0.29223350240384616 0.5452984086538462 0.22661938942307694 0.52771625 0.2229741610576923 0.5832388533653846
12 0.2094347403846154 0.6406122091346155 0.27452810576923076 0.6572689903846154 0.2776525889423077 0.5998956346153845 0.21416667307692305 0.5835185168269231 0.2094347403846154 0.6406122091346155
12 0.3208745817307692 0.21117810096153844 0.3833642139423077 0.23431251923076923 0.3942998990384616 0.1760137860576923 0.3266666730769231 0.15203703365384616 0.3208745817307692 0.21117810096153844
12 0.3167086081730769 0.26855145673076924 0.37763599759615385 0.291685875 0.3849264543269231 0.2352378966346154 0.32250000721153843 0.21314814423076925 0.3167086081730769 0.26855145673076924
12 0.31202188461538466 0.32314868269230773 0.3703455408653846 0.3462831009615384 0.37919823798076924 0.29076049759615386 0.3178125072115385 0.26777777403846154 0.31202188461538466 0.32314868269230773
12 0.3031691875 0.37496977884615385 0.36305508413461535 0.3971788197115385 0.37190778125 0.3462831009615384 0.30941815144230767 0.32407406009615386 0.3031691875 0.37496977884615385
12 0.29275424759615387 0.43055169711538466 0.3552438798076923 0.4527607379807692 0.36305508413461535 0.3981635120192308 0.30062500721153845 0.3742592572115385 0.29275424759615387 0.43055169711538466
12 0.29223350240384616 0.4869996754807693 0.35211939903846157 0.5082833413461538 0.3557646274038462 0.4527607379807692 0.29750000721153846 0.4316666634615384 0.29223350240384616 0.4869996754807693
12 0.28858827403846155 0.5425222788461539 0.34847417067307696 0.5610298125000001 0.3515986514423077 0.5064325865384616 0.2954166730769231 0.4890740721153846 0.28858827403846155 0.5425222788461539
12 0.28754677884615387 0.5981041971153845 0.3437874471153846 0.6175371081730769 0.34847417067307696 0.5601637524038462 0.2912500072115385 0.5446296274038461 0.28754677884615387 0.5981041971153845
12 0.27400736057692304 0.6545521754807692 0.32972728125 0.6684328269230769 0.3422252067307693 0.6138356009615384 0.2782291730769231 0.5992592572115385 0.27400736057692304 0.6545521754807692
12 0.38284346634615385 0.2362225889423077 0.45158206009615387 0.26398388942307693 0.45783102403846154 0.20568515625 0.3906546706730769 0.1760731033653846 0.38284346634615385 0.2362225889423077
12 0.3765945024038461 0.2945213221153846 0.44429160336538465 0.324133375 0.4536650480769231 0.26490926682692306 0.3823958389423077 0.23629629326923077 0.3765945024038461 0.2945213221153846
12 0.3687833004807692 0.35189467788461537 0.4396048822115385 0.37965597836538467 0.44533309615384614 0.32135724519230774 0.37666667307692303 0.29740740384615383 0.3687833004807692 0.35189467788461537
12 0.3625343365384615 0.40834265625 0.43075218269230764 0.4333278269230769 0.4375218942307692 0.37780522355769236 0.36781250721153846 0.3511111081730769 0.3625343365384615 0.40834265625
12 0.35420238461538467 0.4647906346153846 0.422420233173077 0.4879250528846154 0.4291899423076923 0.4324024495192308 0.3594791730769231 0.40574073798076926 0.35420238461538467 0.4647906346153846
12 0.35055715624999995 0.5240147451923077 0.41877500480769225 0.5425222788461539 0.4250239663461538 0.4869996754807693 0.35479167307692305 0.46499999759615385 0.35055715624999995 0.5240147451923077
12 0.3474326754807692 0.57682053125 0.41617126923076925 0.5981041971153845 0.4203372451923077 0.5407308413461538 0.3516666730769231 0.5205555528846154 0.3474326754807692 0.57682053125
12 0.34587043509615384 0.6314177572115385 0.4120052932692308 0.6545521754807692 0.41825425721153847 0.5981041971153845 0.3506250072115385 0.5788888870192308 0.34587043509615384 0.6314177572115385
12 0.3286857860576923 0.6888504302884615 0.3974243798076923 0.7092087163461538 0.4047148365384615 0.651835360576923 0.3360416730769231 0.6279629591346154 0.3286857860576923 0.6888504302884615
12 0.5254479110576923 0.31484294471153845 0.58989034375 0.26163378365384615 0.5749188701923077 0.20495446153846153 0.5098255024038462 0.25932034134615384 0.5254479110576923 0.31484294471153845
12 0.48378815625000005 0.3426042451923077 0.5488815240384615 0.3946566850961538 0.5592964615384616 0.3345071995192308 0.4994791754807692 0.2884259230769231 0.48378815625000005 0.3426042451923077
12 0.46816575000000005 0.3934999639423077 0.5339100480769231 0.44208224278846153 0.5469287211538462 0.39002980288461536 0.48255209134615384 0.3393518485576923 0.46816575000000005 0.3934999639423077
12 0.45449614182692305 0.44208224278846153 0.5202404423076923 0.4929779615384616 0.5332591153846153 0.4409255216346154 0.4682291754807692 0.39374999759615387 0.45449614182692305 0.44208224278846153
12 0.44473213701923076 0.496522266826923 0.5091745697115384 0.5451045456730769 0.5202404423076923 0.4895819423076923 0.4558593822115385 0.44236110817307694 0.44473213701923076 0.496522266826923
12 0.4330153317307692 0.5439478245192307 0.49875963221153846 0.5983137067307692 0.507872701923077 0.5427911033653846 0.4447916754807692 0.4967592548076923 0.4330153317307692 0.5439478245192307
12 0.42325132692307693 0.5960744086538461 0.48639189182692305 0.6434999639423077 0.49941056490384617 0.5960744086538461 0.4343750072115385 0.5453703677884616 0.42325132692307693 0.5960744086538461
12 0.41283638942307693 0.6481268485576923 0.4740241514423077 0.7001792884615384 0.48899562740384617 0.6446566850961539 0.4252604254807692 0.5974536995192308 0.41283638942307693 0.6481268485576923
12 0.4004686490384615 0.6920822427884615 0.4597036129807692 0.7418212403846154 0.4740241514423077 0.6955524038461539 0.41218545432692305 0.6423432427884616 0.4004686490384615 0.6920822427884615
12 0.5521688100961538 0.3276725985576923 0.6159603100961538 0.3785683173076923 0.6296299158653846 0.3334562043269231 0.6283280480769231 0.32304571634615387 0.5684895913461538 0.27222221875 0.5521688100961538 0.3276725985576923
12 0.5476122764423077 0.39244896875 0.6133565745192308 0.43640436298076923 0.6237715120192308 0.3901355264423077 0.6224696466346155 0.3774115961538461 0.5587239663461538 0.33587962499999996 0.5476122764423077 0.39244896875
12 0.5398010721153846 0.4479715697115385 0.6074981706730769 0.4907702427884616 0.6185640432692308 0.43756108173076924 0.5515625072115384 0.3960648100961538 0.5398010721153846 0.4479715697115385
12 0.5196221274038462 0.49894143509615385 0.5853664278846155 0.542896826923077 0.597083233173077 0.48968766826923077 0.5313802163461538 0.44351851442307694 0.5196221274038462 0.49894143509615385
12 0.5183202620192308 0.5567774783653846 0.5821117596153846 0.60188959375 0.5925266971153846 0.5463669903846153 0.5287760504807693 0.5060185144230769 0.5183202620192308 0.5567774783653846
12 0.5039997211538462 0.6076731971153846 0.5684421514423077 0.6481584278846154 0.5762533557692308 0.5995761514423077 0.5144531322115384 0.55347221875 0.5039997211538462 0.6076731971153846
12 0.48577357932692306 0.6551728990384615 0.5495650769230769 0.6979715697115385 0.5606309495192308 0.6436056899038461 0.4988281322115385 0.6020833293269231 0.48577357932692306 0.6551728990384615
12 0.47275490625 0.702598454326923 0.5371973365384616 0.7442404062500001 0.5489141418269231 0.6956581298076923 0.48645834134615384 0.6518518485576923 0.47275490625 0.702598454326923
12 0.4564815625 0.7534941730769231 0.5202730625 0.7997630096153846 0.5313389350961539 0.7419269639423077 0.47015117067307693 0.702598454326923 0.4564815625 0.7534941730769231
12 0.6309317836538462 0.3473368533653846 0.6960251490384616 0.30800834375 0.6875630120192308 0.24901557932692306 0.6192149783653846 0.28950081009615386 0.6309317836538462 0.3473368533653846
12 0.6979779495192309 0.3091650649038461 0.7637222475961539 0.2686798341346154 0.7526563774038462 0.20737362740384618 0.6856102091346153 0.24901557932692306 0.6979779495192309 0.3091650649038461
12 0.6283280480769231 0.41442666586538457 0.6960251490384616 0.3704712716346154 0.6856102091346153 0.3137919471153846 0.6166112427884615 0.3600607836538462 0.6283280480769231 0.41442666586538457
12 0.6966760817307692 0.3716279927884615 0.7637222475961539 0.3334562043269231 0.7643731826923077 0.32304571634615387 0.7507035745192308 0.27330671634615383 0.6836574086538462 0.3207322740384615 0.6966760817307692 0.3716279927884615
12 0.6302808485576924 0.4757328725961539 0.69472328125 0.4329341995192308 0.68430834375 0.376254875 0.6166112427884615 0.4202102692307692 0.6302808485576924 0.4757328725961539
12 0.6048944375 0.5497630096153846 0.6732424711538462 0.5104344975961539 0.6641293990384616 0.45722533894230766 0.5951304326923077 0.4896135216346154 0.6048944375 0.5497630096153846
12 0.6940723485576924 0.43524764182692305 0.7617694471153846 0.3970758509615384 0.7533073100961538 0.3369263653846154 0.6830064759615385 0.3785683173076923 0.6940723485576924 0.43524764182692305
12 0.5944794975961538 0.6030463149038462 0.6647803341346153 0.5799118966346154 0.6582709975961538 0.5243892932692308 0.5892720288461539 0.5486804326923077 0.5944794975961538 0.6030463149038462
12 0.5736496225961538 0.5972627091346154 0.5729986875 0.6539420336538462 0.64199765625 0.6597256370192308 0.6439504567307692 0.60188959375 0.5763020913461538 0.598611108173077 0.5736496225961538 0.5972627091346154
12 0.5515178774038462 0.6956581298076923 0.6192149783653846 0.7257328725961538 0.6250733798076923 0.6713669903846153 0.5606770913461538 0.6449074038461539 0.5515178774038462 0.6956581298076923
12 0.5378482716346153 0.7453971274038461 0.6048944375 0.7766285913461538 0.6101019062499999 0.7211059879807693 0.5476562572115384 0.695833329326923 0.5378482716346153 0.7453971274038461
12 0.5215749302884615 0.7974495673076922 0.5873192283653846 0.82868103125 0.5964323004807692 0.769688266826923 0.5320312572115384 0.7444444399038462 0.5215749302884615 0.7974495673076922
12 0.670638735576923 0.5706581298076923 0.7350811682692308 0.526702735576923 0.7272699639423077 0.4734935745192308 0.6596354254807693 0.5175925889423078 0.670638735576923 0.5706581298076923
12 0.6608747307692308 0.6412181033653847 0.7253171634615385 0.5868522211538462 0.7109966225961538 0.5394266658653846 0.6465541899038462 0.5891656634615384 0.6608747307692308 0.6412181033653847
12 0.6406957884615385 0.7164049615384616 0.7031854182692308 0.6655092427884616 0.6901667451923077 0.6180836850961539 0.6270261802884616 0.6655092427884616 0.6406957884615385 0.7164049615384616
12 0.7044872860576923 0.6678226826923077 0.7669769158653845 0.6123000817307692 0.7507035745192308 0.5637178028846154 0.6915364663461538 0.6182870336538462 0.7044872860576923 0.6678226826923077
12 0.6205168437499999 0.7789420336538462 0.6875630120192308 0.7477105697115385 0.676497139423077 0.6921879663461539 0.6107528389423077 0.7257328725961538 0.6205168437499999 0.7789420336538462
12 0.5925266971153846 0.8298377524038462 0.6621765985576923 0.8344646346153847 0.6602237980769231 0.7777853125 0.5944794975961538 0.7720017067307693 0.5925266971153846 0.8298377524038462
12 0.6732424711538462 0.8182705432692308 0.7331283677884616 0.7639046610576923 0.7188078269230769 0.711852221153846 0.6582709975961538 0.7673748245192308 0.6732424711538462 0.8182705432692308
12 0.6895158124999999 0.7419269639423077 0.7526563774038462 0.6864043629807692 0.7402886370192309 0.6355086442307692 0.6751952716346155 0.6887178028846154 0.6895158124999999 0.7419269639423077
12 0.7305246322115385 0.7673748245192308 0.7988726658653846 0.7338299182692307 0.7884577283653846 0.6817774783653847 0.7227864663461538 0.70972221875 0.7305246322115385 0.7673748245192308
12 0.7520054423076924 0.6759197307692308 0.8197025432692308 0.6978974254807693 0.8268628124999999 0.6423748245192308 0.755911045673077 0.6192404062500001 0.7520054423076924 0.6759197307692308
12 0.7604675793269231 0.27793360096153846 0.8294665480769231 0.29759785576923076 0.8346740168269231 0.23513492788461537 0.7650241153846153 0.21894083653846153 0.7604675793269231 0.27793360096153846
12 0.8268628124999999 0.2941276923076923 0.8971636466346153 0.3218889951923077 0.9056257860576923 0.2628962283653846 0.8367187572115384 0.23055555288461538 0.8268628124999999 0.2941276923076923
12 0.7617694471153846 0.33808308653846153 0.8314193485576923 0.3589040625 0.839881485576923 0.29875457692307694 0.7663259831730769 0.2814037644230769 0.7617694471153846 0.33808308653846153
12 0.8307684158653846 0.3554338990384615 0.8991164495192308 0.3808817596153846 0.9075785865384615 0.3207322740384615 0.8373698004807693 0.29999999759615387 0.8307684158653846 0.3554338990384615
12 0.7578638461538462 0.3970758509615384 0.8281646802884615 0.41558338701923075 0.8353249495192308 0.3577473413461538 0.7651041754807693 0.3381944399038461 0.7578638461538462 0.3970758509615384
12 0.8275137475961538 0.4132699447115385 0.8958617812499999 0.43871780288461537 0.90627671875 0.3831952019230769 0.8341145913461538 0.3555555528846154 0.8275137475961538 0.4132699447115385
12 0.7546091778846153 0.4525984543269231 0.8236081442307692 0.46994926682692306 0.8314193485576923 0.41558338701923075 0.7611979254807693 0.39837962499999996 0.7546091778846153 0.4525984543269231
12 0.8229572115384615 0.4711059879807692 0.8900033774038462 0.49771056971153843 0.898465514423077 0.43871780288461537 0.8302083413461538 0.4145833293269231 0.8229572115384615 0.4711059879807692
12 0.7454961057692308 0.5081210576923076 0.813844139423077 0.5254718701923077 0.8203534759615384 0.46879254567307693 0.7514323004807693 0.4539351826923077 0.7454961057692308 0.5081210576923076
12 0.6849592764423077 0.5023374519230769 0.7533073100961538 0.45722533894230766 0.7402886370192309 0.4063296201923077 0.6733073004807693 0.44814814423076926 0.6849592764423077 0.5023374519230769
12 0.8112404062499999 0.5231584278846154 0.8789375048076923 0.5509197307692307 0.8887015096153846 0.49424040625 0.8197916754807693 0.4689814783653846 0.8112404062499999 0.5231584278846154
12 0.7272699639423077 0.5648003798076923 0.798221733173077 0.5775243100961538 0.8040801346153846 0.5220017067307693 0.7350811682692308 0.5023374519230769 0.7272699639423077 0.5648003798076923
12 0.798221733173077 0.5763675889423077 0.8652678990384615 0.6018154495192308 0.8737300360576923 0.545136125 0.8054687572115384 0.52222221875 0.798221733173077 0.5763675889423077
12 0.77934465625 0.6284200288461539 0.8470417572115385 0.6515544471153846 0.856154826923077 0.5948751225961538 0.7839843822115384 0.5754629591346154 0.77934465625 0.6284200288461539