12 0.14783982451923078 0.10172933653846153 0.08298943269230769 0.07399425 0.07840310576923078 0.12643176201923076 0.14055715865384616 0.1562749903846154 0.14783982451923078 0.10172933653846153
12 0.14361536057692306 0.15639198317307693 0.20861635096153847 0.1747044014423077 0.21304604086538464 0.11856912980769231 0.1487364014423077 0.10258273557692309 0.14361536057692306 0.15639198317307693
12 0.27479439903846153 0.19044967067307692 0.27932038221153843 0.13277409375 0.21534988701923077 0.11825271875 0.2109489807692308 0.17162380528846155 0.27479439903846153 0.19044967067307692
12 0.2749608942307692 0.1841794423076923 0.27640535817307693 0.18486401442307693 0.34082856490384617 0.20659931730769232 0.3452582548076923 0.1510865120192308 0.28093135096153843 0.12894815865384615 0.2749608942307692 0.1841794423076923
12 0.3434523389423077 0.20202670432692307 0.4043125144230769 0.2247888701923077 0.4117274471153846 0.1693381730769231 0.34836352403846155 0.1464048653846154 0.34221895673076924 0.1968595216346154 0.3434523389423077 0.20202670432692307
12 0.4691002403846154 0.2557119591346154 0.47718239423076925 0.20117098076923076 0.41275919711538467 0.1701938966346154 0.4053644951923077 0.2258875264423077 0.4691002403846154 0.2557119591346154
12 0.3986994134615385 0.2838973966346154 0.46308239423076925 0.31317823317307697 0.47083359855769236 0.2577656875 0.4063069375 0.2306715721153846 0.3986994134615385 0.2838973966346154
12 0.39872431971153843 0.28144862740384613 0.40611666826923076 0.22662289903846153 0.3438503822115385 0.20388411778846155 0.33798559615384616 0.2566415480769231 0.39872431971153843 0.28144862740384613
12 0.2725357836538462 0.24074281250000001 0.3319535096153846 0.26323456009615387 0.33626175240384615 0.2619584230769231 0.34048022115384613 0.20868012259615384 0.2763952379807692 0.1879430576923077 0.2711557548076923 0.23568004567307693 0.2725357836538462 0.24074281250000001
12 0.20860913221153846 0.1720691826923077 0.20600624278846155 0.17972594471153844 0.20376236778846155 0.22247619711538463 0.20762183173076923 0.23013295913461537 0.26542396875 0.24608455288461537 0.26844473076923075 0.24257519951923076 0.2723939495192308 0.19248721875 0.20860913221153846 0.1720691826923077
12 0.13498895192307692 0.21344797836538462 0.1957530096153846 0.2281234423076923 0.19835589903846154 0.22190232211538463 0.20059977403846155 0.17644029807692307 0.1380406201923077 0.1561817764423077 0.13607170192307694 0.15858322115384615 0.13292459375 0.20882201682692306 0.13498895192307692 0.21344797836538462
12 0.06293314182692308 0.17841740865384617 0.12253038461538461 0.20984204567307693 0.12603082451923078 0.2069707596153846 0.13222391105769232 0.16453952644230768 0.13186488701923077 0.15720180048076923 0.06930574519230769 0.12370346634615384 0.062035596153846156 0.16884645673076923 0.06293314182692308 0.17841740865384617
12 0.05781711538461538 0.2329196153846154 0.11526023798076923 0.2648227860576923 0.1190299423076923 0.26290859615384615 0.1259410673076923 0.22111543749999998 0.12423572836538462 0.2113849735576923 0.06266387740384616 0.1788437307692308 0.055129014423076925 0.22753938701923077 0.05781711538461538 0.2329196153846154
12 0.05368839182692308 0.29006216586538464 0.11032371875 0.3190940576923077 0.11400367307692308 0.3139895552884615 0.11911970192307691 0.27171784134615384 0.11642705528846155 0.26517768990384616 0.05907368509615385 0.23423160576923077 0.056071776442307694 0.23615890625 0.049290403846153845 0.2816078221153846 0.05368839182692308 0.29006216586538464
12 0.12799854567307692 0.26720818269230767 0.18739810576923077 0.2813022403846154 0.19066352644230772 0.2724589182692308 0.19221849278846154 0.22851862740384615 0.1292425096153846 0.21387186057692306 0.1259770889423077 0.2611283990384615 0.12799854567307692 0.26720818269230767
12 0.1997821201923077 0.2832449014423077 0.25762672836538464 0.30120790625 0.25964818509615384 0.29153552403846156 0.26275810576923075 0.2481479326923077 0.25964818509615384 0.24427898557692307 0.20211456490384616 0.2265923173076923 0.1984057355769231 0.2291098485576923 0.19433975721153846 0.2763360432692308 0.1997821201923077 0.2832449014423077
12 0.2661150841346154 0.2972157668269231 0.32675862259615385 0.31849503125 0.32955755528846153 0.3140733581730769 0.33406695673076925 0.26930400480769234 0.3320454879807692 0.26377693269230773 0.2700024807692308 0.24139224999999997 0.2649039375 0.28801195673076924 0.2661150841346154 0.2972157668269231
12 0.3337167860576923 0.3140858942307692 0.3917168966346154 0.3353651586538462 0.39669277163461536 0.2897667451923077 0.3984032403846154 0.2817524735576923 0.3374686394230769 0.2610497235576923 0.33247282211538465 0.3057952740384616 0.3337167860576923 0.3140858942307692
12 0.3924239831730769 0.3425541850961539 0.4541560024038462 0.36936052163461536 0.4581988990384615 0.3679787451923077 0.4639522668269231 0.3204458581730769 0.4620863100961538 0.3140897115384615 0.40206474759615385 0.28783608653846154 0.39755536057692303 0.28894149759615384 0.3909005264423077 0.3373735841346154 0.3924239831730769 0.3425541850961539
12 0.4550845168269231 0.3707880817307692 0.39133104326923074 0.3428763221153846 0.3871326442307692 0.34757434374999996 0.38153477884615383 0.38736932451923073 0.38324524759615386 0.39952889423076926 0.4479316850961539 0.42412440625000003 0.4543654759615385 0.3734614975961538 0.4550845168269231 0.3707880817307692
12 0.43969121394230765 0.4796977307692308 0.4460665552884615 0.4340993149038462 0.4460665552884615 0.4252559831730769 0.38060262740384615 0.3992787067307692 0.3745676346153846 0.4526889831730769 0.43969121394230765 0.4796977307692308
12 0.32462397355769235 0.3670346826923077 0.38169110576923077 0.38831393269230774 0.3877554591346154 0.34520270432692307 0.39164287019230765 0.34271551923076926 0.3917983581730769 0.33774114663461535 0.3337982644230769 0.3136983461538462 0.32944436298076923 0.3139747091346154 0.32393567307692306 0.36018778125 0.32462397355769235 0.3670346826923077
12 0.3159161899038461 0.4219146586538462 0.3715838533653846 0.44402298557692305 0.37531576442307696 0.4442993365384615 0.38200209375 0.39925363461538466 0.37998065144230775 0.38902853846153845 0.3260234399038462 0.3671965625 0.3177821442307692 0.3699601105769231 0.3129693028846154 0.4157714615384615 0.3159161899038461 0.4219146586538462
12 0.3112513004807692 0.4758304038461538 0.3697178990384616 0.5004259302884615 0.37282781971153844 0.46532895913461536 0.3767152307692308 0.45924916346153843 0.3748492740384615 0.4443260456730769 0.3187151225961538 0.42387585576923076 0.31482771153846156 0.4313374134615385 0.31110268750000003 0.4696959302884615 0.3112513004807692 0.4758304038461538
12 0.3120287788461538 0.5343100793269231 0.3670744519230769 0.552273108173077 0.37189484134615386 0.5171761370192308 0.3722058293269231 0.5124781153846154 0.3692514110576923 0.508056454326923 0.370339875 0.4994894711538462 0.3160716826923077 0.4801446947115385 0.31140679567307694 0.4845663533653846 0.3079858798076923 0.5279539447115384 0.3120287788461538 0.5343100793269231
12 0.37408169951923076 0.4592976754807693 0.36941681249999997 0.49853995673076923 0.3719047572115385 0.5118049495192307 0.43301478605769234 0.5355713870192308 0.4359692211538461 0.529767954326923 0.44187807211538466 0.48776214903846155 0.44156708653846155 0.4814060024038461 0.3778342139423077 0.45683701682692307 0.37408169951923076 0.4592976754807693
12 0.37066079326923074 0.5115645625 0.36459643750000004 0.5574393413461538 0.3680173461538461 0.5684934975961539 0.4278834110576923 0.590878173076923 0.4316153197115385 0.5878382764423077 0.43659119471153846 0.5372654879807692 0.37066079326923074 0.5115645625
12 0.36778385336538466 0.6268314471153846 0.4270279278846154 0.6483870625 0.43029334855769236 0.6387146802884616 0.43464725 0.5980906370192307 0.4301378629807692 0.5886945913461539 0.36996081009615384 0.5704552259615384 0.36686784375 0.5750560408653846 0.3623414903846154 0.6196462524038462 0.36778385336538466 0.6268314471153846
12 0.3505237692307693 0.6782610961538461 0.4119448004807692 0.6992640120192307 0.41412174278846153 0.690973389423077 0.41832014182692306 0.6511784110576924 0.4172316634615385 0.6434404903846154 0.35783209615384615 0.623543 0.35216824278846154 0.6269064879807692 0.3485023197115385 0.6699704759615385 0.3505237692307693 0.6782610961538461
12 0.12067660096153847 0.3141901730769231 0.12367484134615385 0.32209120432692306 0.18250248798076923 0.33642329807692306 0.18570750240384618 0.33109469711538464 0.18808542788461538 0.2901196129807692 0.18581090384615384 0.28240232692307693 0.12636293028846154 0.26586529807692305 0.12295113461538462 0.27174512980769233 0.12067660096153847 0.3141901730769231
12 0.1899069591346154 0.33679078125 0.2495244639423077 0.3545299495192307 0.25293625961538463 0.34718016105769234 0.2557277283653846 0.3063888173076923 0.25314304086538464 0.2992227716346154 0.19483233173076925 0.28121578125 0.19063067788461538 0.2853422451923077 0.18732227163461537 0.32962473557692307 0.1899069591346154 0.33679078125
12 0.25783291826923077 0.35226928124999995 0.3156870673076923 0.37051883413461534 0.31944383173076923 0.3662160985576923 0.32403543990384615 0.3228919495192307 0.3219483389423077 0.3171055072115384 0.2636767740384615 0.29574017067307695 0.2592249639423077 0.29715851682692307 0.25424312740384614 0.34544424038461535 0.25783291826923077 0.35226928124999995
12 0.048364843750000004 0.3435086490384615 0.10370230288461538 0.3734560216346154 0.10818912259615385 0.3693803485576923 0.11427126201923077 0.3284463605769231 0.11128004807692307 0.3190545769230769 0.05181620192307693 0.2894747716346154 0.044376560096153844 0.3367749158653846 0.048364843750000004 0.3435086490384615
12 0.0430803701923077 0.39677977163461536 0.09742075240384616 0.4281447764423077 0.1028049375 0.4269043485576923 0.1100835625 0.38721078846153845 0.10629469230769231 0.3751609543269231 0.048564264423076924 0.34432756009615384 0.04777663221153846 0.3455965264423077 0.04078710336538461 0.38951443028846156 0.0430803701923077 0.39677977163461536
12 0.042980658653846156 0.4537840432692307 0.0998137235576923 0.48603507692307696 0.10420084375000001 0.48178219471153844 0.10978443990384615 0.44084819711538464 0.10719205769230769 0.43376006490384617 0.04746748076923077 0.4022178509615385 0.040288567307692306 0.44740472115384616 0.042980658653846156 0.4537840432692307
12 0.04163466586538462 0.5096496057692308 0.09896627163461538 0.5415462211538462 0.10165836538461538 0.5339264831730769 0.10744137259615384 0.4956505384615385 0.10405133653846153 0.4889168052884615 0.04891328846153846 0.4573746009615384 0.044335519230769234 0.45970189423076924 0.038045209134615385 0.5011438413461539 0.04163466586538462 0.5096496057692308
12 0.03490438221153846 0.5630982788461538 0.09248636298076923 0.5963377259615384 0.09657436057692308 0.5874775600961539 0.10136030288461538 0.5525684855769231 0.09846879086538461 0.5428223004807692 0.04029594951923077 0.5115679711538461 0.032810531250000004 0.555655735576923 0.03490438221153846 0.5630982788461538
12 0.10256876442307691 0.5922620528846154 0.1600000721153846 0.6089191802884616 0.1641877716346154 0.6020082451923077 0.1659825 0.5630234903846154 0.16348982692307693 0.5545177259615385 0.10635763221153846 0.5383922091346154 0.10373215144230769 0.5402937980769231 0.10017579326923078 0.5862371322115385 0.10256876442307691 0.5922620528846154
12 0.11064504086538461 0.5396326394230769 0.16707928365384614 0.5569985673076923 0.17206462740384615 0.5516824663461539 0.17545468269230768 0.5095080576923077 0.17256317067307692 0.5013566971153847 0.11573010576923076 0.48611720673076925 0.11204093749999999 0.48576279567307695 0.10822056009615386 0.5325803822115385 0.11064504086538461 0.5396326394230769
12 0.11613231730769231 0.48626225 0.17476011298076924 0.5007929350961539 0.17824986778846152 0.4926415745192308 0.17994489423076926 0.4540112307692308 0.1754580745192308 0.4456826706730769 0.1207188485576923 0.4327468221153846 0.11563378605769231 0.4359364831730769 0.11334052403846154 0.47988292788461534 0.11613231730769231 0.48626225
12 0.11334455288461538 0.43066931009615383 0.17286970913461538 0.4441367740384615 0.17506325961538463 0.4374030408653846 0.17735653125 0.3989499038461538 0.17396648557692307 0.3907985408653846 0.1148035625 0.37512029326923074 0.11045303846153846 0.4242899855769231 0.11334455288461538 0.43066931009615383
12 0.11813049519230769 0.37631749759615385 0.17765565144230772 0.3917341947115384 0.18024803365384615 0.3848232620192308 0.1829401346153846 0.34264884375000004 0.18054716346153846 0.33591511778846156 0.12231819471153846 0.3210300288461539 0.11854390625 0.3224562764423077 0.11553810336538461 0.37082418509615384 0.11813049519230769 0.37631749759615385
12 0.187512 0.39191504326923077 0.2463301201923077 0.40849113221153843 0.24817868509615384 0.40102441826923074 0.25044738221153845 0.36145089423076926 0.24935505288461537 0.3547308605769231 0.19011680288461538 0.3378561081730769 0.18778030048076924 0.3396595072115384 0.18415096875 0.3842990048076923 0.187512 0.39191504326923077
12 0.18200880048076923 0.44749707211538464 0.24032275240384615 0.4637744783653846 0.24444002884615385 0.4558597764423077 0.24712884615384614 0.41733158653846153 0.24486014903846154 0.41016355288461537 0.18520178125 0.3917954615384615 0.18310113221153845 0.3962754831730769 0.1794039951923077 0.44047836298076926 0.18200880048076923 0.44749707211538464
12 0.2495166201923077 0.4617102355769231 0.3094214134615385 0.4808808149038461 0.3108660625 0.4726648557692308 0.3144295432692308 0.4344948677884615 0.31105868750000004 0.4259365817307692 0.2537542548076923 0.40745067067307694 0.25006107451923076 0.4093553221153846 0.24604946153846155 0.45349427644230766 0.2495166201923077 0.4617102355769231
12 0.2519261033653846 0.4070046875 0.3097120841346154 0.42600409615384616 0.31289031250000005 0.4171034759615385 0.3160685408653846 0.37944699278846156 0.31414235336538465 0.3715733581730769 0.2555858870192308 0.35154695673076924 0.25231134615384615 0.3522316201923077 0.24817001442307693 0.40272554567307695 0.2519261033653846 0.4070046875
12 0.23939274759615387 0.5184955697115384 0.24184523317307693 0.5161181225961539 0.24541248317307693 0.46988999759615385 0.24288567067307693 0.4646067860576923 0.1851408125 0.4466438629807692 0.18105334374999998 0.4525874783653846 0.17890892067307693 0.49688249519230765 0.23939274759615387 0.5184955697115384
12 0.1806073581730769 0.5569731442307693 0.2388724375 0.5737473461538461 0.24221673317307693 0.5643696466346154 0.24452059134615386 0.5255380264423077 0.24080470192307693 0.5189340072115385 0.18136227403846156 0.5032265192307692 0.1775603269230769 0.5499728846153846 0.1806073581730769 0.5569731442307693
12 0.16788986778846154 0.60898909375 0.22645688701923075 0.6247066490384616 0.22831482451923077 0.6198196778846154 0.22994981009615384 0.5796672596153847 0.22898368269230768 0.5729311610576923 0.17004974038461537 0.554043673076923 0.16753428365384615 0.5591332355769231 0.16476852403846154 0.6050266826923077 0.16788986778846154 0.60898909375
12 0.22781537259615386 0.6175120528846154 0.22937604326923078 0.6271539158653846 0.28845862740384615 0.6451168389423076 0.29105973798076923 0.6415506682692308 0.29447836298076924 0.5987566418269231 0.2930663173076923 0.5914922235576923 0.2350177139423077 0.5742519639423077 0.2308754014423077 0.5783635600961539 0.22781537259615386 0.6175120528846154
12 0.24133392788461538 0.5624649879807693 0.24340278124999998 0.5716570889423077 0.29902302403846154 0.5911726322115385 0.3049112956730769 0.5894756274038462 0.3091285552884615 0.5464848677884615 0.30690056971153845 0.5367270961538462 0.2506437524038462 0.5169287163461539 0.24571034375 0.518767139423077 0.24516600000000002 0.5245774158653846 0.24133392788461538 0.5624649879807693
12 0.24364149519230768 0.5094726658653846 0.2460286298076923 0.5159778509615385 0.30515000721153845 0.5342206418269231 0.30833284855769233 0.5274326274038461 0.3111178461538462 0.4858560360576923 0.3081737019230769 0.48076502403846155 0.24910616826923077 0.46259605288461536 0.24762005048076924 0.46747182451923075 0.24364149519230768 0.5094726658653846
12 0.3084060913461538 0.5897475240384615 0.36379930288461537 0.608552 0.36700019471153844 0.574577516826923 0.36993435336538466 0.5695208461538461 0.3659332307692308 0.5669925168269231 0.36575540624999997 0.5530866850961538 0.3130295961538462 0.5347562644230769 0.31024073798076923 0.5377822427884615 0.3057386802884615 0.5843748125 0.3084060913461538 0.5897475240384615
12 0.29133466346153847 0.6370340889423077 0.2926683677884615 0.6439870024038462 0.34815050000000003 0.6597890913461538 0.35188487259615386 0.6278688774038461 0.3578420841346154 0.6226541875 0.3586423076923077 0.6115927307692307 0.3580199158653846 0.6074841875 0.2956914302884615 0.5916821057692307 0.2943640264423077 0.5968418317307692 0.29133466346153847 0.6370340889423077
12 0.5350001706730769 0.2576393100961539 0.5446333221153846 0.30028470192307694 0.5500629158653847 0.30448698317307693 0.607640875 0.2605841899038462 0.6093047932692308 0.2546698653846154 0.5992323653846154 0.21107948317307693 0.5956418317307692 0.20609899759615385 0.5356614591346154 0.25214698317307693 0.5350001706730769 0.2576393100961539
12 0.5784436081730769 0.3263252475961539 0.6354556225961538 0.37075968028846157 0.6392437884615384 0.37075968028846157 0.649093045673077 0.32060262740384615 0.59208103125 0.2724653197115385 0.5867776009615384 0.27549493990384616 0.576480014423077 0.3189929783653846 0.5784436081730769 0.3263252475961539
12 0.6516674759615384 0.33387240865384615 0.6556450576923076 0.3416147596153846 0.72023340625 0.30357620432692306 0.7100053389423077 0.25139940384615383 0.6455439302884615 0.28766631971153844 0.6516674759615384 0.33387240865384615
12 0.7114039326923076 0.2540607403846154 0.7199228581730769 0.29985506971153847 0.7238142211538462 0.3043410456730769 0.7856553028846154 0.26826632451923077 0.787443233173077 0.25910746153846154 0.7792398245192308 0.21275238221153847 0.7745070889423077 0.21144397596153847 0.7128973149038462 0.24922882692307693 0.7114039326923076 0.2540607403846154
12 0.7904364615384616 0.27903718990384613 0.8543571081730769 0.29627534134615385 0.8565831971153847 0.2940145961538462 0.8626254567307693 0.24569124038461537 0.860876375 0.23862642788461536 0.7937756009615384 0.21827975000000002 0.7869637740384616 0.27076043028846153 0.7904364615384616 0.27903718990384613
12 0.8664586826923077 0.23523531490384614 0.8572362956730769 0.2827108918269231 0.8593033870192308 0.29571015144230767 0.9222699951923077 0.3228390528846154 0.926563170673077 0.32029571875 0.9341954879807692 0.27338533173076923 0.9319693870192308 0.2626468028846154 0.8697978221153846 0.23608309134615385 0.8664586826923077 0.23523531490384614
12 0.5686284471153846 0.3839403149038461 0.5791756201923077 0.337411 0.5773838629807693 0.32944998317307694 0.523809951923077 0.2886896370192308 0.5178971129807692 0.2886896370192308 0.5075611658653846 0.3376364831730769 0.5686284471153846 0.3839403149038461
12 0.50284625 0.337411 0.4913789302884615 0.3823110721153846 0.4915581033653846 0.3883614326923077 0.5514032019230769 0.4342168269230769 0.5542700384615384 0.4323061850961538 0.5641247596153847 0.38867986778846153 0.5625121658653847 0.38167418750000004 0.5055475528846154 0.33808723076923075 0.50284625 0.337411
12 0.48439811298076924 0.4452308341346154 0.49209035096153847 0.45060156250000005 0.5348580504807692 0.48418825 0.5388338100961538 0.4838938293269231 0.5502641153846154 0.4404681538461538 0.5471166346153846 0.43134140144230765 0.4922014759615384 0.38924057692307695 0.48872268750000003 0.3868852860576923 0.47725532211538463 0.4374188653846154 0.48439811298076924 0.4452308341346154
12 0.46495096874999997 0.4840761730769231 0.46577925000000003 0.49099483413461537 0.5225994615384615 0.53559815625 0.5262439038461538 0.5342733052884616 0.5369287548076923 0.49231968509615387 0.5356863293269231 0.4855482259615385 0.4771771346153846 0.43977151682692306 0.46495096874999997 0.4840761730769231
12 0.4553719254807692 0.5419536009615384 0.5123992788461538 0.5877894134615385 0.5159234399038461 0.5862235961538461 0.5262556490384616 0.5433770721153846 0.5237727067307693 0.5364020576923078 0.46634488221153847 0.49213206249999997 0.45481804326923075 0.5382839230769231 0.4553719254807692 0.5419536009615384
12 0.45409040865384614 0.5420532716346154 0.4423966009615385 0.5858330552884615 0.44359801923076925 0.592096329326923 0.4993438581730769 0.6369357139423077 0.502307360576923 0.6372204158653846 0.5135206009615385 0.5966385288461539 0.5122390841346154 0.5886670817307692 0.4550584110576923 0.5421298269230769 0.45409040865384614 0.5420532716346154
12 0.44203127884615384 0.5989433173076922 0.4327403052884616 0.6393699374999999 0.43386163221153845 0.6446367836538461 0.4900079399038461 0.6902794375 0.4919302115384615 0.6887136201923076 0.5025026971153846 0.6492834302884615 0.5016216586538461 0.6391767716346154 0.4578900096153846 0.6057759855769231 0.44499478365384615 0.5949575961538461 0.44203127884615384 0.5989433173076922
12 0.42023809855769234 0.6898904302884615 0.47336861778846157 0.7357652283653846 0.4775989735576923 0.7338537788461538 0.4888560552884615 0.6966283798076923 0.4882824423076923 0.6897471610576923 0.43335939903846155 0.6415786225961538 0.42941583653846155 0.6422157740384615 0.4185599903846154 0.6844302067307692 0.42023809855769234 0.6898904302884615
12 0.5725211129807692 0.3890913966346154 0.6295501274038462 0.43089193990384617 0.63454471875 0.4296008076923077 0.6443522572115385 0.38699330048076924 0.64326253125 0.3769869927884616 0.584054045673077 0.3350250625 0.5806940625 0.3350250625 0.5704468149038461 0.3813778966346154 0.5725211129807692 0.3890913966346154
12 0.5664368052884615 0.4476229158653846 0.6242831225961538 0.4868411826923077 0.6279155384615385 0.48361334615384616 0.6379955072115385 0.4442336826923077 0.6359976826923077 0.43438876442307695 0.5742622091346153 0.39276351682692306 0.5641665384615384 0.43750900961538464 0.5664368052884615 0.4476229158653846
12 0.5511347932692308 0.44644924038461536 0.5411456322115384 0.4908320504807693 0.5419629278846154 0.49728773798076925 0.5998143605769231 0.5395724591346154 0.6041732644230768 0.5398952379807692 0.6138899903846153 0.49606472355769227 0.6140665024038461 0.48986369951923076 0.61198296875 0.48621980288461536 0.5546401826923076 0.4433931899038462 0.5511347932692308 0.44644924038461536
12 0.5417813076923077 0.5585696033653846 0.5981746538461539 0.5984334423076922 0.6024427475961539 0.5945600336538461 0.6103432644230768 0.5584082067307692 0.6112513725961539 0.5514683509615385 0.6088903004807692 0.5454968485576923 0.5524969519230769 0.5049874423076923 0.5482288533653846 0.5059557932692308 0.5389698149038462 0.5511932091346154 0.5417813076923077 0.5585696033653846
12 0.5256081490384615 0.6061388701923077 0.5820014951923077 0.6453571370192308 0.5860879711538461 0.6440660048076924 0.5948965961538462 0.60646165625 0.5954414591346153 0.5975850961538461 0.5404102716346154 0.5573984735576923 0.5339627259615385 0.5541706346153846 0.5235195096153846 0.5983920504807693 0.5256081490384615 0.6061388701923077
12 0.5064872740384615 0.6542572620192307 0.5637887283653846 0.6949280552884616 0.5680568197115384 0.6918616033653847 0.5769562500000001 0.652804733173077 0.5761389567307693 0.6432825985576923 0.5199272355769231 0.601643451923077 0.5154775168269231 0.6026118052884615 0.5063964591346154 0.6392478004807691 0.5054488533653847 0.6497878341346154 0.5064872740384615 0.6542572620192307
12 0.49268406971153844 0.69608421875 0.4957716274038461 0.7039924278846155 0.5518035697115384 0.7441914615384615 0.5544370721153846 0.7414478028846154 0.5646986610576923 0.6965808100961539 0.5636089350961538 0.6946441057692307 0.5058576442307692 0.6512413173076923 0.5029456634615385 0.6510558389423077 0.49268406971153844 0.69608421875
12 0.47894980528846154 0.7550242836538461 0.5331084086538461 0.7940083894230768 0.5390289663461538 0.7902134711538462 0.5470848197115384 0.7498494014423076 0.5452407067307692 0.7420870817307693 0.4926350456730769 0.7036204711538462 0.4860350673076923 0.7039654663461538 0.4761431201923077 0.7486071153846154 0.47894980528846154 0.7550242836538461
12 0.5466307620192308 0.8006350649038462 0.6007211850961538 0.8262957908653846 0.605824625 0.8219838028846154 0.6126849855769231 0.7806482692307692 0.6103424206730769 0.7735111971153846 0.5521967019230769 0.7457063533653846 0.5478932331730769 0.7461655216346154 0.5409416875 0.7930519254807693 0.5466307620192308 0.8006350649038462
12 0.5589757091346154 0.7481264350961538 0.6165357860576923 0.7759312788461539 0.621806548076923 0.7737009447115385 0.6290015624999999 0.7353391874999999 0.6268263221153846 0.7243361995192308 0.5701865384615384 0.6978695625 0.5643388173076923 0.6981817956730769 0.5573024495192308 0.7418814975961538 0.5589757091346154 0.7481264350961538
12 0.5742872692307692 0.69909075 0.6279166995192308 0.7252799519230769 0.63402409375 0.7269155240384616 0.6382072451923076 0.7221574831730769 0.6443146322115385 0.681565389423077 0.6402151538461538 0.6738335576923077 0.5804798341346153 0.6466234735576923 0.5785540769230769 0.649428625 0.5721120288461539 0.6923997475961539 0.5742872692307692 0.69909075
12 0.5953772572115384 0.6535074495192308 0.657455125 0.6618340360576924 0.6619729230769231 0.6533587644230768 0.6620565961538462 0.6103876466346153 0.6590447307692308 0.6041427091346153 0.5970505120192308 0.5993846634615385 0.5939659783653846 0.6071243076923077 0.5930346923076922 0.64904678125 0.5953772572115384 0.6535074495192308
12 0.6150810697115385 0.5962258269230769 0.6176746153846153 0.6017273173076924 0.6820553100961538 0.5827731370192308 0.6828919495192308 0.5748926274038462 0.6784578100961538 0.5315317475961538 0.6751949567307692 0.5278145216346154 0.6119180288461539 0.5468656778846154 0.6108979206730769 0.5578640697115385 0.6150810697115385 0.5962258269230769
12 0.6901755168269231 0.5139104206730769 0.6926923365384615 0.5058590649038461 0.6831284615384615 0.45754122596153846 0.6791015576923077 0.45754122596153846 0.6212149014423077 0.4884047596153846 0.6177183341346153 0.49358161057692307 0.6270035697115385 0.5443266466346154 0.6901755168269231 0.5139104206730769
12 0.6541646923076924 0.4711761875 0.7175313533653846 0.4317463918269231 0.7116372115384616 0.40220066346153843 0.7063475985576922 0.3799070721153846 0.6408628389423078 0.4183165144230769 0.6491773389423077 0.4664757355769231 0.6541646923076924 0.4711761875
12 0.6554820889423076 0.40967204567307697 0.7183511658653846 0.36695665624999996 0.7176407788461538 0.35706687980769225 0.7074585865384615 0.3139306394230769 0.7040250625000001 0.31372021875 0.6432871418269231 0.35475225 0.6418663725961539 0.35917108413461535 0.6417641634615384 0.36142456490384617 0.6509829759615384 0.4046219495192308 0.6554820889423076 0.40967204567307697
12 0.7856183052884614 0.3320143653846154 0.7881046538461539 0.3227558629807692 0.7766201033653846 0.27424538221153844 0.7097255096153846 0.3150669951923077 0.7099852860576923 0.32004971634615387 0.7220378389423078 0.37158590625 0.7856183052884614 0.3320143653846154
12 0.721832985576923 0.43258934134615384 0.7829174855769231 0.3951470360576923 0.7844475432692307 0.3836424206730769 0.7753849158653847 0.3389759471153846 0.7087841394230769 0.38063461538461535 0.7173605216346155 0.4298700625 0.721832985576923 0.43258934134615384
12 0.7137136754807692 0.4995446875 0.7715026802884615 0.46314825961538464 0.775151266826923 0.4551996201923077 0.7657355480769231 0.4106453701923077 0.7634993100961539 0.4075077475961538 0.6984131274038461 0.4466234471153846 0.6971280552884616 0.45127755288461535 0.7078288533653846 0.4995446875 0.7137136754807692 0.4995446875
12 0.6813471322115384 0.5217700432692308 0.6901743725961539 0.5606765721153846 0.6938229639423077 0.568416048076923 0.6972361658653846 0.5682068677884615 0.7564375168269231 0.5307645600961538 0.7574967860576923 0.5257443629807692 0.7479633677884615 0.47909836298076924 0.6822930384615385 0.5172109615384616 0.6813471322115384 0.5217700432692308
12 0.679869108173077 0.635917235576923 0.6841061875 0.6398915456730769 0.7455437764423076 0.595337298076923 0.7455437764423076 0.5898987572115385 0.7356572692307692 0.5499463509615384 0.7318909735576924 0.546390375 0.6697539158653847 0.5913075528846155 0.679869108173077 0.635917235576923
12 0.6590820985576923 0.7150348509615385 0.6640253533653847 0.7150348509615385 0.7209904783653845 0.6748732644230769 0.7231090168269231 0.6683888461538461 0.7132225072115385 0.6278089182692308 0.7094562115384615 0.6223703677884616 0.6485610360576923 0.6676019254807692 0.6590820985576923 0.7150348509615385
12 0.7128886802884615 0.6256924158653846 0.7243052379807692 0.6645989447115385 0.7303077620192308 0.6689916153846155 0.7876259759615384 0.6221364399038462 0.7875082764423078 0.6141877908653846 0.7773863774038462 0.5744445673076923 0.7737377812499999 0.572143641826923 0.7140823605769231 0.6189367908653847 0.7128886802884615 0.6256924158653846
12 0.7144187283653847 0.74443896875 0.770795375 0.698211326923077 0.7733846923076922 0.6890076298076924 0.761732735576923 0.6492644038461539 0.7579664495192309 0.6467543052884616 0.6993535769230769 0.6936094735576923 0.6981876995192308 0.6996267259615384 0.7105347427884615 0.7419288701923077 0.7144187283653847 0.74443896875
12 0.6388339134615385 0.7748039903846154 0.644601045673077 0.7798241874999999 0.7036847091346154 0.7545140192307692 0.7055678461538462 0.7469837235576923 0.6989768437499999 0.7041028774038461 0.69485746875 0.7015927788461538 0.6331961971153847 0.7285118365384615 0.6388339134615385 0.7748039903846154
12 0.61670696875 0.8318386033653845 0.6769675889423077 0.8387413725961538 0.6802630961538461 0.8299560192307692 0.6804984855769232 0.7883302211538462 0.6763791105769231 0.7839375480769231 0.6174131466346153 0.7768255961538462 0.6129406778846154 0.7801724014423077 0.6117637139423077 0.82451746875 0.61670696875 0.8318386033653845
12 0.6793959471153846 0.7761865192307693 0.6917540817307692 0.8171848028846154 0.6964619471153846 0.8209499495192307 0.7533093725961538 0.7697021009615385 0.7417751057692308 0.7261937235576923 0.7385972980769231 0.7243111514423077 0.680350358173077 0.7734093485576923 0.6793959471153846 0.7761865192307693
12 0.7575617091346154 0.7708247091346153 0.8162922716346154 0.7465604302884615 0.8194700769230769 0.7377750865384616 0.8126436850961538 0.69405753125 0.8073473413461538 0.6934300072115385 0.7486167692307693 0.7172759447115384 0.7465781105769231 0.7225464326923077 0.7533246322115384 0.7695696610576923 0.7575617091346154 0.7708247091346153
12 0.7788770336538462 0.6830281971153845 0.8392553533653846 0.7035273389423077 0.8436101394230769 0.6962062139423076 0.8487887740384615 0.6526978437500001 0.8465525456730769 0.6489326947115385 0.7871157932692309 0.62927025 0.7811931514423077 0.6311815673076923 0.7762877163461539 0.6763345985576923 0.7788770336538462 0.6830281971153845
12 0.80889928125 0.6370823317307692 0.8696306923076923 0.6559080721153846 0.8733969879807693 0.6531888100961538 0.8791641105769231 0.6057061009615384 0.8185503990384616 0.5814418221153846 0.8113930072115385 0.5828304014423077 0.80477990625 0.6310162668269231 0.80889928125 0.6370823317307692
12 0.7547049254807692 0.565686610576923 0.8196759423076923 0.5820426850961539 0.8222857764423076 0.5793573557692308 0.8268186394230769 0.5283361634615384 0.7684408677884615 0.5097829903846154 0.7584136298076923 0.5092947572115384 0.7536147572115385 0.55781584375 0.7547049254807692 0.565686610576923
12 0.8279935576923076 0.5846235264423076 0.8893932283653846 0.6075708557692308 0.894475545673077 0.5982942812500001 0.8991457572115386 0.5563055360576923 0.8966732884615385 0.5528878557692308 0.8348615384615384 0.5284757908653847 0.8310154711538461 0.5311611201923078 0.8241475024038463 0.57900875 0.8279935576923076 0.5846235264423076
12 0.8425536634615385 0.5305298774038462 0.9023050336538462 0.5542095697115385 0.9065631682692307 0.5529889615384616 0.9142553052884614 0.5048972163461538 0.9120575384615385 0.4983059615384615 0.8514820240384615 0.4724291730769231 0.8463997307692307 0.4748703798076923 0.8395635288461538 0.5237386322115385 0.8425536634615385 0.5305298774038462
12 0.772225625 0.5107440721153846 0.8344494591346153 0.5288089879807693 0.8392570360576923 0.5251471802884615 0.8451634975961538 0.4780319110576923 0.8415921418269231 0.47144065625000003 0.7830770192307692 0.45484045432692305 0.7759343317307692 0.4553286995192308 0.7711342908653845 0.5024861778846154 0.772225625 0.5107440721153846
12 0.7839011754807692 0.4559984639423077 0.8473612403846154 0.47381926201923075 0.8510699447115384 0.4689368581730769 0.8554654543269231 0.42377454807692305 0.8535424134615385 0.41620681490384615 0.7869230889423077 0.3983860048076923 0.786592704326923 0.40098738942307693 0.7812913485576923 0.45038368749999996 0.7839011754807692 0.4559984639423077
12 0.789532923076923 0.3972689230769231 0.8542292211538461 0.41582209375 0.8597235889423077 0.35894199759615386 0.7948899399038462 0.33990059134615386 0.7910438725961538 0.34234179326923075 0.7861804783653846 0.3914604278846153 0.789532923076923 0.3972689230769231
12 0.791517545673077 0.33680068990384615 0.857038 0.35779506250000004 0.8601972764423077 0.3509596899038462 0.8644554110576923 0.3084827091346154 0.8625323822115385 0.2979855168269231 0.79522625 0.2821176875 0.7894571538461539 0.3302094326923077 0.791517545673077 0.33680068990384615
12 0.8641304879807692 0.35841860096153844 0.9258048870192308 0.38331889903846156 0.9302003701923076 0.37477468750000004 0.9363815456730769 0.3308329831730769 0.933634375 0.3239976009615385 0.8680070072115385 0.29948860096153845 0.8594602620192308 0.3532920697115385 0.8641304879807692 0.35841860096153844
12 0.8584758774038461 0.41622840865384614 0.9230390552884615 0.4421273293269231 0.9251622211538462 0.43389456249999997 0.9312421610576924 0.3935882980769231 0.9305666009615384 0.3853555288461538 0.9257412644230769 0.38364036298076926 0.862981625 0.36050622836538465 0.8557736874999999 0.41073989423076923 0.8584758774038461 0.41622840865384614
12 0.9123420649038461 0.4983313365384615 0.9172728533653847 0.4983313365384615 0.926334860576923 0.4497784591346154 0.9244691466346153 0.4433836899038462 0.8595692379807692 0.41780461778846156 0.8562376153846153 0.42040989663461537 0.8513299975961538 0.4690210024038462 0.9123420649038461 0.4983313365384615