12 0.08463541586538462 0.057175925480769225 0.07994791586538462 0.11087962980769231 0.14140625 0.13680555528846153 0.1481770841346154 0.08495370432692308 0.08880208413461539 0.06273148076923077 0.08463541586538462 0.057175925480769225
12 0.068359375 0.11041666586538461 0.062109374999999994 0.15856481490384616 0.124609375 0.18726851923076923 0.130859375 0.13634259375 0.069921875 0.10763888942307692 0.068359375 0.11041666586538461
12 0.14947916586538462 0.09004629567307693 0.1479166658653846 0.1446759254807692 0.20989583413461538 0.1576388894230769 0.2145833341346154 0.10300925961538462 0.1520833341346154 0.0891203701923077 0.14947916586538462 0.09004629567307693
12 0.06236979086538462 0.16597222115384616 0.057161459134615386 0.21319444471153848 0.11809895913461539 0.24375000000000002 0.126953125 0.1900462956730769 0.062890625 0.16597222115384616 0.06236979086538462 0.16597222115384616
12 0.1385416658653846 0.14351851923076925 0.1333333341346154 0.19259259375 0.19687500000000002 0.21018518509615386 0.20052083413461538 0.15648148076923077 0.1390625 0.14259259375 0.1385416658653846 0.14351851923076925
12 0.054166665865384614 0.2212962956730769 0.047395834134615386 0.26574074038461537 0.11263020913461538 0.3032407403846154 0.11770833413461539 0.24537037019230767 0.0546875 0.21944444471153846 0.054166665865384614 0.2212962956730769
12 0.21809895913461538 0.10787037019230769 0.2134114591346154 0.1578703701923077 0.276953125 0.1745370360576923 0.280078125 0.11898148076923078 0.21914062499999998 0.10601851923076923 0.21809895913461538 0.10787037019230769
12 0.13046875 0.1944444447115385 0.1252604158653846 0.25 0.18828125 0.26574074038461537 0.19244791586538462 0.21018518509615386 0.13151041586538462 0.19537037019230769 0.13046875 0.1944444447115385
12 0.051822915865384615 0.27245370432692306 0.044531249999999994 0.31875 0.107421875 0.3599537043269231 0.11276041586538461 0.3020833341346154 0.051822915865384615 0.27152777884615387 0.051822915865384615 0.27245370432692306
12 0.20989583413461538 0.15995370432692307 0.2067708341346154 0.2118055552884615 0.2703125 0.23310185096153846 0.2744791658653846 0.1766203701923077 0.21197916586538462 0.16273148076923077 0.20989583413461538 0.15995370432692307
12 0.20052083413461538 0.21527777884615384 0.1947916658653846 0.2634259254807692 0.259375 0.2828703701923077 0.2630208341346154 0.23101851923076921 0.20156249999999998 0.21527777884615384 0.20052083413461538 0.21527777884615384
12 0.2826822908653846 0.11828703605769232 0.2779947908653846 0.1682870360576923 0.3420572908653846 0.1942129639423077 0.3467447908653846 0.13773148076923075 0.284765625 0.11736111057692307 0.2826822908653846 0.11828703605769232
12 0.12630208413461538 0.2530092596153846 0.12630208413461538 0.25393518509615387 0.12161458413461539 0.3030092596153846 0.18671875 0.32152777884615386 0.19036458413461538 0.26967592548076924 0.12734375 0.25486111057692307 0.12630208413461538 0.2530092596153846
12 0.19270833413461538 0.26319444471153847 0.19010416586538462 0.3178240745192307 0.2526041658653846 0.3381944447115384 0.2567708341346154 0.28356481490384616 0.19427083413461538 0.2678240745192308 0.19270833413461538 0.26319444471153847
12 0.276171875 0.17870370432692306 0.2735677091346154 0.22777777884615386 0.3350260408653846 0.25185185096153845 0.340234375 0.19629629567307694 0.2772135408653846 0.17777777884615384 0.276171875 0.17870370432692306
12 0.045442709134615386 0.3259259254807692 0.040234375 0.37592592548076925 0.10013020913461539 0.4083333341346154 0.11158854086538463 0.3583333341346154 0.046484374999999994 0.3240740745192308 0.045442709134615386 0.3259259254807692
12 0.119140625 0.31087962980769235 0.11653645913461538 0.3608796298076923 0.1779947908653846 0.3775462956730769 0.181640625 0.32384259374999996 0.119140625 0.3099537043269231 0.119140625 0.31087962980769235
12 0.04856770913461539 0.38402777884615386 0.040234375 0.4331018509615384 0.099609375 0.46828703605769234 0.10794270913461539 0.4164351850961538 0.04752604086538462 0.3831018509615385 0.04856770913461539 0.38402777884615386
12 0.1889100096153846 0.3247895625 0.184765625 0.3717592596153846 0.24570312500000002 0.3939814807692308 0.2514322908653846 0.34027777884615384 0.1889100096153846 0.3247895625
12 0.044010415865384615 0.4402777788461538 0.03828125 0.48750000000000004 0.09921875 0.5263888894230769 0.10651041586538461 0.4782407403846154 0.04713541586538461 0.4421296298076923 0.044010415865384615 0.4402777788461538
12 0.11471354086538461 0.3578703701923077 0.11106770913461537 0.4115740745192307 0.1735677091346154 0.4273148149038462 0.17877604086538462 0.3763888894230769 0.11627604086538461 0.3615740745192308 0.11471354086538461 0.3578703701923077
12 0.03333333413461538 0.5439814807692308 0.09479166586538461 0.5754629639423077 0.10208333413461539 0.5282407403846153 0.1 0.5273148149038461 0.0421875 0.49212962980769226 0.03333333413461538 0.5439814807692308
12 0.117578125 0.41689814903846156 0.11341145913461538 0.46782407451923075 0.1759114591346154 0.482638889423077 0.17903645913461538 0.4307870360576923 0.11861979086538461 0.41689814903846156 0.117578125 0.41689814903846156
12 0.1837239591346154 0.3814814807692307 0.1811197908653846 0.4333333341346154 0.2436197908653846 0.4509259254807692 0.24674479086538462 0.3953703701923077 0.184765625 0.3805555552884616 0.1837239591346154 0.3814814807692307
12 0.1109375 0.4701388894230769 0.10729166586538462 0.5192129639423076 0.1677083341346154 0.5405092596153847 0.17343750000000002 0.48958333413461536 0.11197916586538462 0.4729166658653846 0.1109375 0.4701388894230769
12 0.10299479086538461 0.5208333341346154 0.10143229086538462 0.5726851850961538 0.1623697908653846 0.5902777788461538 0.166015625 0.5393518509615385 0.103515625 0.5226851850961538 0.10299479086538461 0.5208333341346154
12 0.18203124999999998 0.4349537043269231 0.17890625 0.4840277788461539 0.2403645841346154 0.49976851923076926 0.24505208413461538 0.4525462956730769 0.18255208413461538 0.4368055552884615 0.18203124999999998 0.4349537043269231
12 0.1798177091346154 0.48865740625000004 0.17669270913461538 0.53865740625 0.2397135408653846 0.5543981490384615 0.2423177091346154 0.5071759254807693 0.1813802091346154 0.4905092596153846 0.1798177091346154 0.48865740625000004
12 0.1704427091346154 0.5456018509615385 0.166796875 0.5956018509615385 0.2282552091346154 0.6141203701923077 0.23085937499999998 0.5622685192307693 0.173046875 0.5456018509615385 0.1704427091346154 0.5456018509615385
12 0.2338541658653846 0.5629629639423077 0.22812500000000002 0.6120370360576923 0.2911458341346154 0.63240740625 0.2932291658653846 0.5814814807692308 0.2348958341346154 0.5648148149038461 0.2338541658653846 0.5629629639423077
12 0.31132812499999996 0.5226851850961538 0.3670572908653846 0.5412037043269231 0.3701822908653846 0.48750000000000004 0.3123697908653846 0.4726851850961538 0.308203125 0.5189814807692308 0.31132812499999996 0.5226851850961538
12 0.248046875 0.5067129639423077 0.2423177091346154 0.5576388894230769 0.302734375 0.5770833341346153 0.3084635408653846 0.5280092596153846 0.24960937500000002 0.5094907403846154 0.248046875 0.5067129639423077
12 0.24921875 0.4483796298076923 0.24453124999999998 0.50115740625 0.3075520841346154 0.5168981490384615 0.3091145841346154 0.4659722211538462 0.2497395841346154 0.4483796298076923 0.24921875 0.4483796298076923
12 0.25234375 0.39560185096153844 0.2455729158653846 0.44467592548076923 0.30703125 0.4641203701923077 0.31119791586538464 0.4131944447115385 0.25234375 0.3946759254807692 0.25234375 0.39560185096153844
12 0.2552083341346154 0.3412037043269231 0.2515625 0.39305555528846153 0.3104166658653846 0.4115740745192307 0.31562500000000004 0.36250000000000004 0.2552083341346154 0.3384259254807693 0.2552083341346154 0.3412037043269231
12 0.2615885408653846 0.2842592596153846 0.2563802091346154 0.3361111105769231 0.3194010408653846 0.35740740625 0.32304687499999996 0.30092592548076924 0.2631510408653846 0.28240740625 0.2615885408653846 0.2842592596153846
12 0.31184895913461536 0.5208333341346154 0.305078125 0.573611110576923 0.3654947908653846 0.5958333341346154 0.367578125 0.5402777788461539 0.3139322908653846 0.5226851850961538 0.31184895913461536 0.5208333341346154
12 0.3141927091346154 0.4150462956730769 0.3100260408653846 0.46875 0.36992187499999996 0.4891203701923077 0.374609375 0.4354166658653846 0.3147135408653846 0.41412037019230774 0.3141927091346154 0.4150462956730769
12 0.3192708341346154 0.3601851850961539 0.3130208341346154 0.41111111057692307 0.3739583341346154 0.4333333341346154 0.3807291658653846 0.37407407451923075 0.3203125 0.35925925961538463 0.3192708341346154 0.3601851850961539
12 0.35 0.13287037019230769 0.34114583413461536 0.18935185096153845 0.4083333341346154 0.21435185096153847 0.4145833341346154 0.1578703701923077 0.3520833341346154 0.1365740745192308 0.35 0.13287037019230769
12 0.3438802091346154 0.1944444447115385 0.3412760408653846 0.2416666658653846 0.3985677091346154 0.2703703701923077 0.405859375 0.21388888942307693 0.3438802091346154 0.19351851923076924 0.3438802091346154 0.1944444447115385
12 0.33359375 0.2990740745192308 0.3934895841346154 0.32314814903846156 0.3986979158653846 0.26944444471153844 0.33828125 0.24722222115384615 0.33359375 0.2990740745192308
12 0.33046875 0.29930555528846153 0.3252604158653846 0.3557870360576923 0.38151041586538464 0.3780092596153847 0.3903645841346154 0.32615740625 0.33046875 0.29930555528846153
12 0.41341145913461536 0.16273148076923077 0.4076822908653846 0.21643518509615384 0.4717447908653846 0.2432870360576923 0.4764322908653846 0.1895833341346154 0.416015625 0.1655092596153846 0.41341145913461536 0.16273148076923077
12 0.40169270913461536 0.2717592596153846 0.4657406850961538 0.2983885264423077 0.474609375 0.2458333341346154 0.4115885408653846 0.22175925961538462 0.40950520913461536 0.22175925961538462 0.40169270913461536 0.2717592596153846
12 0.4002604158653846 0.27685185096153847 0.3924479158653846 0.3240740745192308 0.458984375 0.3599537043269231 0.46484375 0.3 0.40078125 0.27777777884615384 0.4002604158653846 0.27685185096153847
12 0.3934895841346154 0.32685185096153846 0.38411458413461536 0.3833333341346154 0.44856770913461536 0.4143518509615385 0.4533854158653846 0.3546296298076923 0.39609375 0.33055555528846153 0.3934895841346154 0.32685185096153846
12 0.2712673605769231 0.22669753125 0.26657986057692307 0.2794753076923077 0.330078125 0.30092592548076924 0.3322048605769231 0.25262345673076925 0.27439236057692307 0.22947530769230767 0.2712673605769231 0.22669753125
12 0.3544270841346154 0.61759259375 0.35026041586538464 0.6638888894230769 0.4111979158653846 0.6824074062500001 0.41796875 0.6314814807692308 0.35546875 0.6148148149038462 0.3544270841346154 0.61759259375
12 0.3677083341346154 0.5657407403846154 0.36250000000000004 0.6120370360576923 0.4276041658653846 0.6333333341346153 0.4302083341346154 0.5842592596153846 0.36979166586538464 0.5638888894230769 0.3677083341346154 0.5657407403846154
12 0.3731770841346154 0.5087962956730769 0.3669270841346154 0.5578703701923077 0.43046874999999996 0.5819444447115385 0.4346354158653846 0.5263888894230769 0.37369791586538464 0.5041666658653846 0.3731770841346154 0.5087962956730769
12 0.37836628846153847 0.44409921874999997 0.37421875000000004 0.503086420673077 0.4341145841346154 0.5293209879807692 0.43845486057692307 0.46604938221153847 0.37836628846153847 0.44409921874999997
12 0.383029514423077 0.39274691346153845 0.3760850697115385 0.43904320913461536 0.44010416586538464 0.47106481490384616 0.4481336802884615 0.4081790120192308 0.383029514423077 0.3896604927884615 0.383029514423077 0.39274691346153845
12 0.6102430552884616 0.24938271634615386 0.5989583341346154 0.2 0.5442708341346154 0.24629629567307693 0.5416666658653846 0.24938271634615386 0.5503472211538462 0.2972222211538461 0.6102430552884616 0.24938271634615386
12 0.5245659711538462 0.27361111057692306 0.5098090288461539 0.32762345673076926 0.5705729158653846 0.3746913581730769 0.5818576394230769 0.3214506177884615 0.5263020841346153 0.2782407403846154 0.5245659711538462 0.27361111057692306
12 0.4935763894230769 0.3794753076923077 0.5547743052884615 0.4219135793269231 0.5660590288461539 0.3702160504807692 0.5065972211538461 0.3270061730769231 0.4935763894230769 0.3794753076923077
12 0.5502604158653847 0.4240740745192308 0.49123263942307693 0.38009259375 0.4790798605769231 0.42947530769230774 0.5385416658653847 0.4757716057692308 0.5498263894230769 0.4271604927884616 0.5502604158653847 0.4240740745192308
12 0.4776041658653846 0.42978394951923077 0.46631944471153847 0.4753086418269231 0.52578125 0.5231481490384615 0.5353298605769231 0.4753086418269231 0.47803819471153847 0.43209876442307693 0.4776041658653846 0.42978394951923077
12 0.45512152884615387 0.5370370360576924 0.515017360576923 0.5794753076923077 0.5263020841346153 0.5316358028846154 0.4677083341346154 0.4868827163461538 0.45512152884615387 0.5370370360576924
12 0.45341826201923074 0.5331700048076923 0.4430555552884616 0.5788580240384615 0.5003472211538461 0.6251543221153846 0.5125 0.5773148149038462 0.45341826201923074 0.5331700048076923
12 0.4442708341346154 0.5870370360576923 0.4342881947115385 0.6317901225961537 0.49071180528846153 0.6796296298076924 0.5028645841346153 0.6294753076923078 0.4455729158653846 0.5870370360576923 0.4442708341346154 0.5870370360576923
12 0.4288194447115385 0.6337962956730769 0.41753472115384616 0.6754629639423076 0.4755208341346154 0.7277777788461539 0.48828125 0.6777777788461539 0.4288194447115385 0.6314814807692308 0.4288194447115385 0.6337962956730769
12 0.48784722115384616 0.6964506177884615 0.4756944447115385 0.7404320985576922 0.5360243052884616 0.7875000000000001 0.5460069447115384 0.7342592596153845 0.48828125 0.6964506177884615 0.48784722115384616 0.6964506177884615
12 0.5041666658653846 0.6419753076923077 0.4920138894230769 0.6936728389423077 0.5527777788461539 0.73919753125 0.5644965288461539 0.6867283942307693 0.50546875 0.6435185192307693 0.5041666658653846 0.6419753076923077
12 0.5183159711538461 0.5929012355769231 0.5074652788461539 0.6399691346153846 0.5682291658653846 0.6862654326923077 0.5790798605769231 0.6361111105769232 0.5196180552884615 0.5944444447115385 0.5183159711538461 0.5929012355769231
12 0.5348090288461539 0.5461419759615385 0.5243923605769231 0.5947530865384615 0.5864583341346153 0.6387345673076923 0.5955729158653846 0.5893518509615384 0.5365451394230769 0.5484567908653847 0.5348090288461539 0.5461419759615385
12 0.5502604158653847 0.4936728389423077 0.53984375 0.5422839495192308 0.6001736105769231 0.5870370360576923 0.6114583341346154 0.533796295673077 0.5515625 0.49598765384615384 0.5502604158653847 0.4936728389423077
12 0.5545138894230769 0.43703703605769234 0.5432291658653846 0.48950617307692307 0.6057291658653846 0.5327160504807693 0.6165798605769232 0.4810185192307692 0.5558159711538462 0.4378086418269231 0.5545138894230769 0.43703703605769234
12 0.5758680552884615 0.38487654326923076 0.5654513894230769 0.43734567788461537 0.6296875 0.47669753125000003 0.6396701394230769 0.4288580240384615 0.5771701394230769 0.3833333341346154 0.5758680552884615 0.38487654326923076
12 0.5828993052884616 0.32762345673076926 0.5733506947115384 0.3793209879807692 0.634982639423077 0.42330246875 0.6493055552884616 0.3692901225961539 0.583767360576923 0.3283950625 0.5828993052884616 0.32762345673076926
12 0.5923611105769231 0.2679012355769231 0.5780381947115385 0.3211419759615385 0.6401041658653847 0.3658950625 0.653125 0.3172839495192308 0.5923611105769231 0.26712962980769234 0.5923611105769231 0.2679012355769231
12 0.5495659711538461 0.7412037043269231 0.5426215288461539 0.7898148149038462 0.6064236105769231 0.8191358028846154 0.6142361105769231 0.7689814807692308 0.55 0.7404320985576922 0.5495659711538461 0.7412037043269231
12 0.5641493052884615 0.6887345673076923 0.5559027788461539 0.7396604927884615 0.621875 0.7705246923076923 0.6283854158653847 0.7203703701923078 0.5658854158653847 0.6910493822115384 0.5641493052884615 0.6887345673076923
12 0.5783854158653846 0.6407407403846155 0.5727430552884616 0.6916666658653846 0.6352430552884616 0.7209876538461538 0.6430555552884616 0.6692901225961538 0.5801215288461539 0.6407407403846155 0.5783854158653846 0.6407407403846155
12 0.5940972211538461 0.587808641826923 0.5953993052884615 0.64490740625 0.6596354158653847 0.6533950625 0.6596354158653847 0.5978395072115384 0.5958333341346154 0.5901234567307692 0.5940972211538461 0.587808641826923
12 0.6136284711538461 0.7725308653846154 0.6123263894230769 0.8242283942307692 0.6778645841346154 0.8327160504807692 0.6787326394230769 0.7817901225961539 0.6140625 0.77330246875 0.6136284711538461 0.7725308653846154
12 0.6796875 0.7719907403846153 0.6959635408653846 0.8194444447115384 0.7526041658653846 0.7685185192307693 0.7369791658653846 0.71875 0.677734375 0.7731481490384616 0.6796875 0.7719907403846153
12 0.7476562499999999 0.7111111105769231 0.7548177091346153 0.7666666658653847 0.8199218749999999 0.7412037043269231 0.8121093749999999 0.6891203701923078 0.7502604158653846 0.7134259254807692 0.7476562499999999 0.7111111105769231
12 0.634765625 0.7303240745192308 0.640625 0.7754629639423077 0.7044270841346154 0.7476851850961539 0.6966145841346154 0.6967592596153847 0.634765625 0.7256944447115384 0.634765625 0.7303240745192308
12 0.6486979158653846 0.66759259375 0.6597656249999999 0.7104166658653847 0.7235677091346153 0.6618055552884615 0.7131510408653846 0.6166666658653847 0.6506510408653846 0.6618055552884615 0.6486979158653846 0.66759259375
12 0.6981770841346153 0.6951388894230769 0.7118489591346153 0.7368055552884616 0.7723958341346153 0.6916666658653846 0.7606770841346153 0.6395833341346153 0.6968749999999999 0.6951388894230769 0.6981770841346153 0.6951388894230769
12 0.78203125 0.628472221153846 0.7765625 0.6787037043269231 0.84453125 0.701388889423077 0.8510416658653847 0.6481481490384616 0.78203125 0.6273148149038461 0.78203125 0.628472221153846
12 0.8337239591346154 0.5293981490384615 0.8252604158653847 0.5791666658653847 0.8903645841346154 0.6081018509615385 0.9001302091346154 0.5502314807692308 0.8356770841346154 0.5282407403846153 0.8337239591346154 0.5293981490384615
12 0.7149739591346154 0.6189814807692307 0.7247395841346154 0.6618055552884615 0.7865885408653847 0.6201388894230769 0.7748697908653847 0.5668981490384616 0.7143229158653847 0.6189814807692307 0.7149739591346154 0.6189814807692307
12 0.6721354158653846 0.5877314807692308 0.6845052091346153 0.6340277788461539 0.7430989591346153 0.5831018509615384 0.7333333341346153 0.54259259375 0.6721354158653846 0.5854166658653847 0.6721354158653846 0.5877314807692308
12 0.6118489591346153 0.5490740745192307 0.6177083341346153 0.5918981490384615 0.6815104158653846 0.5803240745192307 0.6796875 0.5231481490384615 0.6118489591346153 0.5432870360576924 0.6118489591346153 0.5490740745192307
12 0.6453125 0.4108796298076923 0.653125 0.4606481490384615 0.7169270841346154 0.4293981490384615 0.705859375 0.37615740625 0.6459635408653847 0.40625 0.6453125 0.4108796298076923
12 0.6471354158653846 0.3504629639423077 0.6549479158653846 0.4025462956730769 0.7180989591346154 0.3597222211538461 0.70703125 0.3087962956730769 0.646484375 0.3481481490384616 0.6471354158653846 0.3504629639423077
12 0.6470052091346153 0.2807870360576923 0.6567708341346153 0.33634259375000003 0.719921875 0.29699074038461537 0.7114583341346153 0.24259259375 0.6483072908653846 0.28194444471153846 0.6470052091346153 0.2807870360576923
12 0.71484375 0.31412037019230765 0.7233072908653846 0.36504629567307695 0.787109375 0.3245370360576923 0.7747395841346154 0.27245370432692306 0.7154947908653846 0.3118055552884615 0.71484375 0.31412037019230765
12 0.7984374999999999 0.21388888942307693 0.7899739591346153 0.27060185096153844 0.8583333341346153 0.29027777884615386 0.8628906249999999 0.2370370360576923 0.7984374999999999 0.21273148076923076 0.7984374999999999 0.21388888942307693
12 0.8684130360576923 0.2367738389423077 0.86015625 0.29097222115384613 0.9265625 0.3194444447115385 0.9348958341346154 0.2666666658653846 0.8684130360576923 0.2367738389423077
12 0.7986571947115385 0.27920331009615384 0.794921875 0.3356481490384615 0.8600260408653846 0.3518518509615385 0.8658854158653846 0.2951388894230769 0.7986571947115385 0.27920331009615384
12 0.796875 0.33657407451923077 0.7897135408653846 0.3921296298076923 0.85546875 0.4118055552884616 0.8600260408653846 0.3539351850961538 0.7975260408653846 0.3412037043269231 0.796875 0.33657407451923077
12 0.7817708341346153 0.4527777788461539 0.8494791658653846 0.4701388894230769 0.8540364591346153 0.41342592548076923 0.7921875 0.3960648149038462 0.7817708341346153 0.4527777788461539
12 0.8454427091346154 0.46828703605769234 0.7907552091346154 0.4567129639423077 0.7842447908653847 0.45439814903846154 0.7835937500000001 0.45324074038461537 0.7822916658653847 0.45324074038461537 0.7823730480769231 0.4529513894230769 0.7803385408653847 0.45439814903846154 0.7738281250000001 0.511111110576923 0.8402343750000001 0.52384259375 0.8454427091346154 0.46828703605769234
12 0.7601562500000001 0.5108796298076923 0.7542968750000001 0.5606481490384615 0.8220052091346154 0.5780092596153846 0.8291666658653847 0.5236111105769231 0.7608072908653847 0.5085648149038462 0.7601562500000001 0.5108796298076923
12 0.873828125 0.2895833341346154 0.8640625 0.3532407403846154 0.9298177091346154 0.38217592548076923 0.936328125 0.3219907403846154 0.873828125 0.2965277788461539 0.873828125 0.2895833341346154
12 0.8667968749999999 0.3599537043269231 0.8596354158653846 0.40856481490384616 0.9234374999999999 0.4375 0.9312499999999999 0.38425925961538465 0.8694010408653846 0.361111110576923 0.8667968749999999 0.3599537043269231
12 0.8626302091346154 0.42060185096153846 0.8522135408653846 0.4715277788461538 0.9205729158653846 0.4981481490384615 0.927734375 0.44490740624999997 0.86328125 0.41944444471153847 0.8626302091346154 0.42060185096153846
12 0.8479166658653846 0.47106481490384616 0.8407552091346153 0.5266203701923077 0.9065104158653846 0.5520833341346154 0.9156249999999999 0.49884259375 0.8479166658653846 0.47106481490384616
12 0.6858072908653846 0.517361110576923 0.6962239591346153 0.5625 0.7600260408653846 0.5231481490384615 0.7489583341346153 0.47106481490384616 0.6858072908653846 0.5162037043269231 0.6858072908653846 0.517361110576923
12 0.7006510408653847 0.4439814807692307 0.71171875 0.49490740625 0.7774739591346154 0.4578703701923077 0.7677083341346154 0.4069444447115385 0.7013020841346154 0.4439814807692307 0.7006510408653847 0.4439814807692307
12 0.7109375 0.3775462956730769 0.7200520841346154 0.42847222115384614 0.78515625 0.39259259375 0.7734375 0.3370370360576923 0.7096354158653846 0.3763888894230769 0.7109375 0.3775462956730769
12 0.7244791658653846 0.3004629639423077 0.7921875 0.2553240745192308 0.7830729158653846 0.20902777884615384 0.7151041658653846 0.24351851923076923 0.7244791658653846 0.3004629639423077
12 0.2916666658653846 0.5802469134615384 0.2881944447115385 0.6327160504807693 0.34895833413461536 0.6450617283653847 0.35590277884615384 0.5972222211538462 0.29340277884615384 0.5787037043269231 0.2916666658653846 0.5802469134615384
12 0.6197916658653846 0.486111110576923 0.628472221153846 0.5385802475961539 0.693576389423077 0.503086420673077 0.6848958341346154 0.45524691346153845 0.620659721153846 0.4845679014423077 0.6197916658653846 0.486111110576923
12 0.8125 0.5848765432692308 0.8072916658653846 0.6327160504807693 0.873263889423077 0.6604938269230769 0.8819444447115384 0.6018518509615385 0.814236110576923 0.5802469134615384 0.8125 0.5848765432692308