12 0.535042545673077 0.2458487596153846 0.5488423461538462 0.2967448341346154 0.612113079326923 0.24769954326923077 0.5985736682692308 0.1935646081730769 0.5350040456730769 0.24151703125 0.535042545673077 0.2458487596153846
12 0.639539125 0.3695416490384615 0.6572444879807692 0.31540674759615384 0.5892870240384616 0.2598837596153846 0.5776689399038462 0.3109997091346154 0.639539125 0.3695416490384615
12 0.5077901177884615 0.3266655576923077 0.5705401129807692 0.3752481730769231 0.5825172860576923 0.32065056971153844 0.5193357427884615 0.2762010456730769 0.5077901177884615 0.3266655576923077
12 0.5691514543269232 0.3781785673076923 0.6339844447115385 0.4249104254807692 0.6475238557692309 0.3661486274038461 0.5801865 0.31848464663461534 0.5691514543269232 0.3781785673076923
12 0.5524875649038461 0.42552735096153843 0.5657666057692308 0.37185515384615386 0.501454375 0.32373518749999997 0.48923632932692307 0.3780146875 0.5524875649038461 0.42552735096153843
12 0.48756778605769235 0.3735516754807692 0.4737680048076923 0.4304626995192308 0.5370387379807693 0.4785826298076923 0.5508385384615384 0.4225969567307692 0.4875870889423077 0.37681904807692307 0.48756778605769235 0.3735516754807692
12 0.5592572764423077 0.43000002644230767 0.6277354975961539 0.4781199567307692 0.6407541682692308 0.42398505769230765 0.5754004399038462 0.3818801129807692 0.5592572764423077 0.43000002644230767
12 0.6567236947115384 0.3342228677884615 0.7231189206730769 0.29535678605769233 0.7147869783653846 0.23752032932692307 0.6439654134615385 0.2745356658653846 0.6567236947115384 0.3342228677884615
12 0.6514294687500001 0.4014673918269231 0.7204284302884615 0.35889974519230766 0.7068889807692307 0.301526 0.6396918701923078 0.34861544951923074 0.6514294687500001 0.4014673918269231
12 0.6522973822115384 0.46485615865384616 0.7189529975961538 0.4236766009615385 0.7080173197115385 0.3695417019230769 0.6410805600961538 0.41296625721153846 0.6522973822115384 0.46485615865384616
12 0.6233091706730769 0.5354460961538462 0.6941307379807693 0.4989410432692308 0.6831950600961538 0.44064191105769235 0.6148224567307692 0.47982828365384617 0.6233091706730769 0.5354460961538462
12 0.5395556826923077 0.48856000240384617 0.6033471538461538 0.5339037908653845 0.6181884711538461 0.4793061706730769 0.5520834903846153 0.43115104567307694 0.5395556826923077 0.48856000240384617
12 0.46404738701923076 0.4797688894230769 0.5254955120192307 0.5292768918269231 0.5377330552884616 0.4760673605769231 0.4733074471153846 0.42756419471153845 0.46404738701923076 0.4797688894230769
12 0.4532853028846154 0.531436139423077 0.5147334302884615 0.5804814206730768 0.52905396875 0.5277345745192308 0.4636500673076923 0.4814600576923077 0.4532853028846154 0.531436139423077
12 0.5372991129807693 0.5406899711538462 0.5987472403846155 0.5897352524038462 0.6130678004807693 0.5383765120192308 0.5492403822115385 0.4901406129807692 0.5372991129807693 0.5406899711538462
12 0.5820833509615384 0.6373924639423076 0.5958831298076923 0.5851083365384615 0.5320916394230769 0.5397645480769231 0.5308813581730769 0.5399091322115385 0.5198540961538461 0.5925113942307692 0.5820833509615384 0.6373924639423076
12 0.5016279543269231 0.6384129302884615 0.5656798149038461 0.6832940000000001 0.5797399855769231 0.6315316754807692 0.5149308389423077 0.5890224807692308 0.5016279543269231 0.6384129302884615
12 0.48895644951923073 0.684065221153846 0.4910402620192308 0.6901807307692308 0.5537894375 0.7354239975961538 0.5683703461538461 0.6812890625 0.5037977451923077 0.635482608173077 0.48895644951923073 0.684065221153846
12 0.4721189855769231 0.7394339302884615 0.5374727139423077 0.7884792307692308 0.5484083894230769 0.7343443293269231 0.4863283076923077 0.6914585817307692 0.4721189855769231 0.7394339302884615
12 0.44234959855769235 0.5776460889423076 0.5019751201923077 0.6262287043269231 0.5144730528846154 0.5790341610576923 0.45154085576923075 0.5286517259615384 0.44234959855769235 0.5776460889423076
12 0.42690076923076925 0.6283879471153846 0.4893903846153846 0.6834482860576923 0.5024090552884615 0.6288506490384616 0.4409726658653846 0.5813902283653847 0.42690076923076925 0.6283879471153846
12 0.41587830288461536 0.6761994158653846 0.4749830745192308 0.7280208581730769 0.4895639831730769 0.6785128725961538 0.4280600649038462 0.6264526754807692 0.41587830288461536 0.6761994158653846
12 0.6015245600961538 0.8210219158653846 0.6098565024038461 0.7668870144230768 0.5458046418269231 0.7349612884615385 0.5369796730769231 0.7852468389423077 0.6015245600961538 0.8210219158653846
12 0.5529215144230769 0.7372747355769231 0.6206186274038461 0.7664242836538461 0.6289505673076923 0.7187670721153846 0.5621313581730769 0.68443771875 0.5529215144230769 0.7372747355769231
12 0.6339844302884615 0.7192297331730769 0.6415352836538462 0.6687963629807693 0.5759211658653846 0.6401094807692308 0.5692495144230769 0.6892966514423077 0.6339844302884615 0.7192297331730769
12 0.6586331634615384 0.6512141153846154 0.6614972475961539 0.5947657403846154 0.5911964399038461 0.5892134375 0.590061235576923 0.6427710769230769 0.6586331634615384 0.6512141153846154
12 0.6146300288461538 0.5918353581730769 0.6836289903846153 0.5728650096153847 0.6763385264423077 0.5159539591346154 0.6086808389423077 0.5381021490384615 0.6146300288461538 0.5918353581730769
12 0.6287770024038462 0.7257074591346153 0.6389315504807692 0.7729019831730769 0.7045456466346154 0.7414389783653846 0.6938703605769232 0.6919309591346153 0.6290804326923076 0.7215894302884615 0.6287770024038462 0.7257074591346153
12 0.606645233173077 0.8234895649038462 0.6748630649038462 0.830892625 0.6769460600961538 0.7786084975961539 0.6098097596153846 0.7674598605769231 0.606645233173077 0.8234895649038462
12 0.6912666129807692 0.816703420673077 0.7527147596153847 0.7662700312499999 0.7368319639423077 0.716299326923077 0.6766857235576923 0.7699715793269231 0.6912666129807692 0.816703420673077
12 0.6477842043269231 0.6701844278846154 0.6576784038461538 0.7090505096153846 0.7225113725961538 0.6664828822115385 0.7087115721153846 0.6169748966346155 0.6460724038461538 0.6646416923076923 0.6477842043269231 0.6701844278846154
12 0.6801573100961539 0.6382587139423077 0.7449903197115385 0.5887507115384616 0.7317112596153846 0.5373919471153846 0.6668624663461539 0.5875594495192308 0.6801573100961539 0.6382587139423077
12 0.6910930072115384 0.5636111442307692 0.7569674951923078 0.5219689014423077 0.7473336850961538 0.46968475721153846 0.6792971947115384 0.5104389975961539 0.6910930072115384 0.5636111442307692
12 0.7756351322115385 0.4490411899038461 0.7633975889423077 0.39721969471153845 0.6957004951923077 0.44025000961538463 0.7074173004807692 0.49484761057692306 0.7756351322115385 0.4490411899038461
12 0.7196548846153846 0.42559813701923077 0.7894349735576923 0.3844185817307692 0.7779785168269231 0.3284329086538461 0.708159516826923 0.37064442307692314 0.7196548846153846 0.42559813701923077
12 0.7183529783653846 0.36298052403846154 0.7873519375 0.31671136778846154 0.7753747836538462 0.26211376442307693 0.7079646923076923 0.3081061899038462 0.7183529783653846 0.36298052403846154
12 0.7805821995192308 0.19687425480769233 0.7118436274038462 0.2380538028846154 0.7235604326923077 0.29542756490384614 0.7909971370192307 0.25285993509615384 0.7805821995192308 0.19687425480769233
12 0.7932537524038461 0.21445654326923075 0.7862236754807692 0.27506913701923075 0.855482985576923 0.2968156538461538 0.8640753173076923 0.23897918990384615 0.7940104110576923 0.21539351923076921 0.7932537524038461 0.21445654326923075
12 0.7888274110576923 0.33799518509615384 0.8591282379807693 0.35881630528846153 0.8661583125000001 0.29774102163461535 0.7943359326923077 0.2755787043269231 0.7888274110576923 0.33799518509615384
12 0.7870047644230769 0.3949062427884616 0.855743375 0.41757817307692313 0.8627734495192307 0.35650284615384614 0.7917317644230769 0.3369212956730769 0.7870047644230769 0.3949062427884616
12 0.7864210048076923 0.39600858653846155 0.7789332115384616 0.4536680769230769 0.8500151682692307 0.4754146033653846 0.8586074591346153 0.41526471634615386 0.7864210048076923 0.39600858653846155
12 0.7703408822115385 0.5105791538461538 0.84012096875 0.5290868173076924 0.8466303052884616 0.4712503701923077 0.7763294783653846 0.44904116105769226 0.7703408822115385 0.5105791538461538
12 0.7528958485576923 0.5594702259615384 0.8218948293269231 0.5756644302884616 0.8281437764423077 0.5192160384615385 0.7588541610576923 0.5004269110576923 0.7528958485576923 0.5594702259615384
12 0.8385587139423076 0.5244599014423077 0.9072973245192307 0.5554602235576923 0.9166707427884616 0.4985491802884615 0.8464192644230769 0.46712962980769235 0.8385587139423076 0.5244599014423077
12 0.9177351730769231 0.5025892524038462 0.9268482451923077 0.442902014423077 0.8570681346153847 0.4137524471153846 0.8502984302884615 0.46788738221153847 0.9177351730769231 0.5025892524038462
12 0.924504860576923 0.44243936538461537 0.9333575793269231 0.3827521081730769 0.8625359927884616 0.3568413870192308 0.85420403125 0.4128270625 0.924504860576923 0.44243936538461537
12 0.8575888942307692 0.3540652451923077 0.9278897211538462 0.3855282692307692 0.9383046586538462 0.32352759134615383 0.8672525985576923 0.2935185192307692 0.8575888942307692 0.3540652451923077
12 0.8562870264423077 0.2934526394230769 0.9268482451923077 0.3207514495192308 0.9364820528846154 0.26013885096153844 0.8656604663461539 0.23006389903846153 0.8568359326923077 0.28946759375000003 0.8562870264423077 0.2934526394230769
12 0.8232743653846154 0.5795710841346154 0.8927940649038462 0.6096460264423077 0.9026882620192308 0.5494961298076924 0.8311197860576923 0.5244212956730769 0.8232743653846154 0.5795710841346154
12 0.8055689831730769 0.6332433076923076 0.8732660576923077 0.6573032716346153 0.8818583870192308 0.6017802836538462 0.8109374951923077 0.5770833341346153 0.8055689831730769 0.6332433076923076
12 0.7242456899038461 0.6634724711538461 0.7888183100961539 0.6093375697115385 0.7752788798076923 0.5584415048076923 0.7109160432692309 0.6135853028846154 0.7242456899038461 0.6634724711538461
12 0.709751564903846 0.7407419783653846 0.7709393221153846 0.6842935841346154 0.75766028125 0.6370990408653847 0.6948573052884615 0.6890460865384616 0.709751564903846 0.7407419783653846
12 0.7500226514423077 0.7675780673076923 0.8177197427884615 0.738891204326923 0.80938778125 0.6852189711538461 0.7430127235576923 0.7127729374999999 0.7500226514423077 0.7675780673076923
12 0.7738901899038461 0.678895545673077 0.8405458052884616 0.6983285769230769 0.8483569879807693 0.6418802211538461 0.7782122499999999 0.6189465192307692 0.7738901899038461 0.678895545673077
12 0.07494551442307693 0.10743063221153845 0.13981570432692308 0.1381004783653846 0.14576709855769232 0.08046233173076923 0.08018381249999999 0.05115795913461539 0.07494551442307693 0.10743063221153845
12 0.14244422355769232 0.1386292908653846 0.20909982692307694 0.15819451923076924 0.21415850240384618 0.09844121153846154 0.14665177884615385 0.08263728365384616 0.14244422355769232 0.1386292908653846
12 0.20691763461538462 0.15607935576923077 0.2729780841346154 0.17775975480769232 0.2804173269230769 0.11589130769230768 0.21292171875 0.0975821923076923 0.20691763461538462 0.15607935576923077
12 0.27364203125000003 0.16780087259615384 0.34000007211538463 0.19265402403846155 0.3462490528846154 0.13184313221153846 0.28025802884615386 0.11169335096153846 0.27364203125000003 0.16780087259615384
12 0.34168632211538463 0.1895694110576923 0.40477107692307696 0.21336497596153844 0.4139957548076923 0.15414047115384613 0.3466542067307692 0.13056207451923077 0.34168632211538463 0.1895694110576923
12 0.05735854086538462 0.15898768509615382 0.12163359134615384 0.1912439110576923 0.12966796153846152 0.13572092307692307 0.06562796153846154 0.10128914423076923 0.05735854086538462 0.15898768509615382
12 0.13145336057692308 0.19133204567307693 0.19781139903846154 0.20983970673076924 0.20257250721153847 0.1553743028846154 0.13601416346153847 0.13431348798076923 0.13145336057692308 0.19133204567307693
12 0.20014383173076922 0.20909000240384618 0.26848417307692307 0.23072693509615386 0.2747331538461538 0.17467514423076924 0.20688726682692307 0.15035079326923076 0.20014383173076922 0.20909000240384618
12 0.05041523317307692 0.20878211298076924 0.11617812980769229 0.24526869711538463 0.1257003485576923 0.18974566826923076 0.057716016826923074 0.15706696875 0.05041523317307692 0.20878211298076924
12 0.04272801682692307 0.2675660432692308 0.10730062980769231 0.3040525673076923 0.11831072115384617 0.24852957692307692 0.052259956730769226 0.21165002403846153 0.04272801682692307 0.2675660432692308
12 0.040992177884615386 0.3205331778846154 0.10586236778846153 0.35490455048076924 0.11330160817307691 0.29991034375000003 0.04724960817307692 0.26676642548076923 0.040992177884615386 0.3205331778846154
12 0.03444567548076923 0.3725308942307692 0.0996134326923077 0.41324773557692307 0.10824295673076922 0.3577247475961538 0.0418184375 0.3222330793269231 0.03444567548076923 0.3725308942307692
12 0.12262545432692308 0.2455330264423077 0.19017377644230768 0.26404068990384616 0.19344703846153846 0.20640253125000002 0.12755704807692309 0.19066373798076922 0.12262545432692308 0.2455330264423077
12 0.12079044711538461 0.24756013942307692 0.11840990384615384 0.3025542860576923 0.18417279086538463 0.3210619495192307 0.1859582043269231 0.2644813966346154 0.12125750721153847 0.24798119951923075 0.12079044711538461 0.24756013942307692
12 0.11186337740384615 0.3541994951923077 0.17673354567307692 0.37112077163461543 0.18089952403846155 0.3166553870192308 0.11433821634615385 0.2979399951923077 0.11186337740384615 0.3541994951923077
12 0.10685427403846154 0.4102101418269231 0.1699390504807692 0.42871780528846154 0.17648557451923075 0.3729715456730769 0.11059311298076922 0.3560076995192307 0.10685427403846154 0.4102101418269231
12 0.04292642067307692 0.37401138461538463 0.03489203846153846 0.4305919567307692 0.09798339182692307 0.47022535336538457 0.10690389423076924 0.4136706610576923 0.04285994230769231 0.3789171129807692 0.04292642067307692 0.37401138461538463
12 0.10997875 0.4682008245192308 0.17246837259615383 0.4867084879807692 0.17812220192307693 0.4285415264423077 0.11103970432692309 0.413900639423077 0.10997875 0.4682008245192308
12 0.19076893269230769 0.2632064206730769 0.2562342548076923 0.28488682692307693 0.26456621394230767 0.22724866826923076 0.1982415985576923 0.20349427644230772 0.19076893269230769 0.2632064206730769
12 0.18784280048076923 0.25862355288461536 0.18456953846153848 0.3152041370192308 0.25003486057692303 0.33635575 0.2553911225961538 0.2818903269230769 0.18906527403846154 0.2605503870192308 0.18784280048076923 0.25862355288461536
12 0.17951089182692306 0.37187286778846157 0.24497621153846155 0.3898517475961538 0.25003488701923077 0.3343287596153846 0.18460101442307691 0.3134160240384615 0.17951089182692306 0.37187286778846157
12 0.1757416394230769 0.42686705048076923 0.2415045240384615 0.44854746634615383 0.24775348317307694 0.3909092884615385 0.18050274759615387 0.37081525961538464 0.1757416394230769 0.42686705048076923
12 0.032511466346153844 0.4849458509615384 0.09659472836538462 0.5232806682692307 0.10631531971153846 0.47639457451923073 0.038172766826923075 0.4347589182692308 0.032511466346153844 0.4849458509615384
12 0.10655670913461537 0.46229600961538464 0.10477129567307693 0.51940534375 0.16874876923076923 0.5400281778846154 0.1717244639423077 0.48291884134615387 0.10798894711538462 0.4661937788461538 0.10655670913461537 0.46229600961538464
12 0.23912400480769233 0.49772494711538456 0.24388511298076926 0.4459035144230769 0.17633681490384617 0.4284534182692308 0.17428377884615387 0.4847122980769231 0.23912400480769233 0.49772494711538456
12 0.17311309855769233 0.5357097235576923 0.23828085336538463 0.5573901225961538 0.24244683413461537 0.5002807451923077 0.17760710096153845 0.4788043557692308 0.17311309855769233 0.5357097235576923
12 0.2378345360576923 0.5545699158653846 0.3024071610576923 0.5741351442307692 0.30776342548076924 0.5191409759615385 0.24263672836538464 0.5024360745192308 0.2378345360576923 0.5545699158653846
12 0.3062755504807692 0.5208154543269231 0.3110366370192308 0.46211973076923074 0.24527374999999998 0.4420256802884615 0.23719638461538464 0.5023053076923077 0.3062755504807692 0.5208154543269231
12 0.3086065 0.4615909495192308 0.3130700432692307 0.4113558846153846 0.2481998533653846 0.38808906009615385 0.24266156730769228 0.4422064278846154 0.3086065 0.4615909495192308
12 0.3148554807692308 0.35433461057692306 0.24998526682692307 0.3342405793269231 0.24600978125 0.3892519230769231 0.3112846081730769 0.4103864014423077 0.3148554807692308 0.35433461057692306
12 0.3179303197115385 0.35415835817307695 0.3238817115384615 0.30127931971153843 0.2578212596153846 0.2758973870192308 0.2522844567307692 0.32981702644230765 0.3179303197115385 0.35415835817307695
12 0.3296843485576923 0.29942858173076925 0.3335527620192308 0.24337680048076923 0.2677898533653846 0.2211676129807692 0.26225453125000003 0.2750562355769231 0.3296843485576923 0.29942858173076925
12 0.3360820841346154 0.24452243509615385 0.3414383485576923 0.1895282403846154 0.27478272115384617 0.16414631009615382 0.2712118942307692 0.2207268701923077 0.3360820841346154 0.24452243509615385
12 0.3658886466346154 0.537031704326923 0.37184004086538464 0.4830950625 0.3105407211538462 0.4630010528846154 0.30657509375 0.5170307788461538 0.3658886466346154 0.537031704326923
12 0.36891395673076927 0.4859152644230769 0.37427021875000005 0.4282771658653846 0.3132684423076923 0.4102982451923077 0.30744343749999997 0.46244234134615386 0.36891395673076927 0.4859152644230769
12 0.3089088870192308 0.4034649879807692 0.37193925 0.42880592307692306 0.38384203605769235 0.3727541514423077 0.3177815865384615 0.34737221634615384 0.3089088870192308 0.4034649879807692
12 0.3844371442307692 0.37354735096153846 0.39157884374999996 0.3211970961538461 0.3281965 0.29898791826923077 0.322522389423077 0.35080324278846153 0.3844371442307692 0.37354735096153846
12 0.3942073846153846 0.31723116105769233 0.4010514495192308 0.26593849278846154 0.33826428124999997 0.24161415384615384 0.3317177596153846 0.2966083293269231 0.3942073846153846 0.31723116105769233
12 0.39837336298076925 0.2627657908653846 0.4055150625 0.20671399038461538 0.3415375889423077 0.18609116826923078 0.33594013701923076 0.24379375240384615 0.39837336298076925 0.2627657908653846
12 0.4712793894230769 0.24302071875 0.47804894471153847 0.18472428846153846 0.4127058341346154 0.15403088221153846 0.40411714663461534 0.2120001826923077 0.4712793894230769 0.24302071875
12 0.46304465384615384 0.3004176971153846 0.47167419951923073 0.2406643701923077 0.40561372596153844 0.21052334374999998 0.39702380288461536 0.26760020192307693 0.46304465384615384 0.3004176971153846
12 0.3876107620192308 0.3270334711538462 0.45813478125 0.35505935576923076 0.4649788461538461 0.29636361298076924 0.3959822980769231 0.26843938221153846 0.3876107620192308 0.3270334711538462
12 0.3804690865384615 0.3853766995192308 0.44801738461538465 0.40811469951923074 0.45396877884615383 0.3525917307692307 0.3855656322115385 0.32522881009615384 0.3804690865384615 0.3853766995192308
12 0.37064927884615384 0.4410759471153846 0.4393878846153846 0.46487151442307695 0.44682712500000005 0.41040609134615386 0.37886920432692306 0.3833409423076923 0.37064927884615384 0.4410759471153846
12 0.36722723076923075 0.49589387019230774 0.43239498798076925 0.5207470024038462 0.44013176923076924 0.4646952307692308 0.3718753173076923 0.43898539903846157 0.36722723076923075 0.49589387019230774
12 0.3665259951923077 0.5085954350961539 0.3599794495192308 0.5609456682692308 0.42812292548076925 0.5842124519230769 0.4349669903846154 0.5292182572115385 0.3674607620192308 0.5038836899038461 0.3665259951923077 0.5085954350961539
12 0.3625088028846154 0.5917036538461539 0.3654845 0.5367094471153846 0.30823440865384616 0.5172055336538461 0.3032924399038462 0.5726671875 0.3625088028846154 0.5917036538461539
12 0.4247511923076923 0.6365650192307692 0.4327848245192308 0.5770737764423077 0.3640462403846154 0.5548645769230769 0.35820989423076927 0.6094424927884615 0.4247511923076923 0.6365650192307692
12 0.3424235769230769 0.6649434471153846 0.4114597475961539 0.685566278846154 0.41889898798076924 0.6284569230769231 0.3498628197115385 0.608362875 0.3424235769230769 0.6649434471153846
12 0.34490335576923076 0.6440562307692308 0.3541280096153846 0.58747565625 0.29134081971153847 0.5705543605769231 0.2868772740384615 0.6266061322115385 0.34490335576923076 0.6440562307692308
12 0.2279088894230769 0.5541618677884615 0.22612347836538463 0.6075696875 0.2895337860576923 0.6310955120192308 0.2939693413461538 0.5710831442307692 0.2279088894230769 0.5541618677884615
12 0.1619476129807692 0.5894145432692308 0.22435127884615386 0.6102666754807692 0.22919835817307693 0.5502840673076923 0.1635171466346154 0.5346235673076923 0.1619476129807692 0.5894145432692308
12 0.09451174519230768 0.5701667379807692 0.15995061057692309 0.5889834423076923 0.16500932932692305 0.5350468221153846 0.09987621153846155 0.5186171875000001 0.09451174519230768 0.5701667379807692
12 0.02792891826923077 0.5402466153846154 0.08982338942307691 0.5777907235576923 0.09934563221153846 0.5254404687500001 0.03487150240384615 0.4888997451923077 0.02792891826923077 0.5402466153846154