12 0.41435373076923077 0.6868693990384614 0.42025551923076926 0.63196490625 0.35222922115384614 0.6130678221153846 0.3466566394230769 0.6677453750000001 0.41435373076923077 0.6868693990384614
12 0.37149309374999995 0.5608303076923077 0.41836809374999995 0.5781914206730769 0.43008684374999995 0.5781914206730769 0.43301653124999995 0.5729830865384615 0.43496965624999995 0.5625664206730769 0.43692278124999995 0.5313164206730769 0.43203996874999995 0.5261080865384615 0.37930559374999995 0.5087469759615385 0.37149309374999995 0.5087469759615385 0.36856340624999995 0.5208997524038461 0.36661028124999995 0.5556219759615385 0.37149309374999995 0.5608303076923077
12 0.3695755288461538 0.49235337259615386 0.3725052163461538 0.4975617067307692 0.4232864663461538 0.5149228173076923 0.4310989663461538 0.5149228173076923 0.4340286538461538 0.5097144831730769 0.4379349038461538 0.4749922620192307 0.4379349038461538 0.47152003846153845 0.4350052163461538 0.4663117067307692 0.4310989663461538 0.46283948317307694 0.3842239663461538 0.44547837259615386 0.3744583413461538 0.44547837259615386 0.3715286538461538 0.4506867067307692 0.3695755288461538 0.4645755961538462 0.3695755288461538 0.49235337259615386
12 0.3778229326923077 0.44193980048076925 0.3787994951923077 0.44367591346153845 0.4334869951923077 0.46450924519230774 0.4393463701923077 0.46450924519230774 0.4442291826923077 0.45235646875 0.4461823076923077 0.41763424519230774 0.4412994951923077 0.41242591346153845 0.3944244951923077 0.39506480048076925 0.3827057451923077 0.39506480048076925 0.3797760576923077 0.41068980048076925 0.3778229326923077 0.42805091346153845 0.3778229326923077 0.44193980048076925
12 0.3856354326923077 0.3838133245192308 0.3866119951923077 0.38554943509615386 0.4354401201923077 0.4063827692307692 0.4471588701923077 0.4063827692307692 0.4500885576923077 0.40117443509615386 0.4539948076923077 0.37339665865384614 0.4539948076923077 0.3595077692307692 0.4530182451923077 0.35777165865384614 0.3944244951923077 0.3334661033653846 0.3905182451923077 0.3334661033653846 0.3875885576923077 0.34214665865384614 0.3856354326923077 0.36297999038461537 0.3856354326923077 0.3838133245192308
12 0.3934479326923077 0.32992753125 0.3963776201923077 0.3351358653846154 0.4159088701923077 0.34555253125 0.4452057451923077 0.35596919711538466 0.4549713701923077 0.35596919711538466 0.4579010576923077 0.3507608653846154 0.4618073076923077 0.3195108653846154 0.4618073076923077 0.30909419711538466 0.4608307451923077 0.30735808653846153 0.4022369951923077 0.28305253125 0.3973541826923077 0.2882608653846154 0.3934479326923077 0.32298308653846153 0.3934479326923077 0.32992753125
12 0.2948151995192308 0.6286049903846155 0.2987214495192308 0.6320772139423076 0.3416901995192308 0.6424938798076922 0.3514558245192308 0.6424938798076922 0.3524323870192308 0.6407577692307692 0.3582917620192308 0.6060355456730769 0.3582917620192308 0.5956188798076923 0.3573151995192308 0.5938827692307692 0.3143464495192308 0.5799938798076923 0.3006745745192308 0.5799938798076923 0.2977448870192308 0.5852022139423076 0.2957917620192308 0.5956188798076923 0.2938386370192308 0.6199244350961539 0.2948151995192308 0.6286049903846155
12 0.30899309374999995 0.5765216586538462 0.35196184374999995 0.5904105456730769 0.36368059374999995 0.5904105456730769 0.36661028124999995 0.5817299903846154 0.36661028124999995 0.5504799903846154 0.36368059374999995 0.5417994350961538 0.34805559374999995 0.5348549903846154 0.31289934374999995 0.5244383245192308 0.30996965624999995 0.5331188798076923 0.30801653124999995 0.5470077692307692 0.30606340625 0.5713133245192308 0.30899309374999995 0.5765216586538462
12 0.3114167620192308 0.5218009831730769 0.3123933245192308 0.52353709375 0.3592683245192308 0.540898204326923 0.3670808245192308 0.540898204326923 0.3680573870192308 0.53916209375 0.3719636370192308 0.50791209375 0.3719636370192308 0.4974954278846154 0.3690339495192308 0.49228709374999996 0.3651276995192308 0.48881487259615386 0.3182526995192308 0.4714537620192308 0.3133698870192308 0.47666209374999996 0.3114167620192308 0.4870787620192308 0.3114167620192308 0.5218009831730769
12 0.31485246874999995 0.46798153846153845 0.34024309374999995 0.4783982043269231 0.36563371874999995 0.4853426490384616 0.36758684374999995 0.4853426490384616 0.37051653124999995 0.4801343173076923 0.37442278124999995 0.45235653846153845 0.37442278124999995 0.44193987259615386 0.37149309374999995 0.43673153846153845 0.32852434374999995 0.4193704278846154 0.31680559374999995 0.4193704278846154 0.31387590624999995 0.4315232043269231 0.31192278124999995 0.4627732043269231 0.31485246874999995 0.46798153846153845
12 0.3167700360576923 0.41068980048076925 0.3177465985576923 0.41242591346153845 0.3724340985576923 0.43325924519230774 0.3743872235576923 0.43325924519230774 0.3792700360576923 0.4245786899038461 0.3812231610576923 0.4037453581730769 0.3812231610576923 0.38638424519230774 0.3782934735576923 0.38117591346153845 0.3333715985576923 0.36381480048076925 0.3216528485576923 0.36381480048076925 0.3206762860576923 0.36555091346153845 0.3167700360576923 0.39680091346153845 0.3167700360576923 0.41068980048076925
12 0.3294653485576923 0.35777158653846153 0.3802465985576923 0.3751326995192308 0.3821997235576923 0.3751326995192308 0.3851294110576923 0.3699243653846154 0.3909887860576923 0.33172992067307694 0.3900122235576923 0.32652158653846153 0.3841528485576923 0.3230493653846154 0.3372778485576923 0.3056882548076923 0.3333715985576923 0.3056882548076923 0.3304419110576923 0.31089658653846153 0.3284887860576923 0.32478547596153845 0.3265356610576923 0.3525632548076923 0.3294653485576923 0.35777158653846153
12 0.3363012860576923 0.30047992067307694 0.3372778485576923 0.30221603125 0.3880590985576923 0.3230493653846154 0.3929419110576923 0.3213132548076923 0.3948950360576923 0.3143688100961538 0.3988012860576923 0.27964658653846153 0.3988012860576923 0.2761743653846154 0.3958715985576923 0.27096603125 0.3509497235576923 0.25360492067307694 0.3411840985576923 0.25360492067307694 0.3382544110576923 0.2588132548076923 0.3363012860576923 0.2761743653846154 0.3363012860576923 0.30047992067307694
12 0.4256745745192308 0.6849289375 0.4725495745192308 0.7231233822115384 0.4784089495192308 0.7231233822115384 0.4813386370192308 0.7179150480769232 0.4891511370192308 0.6831928269230769 0.4881745745192308 0.6779844927884615 0.4373933245192308 0.6363178269230769 0.4315339495192308 0.6363178269230769 0.4286042620192308 0.6415261586538462 0.4246980120192308 0.6554150480769232 0.4207917620192308 0.6762483822115384 0.4256745745192308 0.6849289375
12 0.43789934374999995 0.6372191274038462 0.48672746874999995 0.6754135721153846 0.49063371874999995 0.6754135721153846 0.49356340624999995 0.6702052379807693 0.50137590625 0.6389552379807693 0.50137590625 0.6285385721153846 0.50039934375 0.6268024591346154 0.44961809374999995 0.5886080168269231 0.44375871874999995 0.5886080168269231 0.44082903124999995 0.5938163485576923 0.43496965624999995 0.6146496826923077 0.43301653124999995 0.6285385721153846 0.43789934374999995 0.6372191274038462
12 0.4471588701923077 0.5851357932692308 0.4959869951923077 0.6233302379807693 0.5018463701923077 0.6233302379807693 0.5047760576923077 0.6181219038461538 0.5086823076923077 0.6077052379807693 0.5125885576923077 0.5903441274038461 0.5125885576923077 0.5799274591346154 0.5096588701923077 0.5747191274038461 0.4569244951923077 0.5330524591346154 0.4520416826923077 0.5417330168269231 0.4461823076923077 0.5660385721153847 0.4442291826923077 0.5764552379807693 0.4471588701923077 0.5851357932692308
12 0.4579010576923077 0.5373595624999999 0.4588776201923077 0.5390956754807692 0.5096588701923077 0.5772901201923077 0.5135651201923077 0.5772901201923077 0.5184479326923077 0.5686095624999999 0.5262604326923077 0.5373595624999999 0.5262604326923077 0.5338873413461539 0.5213776201923077 0.5252067860576923 0.4686432451923077 0.4870123413461539 0.4637604326923077 0.4956928966346154 0.4618073076923077 0.5026373413461539 0.4579010576923077 0.5199984519230769 0.4579010576923077 0.5373595624999999
12 0.4676667620192308 0.4827052379807692 0.4686433245192308 0.48444134855769233 0.5194245745192307 0.5226357932692308 0.5252839495192307 0.5226357932692308 0.5262605120192307 0.5208996826923077 0.5301667620192307 0.5104830168269231 0.5360261370192307 0.4792330168269231 0.5311433245192307 0.47055245913461535 0.4823151995192308 0.4358302379807692 0.4764558245192308 0.4358302379807692 0.4754792620192308 0.43756634855769233 0.4676667620192308 0.4653441274038462 0.4676667620192308 0.4827052379807692
12 0.4808325360576923 0.4331928966346154 0.4818090985576923 0.43492900721153843 0.4876684735576923 0.4418734519230769 0.5345434735576923 0.47659567548076925 0.5413794110576923 0.4713873413461539 0.5491919110576923 0.4401373413461539 0.5491919110576923 0.42972067548076925 0.5462622235576923 0.4245123413461539 0.4935278485576923 0.38284567548076925 0.4915747235576923 0.38284567548076925 0.4886450360576923 0.38805400721153843 0.4847387860576923 0.4019428966346154 0.4808325360576923 0.41930400721153843 0.4808325360576923 0.4331928966346154
12 0.4945044110576923 0.37853864182692304 0.4974340985576923 0.3837469759615385 0.5462622235576923 0.42194142067307694 0.5521215985576923 0.42194142067307694 0.5570044110576923 0.4132608653846154 0.5628637860576923 0.38548308653846153 0.5628637860576923 0.37159419711538466 0.5618872235576923 0.36985808653846153 0.5091528485576923 0.33166364182692304 0.5032934735576923 0.33166364182692304 0.5023169110576923 0.3333997524038462 0.4964575360576923 0.3577053076923077 0.4945044110576923 0.3681219759615385 0.4945044110576923 0.37853864182692304
12 0.511576514423077 0.3324984519230769 0.514506201923077 0.3377067860576923 0.563334326923077 0.37242900721153843 0.569193701923077 0.37242900721153843 0.572123389423077 0.36722067548076925 0.577982764423077 0.3394428966346154 0.577982764423077 0.32555400721153843 0.573099951923077 0.3168734519230769 0.526224951923077 0.28215123076923077 0.522318701923077 0.28215123076923077 0.517435889423077 0.29083178605769233 0.511576514423077 0.3220817860576923 0.511576514423077 0.3324984519230769
12 0.5794297884615385 0.31860956249999994 0.5823594759615385 0.3238178966346154 0.6350938509615385 0.3620123413461539 0.6390001009615385 0.3620123413461539 0.6419297884615385 0.35680400721153843 0.6497422884615385 0.32555400721153843 0.6497422884615385 0.3151373413461539 0.6448594759615385 0.30645678605769233 0.6214219759615385 0.2856234519230769 0.5979844759615385 0.26826234134615384 0.5921251009615385 0.26826234134615384 0.5872422884615385 0.2769428966346154 0.5794297884615385 0.30472067548076925 0.5794297884615385 0.31860956249999994
12 0.5721233100961538 0.37506634855769233 0.5750529975961538 0.3802746826923077 0.6160686225961538 0.4115246826923077 0.6277873725961538 0.4184691274038462 0.6336467475961538 0.4184691274038462 0.6346233100961538 0.4167330168269231 0.6443889350961538 0.3785385721153846 0.6443889350961538 0.3715941274038462 0.6414592475961538 0.3629135721153846 0.5848186225961538 0.3247191274038462 0.5818889350961538 0.32992745913461535 0.5779826850961538 0.34381634855769233 0.5721233100961538 0.36812190384615384 0.5721233100961538 0.37506634855769233
12 0.566264014423077 0.42805091346153845 0.571146826923077 0.43673146875 0.621928076923077 0.4714536899038461 0.628764014423077 0.4662453581730769 0.638529639423077 0.42805091346153845 0.638529639423077 0.4245786899038461 0.633646826923077 0.4158981346153846 0.578959326923077 0.38117591346153845 0.575053076923077 0.38117591346153845 0.572123389423077 0.38985646875 0.566264014423077 0.41416202403846153 0.566264014423077 0.42805091346153845
12 0.5447795600961538 0.49041814423076924 0.5496623725961538 0.49909869951923075 0.5984904975961538 0.533820920673077 0.6043498725961538 0.533820920673077 0.6072795600961538 0.5286125889423077 0.6150920600961538 0.4938903653846154 0.6150920600961538 0.48347369951923075 0.6121623725961538 0.4782653653846154 0.5574748725961538 0.4400709206730769 0.5555217475961538 0.4400709206730769 0.5525920600961538 0.44527925480769226 0.5467326850961538 0.4695848100961539 0.5447795600961538 0.4800014759615384 0.5447795600961538 0.49041814423076924
12 0.540873389423077 0.5408317860576923 0.543803076923077 0.5495123413461539 0.594584326923077 0.5842345624999999 0.602396826923077 0.5842345624999999 0.603373389423077 0.5824984519230769 0.611185889423077 0.5512484519230769 0.611185889423077 0.5373595624999999 0.610209326923077 0.5356234519230769 0.555521826923077 0.49742900721153843 0.551615576923077 0.49742900721153843 0.548685889423077 0.5026373413461539 0.544779639423077 0.5165262307692308 0.540873389423077 0.5338873413461539 0.540873389423077 0.5408317860576923
12 0.5243073870192307 0.5980571033653846 0.5252839495192307 0.5997932139423077 0.5467683245192307 0.6171543245192308 0.5780183245192307 0.6379876586538462 0.5838776995192307 0.6379876586538462 0.5887605120192307 0.6258348798076923 0.5946198870192307 0.5945848798076923 0.5916901995192307 0.5893765480769231 0.5350495745192307 0.5477098798076923 0.5321198870192307 0.5529182139423077 0.5282136370192307 0.5668071033653846 0.5243073870192307 0.5841682139423077 0.5243073870192307 0.5980571033653846
12 0.5081762860576923 0.640625 0.5111059735576923 0.6458333341346154 0.5267309735576923 0.659722221153846 0.5618872235576923 0.684027778846154 0.5657934735576923 0.684027778846154 0.5726294110576923 0.671875 0.5765356610576923 0.6510416658653846 0.5765356610576923 0.637152778846154 0.5736059735576923 0.6319444447115384 0.5228247235576923 0.59375 0.5189184735576923 0.59375 0.5140356610576923 0.6059027788461538 0.5081762860576923 0.6336805552884616 0.5081762860576923 0.640625
12 0.4921163028846154 0.6927083341346154 0.4930928653846154 0.6944444447115384 0.5458272403846154 0.732638889423077 0.5526631778846154 0.7274305552884616 0.5604756778846154 0.6927083341346154 0.5604756778846154 0.689236110576923 0.5575459903846154 0.684027778846154 0.5048116153846154 0.6458333341346154 0.5028584903846154 0.6458333341346154 0.4999288028846154 0.6510416658653846 0.4921163028846154 0.6788194447115384 0.4921163028846154 0.6927083341346154
12 0.4750442788461538 0.738748451923077 0.4779739663461538 0.7439567860576923 0.5268020913461539 0.7786790072115385 0.5346145913461539 0.7786790072115385 0.5355911538461539 0.7769428966346154 0.5434036538461539 0.7352762307692308 0.5404739663461539 0.7265956754807692 0.4916458413461538 0.6953456754807692 0.4857864663461538 0.6953456754807692 0.4828567788461538 0.7005540072115385 0.4750442788461538 0.7283317860576923 0.4750442788461538 0.738748451923077
12 0.6472831442307693 0.29597376923076923 0.6492362692307693 0.3098626586538461 0.6531425192307693 0.33069599278846157 0.6580253317307693 0.3393765480769231 0.7166190817307693 0.30465432451923075 0.7195487692307693 0.29944599278846157 0.7195487692307693 0.28902932451923075 0.7117362692307693 0.2543071033653846 0.7088065817307693 0.24909876923076923 0.6814628317307693 0.26298765865384616 0.6482597067307693 0.28382099278846157 0.6472831442307693 0.2855571033653846 0.6472831442307693 0.29597376923076923
12 0.6467769639423077 0.36027623076923077 0.6526363389423077 0.38805400721153843 0.6575191514423077 0.4002067860576923 0.6633785264423077 0.4002067860576923 0.6692379014423077 0.39673456249999994 0.7122066514423077 0.36548456249999994 0.7161129014423077 0.3620123413461539 0.7209957139423077 0.3533317860576923 0.7131832139423077 0.31860956249999994 0.7083004014423077 0.30645678605769233 0.7004879014423077 0.30992900721153843 0.6497066514423077 0.34465123076923077 0.6467769639423077 0.34985956249999994 0.6467769639423077 0.36027623076923077
12 0.6438829134615385 0.4262484519230769 0.6497422884615385 0.45402623076923077 0.6526719759615385 0.45923456249999994 0.6585313509615385 0.45923456249999994 0.6878282259615385 0.4418734519230769 0.7093126009615385 0.42798456249999994 0.7161485384615385 0.41930400721153843 0.7083360384615385 0.3776373413461539 0.7054063509615385 0.37242900721153843 0.6995469759615385 0.37242900721153843 0.6448594759615385 0.40715123076923077 0.6419297884615385 0.41235956249999994 0.6438829134615385 0.4262484519230769
12 0.6161042620192307 0.49479166586538464 0.6219636370192307 0.5260416658653846 0.6268464495192307 0.5347222211538462 0.6698151995192307 0.513888889423077 0.6854401995192307 0.5034722211538462 0.6883698870192307 0.498263889423077 0.6883698870192307 0.48784722115384616 0.6864167620192307 0.47395833413461536 0.6825105120192307 0.45659722115384616 0.6795808245192307 0.451388889423077 0.6737214495192307 0.451388889423077 0.6170808245192307 0.482638889423077 0.6161042620192307 0.484375 0.6161042620192307 0.49479166586538464
12 0.6131389350961538 0.5668071730769231 0.6150920600961538 0.5841682860576923 0.6199748725961538 0.5928488413461538 0.6316936225961538 0.5928488413461538 0.6629436225961538 0.5824321730769231 0.6805217475961538 0.5754877283653846 0.6834514350961538 0.5702793966346154 0.6795451850961538 0.5286127283653846 0.6746623725961538 0.5199321730769231 0.6707561225961538 0.5199321730769231 0.6199748725961538 0.5407655072115385 0.6160686225961538 0.5442377283653846 0.6131389350961538 0.5494460624999999 0.6131389350961538 0.5668071730769231
12 0.59121965625 0.6371527067307692 0.59414934375 0.6423610408653846 0.60391496875 0.6458332620192307 0.6312587187500001 0.6493054855769231 0.6546962187500001 0.6493054855769231 0.6576259062500001 0.6440971514423077 0.6595790312500001 0.6232638173076922 0.6595790312500001 0.5989582620192307 0.6546962187500001 0.5902777067307692 0.59610246875 0.5902777067307692 0.59317278125 0.5954860408653846 0.59121965625 0.6059027067307692 0.59121965625 0.6371527067307692
12 0.5741120745192307 0.6858303076923077 0.6190339495192307 0.7066636418269231 0.6346589495192307 0.7066636418269231 0.6375886370192307 0.7014553076923077 0.6414948870192307 0.6771497524038461 0.6414948870192307 0.6563164206730769 0.63773909375 0.6531131057692308 0.5858308245192307 0.6337469759615384 0.5799714495192307 0.6337469759615384 0.5750886370192307 0.6493719759615384 0.5711823870192307 0.67367753125 0.5741120745192307 0.6858303076923077
12 0.5589575360576923 0.7240911033653846 0.5618872235576923 0.7292994350961539 0.5872778485576923 0.7431883245192308 0.6165747235576924 0.7536049903846155 0.6185278485576924 0.7536049903846155 0.6253637860576924 0.7414522139423076 0.6292700360576924 0.7136744350961539 0.6292700360576924 0.7067299903846155 0.6263403485576924 0.7015216586538462 0.5716528485576923 0.6772161033653846 0.5696997235576923 0.6772161033653846 0.5648169110576923 0.6858966586538462 0.5609106610576923 0.7032577692307692 0.5589575360576923 0.7136744350961539 0.5589575360576923 0.7240911033653846
12 0.6516954134615385 0.67007246875 0.6595079134615385 0.6978502475961539 0.6643907259615385 0.7065308028846153 0.6702501009615385 0.7065308028846153 0.7073594759615385 0.6787530240384616 0.7190782259615385 0.6683363581730769 0.7239610384615385 0.6596558028846153 0.7200547884615385 0.6422946923076923 0.7112657259615385 0.6197252475961539 0.7073594759615385 0.6197252475961539 0.6526719759615385 0.6579196923076923 0.6516954134615385 0.6596558028846153 0.6516954134615385 0.67007246875
12 0.6702856610576924 0.5920138173076923 0.6780981610576924 0.6197915961538462 0.6810278485576924 0.6249999302884616 0.6907934735576924 0.6249999302884616 0.7376684735576924 0.5868054855769231 0.7425512860576924 0.5781249302884615 0.7327856610576924 0.5399304855769231 0.7318090985576924 0.538194375 0.7259497235576924 0.538194375 0.6712622235576924 0.5798610408653846 0.6702856610576924 0.5815971514423077 0.6702856610576924 0.5920138173076923
12 0.6839576153846154 0.5364583341346154 0.6878638653846154 0.5503472211538462 0.6927466778846154 0.5590277788461538 0.6966529278846154 0.5590277788461538 0.7474341778846154 0.5243055552884616 0.7523169903846154 0.5190972211538462 0.7523169903846154 0.501736110576923 0.7503638653846154 0.48784722115384616 0.7464576153846154 0.47395833413461536 0.7435279278846154 0.46875 0.6810279278846154 0.5104166658653846 0.6800513653846154 0.515625 0.6839576153846154 0.5364583341346154
12 0.6331762860576924 0.7386156826923076 0.6370825360576924 0.7594490168269231 0.6419653485576924 0.771601795673077 0.6536840985576924 0.771601795673077 0.6907934735576924 0.7542406826923076 0.7034887860576924 0.7455601274038461 0.7034887860576924 0.7281990168269231 0.6976294110576924 0.7004212379807692 0.6946997235576924 0.69521290625 0.6907934735576924 0.69521290625 0.6439184735576924 0.7195184615384616 0.6341528485576924 0.72646290625 0.6331762860576924 0.7281990168269231 0.6331762860576924 0.7386156826923076
12 0.6116919110576923 0.8029181442307693 0.6136450360576923 0.8133348100961538 0.6165747235576924 0.8185431442307693 0.6341528485576924 0.8220153653846154 0.6771215985576924 0.8254875889423077 0.6800512860576924 0.8168070336538461 0.6800512860576924 0.7786125889423077 0.6771215985576924 0.7734042548076924 0.6439184735576924 0.7699320336538461 0.6165747235576924 0.7699320336538461 0.6136450360576923 0.7786125889423077 0.6116919110576923 0.7925014759615384 0.6116919110576923 0.8029181442307693
12 0.5482153485576923 0.785623451923077 0.6029028485576923 0.8099290072115385 0.6077856610576923 0.8047206754807692 0.6116919110576923 0.7838873413461538 0.6116919110576923 0.7630540072115385 0.6087622235576923 0.7578456754807692 0.5560278485576923 0.7335401201923077 0.5540747235576923 0.7335401201923077 0.5491919110576923 0.7422206754807692 0.5433325360576923 0.7734706754807692 0.5482153485576923 0.785623451923077
12 0.6786041826923076 0.7768101274038461 0.6883698076923076 0.8080601274038461 0.6932526201923076 0.8132684615384616 0.6991119951923076 0.8097962379807692 0.7440338701923076 0.7681295721153846 0.7489166826923076 0.7594490168269231 0.7411041826923076 0.7281990168269231 0.7362213701923076 0.7195184615384616 0.7342682451923076 0.7195184615384616 0.6815338701923076 0.7611851274038461 0.6786041826923076 0.7663934615384616 0.6786041826923076 0.7768101274038461
12 0.7054419110576924 0.7307700096153845 0.7103247235576924 0.7394505649038461 0.7142309735576924 0.7394505649038461 0.7630590985576924 0.6977838966346154 0.7698950360576924 0.6856311201923078 0.7620825360576924 0.6543811201923078 0.7571997235576924 0.6457005649038461 0.7532934735576924 0.6457005649038461 0.6986059735576924 0.6908394543269231 0.6976294110576924 0.6995200096153845 0.7054419110576924 0.7307700096153845
12 0.7132544110576924 0.627504641826923 0.7191137860576924 0.6518101995192308 0.7220434735576924 0.6604907548076924 0.7279028485576924 0.6639629759615384 0.7806372235576924 0.6188240865384615 0.7835669110576924 0.6136157548076923 0.7835669110576924 0.6031990865384615 0.7738012860576924 0.5719490865384615 0.7689184735576924 0.5702129759615384 0.7142309735576924 0.6153518653846154 0.7132544110576924 0.6170879759615384 0.7132544110576924 0.627504641826923
12 0.7445044110576924 0.7342422307692308 0.7513403485576924 0.7637561201923078 0.7591528485576924 0.7637561201923078 0.8060278485576924 0.7429227860576924 0.8118872235576924 0.7394505649038461 0.8148169110576924 0.7342422307692308 0.8148169110576924 0.7203533413461538 0.8109106610576924 0.6995200096153845 0.8079809735576924 0.6908394543269231 0.7982153485576924 0.6908394543269231 0.7474340985576924 0.7116727860576924 0.7435278485576924 0.7151450096153845 0.7425512860576924 0.7203533413461538 0.7445044110576924 0.7342422307692308
12 0.7747422884615385 0.6752144543269231 0.7776719759615385 0.6804227860576924 0.8265001009615385 0.6943116754807692 0.8401719759615385 0.6943116754807692 0.8431016634615385 0.6856311201923078 0.8470079134615385 0.6543811201923078 0.8470079134615385 0.6509088966346154 0.8440782259615385 0.6457005649038461 0.7854844759615385 0.6248672307692308 0.7796251009615385 0.6283394543269231 0.7766954134615385 0.6335477860576924 0.7727891634615385 0.6647977860576924 0.7747422884615385 0.6752144543269231
12 0.8040391634615385 0.624032420673077 0.8069688509615385 0.6292407548076924 0.8128282259615385 0.6327129759615384 0.8577501009615385 0.6466018653846154 0.8675157259615385 0.6466018653846154 0.8704454134615385 0.64139353125 0.8743516634615385 0.61014353125 0.8743516634615385 0.5962546418269231 0.8733751009615385 0.59451853125 0.8186876009615385 0.577157420673077 0.8128282259615385 0.577157420673077 0.8098985384615385 0.5823657548076923 0.8079454134615385 0.592782420673077 0.8040391634615385 0.6170879759615384 0.8040391634615385 0.624032420673077
12 0.7556815024038461 0.5572252475961539 0.7595877524038461 0.56069746875 0.7986502524038461 0.5711141346153846 0.8201346274038461 0.5711141346153846 0.8230643149038461 0.5589613581730769 0.8250174399038461 0.5416002475961539 0.8250174399038461 0.5242391346153846 0.8220877524038461 0.5190308028846153 0.7654471274038461 0.5051419134615385 0.7615408774038461 0.5051419134615385 0.7586111899038461 0.5103502475961539 0.7547049399038461 0.5311835793269231 0.7527518149038461 0.5485446923076923 0.7556815024038461 0.5572252475961539
12 0.7732596274038461 0.5051419831730769 0.8240408774038461 0.5190308725961539 0.8357596274038461 0.5190308725961539 0.8386893149038461 0.5138225408653846 0.8425955649038461 0.4860447620192308 0.8425955649038461 0.4721558725961538 0.8396658774038461 0.46694754086538465 0.7771658774038461 0.45305865144230767 0.7742361899038461 0.4582669831730769 0.7722830649038461 0.46868365144230767 0.7703299399038461 0.49993365144230767 0.7732596274038461 0.5051419831730769
12 0.7859193004807692 0.4495864278846154 0.8464661754807692 0.46694754086538465 0.8513489879807692 0.4617392067307692 0.8552552379807692 0.4270169831730769 0.8552552379807692 0.4166003173076923 0.8523255504807692 0.4113919831730769 0.7976380504807692 0.39750309615384616 0.7898255504807692 0.39750309615384616 0.7868958629807692 0.4027114278846154 0.7849427379807692 0.42007254086538465 0.7829896129807692 0.44437809615384616 0.7859193004807692 0.4495864278846154
12 0.790296170673077 0.38882246875 0.793225858173077 0.39403080288461534 0.799085233173077 0.3975030240384615 0.853772733173077 0.41139191346153847 0.858655545673077 0.40271135817307696 0.862561795673077 0.36451691346153847 0.859632108173077 0.35583635817307696 0.802991483173077 0.3384752475961538 0.797132108173077 0.3384752475961538 0.794202420673077 0.34368357932692306 0.792249295673077 0.35757246875 0.790296170673077 0.37493357932692306 0.790296170673077 0.38882246875
12 0.8313472764423077 0.5857716274038461 0.8840816514423077 0.6031327379807693 0.8879879014423077 0.6031327379807693 0.8928707139423077 0.5909799615384616 0.8967769639423077 0.5666744038461539 0.8967769639423077 0.5527855168269231 0.8958004014423077 0.5510494038461539 0.8391597764423077 0.5302160721153846 0.8313472764423077 0.5302160721153846 0.8284175889423077 0.5388966274038461 0.8245113389423077 0.5770910721153846 0.8313472764423077 0.5857716274038461
12 0.8435366466346154 0.5181959927884615 0.8445132091346154 0.5199321033653846 0.8659975841346154 0.5303487692307692 0.8992007091346154 0.5407654375000001 0.9031069591346154 0.5407654375000001 0.9079897716346154 0.5320848798076923 0.9118960216346154 0.5043071033653846 0.9118960216346154 0.49389043750000006 0.9089663341346154 0.4886821033653846 0.8542788341346154 0.46784876923076923 0.8503725841346154 0.46784876923076923 0.8474428966346154 0.47652932451923075 0.8435366466346154 0.5008348798076923 0.8435366466346154 0.5181959927884615
12 0.8606085120192308 0.40965580288461534 0.8615850745192308 0.41139191346153847 0.9162725745192308 0.43569746875 0.9201788245192308 0.43569746875 0.9250616370192308 0.42701691346153847 0.9309210120192308 0.38882246875 0.9299444495192308 0.38014191346153847 0.9260381995192308 0.3766696923076923 0.8752569495192308 0.35930857932692306 0.8654913245192308 0.35930857932692306 0.8645147620192308 0.3610446923076923 0.8606085120192308 0.38882246875 0.8606085120192308 0.40965580288461534
12 0.8620911754807692 0.3497932139423077 0.8757630504807692 0.3567376586538461 0.9148255504807692 0.3706265480769231 0.9245911754807692 0.3706265480769231 0.9275208629807692 0.3654182139423077 0.9333802379807692 0.33069599278846157 0.9333802379807692 0.32027932451923075 0.9324036754807692 0.3185432139423077 0.8777161754807692 0.2977098798076923 0.8679505504807692 0.2977098798076923 0.8669739879807692 0.29944599278846157 0.8611146129807692 0.3411126586538461 0.8620911754807692 0.3497932139423077
12 0.861585233173077 0.2933363581730769 0.916272733173077 0.3141696923076923 0.924085233173077 0.3141696923076923 0.925061795673077 0.31243357932692306 0.928968045673077 0.29507246875 0.932874295673077 0.2672946923076923 0.932874295673077 0.26382246875 0.929944608173077 0.2586141346153846 0.873303983173077 0.2343085793269231 0.869397733173077 0.2343085793269231 0.864514920673077 0.2429891346153846 0.860608670673077 0.26382246875 0.858655545673077 0.2846558028846154 0.861585233173077 0.2933363581730769
12 0.7956850841346154 0.3272901201923077 0.8503725841346154 0.34465123076923077 0.8562319591346154 0.34465123076923077 0.8591616466346154 0.3394428966346154 0.8650210216346154 0.29430400721153843 0.8620913341346154 0.28909567548076925 0.8093569591346154 0.27520678605769233 0.7976382091346154 0.27520678605769233 0.7927553966346154 0.2873595625 0.7908022716346154 0.31860956249999994 0.7956850841346154 0.3272901201923077
12 0.8533022716346154 0.4712545721153846 0.8542788341346154 0.4729906826923077 0.9050600841346154 0.49382401682692306 0.9148257091346154 0.49382401682692306 0.9158022716346154 0.49208790625000004 0.9197085216346154 0.4747267956730769 0.9236147716346154 0.44694901682692306 0.9236147716346154 0.4434767956730769 0.9206850841346154 0.43826846153846155 0.8620913341346154 0.41743512740384614 0.8601382091346154 0.41743512740384614 0.8572085216346154 0.42264346153846155 0.8533022716346154 0.4573656826923077 0.8533022716346154 0.4712545721153846
12 0.6971233100961538 0.453125 0.7049358100961538 0.484375 0.7098186225961538 0.48958333413461536 0.7195842475961538 0.486111110576923 0.7664592475961538 0.454861110576923 0.7713420600961538 0.4461805552884615 0.7713420600961538 0.439236110576923 0.7674358100961538 0.41840277884615384 0.7625529975961538 0.40277777884615384 0.7566936225961538 0.40277777884615384 0.7000529975961538 0.4375 0.6971233100961538 0.44270833413461536 0.6971233100961538 0.453125
12 0.7152075360576924 0.4184027067307692 0.7181372235576924 0.42361104086538465 0.7239965985576924 0.42361104086538465 0.7708715985576924 0.39236104086538465 0.7796606610576924 0.3836804855769231 0.7796606610576924 0.36979159615384616 0.7708715985576924 0.3333332620192308 0.7083715985576924 0.3715277067307692 0.7073950360576924 0.3802082620192308 0.7152075360576924 0.4184027067307692
12 0.708842139423077 0.32027932451923075 0.718607764423077 0.35847376923076923 0.721537451923077 0.3636821033653846 0.774271826923077 0.3324321033653846 0.778178076923077 0.3289598798076923 0.783060889423077 0.32027932451923075 0.783060889423077 0.3098626586538461 0.781107764423077 0.29944599278846157 0.775248389423077 0.27861265865384616 0.772318701923077 0.27340432451923075 0.768412451923077 0.27340432451923075 0.711771826923077 0.3081265480769231 0.708842139423077 0.3133348798076923 0.708842139423077 0.32027932451923075
12 0.7151363389423077 0.24826388942307692 0.7239254014423077 0.2951388894230769 0.7317379014423077 0.2951388894230769 0.7825191514423077 0.2638888894230769 0.7874019639423077 0.2552083341346154 0.7874019639423077 0.24826388942307692 0.7815425889423077 0.21701388942307692 0.7786129014423077 0.20833333413461538 0.7688472764423077 0.20833333413461538 0.7551754014423077 0.21527777884615384 0.7180660264423077 0.23958333413461538 0.7151363389423077 0.24479166586538462 0.7151363389423077 0.24826388942307692
12 0.5355200360576923 0.25701079326923076 0.5433325360576923 0.28826079326923076 0.5482153485576923 0.29694134855769233 0.5989965985576923 0.25874690384615384 0.6058325360576923 0.25006634855769233 0.6058325360576923 0.2361774591346154 0.6038794110576923 0.22576079326923076 0.5980200360576923 0.2049274591346154 0.5950903485576923 0.19971912740384615 0.5853247235576923 0.20319134855769233 0.5384497235576923 0.24138579326923076 0.5355200360576923 0.24659412740384615 0.5355200360576923 0.25701079326923076
12 0.4041901995192308 0.2770093173076923 0.4569245745192308 0.2978426490384615 0.4627839495192308 0.2978426490384615 0.4637605120192308 0.29610653846153845 0.4676667620192308 0.2683287620192308 0.4676667620192308 0.2509676490384615 0.4666901995192308 0.24923153846153845 0.4627839495192308 0.24575931730769232 0.4120026995192308 0.22492598317307694 0.4080964495192308 0.22492598317307694 0.4032136370192308 0.23707876201923075 0.4012605120192308 0.27180098317307694 0.4041901995192308 0.2770093173076923
12 0.40567278124999995 0.21020214182692307 0.40860246874999995 0.21541047596153848 0.46328996874999995 0.23971603125 0.46524309374999995 0.23971603125 0.46817278124999995 0.23450769951923078 0.47207903124999995 0.2067299206730769 0.47207903124999995 0.18936881009615383 0.47110246874999995 0.18763269951923078 0.45938371874999995 0.1806882548076923 0.41641496874999995 0.16332714182692307 0.41250871874999995 0.16332714182692307 0.40957903124999995 0.16853547596153848 0.40762590624999995 0.17895214182692307 0.40567278124999995 0.1963132548076923 0.40567278124999995 0.21020214182692307
12 0.34317286057692303 0.19193987259615383 0.34610254807692303 0.1971482043269231 0.39883692307692303 0.21450931730769232 0.40079004807692303 0.21450931730769232 0.40371973557692303 0.20930098317307694 0.40957911057692303 0.16416209375000002 0.40664942307692303 0.15895376201923075 0.35782129807692303 0.14159264903846153 0.34805567307692303 0.14159264903846153 0.34512598557692303 0.14680098317307694 0.34317286057692303 0.17110653846153845 0.34317286057692303 0.19193987259615383
12 0.3421606610576923 0.2474953581730769 0.3450903485576923 0.2527036899038462 0.3978247235576923 0.27006480048076925 0.4007544110576923 0.26485646875 0.4046606610576923 0.23013424519230768 0.4046606610576923 0.22318980048076925 0.4017309735576923 0.21798146875 0.3548559735576923 0.2006203581730769 0.3450903485576923 0.2006203581730769 0.3441137860576923 0.20235646875 0.3421606610576923 0.22318980048076925 0.3421606610576923 0.2474953581730769
12 0.28110768509615386 0.17033804326923077 0.28208424759615386 0.17207415384615385 0.33872487259615386 0.18943526442307693 0.34067799759615386 0.18943526442307693 0.34360768509615386 0.18422693028846154 0.34751393509615386 0.14603248798076923 0.34751393509615386 0.13908804326923077 0.34458424759615386 0.1338797091346154 0.28794362259615386 0.1165185985576923 0.28306081009615386 0.12172693028846153 0.28110768509615386 0.15297693028846154 0.28110768509615386 0.17033804326923077
12 0.27380128605769233 0.23270523798076923 0.27673097355769233 0.23791357211538464 0.3294653485576923 0.2552746826923077 0.3353247235576923 0.2552746826923077 0.3382544110576923 0.25006634855769233 0.3402075360576923 0.22576079326923076 0.3402075360576923 0.2049274591346154 0.3392309735576923 0.20319134855769233 0.28454347355769233 0.18583023798076923 0.28063722355769233 0.18583023798076923 0.27770753605769233 0.19103857211538464 0.27380128605769233 0.22576079326923076 0.27380128605769233 0.23270523798076923
12 0.26938893509615386 0.28568980048076925 0.27036549759615386 0.28742591346153845 0.27427174759615386 0.2908981346153846 0.32114674759615386 0.30478702403846153 0.33091237259615386 0.30478702403846153 0.33384206009615386 0.2995786899038462 0.33579518509615386 0.2787453581730769 0.33579518509615386 0.25791202403846153 0.33481862259615386 0.25617591346153845 0.28208424759615386 0.23881480048076925 0.27427174759615386 0.23881480048076925 0.27134206009615386 0.2440231346153846 0.26938893509615386 0.2613842451923077 0.26938893509615386 0.28568980048076925
12 0.2567292620192308 0.3412454278846154 0.2577058245192308 0.34298153846153845 0.3104401995192308 0.3603426490384616 0.3182526995192308 0.3603426490384616 0.3211823870192308 0.3551343173076923 0.3250886370192308 0.3238843173076923 0.3250886370192308 0.3134676490384616 0.3221589495192308 0.3082593173076923 0.2674714495192308 0.2908982043269231 0.2616120745192308 0.2908982043269231 0.2586823870192308 0.2995787620192308 0.2567292620192308 0.32041209374999996 0.2567292620192308 0.3412454278846154
12 0.24602271153846156 0.4411713413461538 0.24895239903846156 0.44637967307692306 0.29778052403846156 0.4602685625 0.30559302403846156 0.4602685625 0.30852271153846156 0.4550602283653846 0.31047583653846156 0.42728245192307696 0.31047583653846156 0.4133935625 0.30949927403846156 0.41165745192307696 0.25285864903846156 0.39082411778846154 0.24797583653846156 0.39950467307692306 0.24602271153846156 0.4168657836538462 0.24602271153846156 0.4411713413461538
12 0.2455166105769231 0.4958255961538462 0.2503994230769231 0.5045061514423077 0.3011806730769231 0.5183950384615384 0.3060634855769231 0.5166589278846154 0.30996973557692303 0.4819367067307692 0.30996973557692303 0.47152003846153845 0.30899317307692303 0.46978392788461537 0.3050869230769231 0.4663117067307692 0.2582119230769231 0.4524228173076923 0.2503994230769231 0.4524228173076923 0.2474697355769231 0.4576311514423077 0.2455166105769231 0.47846448317307694 0.2455166105769231 0.4958255961538462
12 0.2405798653846154 0.5532119951923077 0.2435095528846154 0.5584203293269231 0.2914804567307692 0.5741262644230769 0.3021033028846154 0.5757814399038461 0.3030798653846154 0.5740453293269231 0.3069861153846154 0.5358508846153847 0.3069861153846154 0.5289064399038461 0.3040564278846154 0.5236981081730769 0.2493689278846154 0.5063369951923077 0.2444861153846154 0.5115453293269231 0.2405798653846154 0.5462675504807692 0.2405798653846154 0.5532119951923077
12 0.2284444278846154 0.610409 0.2333272403846154 0.6156173317307693 0.2743428653846154 0.626034 0.2880147403846154 0.626034 0.2909444278846154 0.6208256658653847 0.2928975528846154 0.579159 0.2899678653846154 0.5739506658653846 0.2333272403846154 0.5600617764423077 0.2303975528846154 0.5652701105769231 0.2284444278846154 0.579159 0.2264913028846154 0.6034645552884615 0.2284444278846154 0.610409
12 0.16887419471153847 0.5947839278846154 0.21184294471153847 0.6086728173076923 0.22356169471153847 0.6086728173076923 0.22649138221153847 0.6034644831730769 0.22844450721153847 0.5756867067307693 0.22844450721153847 0.5617978173076923 0.22746794471153847 0.5600617067307693 0.17473356971153847 0.5427005961538461 0.17278044471153847 0.5427005961538461 0.16789763221153847 0.5513811514423077 0.16594450721153847 0.5895755961538461 0.16887419471153847 0.5947839278846154
12 0.17621623317307694 0.5400632548076924 0.17914592067307694 0.5452715865384615 0.18500529567307694 0.5487438100961538 0.22211467067307694 0.5591604759615385 0.23578654567307694 0.5591604759615385 0.23871623317307694 0.5504799206730769 0.24066935817307694 0.5122854759615385 0.23578654567307694 0.5070771418269231 0.18305217067307694 0.4931882548076923 0.18109904567307694 0.4931882548076923 0.17816935817307694 0.5018688100961538 0.17621623317307694 0.5227021418269231 0.17621623317307694 0.5400632548076924
12 0.18449919471153847 0.49061733173076927 0.22356169471153847 0.501034 0.23918669471153847 0.501034 0.24211638221153847 0.4958256658653846 0.24406950721153847 0.45763122115384613 0.24113981971153847 0.4524228870192308 0.19035856971153847 0.43853400000000003 0.18254606971153847 0.43853400000000003 0.17961638221153847 0.4506867764423077 0.17766325721153847 0.4819367764423077 0.18449919471153847 0.49061733173076927
12 0.18251043269230768 0.42728245192307696 0.18544012019230768 0.4324907836538462 0.23036199519230768 0.44637967307692306 0.24403387019230768 0.44637967307692306 0.24696355769230768 0.4411713413461538 0.24891668269230768 0.39950467307692306 0.24598699519230768 0.3942963413461538 0.19520574519230768 0.38040745192307696 0.18739324519230768 0.38040745192307696 0.18446355769230768 0.3856157836538462 0.18251043269230768 0.40297689663461533 0.18251043269230768 0.42728245192307696
12 0.18352263221153847 0.3768688100961538 0.18645231971153847 0.38207714182692304 0.23723356971153847 0.39596603125 0.24309294471153847 0.39596603125 0.24406950721153847 0.39422992067307694 0.24602263221153847 0.38728547596153845 0.24797575721153847 0.3595076995192308 0.24797575721153847 0.34909103125 0.24699919471153847 0.34735492067307694 0.23137419471153847 0.34041047596153845 0.19426481971153847 0.3299938100961538 0.18840544471153847 0.3299938100961538 0.18547575721153847 0.33520214182692304 0.18352263221153847 0.3595076995192308 0.18352263221153847 0.3768688100961538
12 0.18887590625 0.3170726418269231 0.18985246875 0.31880875240384615 0.24453996875 0.33616986298076923 0.24844621875 0.33616986298076923 0.25137590625 0.33096153124999994 0.25332903125 0.3170726418269231 0.25332903125 0.2858226418269231 0.25235246875 0.28408653125 0.19571184375 0.2667254182692308 0.19375871875 0.2667254182692308 0.19082903125 0.27193375240384615 0.18887590625 0.2823504182692308 0.18887590625 0.3170726418269231
12 0.19618230769230768 0.26408800721153847 0.19911199519230768 0.2692963413461538 0.24598699519230768 0.2831852283653846 0.2577057451923077 0.2831852283653846 0.2625885576923077 0.2710324519230769 0.2645416826923077 0.23978245192307693 0.2596588701923077 0.2311018966346154 0.21083074519230768 0.21721300721153847 0.20106512019230768 0.21721300721153847 0.19813543269230768 0.22242134134615382 0.19618230769230768 0.24325467307692308 0.19618230769230768 0.26408800721153847
12 0.20450090625 0.21457559615384614 0.20547746875 0.21631170673076922 0.26211809375 0.23367281730769232 0.26407121875 0.23367281730769232 0.26700090625 0.2284644831730769 0.26895403125 0.22152003846153848 0.27090715625 0.1972144831730769 0.27090715625 0.18332559615384614 0.26993059375 0.1815894831730769 0.26602434375 0.17811726201923075 0.21524309375 0.16422837259615383 0.20938371875 0.16422837259615383 0.20645403125 0.16943670673076922 0.20450090625 0.18679781730769232 0.20450090625 0.21457559615384614
12 0.21379606971153847 0.16165741586538462 0.2665304447115385 0.17554630528846155 0.2684835697115385 0.17554630528846155 0.2714132572115385 0.17033797115384616 0.2753195072115385 0.12519908173076924 0.2684835697115385 0.1165185264423077 0.21574919471153847 0.10610186057692307 0.21281950721153847 0.11131019471153847 0.21086638221153847 0.12172686057692307 0.20891325721153847 0.15644908173076924 0.21379606971153847 0.16165741586538462
12 0.1425069278846154 0.14256019471153847 0.1434834903846154 0.14429630528846155 0.1473897403846154 0.1477685264423077 0.2020772403846154 0.16165741586538462 0.2069600528846154 0.15297686057692308 0.2089131778846154 0.12867130528846155 0.2089131778846154 0.11131019471153847 0.2059834903846154 0.10610186057692307 0.1532491153846154 0.09221297115384616 0.1473897403846154 0.09221297115384616 0.1444600528846154 0.09742130528846153 0.1425069278846154 0.12172686057692307 0.1425069278846154 0.14256019471153847
12 0.13223536057692306 0.19464349278846155 0.13516504807692306 0.19985182451923075 0.14102442307692306 0.20332404807692306 0.1859462980769231 0.2137407139423077 0.1937587980769231 0.2137407139423077 0.1986416105769231 0.20506015865384614 0.2005947355769231 0.1668657139423077 0.1937587980769231 0.15818515865384614 0.14883692307692306 0.14776849278846155 0.13711817307692306 0.14776849278846155 0.13418848557692306 0.15297682451923078 0.13223536057692306 0.17728237980769232 0.13223536057692306 0.19464349278846155
12 0.12637590625 0.25019918990384615 0.12930559375 0.2554075216346154 0.18203996875 0.2692964110576923 0.18789934375 0.2692964110576923 0.19082903125 0.26408807692307695 0.19278215625 0.2432547451923077 0.19278215625 0.21894918990384615 0.19180559375 0.21721307692307693 0.18789934375 0.21374085576923077 0.14102434375 0.20332418990384615 0.12930559375 0.20332418990384615 0.12832903125 0.20506030048076923 0.12637590625 0.21894918990384615 0.12637590625 0.25019918990384615
12 0.12199919471153847 0.3023487307692308 0.12590544471153847 0.3058209519230769 0.15129606971153847 0.31276539663461533 0.17278044471153847 0.3162376177884615 0.18254606971153847 0.3162376177884615 0.18352263221153847 0.31450150721153847 0.18742888221153847 0.2728348413461539 0.18254606971153847 0.2641542860576923 0.12590544471153847 0.2502653966346154 0.12102263221153847 0.2589459519230769 0.11906950721153847 0.2971403966346154 0.12199919471153847 0.3023487307692308
12 0.11661036057692307 0.35873916586538457 0.11758692307692307 0.3604752788461539 0.1644619230769231 0.37436416586538457 0.1781337980769231 0.37436416586538457 0.1810634855769231 0.3691558341346154 0.1830166105769231 0.35873916586538457 0.1830166105769231 0.3240169447115384 0.1820400480769231 0.3222808341346154 0.12539942307692306 0.3083919447115384 0.12149317307692307 0.3083919447115384 0.11856348557692307 0.3136002788461539 0.11661036057692307 0.32748916586538457 0.11661036057692307 0.35873916586538457
12 0.10980998317307693 0.41082256971153847 0.11273967067307693 0.4160309038461539 0.15570842067307694 0.42644756971153847 0.17133342067307694 0.42644756971153847 0.17426310817307694 0.42123923798076923 0.17816935817307694 0.38304479326923074 0.17523967067307694 0.3778364591346154 0.12250529567307693 0.36394756971153847 0.11273967067307693 0.36394756971153847 0.11176310817307693 0.3656836826923077 0.10980998317307693 0.372628125 0.10980998317307693 0.41082256971153847
12 0.11321013221153847 0.46894918990384615 0.11613981971153847 0.4741575216346154 0.15910856971153847 0.48457418990384615 0.17473356971153847 0.48457418990384615 0.17571013221153847 0.4828380769230769 0.17766325721153847 0.47589363221153846 0.17961638221153847 0.4411714110576923 0.17473356971153847 0.4324908557692308 0.12785856971153847 0.42207418990384615 0.11613981971153847 0.42207418990384615 0.11516325721153847 0.42381030048076923 0.11321013221153847 0.4342269663461539 0.11321013221153847 0.46894918990384615
12 0.10883342067307693 0.5262407139423076 0.16156779567307694 0.5401296033653846 0.16742717067307694 0.5401296033653846 0.17230998317307694 0.5314490480769231 0.17426310817307694 0.4932546033653846 0.17133342067307694 0.4880462692307692 0.11664592067307693 0.4741573798076923 0.11273967067307693 0.4741573798076923 0.10785685817307693 0.48631015865384614 0.10590373317307693 0.5175601586538462 0.10883342067307693 0.5262407139423076
12 0.10246786538461539 0.5757530552884615 0.1532491153846154 0.5896419447115384 0.1610616153846154 0.5896419447115384 0.1659444278846154 0.580961389423077 0.1659444278846154 0.5427669447115384 0.1630147403846154 0.5375586105769231 0.10442099038461539 0.5236697211538461 0.10149130288461539 0.5427669447115384 0.09953817788461539 0.5670725 0.10246786538461539 0.5757530552884615
12 0.030962658653846155 0.5506529615384615 0.03554522596153846 0.5558349615384615 0.04582731971153846 0.5600617067307693 0.09074919471153847 0.5843672620192307 0.09270231971153847 0.5843672620192307 0.09618075240384615 0.5710324423076923 0.09826374038461538 0.5503044639423077 0.10149138221153847 0.5340200384615384 0.10051481971153847 0.5322839278846154 0.04387419471153846 0.5010339278846154 0.03899138221153846 0.5027700384615384 0.03508513221153846 0.5236033725961539 0.03313200721153846 0.5409644831730769 0.030962658653846155 0.5506529615384615
12 0.03473408413461539 0.48110623317307694 0.03390090144230769 0.49072993509615387 0.08785506730769231 0.5236697932692308 0.09847351442307692 0.5255233413461539 0.10638887259615384 0.4774048076923077 0.04683944230769231 0.4438086826923077 0.04181626201923077 0.43816969951923074 0.04000350480769231 0.4490170144230769 0.03609725480769231 0.46985034855769225 0.03473408413461539 0.48110623317307694
12 0.03907527644230769 0.4308068653846154 0.049227509615384614 0.4386666971153846 0.09219625961538462 0.4629722524038461 0.10448110336538462 0.47004197355769234 0.1069806826923077 0.45449599759615383 0.1103134423076923 0.4308068653846154 0.11270407211538462 0.4160972524038461 0.11239643028846154 0.4137803125 0.051180634615384614 0.3831111418269231 0.049227509615384614 0.3831111418269231 0.046297822115384614 0.38831947596153843 0.044344697115384614 0.3987361418269231 0.042391572115384614 0.41262503125000005 0.03907527644230769 0.4308068653846154
12 0.04387419471153846 0.3847809038461539 0.09270231971153847 0.4125586826923077 0.10246794471153847 0.4125586826923077 0.10595020913461539 0.3996748653846154 0.10969959374999999 0.3745052019230769 0.11011618509615384 0.3693231730769231 0.11011618509615384 0.3604397596153846 0.04973356971153846 0.33269756971153847 0.04778044471153846 0.33269756971153847 0.04289763221153846 0.34485034855769225 0.03899138221153846 0.37610034855769225 0.04387419471153846 0.3847809038461539
12 0.044344697115384614 0.31887503125000005 0.049227509615384614 0.32755558653846156 0.09805563461538462 0.3518611418269231 0.10823080048076922 0.3587474879807692 0.10948060576923077 0.3476432115384615 0.11114700240384615 0.3357986610576923 0.11364658173076923 0.3187721081730769 0.11465719711538462 0.3049861418269231 0.11368063461538462 0.30325003125 0.055086884615384614 0.27200003125 0.053133759615384614 0.27200003125 0.048250947115384614 0.28415280769230766 0.044344697115384614 0.3084583653846154 0.044344697115384614 0.31887503125000005
12 0.053639781250000004 0.27200003125 0.09856165625 0.29630558653846156 0.1121994783653846 0.2995246754807692 0.11344928365384616 0.287680125 0.11711634375 0.26679169711538464 0.11969824519230768 0.25066586778846156 0.12053142788461539 0.2491852908653846 0.061452281250000004 0.21991669711538464 0.05345923798076923 0.21513218509615387 0.052663218750000004 0.22512503125 0.050710093750000004 0.23901392067307692 0.048756968750000004 0.26679169711538464 0.053639781250000004 0.27200003125
12 0.05751051201923077 0.21123621153846153 0.06044019951923077 0.21644454567307692 0.11317457451923077 0.24422232451923076 0.11903394951923077 0.24422232451923076 0.12196363701923077 0.2390139903846154 0.12586988701923077 0.21123621153846153 0.12586988701923077 0.19387510096153845 0.12489332451923077 0.1921389903846154 0.06825269951923077 0.16436121153846153 0.06434644951923077 0.16436121153846153 0.06141676201923077 0.16956954567307692 0.05946363701923077 0.17998621153846153 0.05751051201923077 0.19387510096153845 0.05751051201923077 0.21123621153846153
12 0.06336988701923077 0.16172376442307693 0.06629957451923077 0.1669320985576923 0.11903394951923077 0.19123765384615382 0.12489332451923077 0.19123765384615382 0.12977613701923077 0.1825570985576923 0.13368238701923077 0.14436265384615385 0.12879957451923077 0.1356820985576923 0.07801832451923077 0.11137654326923077 0.07020582451923077 0.11137654326923077 0.06532301201923077 0.13047376442307693 0.06336988701923077 0.14783487740384615 0.06336988701923077 0.16172376442307693
12 0.07754778125 0.1096404326923077 0.07852434375 0.11137654326923077 0.13516496875 0.13915432211538462 0.14200090625 0.13047376442307693 0.14395403125 0.10269598798076923 0.14395403125 0.08880709855769231 0.14297746875 0.08707098798076923 0.13321184375 0.08012654326923077 0.08828996875 0.05929320913461538 0.08243059375 0.05929320913461538 0.07950090625 0.07144598798076923 0.07754778125 0.08880709855769231 0.07754778125 0.1096404326923077
12 0.2528230120192308 0.36555098317307694 0.2500390625 0.39779749759615385 0.31513242067307695 0.41630462740384616 0.3146116418269231 0.3968722259615385 0.3153230120192308 0.38291209374999996 0.3153230120192308 0.36555098317307694 0.3143464495192308 0.36381487259615386 0.3084870745192308 0.3603426490384616 0.2616120745192308 0.3464537620192308 0.2557526995192308 0.3464537620192308 0.2528230120192308 0.35166209374999996 0.2528230120192308 0.36555098317307694
12 0.4671251009615384 0 0.4661485384615384 0.001736110576923077 0.4641954134615384 0.008680555288461539 0.4641954134615384 0.029513889423076922 0.4671251009615384 0.034722221153846156 0.5081407259615385 0.04166666586538462 0.5159532259615385 0.04166666586538462 0.5169297884615385 0.03993055528846154 0.5188829134615385 0.015625 0.5188829134615385 0.001736110576923077 0.5179063509615385 0 0.4671251009615384 0
12 0.4685366466346154 0.07478551201923077 0.4695132091346154 0.07652162259615385 0.4812319591346154 0.07999384375 0.5183413341346154 0.08346606730769232 0.5212710216346154 0.07825773317307692 0.5232241466346154 0.06436884375 0.5232241466346154 0.03659106730769231 0.5222475841346154 0.03485495673076923 0.4831850841346154 0.027910512019230768 0.4714663341346154 0.027910512019230768 0.4704897716346154 0.029646622596153846 0.4685366466346154 0.04006328846153846 0.4685366466346154 0.07478551201923077
12 0.47251393509615386 0.12429785336538461 0.47544362259615386 0.12950618509615383 0.5086467475961538 0.1364506298076923 0.5242717475961538 0.1364506298076923 0.5272014350961538 0.13124229807692306 0.5291545600961538 0.11040896394230769 0.5291545600961538 0.0895756298076923 0.5281779975961538 0.08783951923076924 0.5242717475961538 0.08436729807692307 0.5066936225961538 0.08089507451923078 0.48520924759615386 0.07742285336538461 0.47544362259615386 0.07742285336538461 0.47446706009615386 0.07915896394230769 0.47251393509615386 0.08610340865384615 0.47251393509615386 0.12429785336538461
12 0.5252127524038461 0 0.5242361899038461 0.001736110576923077 0.5222830649038461 0.022569444711538465 0.5222830649038461 0.03993055528846154 0.5232596274038461 0.04166666586538462 0.5310721274038461 0.04513888942307693 0.5545096274038461 0.04861111057692307 0.5740408774038461 0.04861111057692307 0.5750174399038461 0.046875 0.5769705649038461 0.008680555288461539 0.5740408774038461 0.003472221153846154 0.5603690024038461 0 0.5252127524038461 0
12 0.5222830649038461 0.08430091346153847 0.5232596274038461 0.08603702403846153 0.5271658774038461 0.0895092451923077 0.5388846274038461 0.09298146874999999 0.5623221274038461 0.09645368990384616 0.5720877524038461 0.09645368990384616 0.5750174399038461 0.09124535817307693 0.5750174399038461 0.04957868990384616 0.5740408774038461 0.047842579326923075 0.5349783774038461 0.040898134615384614 0.5252127524038461 0.040898134615384614 0.5242361899038461 0.04263424519230769 0.5222830649038461 0.05999535817307692 0.5222830649038461 0.08430091346153847
12 0.5598985384615385 0.1458996826923077 0.5667344759615385 0.15458023798076923 0.5862657259615385 0.1580524591346154 0.6155626009615385 0.1580524591346154 0.6165391634615385 0.15631634855769233 0.6184922884615385 0.1458996826923077 0.6184922884615385 0.11117745913461538 0.6155626009615385 0.10596912740384615 0.5960313509615385 0.10249690384615384 0.5647813509615385 0.10249690384615384 0.5618516634615385 0.11117745913461538 0.5598985384615385 0.1285385721153846 0.5598985384615385 0.1458996826923077
12 0.5769705649038461 0.09471761538461537 0.5779471274038461 0.09645372596153846 0.6170096274038461 0.10339817067307691 0.6287283774038461 0.10339817067307691 0.6316580649038461 0.09818983653846154 0.6316580649038461 0.056523170673076925 0.6287283774038461 0.05131483653846154 0.5818533774038461 0.047842615384615386 0.5789236899038461 0.05305094711538461 0.5769705649038461 0.07735650240384614 0.5769705649038461 0.09471761538461537
12 0.5852536057692308 0 0.5823239182692308 0.005208334134615384 0.5803707932692308 0.015625 0.5803707932692308 0.043402778846153844 0.5833004807692308 0.04861111057692307 0.6106442307692308 0.05208333413461538 0.6321286057692308 0.05208333413461538 0.6331051682692308 0.050347221153846156 0.6331051682692308 0.008680555288461539 0.6321286057692308 0.006944444711538461 0.5872067307692308 0 0.5852536057692308 0
12 0.6365409567307693 0.05118210336538461 0.6834159567307693 0.05465432451923077 0.6863456442307693 0.04944599278846154 0.6882987692307693 0.032084879807692306 0.6882987692307693 0.007779324519230769 0.6873222067307693 0.006043213942307692 0.6599784567307693 0.0025709927884615385 0.6365409567307693 0.0025709927884615385 0.6355643942307693 0.004307103365384615 0.6336112692307693 0.045973769230769235 0.6365409567307693 0.05118210336538461
12 0.6916988389423077 0.05458797596153846 0.6926754014423077 0.05632408653846154 0.7258785264423077 0.05979631009615384 0.7454097764423077 0.05979631009615384 0.7463863389423077 0.05806019951923077 0.7483394639423077 0.01639353125 0.7454097764423077 0.01118519951923077 0.7239254014423077 0.007712975961538461 0.6946285264423077 0.007712975961538461 0.6936519639423077 0.009449086538461538 0.6916988389423077 0.01639353125 0.6916988389423077 0.05458797596153846
12 0.753186795673077 0.05715896875 0.756116483173077 0.06236730048076923 0.806897733173077 0.06236730048076923 0.809827420673077 0.05715896875 0.809827420673077 0.012020079326923077 0.808850858173077 0.01028396875 0.779553983173077 0.01028396875 0.756116483173077 0.013756189903846154 0.753186795673077 0.01896452403846154 0.753186795673077 0.05715896875
12 0.7526806971153845 0.11284722115384614 0.7556103846153845 0.11805555528846154 0.8083447596153845 0.11805555528846154 0.8112744471153845 0.11284722115384614 0.8112744471153845 0.06770833413461538 0.8102978846153845 0.06597222115384616 0.7575635096153845 0.06597222115384616 0.7526806971153845 0.07465277884615384 0.7526806971153845 0.11284722115384614
12 0.8718571177884615 0 0.8689274302884615 0.005208334134615384 0.8650211802884615 0.019097221153846152 0.8533024302884615 0.078125 0.8562321177884615 0.08333333413461538 0.8659977427884615 0.09027777884615386 0.8718571177884615 0.09375 0.8796696177884615 0.09375 0.8825993052884615 0.08506944471153846 0.8904118052884615 0.043402778846153844 0.8962711802884615 0.001736110576923077 0.8952946177884615 0 0.8718571177884615 0
12 0.8132275721153845 0.171875 0.8142041346153845 0.17361111057692308 0.8649853846153845 0.17361111057692308 0.8679150721153845 0.16840277884615384 0.8679150721153845 0.12673611057692308 0.8669385096153845 0.125 0.8376416346153845 0.12152777884615386 0.8161572596153845 0.125 0.8132275721153845 0.13020833413461538 0.8132275721153845 0.171875
12 0.7556459423076922 0.1658317860576923 0.7585756298076922 0.17104012019230772 0.7800600048076922 0.17451234134615384 0.8054506298076922 0.17451234134615384 0.8083803173076922 0.16930400721153843 0.8083803173076922 0.12416512019230769 0.8074037548076922 0.12242900721153846 0.7566225048076922 0.12242900721153846 0.7556459423076922 0.12416512019230769 0.7556459423076922 0.1658317860576923
12 0.6331051682692308 0.1658317860576923 0.6340817307692308 0.1675678966346154 0.6379879807692308 0.17104012019230772 0.6633786057692308 0.17451234134615384 0.6868161057692308 0.17451234134615384 0.6897457932692308 0.16930400721153843 0.6916989182692308 0.14847067548076923 0.6916989182692308 0.12763734134615384 0.6887692307692308 0.12242900721153846 0.6770504807692308 0.11895678605769232 0.6477536057692308 0.1154845625 0.6399411057692308 0.1154845625 0.6360348557692308 0.11895678605769232 0.6331051682692308 0.12416512019230769 0.6331051682692308 0.1658317860576923
12 0.7151719759615385 0.17117285336538463 0.7327501009615385 0.17464507451923075 0.7464219759615385 0.17464507451923075 0.7513047884615385 0.16596451923076924 0.7513047884615385 0.12429785336538461 0.7503282259615385 0.12256174278846153 0.6965836875 0.1180341514423077 0.6938064134615385 0.16862028365384615 0.7049156153846153 0.17108791105769233 0.7151719759615385 0.17117285336538463
12 0.8342413245192308 0.11813445192307692 0.8391241370192308 0.11292611778846154 0.8410772620192308 0.10250945192307692 0.8508428870192308 0.03306500721153846 0.8508428870192308 0.01917611778846154 0.8479131995192308 0.013967783653846154 0.8420538245192308 0.0104955625 0.8259209711538461 0.0104955625 0.8204077427884615 0.038661521634615385 0.8117803870192308 0.10598167307692306 0.8166631995192308 0.11119000721153846 0.8342413245192308 0.11813445192307692
12 0.36465715624999995 0.6060356177884615 0.36758684374999995 0.6112439495192308 0.42032121874999995 0.6286050625 0.4298896995192308 0.6296454447115385 0.43106340624999995 0.6199245072115385 0.43238927884615386 0.6074368894230769 0.43496965624999995 0.5817300625 0.43203996874999995 0.5765217283653846 0.37735246874999995 0.5591606177884615 0.36953996874999995 0.5591606177884615 0.36661028124999995 0.5678411730769231 0.36465715624999995 0.5886745072115385 0.36465715624999995 0.6060356177884615
12 0.6336113485576923 0.09891014423076923 0.6365410360576923 0.10411847836538463 0.6599785360576923 0.10759069951923077 0.6853691610576923 0.10759069951923077 0.6882988485576923 0.09891014423076923 0.6882988485576923 0.06071569951923077 0.6873222860576923 0.0589795889423077 0.6697441610576923 0.055507365384615384 0.6365410360576923 0.055507365384615384 0.6355644735576923 0.05724347836538461 0.6336113485576923 0.07807681009615385 0.6336113485576923 0.09891014423076923
12 0.6922698533653846 0.10501972596153847 0.7059417283653846 0.10849194711538461 0.7430511033653846 0.10849194711538461 0.7459807908653846 0.10328361538461538 0.7459807908653846 0.06161694711538462 0.7450042283653846 0.05988083653846154 0.7254729783653846 0.05640861538461538 0.6942229783653846 0.05640861538461538 0.6912932908653846 0.06161694711538462 0.6893401658653846 0.09981139182692307 0.6922698533653846 0.10501972596153847
12 0.790296170673077 0.26909722115384616 0.791272733173077 0.2708333341346154 0.797132108173077 0.2743055552884615 0.851819608173077 0.2881944447115385 0.853772733173077 0.2881944447115385 0.856702420673077 0.2829861105769231 0.858655545673077 0.2760416658653846 0.862561795673077 0.24479166586538462 0.862561795673077 0.234375 0.861585233173077 0.23263888942307692 0.857678983173077 0.22916666586538462 0.799085233173077 0.2118055552884615 0.7946472692307692 0.20998827884615384 0.79308509375 0.23497291105769233 0.790296170673077 0.26909722115384616