5 0.21419270913461538 0.6331018509615384 0.21744791586538462 0.5833333341346154 0.15625 0.5671296298076923 0.15234375 0.6122685192307692 0.21419270913461538 0.6331018509615384
12 0.12369791586538462 0.17361111057692308 0.13020833413461538 0.11111111057692308 0.06901041586538462 0.0879629639423077 0.0625 0.14351851923076925 0.12369791586538462 0.17361111057692308
12 0.11848958413461538 0.17129629567307691 0.0546875 0.1365740745192308 0.04427083413461538 0.1875 0.10677083413461538 0.22453703605769232 0.11848958413461538 0.17129629567307691
12 0.1015625 0.27777777884615384 0.11067708413461538 0.22222222115384616 0.046875 0.18518518509615384 0.04036458413461538 0.24768518509615384 0.1015625 0.27777777884615384
12 0.09635416586538462 0.33333333413461536 0.10286458413461538 0.2754629639423077 0.04166666586538462 0.24537037019230767 0.03645833413461538 0.30092592548076924 0.09635416586538462 0.33333333413461536
12 0.08984375 0.3865740745192308 0.1015625 0.3356481490384615 0.03645833413461538 0.30092592548076924 0.03125 0.3587962956730769 0.08984375 0.3865740745192308
12 0.08723958413461538 0.4444444447115385 0.09765625 0.388888889423077 0.03385416586538462 0.35416666586538464 0.028645834134615387 0.4189814807692308 0.08723958413461538 0.4444444447115385
12 0.0859375 0.5046296298076923 0.09114583413461538 0.44675925961538465 0.03385416586538462 0.4189814807692308 0.028645834134615387 0.4768518509615385 0.0859375 0.5046296298076923
12 0.08486484375 0.5509259254807692 0.09397942788461539 0.50115740625 0.033432552884615385 0.46990740625 0.026922134615384615 0.5115740745192308 0.08486484375 0.5509259254807692
12 0.07835442788461539 0.6053240745192308 0.08616692788461539 0.5567129639423076 0.02822421875 0.5219907403846153 0.021713802884615385 0.5740740745192308 0.07835442788461539 0.6053240745192308
12 0.15062005288461539 0.6168981490384616 0.15387525961538462 0.5671296298076923 0.0913752596153846 0.5497685192307692 0.08681796875 0.5983796298076923 0.15062005288461539 0.6168981490384616
12 0.15843255288461539 0.5659722211538462 0.16298984375 0.5092592596153847 0.09983880288461539 0.49768518509615384 0.09463046875 0.5474537043269231 0.15843255288461539 0.5659722211538462
12 0.16233880288461539 0.5104166658653846 0.16819817788461539 0.4571759254807692 0.10179192788461539 0.4444444447115385 0.09983880288461539 0.4918981490384615 0.16233880288461539 0.5104166658653846
12 0.1011408846153846 0.43981481490384616 0.16038567788461539 0.4560185192307692 0.16364088461538462 0.3993055552884615 0.10179192788461539 0.38541666586538464 0.09853671875 0.43981481490384616 0.1011408846153846 0.43981481490384616
12 0.21377109375 0.6365740745192308 0.22093255288461539 0.5787037043269231 0.15647942788461539 0.56365740625 0.15127109375 0.6145833341346154 0.21377109375 0.6365740745192308
12 0.22744296875 0.5810185192307692 0.23069817788461539 0.5277777788461538 0.16950025961538462 0.5092592596153847 0.16689609375 0.5625 0.22744296875 0.5810185192307692
12 0.23004713461538462 0.5289351850961539 0.23590650961538462 0.4733796298076923 0.16819817788461539 0.454861110576923 0.16559400961538462 0.5092592596153847 0.23004713461538462 0.5289351850961539
12 0.22939609375 0.4768518509615385 0.23460442788461539 0.41666666586538464 0.17015130288461539 0.3981481490384615 0.16559400961538462 0.4571759254807692 0.22939609375 0.4768518509615385
12 0.16494296875 0.40277777884615384 0.17080234375 0.3483796298076923 0.10374505288461539 0.33449074038461535 0.10048984375 0.3865740745192308 0.16494296875 0.40277777884615384
12 0.23265130288461539 0.4143518509615385 0.23720859375 0.3599537043269231 0.17535963461538462 0.34722222115384616 0.17015130288461539 0.3981481490384615 0.23265130288461539 0.4143518509615385
12 0.16950025961538462 0.34375 0.17210442788461539 0.29398148076923075 0.11025546875 0.28125 0.1089533846153846 0.33333333413461536 0.16950025961538462 0.34375
12 0.1089533846153846 0.27777777884615384 0.17340650961538462 0.29398148076923075 0.17796380288461539 0.23842592548076924 0.11546380288461539 0.2256944447115385 0.10960442788461539 0.2766203701923077 0.1089533846153846 0.27777777884615384
12 0.18707838461538462 0.18402777884615384 0.12132317788461539 0.16898148076923075 0.1167960673076923 0.22186963461538461 0.1148127596153846 0.22222222115384616 0.18252109375 0.23611111057692308 0.18707838461538462 0.18402777884615384
12 0.19358880288461539 0.18634259375 0.19814609375 0.1296296298076923 0.13369296875 0.11458333413461538 0.12913567788461539 0.16782407451923076 0.19358880288461539 0.18634259375
12 0.23785963461538462 0.3622685192307692 0.24241692788461539 0.3078703701923077 0.17861484375 0.2893518509615384 0.17405755288461539 0.34375 0.23785963461538462 0.3622685192307692
12 0.24502109375 0.31134259375 0.2521825528846154 0.2557870360576923 0.18447421875 0.23032407451923076 0.17991692788461539 0.2870370360576923 0.24502109375 0.31134259375
12 0.2541356778846154 0.2581018509615384 0.2573908846153846 0.20023148076923075 0.19358880288461539 0.18287037019230767 0.18512525961538462 0.23958333413461538 0.2541356778846154 0.2581018509615384
12 0.2593440096153846 0.19791666586538462 0.26455234375000003 0.14236111057692308 0.20205234375 0.12731481490384616 0.19619296875 0.1805555552884615 0.2593440096153846 0.19791666586538462
12 0.3277033846153846 0.21759259375 0.33095859375000003 0.15856481490384616 0.2658544278846154 0.14236111057692308 0.2593440096153846 0.19560185096153845 0.3277033846153846 0.21759259375
12 0.31923984375000003 0.26909722115384616 0.32705234375000003 0.2118055552884615 0.26259921875000003 0.19328703605769232 0.2560888028846154 0.25347222115384616 0.31923984375000003 0.26909722115384616
12 0.3146825528846154 0.32291666586538464 0.3218440096153846 0.2673611105769231 0.2551122403846154 0.24826388942307692 0.24762525961538462 0.30902777884615384 0.3146825528846154 0.32291666586538464
12 0.30166171875000003 0.3796296298076923 0.3081721346153846 0.3275462956730769 0.24632317788461539 0.3055555552884615 0.24111484375 0.3599537043269231 0.30166171875000003 0.3796296298076923
12 0.23433997836538462 0.41559898557692304 0.2987817716346154 0.4305555552884615 0.3033390625 0.3796296298076923 0.23497968749999998 0.3553240745192308 0.23433997836538462 0.41559898557692304
12 0.2981307283653846 0.4849537043269231 0.3020369783653846 0.4328703701923077 0.2382348966346154 0.41550925961538465 0.23107343749999998 0.46643518509615384 0.2981307283653846 0.4849537043269231
12 0.23071161778846155 0.5237924134615385 0.2929223966346154 0.5416666658653846 0.2994328125 0.48958333413461536 0.23563072836538462 0.4756944447115385 0.23071161778846155 0.5237924134615385
12 0.2922713533653846 0.59259259375 0.2981307283653846 0.5405092596153847 0.23302656249999998 0.5231481490384615 0.22781822836538462 0.5810185192307692 0.2922713533653846 0.59259259375
12 0.2779484375 0.6550925937500001 0.2818546875 0.5983796298076923 0.22000572836538462 0.5844907403846153 0.21414635336538462 0.6377314807692307 0.2779484375 0.6550925937500001
12 0.3397973966346154 0.6643518509615384 0.34826093750000003 0.6122685192307692 0.2838078125 0.5983796298076923 0.2825057283653846 0.6516203701923077 0.3397973966346154 0.6643518509615384
12 0.2942244783653846 0.59259259375 0.35086510336538457 0.6168981490384616 0.3573755216346154 0.579861110576923 0.3534692716346154 0.5567129639423076 0.2968286466346154 0.5405092596153847 0.2935734375 0.5914351850961539 0.2942244783653846 0.59259259375
12 0.3534692716346154 0.5567129639423076 0.35997968750000003 0.5185185192307692 0.35607343750000003 0.50115740625 0.3000838533653846 0.4884259254807692 0.2942244783653846 0.5393518509615385 0.3534692716346154 0.5567129639423076
12 0.3573755216346154 0.5057870360576924 0.36388593750000003 0.46527777884615384 0.35997968750000003 0.44675925961538465 0.3020369783653846 0.4293981490384615 0.2968286466346154 0.486111110576923 0.3573755216346154 0.5057870360576924
12 0.36388593750000003 0.44791666586538464 0.37039635336538457 0.3946759254807692 0.3059432283653846 0.3680555552884615 0.2968286466346154 0.42824074038461535 0.36388593750000003 0.44791666586538464
12 0.37039635336538457 0.3993055552884615 0.38016197836538457 0.34143518509615384 0.3163598966346154 0.3194444447115385 0.3085473966346154 0.37268518509615384 0.37039635336538457 0.3993055552884615
12 0.3202661466346154 0.32175925961538465 0.3788598966346154 0.3391203701923077 0.3866723966346154 0.28472222115384616 0.3231958341346154 0.2662037043269231 0.3183130216346154 0.3171296298076923 0.3202661466346154 0.32175925961538465
12 0.38341718750000003 0.2905092596153846 0.3925317716346154 0.23148148076923075 0.33068281250000003 0.21296296394230768 0.32287031250000003 0.2673611105769231 0.38341718750000003 0.2905092596153846
12 0.39122968750000003 0.23148148076923075 0.3983911466346154 0.1782407403846154 0.33654218750000003 0.15277777884615384 0.32742760336538457 0.2118055552884615 0.39122968750000003 0.23148148076923075
12 0.45438072836538457 0.2592592596153846 0.46024010336538457 0.20486111057692308 0.39904218750000003 0.1805555552884615 0.39318281250000003 0.23263888942307692 0.45438072836538457 0.2592592596153846
12 0.4491723966346154 0.3206018509615385 0.4589380216346154 0.2650462956730769 0.3944848966346154 0.23842592548076924 0.38602135336538457 0.2905092596153846 0.4491723966346154 0.3206018509615385
12 0.44201093750000003 0.375 0.45047447836538457 0.3206018509615385 0.3866723966346154 0.2951388894230769 0.3788598966346154 0.35300925961538465 0.44201093750000003 0.375
12 0.43224531250000003 0.4317129639423077 0.44070885336538457 0.37731481490384616 0.37951093750000003 0.35300925961538465 0.37039635336538457 0.40972222115384616 0.43224531250000003 0.4317129639423077
12 0.4257348966346154 0.4837962956730769 0.43289635336538457 0.4328703701923077 0.3690942716346154 0.40740740625 0.36453697836538457 0.4606481490384615 0.4257348966346154 0.4837962956730769
12 0.42313072836538457 0.5381944447115384 0.42899010336538457 0.486111110576923 0.3651880216346154 0.4629629639423077 0.3612817716346154 0.5162037043269231 0.42313072836538457 0.5381944447115384
12 0.4179223966346154 0.59375 0.42443281250000003 0.5428240745192308 0.36063072836538457 0.517361110576923 0.35477135336538457 0.5729166658653846 0.4179223966346154 0.59375
12 0.4140161466346154 0.652777778846154 0.42313072836538457 0.6018518509615385 0.3573755216346154 0.579861110576923 0.35672447836538457 0.625 0.4140161466346154 0.652777778846154
12 0.4003442716346154 0.6979166658653846 0.4062036466346154 0.6504629639423077 0.34435468750000003 0.6296296298076923 0.33849531250000003 0.6782407403846153 0.4003442716346154 0.6979166658653846
12 0.5908450528846154 0.26273148076923075 0.5771731778846154 0.21527777884615384 0.5218346346153846 0.2592592596153846 0.5302981778846154 0.3032407403846154 0.5908450528846154 0.26273148076923075
12 0.5049075528846154 0.2951388894230769 0.49579296875 0.34143518509615384 0.55048046875 0.3796296298076923 0.55243359375 0.3807870360576923 0.5635013028846154 0.3356481490384615 0.5049075528846154 0.2951388894230769
12 0.53485546875 0.43518518509615384 0.55048046875 0.38541666586538464 0.49058463461538465 0.34606481490384616 0.47821484375 0.3946759254807692 0.53485546875 0.43518518509615384
12 0.5218346346153846 0.486111110576923 0.53680859375 0.43865740625 0.47756380288461536 0.39583333413461536 0.46519400961538465 0.43981481490384616 0.5218346346153846 0.486111110576923
12 0.5088138028846154 0.5381944447115384 0.52313671875 0.4918981490384615 0.46519400961538465 0.44675925961538465 0.45022005288461536 0.4930555552884615 0.5088138028846154 0.5381944447115384
12 0.49904817788461536 0.5879629639423076 0.51141796875 0.5416666658653846 0.45412630288461536 0.49652777884615384 0.44175650961538465 0.5428240745192308 0.49904817788461536 0.5879629639423076
12 0.48863150961538465 0.638888889423077 0.49969921875 0.5914351850961539 0.44305859375 0.5509259254807692 0.43264192788461536 0.59259259375 0.48863150961538465 0.638888889423077
12 0.47756380288461536 0.6921296298076923 0.48863150961538465 0.638888889423077 0.43133984375 0.5995370360576924 0.42027213461538465 0.6435185192307693 0.47756380288461536 0.6921296298076923
12 0.46324088461538465 0.7384259254807692 0.47821484375 0.6898148149038461 0.41636588461538465 0.6435185192307693 0.40855338461538465 0.6932870360576923 0.46324088461538465 0.7384259254807692
12 0.52118359375 0.7928240745192308 0.5322513028846154 0.7418981490384616 0.47300650961538465 0.7071759254807692 0.46584505288461536 0.7476851850961539 0.52118359375 0.7928240745192308
12 0.5374596346153846 0.7418981490384616 0.5511315096153846 0.6932870360576923 0.49253775961538465 0.6504629639423077 0.48081900961538465 0.6944444447115384 0.5374596346153846 0.7418981490384616
12 0.55048046875 0.6944444447115384 0.56219921875 0.6458333341346154 0.5042565096153846 0.6053240745192308 0.49383984375 0.6469907403846153 0.55048046875 0.6944444447115384
12 0.57001171875 0.6469907403846153 0.5810794278846154 0.59490740625 0.5218346346153846 0.5555555552884616 0.5101158846153846 0.6018518509615385 0.57001171875 0.6469907403846153
12 0.5843346346153846 0.5983796298076923 0.59540234375 0.5462962956730769 0.53680859375 0.5104166658653846 0.52508984375 0.5555555552884616 0.5843346346153846 0.5983796298076923
12 0.5882408846153846 0.5370370360576924 0.5980065096153846 0.48958333413461536 0.53876171875 0.4537037043269231 0.5302981778846154 0.49768518509615384 0.5882408846153846 0.5370370360576924
12 0.6103763028846154 0.4884259254807692 0.6214440096153846 0.43402777884615384 0.5608971346153846 0.39583333413461536 0.5498294278846154 0.4456018509615385 0.6103763028846154 0.4884259254807692
12 0.6162356778846154 0.4328703701923077 0.6266523437499999 0.3831018509615385 0.5667565096153846 0.34143518509615384 0.55829296875 0.3900462956730769 0.6162356778846154 0.4328703701923077
12 0.5635013028846154 0.3321759254807692 0.6227460937499999 0.37268518509615384 0.6331627596153846 0.32291666586538464 0.57391796875 0.2754629639423077 0.5635013028846154 0.3275462956730769 0.5635013028846154 0.3321759254807692
12 0.7015221346153846 0.3067129639423077 0.6917565096153846 0.2546296298076923 0.6286054687499999 0.29398148076923075 0.6383710937499999 0.34259259375 0.7015221346153846 0.3067129639423077
12 0.7666263028846154 0.2662037043269231 0.7555585937499999 0.21527777884615384 0.6950117187499999 0.2546296298076923 0.7028242187499999 0.29976851923076925 0.7666263028846154 0.2662037043269231
12 0.6995690096153846 0.3668981490384615 0.6898033846153846 0.3171296298076923 0.6273033846153846 0.361111110576923 0.6370690096153846 0.40972222115384616 0.6995690096153846 0.3668981490384615
12 0.7679283846153846 0.329861110576923 0.7581627596153846 0.27777777884615384 0.6937096346153846 0.3171296298076923 0.7047773437499999 0.37384259375 0.7679283846153846 0.329861110576923
12 0.6995690096153846 0.4317129639423077 0.6891523437499999 0.3807870360576923 0.6279544278846154 0.4247685192307692 0.6351158846153846 0.46875 0.6995690096153846 0.4317129639423077
12 0.6748294278846154 0.5104166658653846 0.6689700528846154 0.4560185192307692 0.6006106778846154 0.49074074038461535 0.6103763028846154 0.5405092596153847 0.6748294278846154 0.5104166658653846
12 0.6670169278846154 0.579861110576923 0.6605065096153846 0.5266203701923077 0.5980065096153846 0.545138889423077 0.6019127596153846 0.5983796298076923 0.6670169278846154 0.579861110576923
12 0.6442304687499999 0.659722221153846 0.6429283846153846 0.6053240745192308 0.5823815096153846 0.5995370360576924 0.58173046875 0.6493055552884616 0.6442304687499999 0.659722221153846
12 0.6227460937499999 0.7233796298076923 0.6273033846153846 0.6712962956730769 0.5674075528846154 0.6458333341346154 0.5589440096153846 0.6967592596153847 0.6227460937499999 0.7233796298076923
12 0.6077721346153846 0.7719907403846153 0.6136315096153846 0.7210648149038461 0.55243359375 0.6979166658653846 0.54462109375 0.7442129639423077 0.6077721346153846 0.7719907403846153
12 0.58954296875 0.8240740745192308 0.5986575528846154 0.7685185192307693 0.5361575528846154 0.7453703701923077 0.5296471346153846 0.795138889423077 0.58954296875 0.8240740745192308
12 0.7659752596153846 0.3935185192307692 0.7575117187499999 0.34259259375 0.6911054687499999 0.3807870360576923 0.7021731778846154 0.43402777884615384 0.7659752596153846 0.3935185192307692
12 0.6930585937499999 0.49768518509615384 0.6924075528846154 0.49768518509615384 0.7575117187499999 0.4606481490384615 0.7464440096153846 0.40856481490384616 0.6836184903846154 0.4432870360576923 0.6904544278846154 0.49884259375 0.6930585937499999 0.49768518509615384
12 0.7399335937499999 0.5219907403846153 0.7275638028846154 0.47916666586538464 0.6670169278846154 0.5185185192307692 0.6774335937499999 0.5625 0.7399335937499999 0.5219907403846153
12 0.6689700528846154 0.6412037043269231 0.7269127596153846 0.59259259375 0.7132408846153846 0.5474537043269231 0.6559492187499999 0.59375 0.6689700528846154 0.6377314807692307 0.6689700528846154 0.6412037043269231
12 0.6448815096153846 0.7129629639423077 0.7047773437499999 0.6678240745192308 0.6933841153846154 0.6192129639423077 0.6344648437499999 0.6643518509615384 0.6455325528846154 0.7083333341346154 0.6448815096153846 0.7129629639423077
12 0.6898033846153846 0.7453703701923077 0.6800377596153846 0.6979166658653846 0.6201419278846154 0.7268518509615384 0.6240481778846154 0.7766203701923077 0.6898033846153846 0.7453703701923077
12 0.6618085937499999 0.829861110576923 0.6631106778846154 0.7789351850961539 0.5986575528846154 0.7754629639423077 0.5986575528846154 0.826388889423077 0.6618085937499999 0.829861110576923
12 0.6845950528846154 0.809027778846154 0.7366783846153846 0.763888889423077 0.7217044278846154 0.71875 0.6657148437499999 0.7696759254807692 0.6774335937499999 0.8078703701923077 0.6845950528846154 0.809027778846154
12 0.7978763028846154 0.7349537043269231 0.7920169278846154 0.6875 0.7308190096153846 0.715277778846154 0.7379804687499999 0.7615740745192308 0.7978763028846154 0.7349537043269231
12 0.7542565096153846 0.6886574062499999 0.7405846346153846 0.642361110576923 0.6845950528846154 0.6921296298076923 0.6956627596153846 0.7372685192307693 0.7542565096153846 0.6886574062499999
12 0.7685794278846154 0.6122685192307692 0.7562096346153846 0.5671296298076923 0.6976158846153846 0.6203703701923077 0.7106367187499999 0.659722221153846 0.7685794278846154 0.6122685192307692
12 0.8219648437499999 0.6921296298076923 0.8284752596153846 0.642361110576923 0.7646731778846154 0.621527778846154 0.7581627596153846 0.670138889423077 0.8219648437499999 0.6921296298076923
12 0.8486575528846154 0.6504629639423077 0.8597252596153846 0.59490740625 0.7946210937499999 0.576388889423077 0.7894127596153846 0.6261574062499999 0.8486575528846154 0.6504629639423077
12 0.7998294278846154 0.5752314807692308 0.8037356778846154 0.5231481490384615 0.7431888028846154 0.5057870360576924 0.7360273437499999 0.56134259375 0.7998294278846154 0.5752314807692308
12 0.8701419278846154 0.5972222211538462 0.8773033846153846 0.5474537043269231 0.8141523437499999 0.5254629639423076 0.8050377596153846 0.5740740745192308 0.8701419278846154 0.5972222211538462
12 0.8187096346153846 0.5219907403846153 0.8258710937499999 0.47106481490384616 0.7581627596153846 0.454861110576923 0.7536054687499999 0.5023148149038461 0.8187096346153846 0.5219907403846153
12 0.8805585937499999 0.545138889423077 0.8922773437499999 0.49652777884615384 0.8278242187499999 0.46875 0.8193606778846154 0.517361110576923 0.8805585937499999 0.545138889423077
12 0.8284752596153846 0.46990740625 0.8343346346153846 0.4143518509615385 0.7679283846153846 0.3993055552884615 0.7627200528846154 0.451388889423077 0.8284752596153846 0.46990740625
12 0.8922773437499999 0.4930555552884615 0.9007408846153846 0.44097222115384616 0.8369388028846154 0.4131944447115385 0.8304283846153846 0.46990740625 0.8922773437499999 0.4930555552884615
12 0.8349856778846154 0.4143518509615385 0.8395429687499999 0.3553240745192308 0.7711835937499999 0.34143518509615384 0.7679283846153846 0.3981481490384615 0.8349856778846154 0.4143518509615385
12 0.9013919278846154 0.43634259375 0.9098554687499999 0.3831018509615385 0.8427981778846154 0.357638889423077 0.8336835937499999 0.41550925961538465 0.9013919278846154 0.43634259375
12 0.8395429687499999 0.357638889423077 0.8434492187499999 0.29976851923076925 0.7770429687499999 0.28125 0.7724856778846154 0.3391203701923077 0.8395429687499999 0.357638889423077
12 0.9033450528846154 0.3819444447115385 0.9105065096153846 0.3287037043269231 0.8467044278846154 0.29976851923076925 0.8388919278846154 0.3553240745192308 0.9033450528846154 0.3819444447115385
12 0.8323815096153846 0.29398148076923075 0.8395429687499999 0.2430555552884615 0.7744388028846154 0.22337962980769233 0.7679283846153846 0.2743055552884615 0.8323815096153846 0.29398148076923075
12 0.9013919278846154 0.3182870360576923 0.9118085937499999 0.2662037043269231 0.8447513028846154 0.23263888942307692 0.8375898437499999 0.2893518509615384 0.9013919278846154 0.3182870360576923