12 0.09401041586538463 0.08217592548076923 0.08932291586538461 0.1358796298076923 0.15078125 0.16180555528846152 0.15755208413461538 0.10995370432692307 0.09817708413461539 0.08773148076923078 0.09401041586538463 0.08217592548076923
12 0.08085937500000001 0.13541666586538462 0.074609375 0.18356481490384613 0.137109375 0.21226851923076923 0.143359375 0.16134259375 0.082421875 0.13263888942307694 0.08085937500000001 0.13541666586538462
12 0.1567708341346154 0.10949074038461538 0.15520833413461538 0.16412037019230769 0.21718749999999998 0.17708333413461538 0.221875 0.12245370432692308 0.159375 0.10856481490384615 0.1567708341346154 0.10949074038461538
12 0.06549479086538462 0.2391203701923077 0.1264322908653846 0.26967592548076924 0.1352864591346154 0.21597222115384615 0.0734375 0.1870370360576923 0.06549479086538462 0.2391203701923077
12 0.1453125 0.16851851923076921 0.1401041658653846 0.21759259375 0.2036458341346154 0.23518518509615383 0.2072916658653846 0.18148148076923076 0.14583333413461538 0.16759259375 0.1453125 0.16851851923076921
12 0.06614583413461539 0.24537037019230767 0.059375 0.28981481490384614 0.124609375 0.3273148149038461 0.1296875 0.26944444471153844 0.06666666586538461 0.24351851923076923 0.06614583413461539 0.24537037019230767
12 0.22591145913461538 0.1291666658653846 0.2212239591346154 0.1791666658653846 0.284765625 0.1958333341346154 0.287890625 0.14027777884615383 0.22695312499999998 0.12731481490384616 0.22591145913461538 0.1291666658653846
12 0.13984375 0.21851851923076923 0.1346354158653846 0.27407407451923077 0.19765624999999998 0.28981481490384614 0.20182291586538462 0.23425925961538463 0.1408854158653846 0.21944444471153846 0.13984375 0.21851851923076923
12 0.06171875 0.29837962980769234 0.05442708413461539 0.34467592548076925 0.11731770913461538 0.3858796298076923 0.12265625 0.32800925961538463 0.06171875 0.2974537043269231 0.06171875 0.29837962980769234
12 0.215625 0.18032407451923077 0.21250000000000002 0.2321759254807692 0.2760416658653846 0.25347222115384616 0.2802083341346154 0.1969907403846154 0.21770833413461538 0.18310185096153847 0.215625 0.18032407451923077
12 0.20937499999999998 0.2365740745192308 0.2036458341346154 0.28472222115384616 0.2682291658653846 0.3041666658653846 0.271875 0.25231481490384616 0.2104166658653846 0.2365740745192308 0.20937499999999998 0.2365740745192308
12 0.2904947908653846 0.13773148076923075 0.2858072908653846 0.18773148076923077 0.3498697908653846 0.21365740625 0.3545572908653846 0.15717592548076925 0.292578125 0.13680555528846153 0.2904947908653846 0.13773148076923075
12 0.13411458413461538 0.27060185096153844 0.13411458413461538 0.27152777884615387 0.1294270841346154 0.3206018509615385 0.19453125 0.3391203701923077 0.19817708413461538 0.28726851923076924 0.13515625 0.27245370432692306 0.13411458413461538 0.27060185096153844
12 0.2 0.28449074038461536 0.1973958341346154 0.3391203701923077 0.2598958341346154 0.35949074038461537 0.2640625 0.30486111057692306 0.20156249999999998 0.2891203701923077 0.2 0.28449074038461536
12 0.2850260408653846 0.19537037019230769 0.282421875 0.24444444471153848 0.3438802091346154 0.26851851923076925 0.3490885408653846 0.21296296394230768 0.2860677091346154 0.1944444447115385 0.2850260408653846 0.19537037019230769
12 0.057421875 0.35092592548076923 0.052213540865384614 0.4009259254807693 0.11210937500000001 0.4333333341346154 0.12356770913461539 0.3833333341346154 0.05846354086538462 0.3490740745192307 0.057421875 0.35092592548076923
12 0.12955729086538462 0.3284722211538461 0.126953125 0.37847222115384616 0.18841145913461538 0.39513888942307696 0.19205729086538462 0.34143518509615384 0.12955729086538462 0.3275462956730769 0.12955729086538462 0.3284722211538461
12 0.057421875 0.40717592548076925 0.04908854086538461 0.45625000000000004 0.10846354086538461 0.49143518509615386 0.116796875 0.4395833341346154 0.05638020913461539 0.40625 0.057421875 0.40717592548076925
12 0.19776417788461537 0.3451599326923077 0.1936197908653846 0.3921296298076923 0.2545572908653846 0.4143518509615385 0.2602864591346154 0.36064814903846154 0.19776417788461537 0.3451599326923077
12 0.05338541586538462 0.45972222115384614 0.04765625 0.5069444447115384 0.10859374999999999 0.5458333341346153 0.11588541586538462 0.49768518509615384 0.05651041586538462 0.46157407451923077 0.05338541586538462 0.45972222115384614
12 0.12408854086538461 0.38009259375 0.12044270913461538 0.4337962956730769 0.18294270913461538 0.4495370360576923 0.18815104086538462 0.3986111105769231 0.12565104086538462 0.3837962956730769 0.12408854086538461 0.38009259375
12 0.04270833413461539 0.5643518509615385 0.10416666586538462 0.5958333341346154 0.11145833413461538 0.548611110576923 0.109375 0.5476851850961538 0.0515625 0.5125 0.04270833413461539 0.5643518509615385
12 0.126953125 0.43726851923076926 0.12278645913461537 0.48819444471153844 0.1852864591346154 0.5030092596153847 0.18841145913461538 0.45115740625 0.12799479086538462 0.43726851923076926 0.126953125 0.43726851923076926
12 0.1930989591346154 0.4 0.19049479086538462 0.45185185096153846 0.2529947908653846 0.4694444447115385 0.2561197908653846 0.4138888894230769 0.194140625 0.39907407451923077 0.1930989591346154 0.4
12 0.12187500000000001 0.48958333413461536 0.11822916586538461 0.53865740625 0.17864583413461538 0.559953704326923 0.184375 0.5090277788461539 0.12291666586538462 0.4923611105769231 0.12187500000000001 0.48958333413461536
12 0.11341145913461538 0.5412037043269231 0.11184895913461539 0.5930555552884615 0.17278645913461538 0.6106481490384615 0.17643229086538462 0.5597222211538462 0.11393229086538462 0.5430555552884615 0.11341145913461538 0.5412037043269231
12 0.18984374999999998 0.4525462956730769 0.18671875 0.5016203701923077 0.2481770841346154 0.517361110576923 0.2528645841346154 0.4701388894230769 0.19036458413461538 0.45439814903846154 0.18984374999999998 0.4525462956730769
12 0.19075520913461538 0.5071759254807693 0.1876302091346154 0.5571759254807692 0.2506510408653846 0.5729166658653846 0.2532552091346154 0.5256944447115385 0.19231770913461538 0.5090277788461539 0.19075520913461538 0.5071759254807693
12 0.17617187499999998 0.56134259375 0.17252604086538462 0.61134259375 0.23398437500000002 0.6298611105769231 0.2365885408653846 0.5780092596153846 0.17877604086538462 0.56134259375 0.17617187499999998 0.56134259375
12 0.2427083341346154 0.5777777788461539 0.23697916586538462 0.6268518509615385 0.3 0.6472222211538461 0.3020833341346154 0.596296295673077 0.24375000000000002 0.5796296298076923 0.2427083341346154 0.5777777788461539
12 0.31966145913461536 0.5365740745192308 0.375390625 0.55509259375 0.378515625 0.5013888894230769 0.320703125 0.4865740745192308 0.3165364591346154 0.5328703701923077 0.31966145913461536 0.5365740745192308
12 0.2569010408653846 0.5243055552884616 0.251171875 0.5752314807692308 0.3115885408653846 0.5946759254807692 0.3173177091346154 0.5456018509615385 0.2584635408653846 0.5270833341346154 0.2569010408653846 0.5243055552884616
12 0.25859375 0.4659722211538462 0.25390625 0.51875 0.3169270841346154 0.5344907403846154 0.3184895841346154 0.4835648149038461 0.2591145841346154 0.4659722211538462 0.25859375 0.4659722211538462
12 0.26171875 0.4131944447115385 0.2549479158653846 0.4622685192307693 0.31640625 0.4817129639423077 0.3205729158653846 0.4307870360576923 0.26171875 0.41226851923076924 0.26171875 0.4131944447115385
12 0.2619791658653846 0.35416666586538464 0.2583333341346154 0.40601851923076926 0.31718749999999996 0.4245370360576923 0.3223958341346154 0.37546296394230766 0.2619791658653846 0.3513888894230769 0.2619791658653846 0.35416666586538464
12 0.2694010408653846 0.3046296298076923 0.2641927091346154 0.3564814807692308 0.3272135408653846 0.3777777788461538 0.33085937499999996 0.3212962956730769 0.2709635408653846 0.30277777884615387 0.2694010408653846 0.3046296298076923
12 0.3201822908653846 0.5365740745192308 0.3134114591346154 0.5893518509615384 0.37382812499999996 0.6115740745192307 0.3759114591346154 0.5560185192307693 0.322265625 0.5384259254807693 0.3201822908653846 0.5365740745192308
12 0.32356770913461536 0.4307870360576923 0.3194010408653846 0.48449074038461537 0.379296875 0.5048611105769231 0.38398437500000004 0.45115740625 0.3240885408653846 0.4298611105769231 0.32356770913461536 0.4307870360576923
12 0.3276041658653846 0.3768518509615385 0.3213541658653846 0.42777777884615387 0.3822916658653846 0.44999999999999996 0.3890625 0.39074074038461537 0.3286458341346154 0.37592592548076925 0.3276041658653846 0.3768518509615385
12 0.3583333341346154 0.1541666658653846 0.3494791658653846 0.21064814903846155 0.41666666586538464 0.23564814903846154 0.4229166658653846 0.1791666658653846 0.3604166658653846 0.1578703701923077 0.3583333341346154 0.1541666658653846
12 0.3516927091346154 0.21481481490384613 0.3490885408653846 0.2620370360576923 0.4063802091346154 0.2907407403846154 0.413671875 0.23425925961538463 0.3516927091346154 0.21388888942307693 0.3516927091346154 0.21481481490384613
12 0.34296875000000004 0.3157407403846154 0.4028645841346154 0.3398148149038462 0.4080729158653846 0.28611111057692307 0.34765625 0.2638888894230769 0.34296875000000004 0.3157407403846154
12 0.3388020841346154 0.3150462956730769 0.33359375 0.37152777884615384 0.38984375000000004 0.39375000000000004 0.3986979158653846 0.3418981490384615 0.3388020841346154 0.3150462956730769
12 0.4196614591346154 0.17569444471153844 0.4139322908653846 0.22939814903846154 0.4779947908653846 0.25625 0.4826822908653846 0.20254629567307691 0.422265625 0.17847222115384614 0.4196614591346154 0.17569444471153844
12 0.4053385408653846 0.28564814903846153 0.46938651923076924 0.31227741586538466 0.4782552091346154 0.25972222115384613 0.41523437500000004 0.23564814903846154 0.4131510408653846 0.23564814903846154 0.4053385408653846 0.28564814903846153
12 0.4065104158653846 0.29259259375 0.3986979158653846 0.3398148149038462 0.465234375 0.3756944447115385 0.47109375 0.3157407403846154 0.40703124999999996 0.2935185192307692 0.4065104158653846 0.29259259375
12 0.39973958413461536 0.34537037019230765 0.3903645841346154 0.4018518509615384 0.4548177091346154 0.4328703701923077 0.45963541586538464 0.3731481490384615 0.40234375 0.3490740745192307 0.39973958413461536 0.34537037019230765
12 0.27855902884615386 0.24521605048076925 0.27387152884615384 0.29799382692307697 0.3373697908653846 0.3194444447115385 0.3394965288461539 0.27114197596153844 0.28168402884615384 0.24799382692307692 0.27855902884615386 0.24521605048076925
12 0.36250000000000004 0.6328703701923076 0.3583333341346154 0.6791666658653847 0.41927083413461536 0.6976851850961538 0.4260416658653846 0.6467592596153846 0.3635416658653846 0.6300925937499999 0.36250000000000004 0.6328703701923076
12 0.3770833341346154 0.5805555552884616 0.37187499999999996 0.6268518509615385 0.4369791658653846 0.6481481490384616 0.4395833341346154 0.5990740745192308 0.3791666658653846 0.5787037043269231 0.3770833341346154 0.5805555552884616
12 0.3809895841346154 0.5208333341346154 0.3747395841346154 0.56990740625 0.43828124999999996 0.5939814807692307 0.4424479158653846 0.5384259254807693 0.38151041586538464 0.5162037043269231 0.3809895841346154 0.5208333341346154
12 0.38565795432692307 0.45798810817307695 0.38151041586538464 0.5169753076923077 0.44140625 0.5432098774038462 0.44574652884615384 0.4799382716346154 0.38565795432692307 0.45798810817307695
12 0.38875868028846156 0.4057098774038461 0.38181423557692307 0.4520061730769231 0.4458333341346154 0.4840277788461539 0.45386284615384614 0.42114197596153846 0.38875868028846156 0.4026234567307692 0.38875868028846156 0.4057098774038461
12 0.6133680552884615 0.2623456778846154 0.6020833341346153 0.21296296394230768 0.5473958341346153 0.2592592596153846 0.5447916658653846 0.2623456778846154 0.5534722211538461 0.31018518509615384 0.6133680552884615 0.2623456778846154
12 0.5282118052884616 0.29027777884615386 0.513454860576923 0.3442901225961539 0.57421875 0.39135802403846154 0.5855034711538462 0.33811728365384613 0.5299479158653846 0.29490740625 0.5282118052884616 0.29027777884615386
12 0.4993055552884615 0.39521605048076924 0.5605034711538461 0.43765432211538463 0.5717881947115384 0.3859567908653846 0.512326389423077 0.34274691346153846 0.4993055552884615 0.39521605048076924
12 0.5575520841346153 0.4388888894230769 0.49852430528846153 0.39490740625000004 0.48637152884615387 0.44429012259615386 0.5458333341346153 0.49058642067307695 0.5571180552884616 0.4419753076923077 0.5575520841346153 0.4388888894230769
12 0.4859375 0.44737654326923076 0.47465277884615387 0.49290123557692306 0.5341145841346153 0.5407407403846154 0.5436631947115385 0.49290123557692306 0.48637152884615387 0.4496913581730769 0.4859375 0.44737654326923076
12 0.46189236057692307 0.5490740745192307 0.5217881947115385 0.5915123461538461 0.5330729158653846 0.5436728389423077 0.4744791658653846 0.4989197524038461 0.46189236057692307 0.5490740745192307
12 0.46123076201923074 0.5507625985576923 0.4508680552884616 0.5964506177884615 0.5081597211538461 0.6427469134615384 0.5203125 0.59490740625 0.46123076201923074 0.5507625985576923
12 0.4510416658653846 0.5981481490384616 0.4410590288461539 0.642901235576923 0.4974826394230769 0.6907407403846153 0.5096354158653846 0.6405864206730769 0.45234375000000004 0.5981481490384616 0.4510416658653846 0.5981481490384616
12 0.4371527788461539 0.64490740625 0.42586805528846156 0.6865740745192308 0.4838541658653846 0.7388888894230768 0.4966145841346154 0.688888889423077 0.4371527788461539 0.64259259375 0.4371527788461539 0.64490740625
12 0.49513888942307693 0.7066358028846154 0.4829861105769231 0.7506172836538462 0.5433159711538461 0.7976851850961538 0.5532986105769231 0.7444444447115385 0.4955729158653846 0.7066358028846154 0.49513888942307693 0.7066358028846154
12 0.5114583341346154 0.6512345673076924 0.4993055552884615 0.7029320985576923 0.5600694447115384 0.7484567908653846 0.5717881947115384 0.6959876538461539 0.5127604158653847 0.652777778846154 0.5114583341346154 0.6512345673076924
12 0.525607639423077 0.6030864206730769 0.5147569447115384 0.6501543221153846 0.5755208341346154 0.6964506177884615 0.5863715288461538 0.6462962956730769 0.5269097211538462 0.6046296298076923 0.525607639423077 0.6030864206730769
12 0.5394965288461538 0.5581790120192308 0.529079860576923 0.6067901225961538 0.5911458341346154 0.6507716057692308 0.6002604158653846 0.6013888894230769 0.541232639423077 0.5604938269230769 0.5394965288461538 0.5581790120192308
12 0.5565104158653846 0.509413579326923 0.54609375 0.5580246923076924 0.6064236105769231 0.6027777788461539 0.6177083341346153 0.5495370360576923 0.5578125 0.5117283942307692 0.5565104158653846 0.509413579326923
12 0.5602430552884615 0.44999999999999996 0.5489583341346154 0.5024691346153847 0.6114583341346154 0.5456790120192307 0.6223090288461539 0.49398148076923076 0.5615451394230769 0.45077160576923075 0.5602430552884615 0.44999999999999996
12 0.5800347211538461 0.3987654326923077 0.5696180552884615 0.45123456730769235 0.6338541658653847 0.49058642067307695 0.6438368052884615 0.44274691346153844 0.5813368052884615 0.39722222115384614 0.5800347211538461 0.3987654326923077
12 0.588107639423077 0.33966049278846155 0.5785590288461538 0.39135802403846154 0.640190971153846 0.43533950721153847 0.654513889423077 0.3813271610576923 0.5889756947115384 0.3404320985576923 0.588107639423077 0.33966049278846155
12 0.5975694447115385 0.27716049278846155 0.5832465288461539 0.3304012355769231 0.6453125 0.37515432211538463 0.6583333341346154 0.3265432091346154 0.5975694447115385 0.27638888942307693 0.5975694447115385 0.27716049278846155
12 0.5563368052884615 0.751388889423077 0.5493923605769231 0.8 0.6131944447115385 0.8293209879807691 0.6210069447115385 0.7791666658653846 0.5567708341346154 0.7506172836538462 0.5563368052884615 0.751388889423077
12 0.572482639423077 0.6989197524038461 0.564236110576923 0.7498456778846154 0.6302083341346154 0.7807098774038461 0.63671875 0.7305555552884615 0.57421875 0.7012345673076923 0.572482639423077 0.6989197524038461
12 0.5861979158653846 0.6518518509615384 0.5805555552884616 0.7027777788461538 0.6430555552884616 0.732098764423077 0.6508680552884616 0.6804012355769231 0.5879340288461539 0.6518518509615384 0.5861979158653846 0.6518518509615384
12 0.6013888894230769 0.5979938269230769 0.6026909711538462 0.6550925937500001 0.6669270841346153 0.6635802475961537 0.6669270841346153 0.6080246923076923 0.603125 0.6003086418269231 0.6013888894230769 0.5979938269230769
12 0.6214409711538462 0.7799382716346154 0.6201388894230769 0.8316358028846154 0.6856770841346154 0.8401234567307692 0.6865451394230769 0.78919753125 0.621875 0.7807098774038461 0.6214409711538462 0.7799382716346154
12 0.6869791658653847 0.7775462956730769 0.7032552091346154 0.825 0.7598958341346154 0.7740740745192307 0.7442708341346154 0.7243055552884615 0.6850260408653847 0.778703704326923 0.6869791658653847 0.7775462956730769
12 0.75390625 0.7157407403846154 0.7610677091346154 0.7712962956730769 0.826171875 0.7458333341346154 0.818359375 0.6937500000000001 0.7565104158653846 0.7180555552884615 0.75390625 0.7157407403846154
12 0.6404947908653846 0.7377314807692308 0.6463541658653846 0.7828703701923078 0.71015625 0.7550925937499999 0.70234375 0.7041666658653847 0.6404947908653846 0.7331018509615385 0.6404947908653846 0.7377314807692308
12 0.6559895841346154 0.6777777788461539 0.6670572908653847 0.7206018509615385 0.7308593750000001 0.6719907403846155 0.7204427091346154 0.6268518509615385 0.6579427091346154 0.6719907403846155 0.6559895841346154 0.6777777788461539
12 0.7065104158653847 0.7043981490384615 0.7201822908653847 0.7460648149038461 0.7807291658653847 0.7009259254807693 0.7690104158653847 0.64884259375 0.7052083341346154 0.7043981490384615 0.7065104158653847 0.7043981490384615
12 0.7861979158653847 0.6321759254807693 0.7807291658653847 0.6824074062500001 0.8486979158653847 0.70509259375 0.8552083341346154 0.6518518509615384 0.7861979158653847 0.6310185192307693 0.7861979158653847 0.6321759254807693
12 0.8384114591346153 0.534953704326923 0.8299479158653846 0.5847222211538461 0.8950520841346153 0.61365740625 0.9048177091346153 0.5557870360576923 0.8403645841346153 0.533796295673077 0.8384114591346153 0.534953704326923
12 0.7222656249999999 0.6273148149038461 0.7320312499999999 0.670138889423077 0.7938802091346153 0.628472221153846 0.7821614591346153 0.5752314807692308 0.7216145841346153 0.6273148149038461 0.7222656249999999 0.6273148149038461
12 0.6799479158653846 0.5988425937499999 0.6923177091346153 0.6451388894230768 0.7509114591346153 0.5942129639423077 0.7411458341346153 0.5537037043269231 0.6799479158653846 0.5965277788461538 0.6799479158653846 0.5988425937499999
12 0.6175781250000001 0.5564814807692308 0.6234375000000001 0.5993055552884615 0.6872395841346154 0.5877314807692308 0.6854166658653846 0.5305555552884615 0.6175781250000001 0.5506944447115385 0.6175781250000001 0.5564814807692308
12 0.6510416658653846 0.42384259375 0.6588541658653846 0.47361111057692307 0.72265625 0.44236111057692307 0.7115885408653846 0.3891203701923077 0.6516927091346154 0.4192129639423077 0.6510416658653846 0.42384259375
12 0.6539062499999999 0.36064814903846154 0.6617187499999999 0.4127314807692307 0.7248697908653846 0.36990740625 0.7138020841346153 0.3189814807692307 0.6532552091346153 0.3583333341346154 0.6539062499999999 0.36064814903846154
12 0.6527343750000001 0.29004629567307694 0.6625000000000001 0.3456018509615385 0.7256510408653847 0.30625 0.7171875000000001 0.25185185096153845 0.6540364591346154 0.2912037043269231 0.6527343750000001 0.29004629567307694
12 0.7205729158653846 0.3206018509615385 0.7290364591346153 0.37152777884615384 0.7928385408653846 0.3310185192307692 0.78046875 0.27893518509615384 0.7212239591346153 0.3182870360576923 0.7205729158653846 0.3206018509615385
12 0.8026041658653846 0.2212962956730769 0.794140625 0.27800925961538464 0.8625 0.2976851850961538 0.8670572908653846 0.24444444471153848 0.8026041658653846 0.2201388894230769 0.8026041658653846 0.2212962956730769
12 0.8731005360576922 0.23769976442307691 0.8648437499999999 0.29189814903846156 0.9312499999999999 0.32037037019230774 0.9395833341346154 0.26759259375 0.8731005360576922 0.23769976442307691
12 0.8033446947115385 0.2829070144230769 0.799609375 0.3393518509615384 0.8647135408653847 0.35555555528846156 0.8705729158653847 0.29884259375 0.8033446947115385 0.2829070144230769
12 0.8026041658653846 0.34398148076923074 0.7954427091346153 0.3995370360576923 0.8611979158653846 0.4192129639423077 0.8657552091346153 0.36134259375 0.8032552091346153 0.34861111057692307 0.8026041658653846 0.34398148076923074
12 0.7869791658653846 0.45833333413461536 0.8546875 0.4756944447115385 0.8592447908653846 0.4189814807692308 0.7973958341346153 0.4016203701923077 0.7869791658653846 0.45833333413461536
12 0.8480468750000001 0.47476851923076924 0.7933593750000001 0.4631944447115384 0.7868489591346154 0.46087962980769226 0.7861979158653847 0.45972222115384614 0.7848958341346154 0.45972222115384614 0.7849772139423077 0.4594328701923077 0.7829427091346154 0.46087962980769226 0.7764322908653847 0.51759259375 0.8428385408653847 0.5303240745192308 0.8480468750000001 0.47476851923076924
12 0.7653645841346154 0.5164351850961538 0.7595052091346154 0.566203704326923 0.8272135408653847 0.5835648149038462 0.8343750000000001 0.5291666658653846 0.7660156250000001 0.5141203701923077 0.7653645841346154 0.5164351850961538
12 0.8779947908653847 0.2951388894230769 0.8682291658653847 0.3587962956730769 0.9339843750000001 0.3877314807692308 0.9404947908653847 0.3275462956730769 0.8779947908653847 0.3020833341346154 0.8779947908653847 0.2951388894230769
12 0.8720052091346153 0.3682870360576923 0.8648437499999999 0.41689814903846156 0.9286458341346153 0.4458333341346154 0.9364583341346153 0.39259259375 0.8746093749999999 0.3694444447115384 0.8720052091346153 0.3682870360576923
12 0.865234375 0.4215277788461539 0.8548177091346154 0.4724537043269231 0.9231770841346154 0.49907407451923075 0.9303385408653846 0.4458333341346154 0.8658854158653846 0.4203703701923077 0.865234375 0.4215277788461539
12 0.8536458341346154 0.4803240745192308 0.846484375 0.5358796298076923 0.9122395841346154 0.56134259375 0.9213541658653847 0.5081018509615385 0.8536458341346154 0.4803240745192308
12 0.6899739591346153 0.527546295673077 0.700390625 0.5726851850961538 0.7641927091346153 0.5333333341346154 0.753125 0.48124999999999996 0.6899739591346153 0.5263888894230769 0.6899739591346153 0.527546295673077
12 0.7048177091346154 0.4523148149038461 0.7158854158653847 0.5032407403846154 0.7816406250000001 0.4662037043269231 0.7718750000000001 0.41527777884615386 0.7054687500000001 0.4523148149038461 0.7048177091346154 0.4523148149038461
12 0.7161458341346154 0.3831018509615385 0.7252604158653846 0.43402777884615384 0.7903645841346154 0.3981481490384615 0.7786458341346154 0.34259259375 0.71484375 0.3819444447115385 0.7161458341346154 0.3831018509615385
12 0.7286458341346154 0.3087962956730769 0.7963541658653847 0.26365740625 0.7872395841346154 0.2173611105769231 0.7192708341346153 0.25185185096153845 0.7286458341346154 0.3087962956730769
12 0.3020833341346154 0.596913579326923 0.2986111105769231 0.6493827163461539 0.359375 0.6617283942307692 0.3663194447115385 0.613888889423077 0.3038194447115385 0.5953703701923077 0.3020833341346154 0.596913579326923
12 0.6239583341346153 0.4935185192307693 0.6326388894230769 0.5459876538461539 0.6977430552884616 0.5104938269230769 0.6890624999999999 0.46265432211538465 0.6248263894230769 0.49197530769230774 0.6239583341346153 0.4935185192307693
12 0.8171875 0.58580246875 0.8119791658653847 0.6336419759615384 0.8779513894230769 0.6614197524038462 0.8866319447115385 0.6027777788461539 0.818923610576923 0.5811728389423076 0.8171875 0.58580246875