12 0.1614387091346154 0.19298436778846154 0.16957673076923077 0.13337788701923078 0.10349600240384614 0.10849362740384616 0.09633454326923077 0.1628917764423077 0.1614387091346154 0.19298436778846154
12 0.14418517307692308 0.24362359615384616 0.1552528798076923 0.1834384110576923 0.0907997548076923 0.14987359615384616 0.08070861057692308 0.21005878125 0.14418517307692308 0.24362359615384616
12 0.1407656346153846 0.2957068798076923 0.14922917788461537 0.24188743509615385 0.08672917788461539 0.2071652139423077 0.07663803125 0.2609846586538462 0.1407656346153846 0.2957068798076923
12 0.13409292548076923 0.3567575408653846 0.14353302884615385 0.30120198557692307 0.07745230048076923 0.26358624519230767 0.06996531971153847 0.32261402403846157 0.13409292548076923 0.3567575408653846
12 0.1275835528846154 0.4105769375 0.1373491778846154 0.3567574927884615 0.07289605288461538 0.32319267788461536 0.06443251201923077 0.3718037884615385 0.1275835528846154 0.4105769375
12 0.12741928125000002 0.4626603197115384 0.1358828221153846 0.40999828125 0.07077865625 0.37469735576923074 0.06329167788461539 0.4238871706730769 0.12741928125000002 0.4626603197115384
12 0.12497933173076924 0.5150374182692308 0.13344287259615384 0.46121797355769234 0.06931526923076924 0.4276531586538462 0.061177247596153846 0.4762642692307692 0.12497933173076924 0.5150374182692308
12 0.1222119375 0.5755075408653846 0.1323030841346154 0.5222668004807692 0.0675244375 0.4892806899038461 0.06003745913461538 0.5378918004807692 0.1222119375 0.5755075408653846
12 0.11716781971153846 0.6246991418269231 0.12498031971153846 0.5737732163461539 0.06182927884615385 0.5367361778846154 0.05369125721153846 0.5876621057692307 0.11716781971153846 0.6246991418269231
12 0.22800813221153846 0.19675038221153845 0.23289094471153846 0.14350964182692308 0.16681021394230772 0.13019945673076921 0.16453156971153846 0.18344019711538462 0.22800813221153846 0.19675038221153845
12 0.21482506009615385 0.2540420480769231 0.21938235096153846 0.19964389903846153 0.15427818509615385 0.1817040841346154 0.15037193509615385 0.2384170480769231 0.21482506009615385 0.2540420480769231
12 0.21189438221153845 0.3098861370192308 0.21547511298076924 0.2549092860576923 0.14939438221153847 0.23812687740384617 0.14646469471153847 0.2948398413461538 0.21189438221153845 0.3098861370192308
12 0.2035961033653846 0.360815610576923 0.20620026923076923 0.3035239423076923 0.14174714423076923 0.2913711658653846 0.1391429783653846 0.3457693125 0.2035961033653846 0.360815610576923
12 0.19985011298076924 0.41694981971153844 0.20440740384615383 0.3567646346153846 0.13962875721153847 0.34287574519230773 0.13572250721153847 0.40016741105769227 0.19985011298076924 0.41694981971153844
12 0.19415396394230772 0.46787400961538467 0.19806021394230772 0.41521197115384617 0.1345836514423077 0.39495734134615385 0.13035188221153846 0.4516703052884615 0.19415396394230772 0.46787400961538467
12 0.19529480048076925 0.5280574086538462 0.19855000721153845 0.4701870384615384 0.13474792548076925 0.4568768533653846 0.13149271634615384 0.51011759375 0.19529480048076925 0.5280574086538462
12 0.19106203846153846 0.5798522331730769 0.19529381009615385 0.5254540841346154 0.13181724759615385 0.5109864927884615 0.12725995673076923 0.5642272331730769 0.19106203846153846 0.5798522331730769
12 0.18113313221153846 0.6359847572115385 0.18796906971153846 0.581586608173077 0.12319042307692309 0.5636467932692308 0.11960969471153846 0.6186236466346154 0.18113313221153846 0.6359847572115385
12 0.2900222956730769 0.22163112019230768 0.2962071923076923 0.16260334134615384 0.23142854567307694 0.14408482211538462 0.22524364903846153 0.2013764903846154 0.2900222956730769 0.22163112019230768
12 0.2844875649038462 0.2745834014423077 0.2909979807692308 0.22076395673076923 0.22296412740384616 0.2005093269230769 0.21840683413461537 0.25664358653846153 0.2844875649038462 0.2745834014423077
12 0.2786251634615385 0.33158482211538465 0.2844845384615385 0.2737144519230769 0.21872933173076922 0.25577463701923076 0.21449756009615387 0.3095940817307692 0.2786251634615385 0.33158482211538465
12 0.2716279783653846 0.38309297355769234 0.2765107908653846 0.32348649278846153 0.20977901923076925 0.30786149278846153 0.207500375 0.3611022331730769 0.2716279783653846 0.38309297355769234
12 0.2667451105769231 0.4369124182692307 0.2739065697115385 0.3801994567307692 0.20424511057692307 0.3587874182692307 0.20782583894230772 0.3668892692307692 0.20489615144230772 0.4155003822115385 0.2667451105769231 0.4369124182692307
12 0.2621878197115385 0.4933334014423077 0.2677216730769231 0.4389352524038461 0.20359406971153846 0.41983803125 0.19871125721153846 0.47481488221153845 0.2621878197115385 0.4933334014423077
12 0.26137453846153846 0.5491791514423077 0.2665828725961539 0.490151375 0.20050214423076923 0.47221156009615384 0.19724693509615385 0.5318180408653845 0.26137453846153846 0.5491791514423077
12 0.25974687980769234 0.5986592115384616 0.26625729567307693 0.5471545817307693 0.19952552403846152 0.5222703221153846 0.19659583653846152 0.5812981009615384 0.25974687980769234 0.5986592115384616
12 0.24851605528846152 0.6469818125 0.2530733461538462 0.5925836658653846 0.18862022115384616 0.5775373677884615 0.18438845192307693 0.6278845913461539 0.24851605528846152 0.6469818125
12 0.30808928125 0.6681020192307692 0.3126465721153846 0.6148612788461538 0.24884448798076922 0.5992362788461538 0.24493823798076922 0.6490047956730769 0.30808928125 0.6681020192307692
12 0.3580552716346154 0.23841528846153848 0.36358912740384614 0.18054491826923075 0.2971828774038462 0.15739676923076923 0.2968573557692308 0.1672347331730769 0.29164902163461537 0.21642454567307692 0.3580552716346154 0.23841528846153848
12 0.3549613125 0.28992167788461537 0.36179725 0.23263001201923078 0.2940889158653846 0.2158476033653846 0.28985714423076925 0.26908834375 0.3549613125 0.28992167788461537
12 0.34422104807692305 0.3466310192307693 0.3517080264423077 0.28933935336538463 0.28497625721153846 0.2690847235576923 0.2794424014423077 0.3229041682692308 0.34422104807692305 0.3466310192307693
12 0.33478100000000005 0.4021866754807692 0.34096589423076923 0.34605241586538465 0.27553620673076923 0.32464037980769234 0.2700023533653846 0.3790385264423077 0.33478100000000005 0.4021866754807692
12 0.32648068509615386 0.4476193293269231 0.3326655817307692 0.3949572932692308 0.26788693509615386 0.37470266346153847 0.26365516346153844 0.4279434038461538 0.32648068509615386 0.4476193293269231
12 0.32338870432692307 0.5040402620192308 0.3315267259615385 0.45022081730769237 0.2660970384615385 0.42996618750000004 0.26088870432692307 0.48783656009615384 0.32338870432692307 0.5040402620192308
12 0.3227367283653846 0.5650926105769231 0.3276195408653846 0.5078009447115385 0.26479401923076923 0.48812501923076923 0.2602367283653846 0.5448379807692307 0.3227367283653846 0.5650926105769231
12 0.3206203197115384 0.61977753125 0.32908386298076925 0.5648006802884615 0.26332865384615384 0.5457034567307693 0.26039896634615384 0.6006803100961539 0.3206203197115384 0.61977753125
12 0.4213695408653846 0.2525926346153846 0.4272289158653846 0.19530096875 0.36505443750000005 0.17446763461538461 0.36049714423076923 0.22712967307692308 0.4213695408653846 0.2525926346153846
12 0.41339474759615386 0.3090188990384615 0.42088172596153844 0.2528846418269231 0.35838172596153844 0.22684297355769228 0.35740516346153844 0.23725964182692308 0.35187131009615386 0.2852920480769231 0.41339474759615386 0.3090188990384615
12 0.41095083894230766 0.35907587740384617 0.41973990144230766 0.30467772836538465 0.35626333894230766 0.2832656923076923 0.3497529230769231 0.3365064326923077 0.41095083894230766 0.35907587740384617
12 0.40346485096153845 0.4166577884615385 0.41062630769230773 0.3576300120192308 0.3494283918269231 0.33506056730769235 0.3416158918269231 0.3871438990384615 0.40346485096153845 0.4166577884615385
12 0.3967902716346154 0.47163290384615386 0.4029751682692308 0.4149199423076923 0.3375454807692308 0.39292920192307695 0.3316861057692308 0.44385512740384614 0.3967902716346154 0.47163290384615386
12 0.3884928701923077 0.5260311033653846 0.39565432932692307 0.4722116586538462 0.3318522451923077 0.44616999278846153 0.32534182932692307 0.49883202884615385 0.3884928701923077 0.5260311033653846
12 0.38572448798076925 0.5772472235576923 0.3932114663461539 0.52574259375 0.3307114663461539 0.4985435192307692 0.32713073798076925 0.5535203725961538 0.38572448798076925 0.5772472235576923
12 0.3808435985576923 0.6356962980769231 0.38637745192307693 0.5784046322115385 0.3261560985576923 0.5581500024038462 0.3206222427884615 0.6125481490384616 0.3808435985576923 0.6356962980769231
12 0.37416901923076923 0.6819908076923077 0.3774242283653846 0.6293287716346154 0.31232006250000005 0.6113889567307692 0.3090648533653846 0.6663658076923077 0.37416901923076923 0.6819908076923077
12 0.4850083413461539 0.2789263076923077 0.49314636298076925 0.2256855673076923 0.4283677163461539 0.1938568629807692 0.41990417548076925 0.25056982692307694 0.4850083413461539 0.2789263076923077
12 0.4794734975961538 0.33650821875 0.4882625600961538 0.275165625 0.42153078846153846 0.2479665528846154 0.41469485096153846 0.30583692307692306 0.4794734975961538 0.33650821875
12 0.47263855048076925 0.3903277139423077 0.4820786538461539 0.33129993509615385 0.4166489663461539 0.30873049038461536 0.40916198798076925 0.36486475 0.47263855048076925 0.3903277139423077
12 0.46498834375 0.4508013076923077 0.47280084375 0.39061612259615386 0.4080221971153846 0.3611022331730769 0.4070456346153846 0.3715188990384615 0.39890761298076927 0.42591704807692304 0.46498834375 0.4508013076923077
12 0.45717683173076923 0.5049092115384616 0.46466381250000005 0.44530272836538465 0.3979320408653846 0.4227332860576923 0.39142162500000005 0.4782888413461538 0.45717683173076923 0.5049092115384616
12 0.4527817788461539 0.5558369711538462 0.4596177163461539 0.49912400961538467 0.39549011298076925 0.4765545649038462 0.3870265697115384 0.5332675264423077 0.4527817788461539 0.5558369711538462
12 0.4505020865384616 0.6099430408653845 0.4573380240384616 0.5572810024038461 0.3906062548076923 0.53818378125 0.3850723990384616 0.5885310024038461 0.4505020865384616 0.6099430408653845
12 0.44318130528846156 0.6669463461538462 0.4503427620192308 0.6119694951923077 0.38621515865384615 0.5905574591346153 0.37937922115384615 0.6443769038461539 0.44318130528846156 0.6669463461538462
12 0.43227489903846156 0.7184508774038462 0.4378087548076923 0.6663675432692308 0.3701004206730769 0.6374323581730769 0.3645665673076923 0.6981962475961538 0.43227489903846156 0.7184508774038462
12 0.6223781322115385 0.2771902091346154 0.6090317788461539 0.22568557932692307 0.5488104254807692 0.2754540985576923 0.5621567788461539 0.32753743028846155 0.6223781322115385 0.2771902091346154
12 0.5833156899038461 0.4056624182692307 0.5960110024038461 0.35357908413461536 0.5357896466346154 0.3101763076923077 0.5237453774038461 0.3570513076923077 0.5833156899038461 0.4056624182692307
12 0.5688304230769231 0.46092594471153847 0.5808746947115385 0.4111574254807693 0.5177236514423077 0.36254631490384615 0.5063304230769231 0.4146296466346154 0.5688304230769231 0.46092594471153847
12 0.5527176634615384 0.5130093028846153 0.5660640192307692 0.4591898581730769 0.5032384975961539 0.4134722644230769 0.49249631009615386 0.4661343028846154 0.5527176634615384 0.5130093028846153
12 0.5411601634615384 0.5705858317307693 0.5541809951923077 0.5156089807692308 0.49363412019230773 0.4675765721153846 0.48093880769230773 0.5208173149038461 0.5411601634615384 0.5705858317307693
12 0.6521637572115384 0.3923539951923077 0.6638825072115384 0.33853455048076925 0.6020335480769231 0.2876086225961539 0.5886871947115385 0.3431641802884616 0.6521637572115384 0.3923539951923077
12 0.6471177163461538 0.4539833341346154 0.6601385504807692 0.3984277788461539 0.5992661538461539 0.35097407451923074 0.5852687572115385 0.40826574278846156 0.6471177163461538 0.4539833341346154
12 0.5330211514423077 0.6197774326923077 0.5463675072115385 0.5688515072115384 0.4864716730769231 0.5179255817307692 0.4835419855769231 0.5266061370192308 0.4718232355769231 0.5717450240384616 0.5330211514423077 0.6197774326923077
12 0.5190257355769231 0.6663621875 0.5310700072115385 0.6160149663461538 0.4708486514423077 0.57145478125 0.4581533389423077 0.618908483173077 0.5190257355769231 0.6663621875
12 0.5094243822115385 0.7167111947115384 0.5208176129807692 0.6686787884615384 0.4589686538461538 0.6183315649038461 0.4462733413461538 0.6657852692307693 0.5094243822115385 0.7167111947115384
12 0.4944483894230769 0.7632978365384615 0.5084457860576923 0.7117932067307693 0.44887547355769236 0.6585524663461538 0.4465968269230769 0.6660756129807692 0.43520359855769236 0.7146867235576924 0.4944483894230769 0.7632978365384615
12 0.6422338581730769 0.5106927019230769 0.6546036490384615 0.45860936778846156 0.5891739615384616 0.41636399759615383 0.5784317740384616 0.4638177019230769 0.6422338581730769 0.5106927019230769
12 0.5617998629807692 0.5188724254807693 0.6229724591346154 0.5606657307692308 0.6353422524038461 0.5074249903846154 0.5713912596153846 0.45959939182692305 0.5594958966346154 0.5114759158653845 0.5617998629807692 0.5188724254807693
12 0.60463678125 0.6669445120192308 0.6140768846153846 0.6194908076923077 0.54994928125 0.5743519206730769 0.5398581346153846 0.6218056225961538 0.60463678125 0.6669445120192308
12 0.6165196923076923 0.6218038389423076 0.6288894831730769 0.5691418004807692 0.5634597956730769 0.5268964302884616 0.5536941706730769 0.5731927259615385 0.6165196923076923 0.6218038389423076
12 0.5826636009615385 0.7146884615384616 0.5995906850961539 0.6660773485576923 0.5335099567307693 0.6192023485576923 0.5227677692307693 0.6707069783653845 0.5826636009615385 0.7146884615384616
12 0.5746878197115385 0.770530639423077 0.5857555264423077 0.7167111947115384 0.5261852139423077 0.6715723076923077 0.5213024014423077 0.6721510096153847 0.5102346947115385 0.721919528846154 0.5746878197115385 0.770530639423077
12 0.5549963100961539 0.8165420480769231 0.5654129759615384 0.7575142692307693 0.5038895384615384 0.7175837139423076 0.49347287259615386 0.7679309375 0.5549963100961539 0.8165420480769231
12 0.7338686634615385 0.3229078004807692 0.7241030384615385 0.2661948389423077 0.6589988725961539 0.3072828004807692 0.6700665793269232 0.3651531706730769 0.7338686634615385 0.3229078004807692
12 0.7340307331730769 0.38454062499999997 0.7216609423076924 0.3307211826923077 0.6529760456730769 0.3741239591346154 0.6568822956730769 0.3822258125 0.6686010456730769 0.4291008125 0.7340307331730769 0.38454062499999997
12 0.7333799158653846 0.44732908413461536 0.7206846033653846 0.39466704807692304 0.6546038725961538 0.4369124182692307 0.6659971033653846 0.48783834375 0.7333799158653846 0.44732908413461536
12 0.7107555264423078 0.5257425432692308 0.7006643822115385 0.4707656923076923 0.6345836514423078 0.51185365625 0.6443492764423078 0.5627795817307693 0.7107555264423078 0.5257425432692308
12 0.6992010504807692 0.6009722908653846 0.6917140697115385 0.5431019206730769 0.6253078197115385 0.563356548076923 0.6269354254807692 0.5726158076923077 0.6305161538461538 0.6200695120192308 0.6992010504807692 0.6009722908653846
12 0.7743943822115384 0.5422364927884615 0.7633266754807693 0.49131056730769235 0.6956183413461539 0.5289263076923076 0.7096157379807693 0.5867966778846154 0.7743943822115384 0.5422364927884615
12 0.7908326057692308 0.4736592596153846 0.7787883365384616 0.42389074278846156 0.7127076057692308 0.4672935192307692 0.7241008365384616 0.5170620384615384 0.7908326057692308 0.4736592596153846
12 0.8022249014423076 0.4114494567307692 0.788878548076923 0.3582087139423077 0.721495735576923 0.3964031586538462 0.7367952139423076 0.4519587139423077 0.8022249014423076 0.4114494567307692
12 0.7986481322115384 0.2815331033653846 0.7885569855769231 0.22424143509615385 0.7224762572115384 0.26359328846153846 0.7319163605769231 0.32493587980769234 0.7986481322115384 0.2815331033653846
12 0.8010880240384615 0.34692314903846155 0.7887182331730769 0.29252500240384616 0.7216609423076924 0.33824259375000004 0.7333796923076924 0.39264074278846156 0.8010880240384615 0.34692314903846155
12 0.6765780408653845 0.6814103197115385 0.6782056466346155 0.6223825408653846 0.6088697091346154 0.6206464302884616 0.6082186658653846 0.6715723557692308 0.6765780408653845 0.6814103197115385
12 0.6524883437500001 0.7465135432692308 0.6603008437500001 0.6944302091346154 0.5961732379807693 0.6654950240384616 0.5864076129807693 0.71931446875 0.6524883437500001 0.7465135432692308
12 0.6365377115384615 0.7991755817307692 0.6463033365384615 0.748828358173077 0.5798970865384615 0.7158422475961538 0.5720845865384615 0.7656107668269231 0.6365377115384615 0.7991755817307692
12 0.6214015697115385 0.8463390408653846 0.6292140697115385 0.7948344110576924 0.5670395913461539 0.7624270024038461 0.5579250072115385 0.8150890408653846 0.6214015697115385 0.8463390408653846
12 0.6976154302884615 0.8565294399038461 0.6982664711538462 0.7998164759615385 0.6276284495192308 0.7934507355769231 0.6276284495192308 0.8495849951923078 0.6976154302884615 0.8565294399038461
12 0.7223130288461538 0.7751567980769232 0.7118963629807692 0.7213373533653846 0.6471177163461538 0.7491151322115385 0.6487453197115385 0.757216983173077 0.6559067788461538 0.8017771682692308 0.7223130288461538 0.7751567980769232
12 0.7719525096153846 0.7855770360576924 0.7573040721153846 0.7392807403846154 0.6974082379807692 0.7849983317307692 0.7114056346153846 0.8411325913461538 0.7719525096153846 0.7855770360576924
12 0.8355913653846153 0.7612678100961539 0.8268023028846153 0.7097631802884615 0.7626746995192307 0.7375409591346155 0.7704871995192307 0.7913604014423077 0.8355913653846153 0.7612678100961539
12 0.8580532379807693 0.7181588966346154 0.8639126129807693 0.6643394519230769 0.7962042788461539 0.6406126009615385 0.7913214663461539 0.6996403798076922 0.8580532379807693 0.7181588966346154
12 0.7621879302884615 0.6087855841346154 0.7494926177884615 0.5601744735576923 0.683411889423077 0.6058920649038462 0.6876436586538461 0.6099429903846154 0.697083764423077 0.6585541009615384 0.7621879302884615 0.6087855841346154
12 0.7384267764423077 0.6921172307692308 0.7234528197115384 0.6388764903846155 0.6603017764423077 0.6822792668269231 0.6772288605769231 0.7349413052884616 0.7384267764423077 0.6921172307692308
12 0.8040178245192308 0.6403187860576923 0.7903459495192308 0.5922863774038462 0.7278459495192308 0.6466845264423077 0.7415178245192308 0.6958743413461538 0.8040178245192308 0.6403187860576923
12 0.7916469879807693 0.7123700240384616 0.7766730288461539 0.6631802091346154 0.7141730288461539 0.7123700240384616 0.7297980288461539 0.7656107668269231 0.7916469879807693 0.7123700240384616
12 0.886534798076923 0.6733084182692307 0.893370735576923 0.6200676778846154 0.8292431322115384 0.5928686033653846 0.8204540697115384 0.6542111947115384 0.886534798076923 0.6733084182692307
12 0.8419365769230769 0.6015509447115385 0.8458428269230769 0.5419444615384615 0.7784600144230769 0.5263194615384615 0.7726006394230769 0.5807176105769231 0.8419365769230769 0.6015509447115385
12 0.8551225048076923 0.543682358173077 0.861632920673077 0.4869693966346154 0.7926225048076923 0.4667147668269231 0.7870886490384615 0.5257425432692308 0.8551225048076923 0.543682358173077
12 0.86570053125 0.4921759927884616 0.8728619903846154 0.4325695120192308 0.80320053125 0.4146296971153846 0.7960390721153847 0.47481488221153845 0.86570053125 0.4921759927884616
12 0.871398545673077 0.4340171153846154 0.876281358173077 0.3732532259615385 0.8082475048076923 0.3582069302884615 0.8004350048076923 0.4126050769230769 0.871398545673077 0.4340171153846154
12 0.8762814711538461 0.3723878485576923 0.8818153245192307 0.3156748846153846 0.8085731370192307 0.2954202548076923 0.8043413653846153 0.3498184038461538 0.8762814711538461 0.3723878485576923
12 0.8700956418269231 0.3145139326923077 0.8772570985576924 0.2601157836538462 0.8075956418269231 0.23986115384615386 0.8017362668269231 0.2954167091346154 0.8700956418269231 0.3145139326923077
12 0.9369915721153846 0.34171479086538464 0.9454551129807692 0.284423125 0.8780723004807692 0.253173125 0.8696087596153846 0.31220090144230767 0.9369915721153846 0.34171479086538464
12 0.943498141826923 0.39842951442307695 0.953263766826923 0.3422952548076923 0.8842533509615385 0.31278136778846155 0.8757898100961538 0.3723878485576923 0.943498141826923 0.39842951442307695
12 0.9378039735576924 0.46439821634615386 0.9472440793269231 0.40189821634615386 0.8775826201923077 0.37354173557692305 0.8691190793269231 0.43430562259615385 0.9378039735576924 0.46439821634615386
12 0.9299904278846154 0.5208209350961538 0.9397560528846154 0.46179315625 0.8726987620192308 0.4345940817307692 0.8648862620192308 0.494779266826923 0.9299904278846154 0.5208209350961538
12 0.9236432403846154 0.5668305576923077 0.93113021875 0.51011759375 0.8624453221153847 0.4858120384615384 0.8556093846153847 0.5402101875 0.9236432403846154 0.5668305576923077
12 0.9093203221153847 0.6197810528846154 0.9129010528846154 0.5648042019230769 0.8464948028846154 0.5387625336538462 0.8458437596153847 0.5480217932692308 0.8396588653846154 0.5977903125 0.9093203221153847 0.6197810528846154