12 0.15798965384615385 0.17853914423076922 0.16216406490384616 0.15225964182692306 0.16344850721153847 0.13512084375 0.16295531490384615 0.1267388293269231 0.10114103125 0.09827160336538461 0.09536107451923076 0.15368704326923077 0.15798965384615385 0.17853914423076922
12 0.14256416826923077 0.2348106875 0.14898636057692308 0.1828230096153846 0.08765443990384615 0.15083057692307691 0.08091114423076923 0.20224696874999998 0.14256416826923077 0.2348106875
12 0.1348575360576923 0.28794095432692307 0.14256416826923077 0.23366809615384615 0.08123224759615384 0.20510343509615386 0.07320450961538462 0.2559485408653846 0.1348575360576923 0.28794095432692307
12 0.12843534375 0.3407314519230769 0.13582087259615386 0.28817246874999997 0.0748100576923077 0.25846523798076926 0.06774565625000001 0.30931032451923074 0.12843534375 0.3407314519230769
12 0.12426093509615385 0.3967181850961538 0.13164643990384614 0.3453017932692308 0.06967231009615385 0.31102419951923077 0.06325011778846154 0.3641261754807692 0.12426093509615385 0.3967181850961538
12 0.12040760576923078 0.4513416586538461 0.12715092548076923 0.3993539831730769 0.0664612139423077 0.3662189783653846 0.059396788461538466 0.41820665625000003 0.12040760576923078 0.4513416586538461
12 0.1200865 0.5061858245192308 0.12811423798076924 0.4570545913461539 0.0664612139423077 0.4239195889423077 0.059396788461538466 0.4730507980769231 0.1200865 0.5061858245192308
12 0.11751763942307693 0.5627438413461539 0.12458203846153845 0.5124700841346154 0.06581898076923078 0.4776211610576923 0.05747013701923077 0.5278949615384616 0.11751763942307693 0.5627438413461539
12 0.11205515144230768 0.6164054447115385 0.11815623798076923 0.5832704399038462 0.11944068269230769 0.5649890528846154 0.05971791826923077 0.5324253341346153 0.051365439903846156 0.5815565432692308 0.11205515144230768 0.6164054447115385
12 0.22405536778846152 0.19453535096153846 0.2279086971153846 0.1431189591346154 0.16548030528846153 0.12646767548076923 0.1614390048076923 0.18025301923076925 0.22405536778846152 0.19453535096153846
12 0.2124954278846154 0.24937949278846153 0.21666986298076923 0.19624922596153846 0.15276905528846155 0.18082430288461537 0.14923685576923076 0.2333832860576923 0.2124954278846154 0.24937949278846153
12 0.2050334591346154 0.3041303942307692 0.20960543750000002 0.24995079807692308 0.14661185576923078 0.23495010576923075 0.1424935360576923 0.2876561875 0.2050334591346154 0.3041303942307692
12 0.20021681490384616 0.3558132740384616 0.2037490168269231 0.30382558653846153 0.14139292307692308 0.29061871875 0.1385637644230769 0.34381610336538465 0.20021681490384616 0.3558132740384616
12 0.19532259615384615 0.41130783173076924 0.19885479807692308 0.35817756490384617 0.1369769014423077 0.3420051346153846 0.13342074278846153 0.39588292067307695 0.19532259615384615 0.41130783173076924
12 0.190257125 0.4638668149038461 0.19346822115384615 0.41302171634615387 0.13256088221153847 0.3962463485576923 0.1286040985576923 0.4501557668269231 0.190257125 0.4638668149038461
12 0.1925643028846154 0.5201996682692308 0.19575074278846155 0.49114552403846157 0.1953524423076923 0.4677605 0.13405352884615385 0.4534404639423077 0.1312249951923077 0.5053182692307693 0.1925643028846154 0.5201996682692308
12 0.18858123317307693 0.5733474591346154 0.19176767067307693 0.5194910144230769 0.12963175961538462 0.5074442019230769 0.1264452908653846 0.5591747163461538 0.18858123317307693 0.5733474591346154
12 0.18380152884615386 0.5754734206730769 0.12126731490384615 0.5591747163461538 0.11887747836538462 0.6116138822115385 0.1814116923076923 0.6264952524038462 0.18380152884615386 0.5754734206730769
12 0.28906979326923077 0.20912133653846154 0.2934511658653846 0.15313898557692307 0.23115768990384614 0.13828075 0.22653554807692308 0.19211403365384616 0.28906979326923077 0.20912133653846154
12 0.2826968846153846 0.2658123173076923 0.28667995432692306 0.20912133653846154 0.22454401201923077 0.19565721875000003 0.21936603846153846 0.2473877331730769 0.2826968846153846 0.2658123173076923
12 0.27273920432692306 0.3189600817307693 0.2779171802884615 0.2643950360576923 0.2147246778846154 0.24717020192307693 0.21020496153846152 0.29982689903846155 0.27273920432692306 0.3189600817307693
12 0.26636867548076926 0.3712443125 0.2715466802884615 0.3237656129807692 0.2082134254807692 0.30094150961538463 0.20502698557692306 0.3555065841346154 0.26636867548076926 0.3712443125
12 0.26318223798076923 0.42580938461538465 0.26636867548076926 0.37266159374999996 0.20426730528846154 0.3587154951923077 0.20064799278846154 0.40880208173076926 0.26318223798076923 0.42580938461538465
12 0.2595974663461539 0.48179173798076924 0.26278393509615383 0.4279352908653846 0.19945309134615385 0.4109280144230769 0.19586831971153848 0.4654930600961539 0.2595974663461539 0.48179173798076924
12 0.2588008653846154 0.5349395312499999 0.26198730288461536 0.48108308413461537 0.19829166586538463 0.4693755048076923 0.19547001923076923 0.51793228125 0.2588008653846154 0.5349395312499999
12 0.25641719711538463 0.5887236466346154 0.2611907019230769 0.5370654375 0.19865645913461538 0.5214754663461538 0.19467338701923076 0.571788673076923 0.25641719711538463 0.5887236466346154
12 0.2448663125 0.6404541586538461 0.24805275240384614 0.5880150192307693 0.18472190625 0.5724249951923077 0.18193376923076923 0.6227382283653846 0.2448663125 0.6404541586538461
12 0.30819712740384614 0.6610046490384616 0.31138359615384614 0.6064396322115384 0.24958258173076922 0.5906588774038461 0.24606121634615383 0.6404541586538461 0.30819712740384614 0.6610046490384616
12 0.30819712740384614 0.6588787427884615 0.36555336538461536 0.6709255817307693 0.37312120673076926 0.6213209495192308 0.31178189903846154 0.6071482043269231 0.30819712740384614 0.6588787427884615
12 0.35360725 0.22372896153846153 0.3587852548076923 0.16703799759615384 0.29688973557692305 0.1506746730769231 0.29226793990384614 0.20176121875 0.35360725 0.22372896153846153
12 0.3512174134615385 0.27971131490384615 0.3559970865384615 0.2258548966346154 0.29091409615384617 0.20821787740384617 0.28669166346153846 0.25986947836538465 0.3512174134615385 0.27971131490384615
12 0.3436495697115385 0.33498501442307693 0.34922587740384614 0.28041993990384617 0.28549673076923077 0.26199538461538463 0.28493845432692305 0.2622199639423077 0.27952212259615383 0.3115999903846154 0.3436495697115385 0.33498501442307693
12 0.33409019230769227 0.3874241802884616 0.33886989663461536 0.3342763870192308 0.27597499278846155 0.3135662091346154 0.26956444471153845 0.3661650625 0.33409019230769227 0.3874241802884616
12 0.32652237980769233 0.4412805985576923 0.3309037524038461 0.3888414591346154 0.2685054423076923 0.36933885576923076 0.2631915360576923 0.4228560408653846 0.32652237980769233 0.4412805985576923
12 0.32652237980769233 0.49513701923076925 0.3285139158653846 0.44340653125 0.26797120913461536 0.4235646682692308 0.2623949038461538 0.4767124615384616 0.32652237980769233 0.49513701923076925
12 0.3237345576923077 0.5514127692307692 0.32712136778846157 0.49610185817307695 0.26339222115384614 0.4776773004807692 0.26040371153846154 0.52802771875 0.3237345576923077 0.5514127692307692
12 0.32194339182692305 0.6038147788461539 0.3251298317307692 0.5499583052884616 0.26252980288461536 0.5348862331730769 0.2582142451923077 0.5875160721153846 0.32194339182692305 0.6038147788461539
12 0.4191463149038462 0.24087051442307691 0.42570702884615386 0.1840652548076923 0.3626515120192308 0.16642793509615383 0.35703819711538465 0.22219482932692308 0.4191463149038462 0.24087051442307691
12 0.4121482259615385 0.2968976298076923 0.41739678365384614 0.23931422836538463 0.35718330528846154 0.2228112283653846 0.35266438701923075 0.27666562980769227 0.4121482259615385 0.2968976298076923
12 0.4060248846153846 0.34903403605769234 0.41237275721153843 0.3007090072115385 0.3528087379807693 0.27725027403846153 0.3465410793269231 0.32802380288461536 0.4060248846153846 0.34903403605769234
12 0.3970644230769231 0.4042035240384615 0.4049372932692308 0.3512890360576923 0.34414133413461534 0.3327642043269231 0.3384553677884616 0.3833442331730769 0.3970644230769231 0.4042035240384615
12 0.3905037091346154 0.45804706730769235 0.39662704807692306 0.4074670360576923 0.33476365384615386 0.3851562355769231 0.32883300000000004 0.4354805793269231 0.3905037091346154 0.45804706730769235
12 0.3852551514423077 0.5132960120192307 0.3909410841346154 0.4596033509615385 0.3325763701923077 0.43959527884615385 0.32664609375 0.49539846875 0.3852551514423077 0.5132960120192307
12 0.38088134134615387 0.5685449567307692 0.38612989903846157 0.5148523245192307 0.3292954471153846 0.49695069951923077 0.32489656490384616 0.5514255841346154 0.38088134134615387 0.5685449567307692
12 0.38066812019230767 0.6241592427884615 0.38285502644230773 0.5945893245192307 0.3808813076923077 0.5662105288461539 0.32787384375 0.5492515384615385 0.3205227548076923 0.6020056153846154 0.38066812019230767 0.6241592427884615
12 0.43052955769230766 0.7097561875 0.43490336778846156 0.6560635264423078 0.36973359615384616 0.6350533533653846 0.36448503846153846 0.6895241274038462 0.43052955769230766 0.7097561875
12 0.4843512716346154 0.26652559134615383 0.4898678966346154 0.2138827451923077 0.4277382139423077 0.18525709134615387 0.4176501754807692 0.2370812764423077 0.4843512716346154 0.26652559134615383
12 0.47783160336538466 0.3254141322115384 0.4833482259615384 0.26652559134615383 0.41833324038461533 0.24321959855769232 0.41313656009615385 0.29507758173076926 0.47783160336538466 0.3254141322115384
12 0.47181347596153844 0.38251821634615385 0.4788346490384615 0.3245218942307692 0.4133172548076923 0.29895277884615384 0.40410936778846157 0.3557506826923077 0.47181347596153844 0.38251821634615385
12 0.4612817331730769 0.4351610096153846 0.4688044110576923 0.38251821634615385 0.4051662764423077 0.35914461538461534 0.39758969951923073 0.41196249519230765 0.4612817331730769 0.4351610096153846
12 0.4547620625 0.4878038389423077 0.46078018990384617 0.43694551923076924 0.3976422956730769 0.414877795673077 0.38906401201923074 0.46728206971153846 0.4547620625 0.4878038389423077
12 0.4522545024038462 0.5466923990384616 0.45576507211538464 0.49226509375 0.3913723149038461 0.4683816490384615 0.38505190144230766 0.5243861201923077 0.4522545024038462 0.5466923990384616
12 0.4467378798076923 0.6029042451923077 0.45325751201923076 0.5520459254807693 0.3876103245192307 0.5296881466346154 0.3805382860576923 0.5770289495192308 0.4467378798076923 0.6029042451923077
12 0.4433527692307692 0.6572977331730769 0.44987243749999994 0.6010859206730769 0.3846758918269231 0.5832408990384615 0.37865772596153846 0.6376682379807692 0.4433527692307692 0.6572977331730769
12 0.55874540625 0.31695732451923075 0.6216828076923077 0.2658390625 0.6070886442307692 0.21553222596153845 0.5464315841346153 0.2658390625 0.55874540625 0.31695732451923075
12 0.5833730865384615 0.3940403918269231 0.5938626658653846 0.34048794711538466 0.5332356923076923 0.3002460144230769 0.5208917836538461 0.34941336057692307 0.5833730865384615 0.3940403918269231
12 0.5660425240384616 0.44353586298076925 0.5779002836538462 0.3924176153846154 0.5167003677884615 0.3499153413461539 0.5058415240384615 0.39890881490384617 0.5660425240384616 0.44353586298076925
12 0.5513125144230769 0.4946470144230769 0.5640824350961539 0.44515157451923076 0.5013054110576923 0.3995846682692308 0.49065549038461537 0.44677435096153845 0.5513125144230769 0.4946470144230769
12 0.5412790336538461 0.5457652644230769 0.5513125144230769 0.4938356274038461 0.4910421057692308 0.4522949735576923 0.4797098509615385 0.5035724134615385 0.5412790336538461 0.5457652644230769
12 0.5298773317307692 0.5985063197115384 0.5403669110576923 0.5498222668269231 0.48077880048076926 0.50500528125 0.4703618221153846 0.5517928173076924 0.5298773317307692 0.5985063197115384
12 0.51688078125 0.6483495336538462 0.5287385432692308 0.6004768701923078 0.4685375793269231 0.553415625 0.45713587740384615 0.6029110673076923 0.51688078125 0.6483495336538462
12 0.5063912043269231 0.7019019783653846 0.5196171826923077 0.6540293461538462 0.45968200721153846 0.6063712524038462 0.44801451923076924 0.6532179254807692 0.5063912043269231 0.7019019783653846
12 0.49407737980769234 0.7489632524038462 0.5059351418269231 0.6970335841346155 0.4457341778846154 0.6515951177884615 0.4347885384615384 0.7002791706730769 0.49407737980769234 0.7489632524038462
12 0.65154009375 0.3784167932692308 0.6638539182692308 0.32810994711538466 0.6016577235576923 0.28504111778846153 0.5881466346153846 0.3305441754807692 0.65154009375 0.3784167932692308
12 0.6474354759615385 0.43846046875 0.6588371754807691 0.38571941346153843 0.5965260721153846 0.3428197235576923 0.5840420144230769 0.3938334206730769 0.6474354759615385 0.43846046875
12 0.6398074615384615 0.49688133653846156 0.6525773798076924 0.4417060528846154 0.5879733173076923 0.40465296634615383 0.576414 0.4548812644230769 0.6398074615384615 0.49688133653846156
12 0.6188283413461538 0.5506265913461539 0.6302300408653847 0.49545130769230766 0.5663805192307693 0.44920148317307695 0.5549788173076923 0.5043767355769231 0.6188283413461538 0.5506265913461539
12 0.6133555384615385 0.6066132331730769 0.6265814831730769 0.5579291802884615 0.5623150552884616 0.51412821875 0.5513302596153846 0.5627976033653846 0.6133555384615385 0.6066132331730769
12 0.5996734975961538 0.6544858966346154 0.6110751971153846 0.6066132331730769 0.5492008341346154 0.5627838846153846 0.5367360985576923 0.6114816562500001 0.5996734975961538 0.6544858966346154
12 0.5837111177884615 0.7047927235576924 0.5932885384615385 0.6561086730769231 0.5326655096153846 0.6104258918269231 0.5212297788461538 0.6585428990384615 0.5837111177884615 0.7047927235576924
12 0.5709411995192307 0.7526653870192308 0.5791504375 0.7056041754807693 0.5194055 0.6585428990384615 0.5075477379807692 0.7106251971153846 0.5709411995192307 0.7526653870192308
12 0.5549788173076923 0.8055590408653847 0.5650123004807692 0.7536293749999999 0.5052966971153846 0.7128055264423078 0.4920414182692308 0.75930921875 0.5549788173076923 0.8055590408653847
12 0.6561260120192307 0.2950921033653846 0.6670716153846155 0.3494559206730769 0.7322893557692307 0.3080744903846154 0.7217997788461539 0.25695622596153844 0.6603866346153846 0.2931503966346154 0.6561260120192307 0.2950921033653846
12 0.6675277115384616 0.41599079807692313 0.731833295673077 0.3673067475961539 0.7176951947115384 0.32105689182692304 0.6552138557692307 0.3656839399038461 0.6675277115384616 0.41599079807692313
12 0.7309707115384616 0.437459045673077 0.7187374495192308 0.38502638461538463 0.6550107716346154 0.4241603846153846 0.6631315865384615 0.4819773509615385 0.7309707115384616 0.437459045673077
12 0.6408892596153847 0.5541959254807692 0.7081722932692307 0.5175919783653846 0.6970511274038462 0.46318071875 0.6308802379807692 0.49879538461538464 0.6408892596153847 0.5541959254807692
12 0.6325483870192308 0.6115750649038462 0.6992754110576923 0.58585346875 0.691490545673077 0.5334207307692307 0.6242075144230769 0.5561745240384616 0.6325483870192308 0.6115750649038462
12 0.6770330841346154 0.668954204326923 0.6775890913461539 0.6125643822115385 0.6097500096153846 0.6086071850961539 0.6091939591346154 0.658071966346154 0.6770330841346154 0.668954204326923
12 0.6542447620192308 0.735904735576923 0.6575710048076923 0.6788471610576923 0.5959193725961538 0.6552734158653847 0.5869617283653846 0.7062258677884615 0.6542447620192308 0.735904735576923
12 0.5725042235576923 0.7547013677884615 0.6370069663461538 0.7883374350961538 0.6459038870192307 0.7339261370192307 0.5802890456730769 0.7072151850961539 0.5725042235576923 0.7547013677884615
12 0.6208812692307693 0.8358235793269231 0.6297781923076923 0.7843802379807693 0.5660260769230769 0.7541452980769231 0.5574906274038461 0.8071340673076922 0.6208812692307693 0.8358235793269231
12 0.73406434375 0.30933515865384614 0.7991231778846154 0.26481685576923075 0.7880020144230768 0.21535207451923075 0.7240553221153847 0.25294531971153844 0.73406434375 0.30933515865384614
12 0.8007913269230769 0.33406755048076925 0.7868898725961538 0.2786670096153846 0.7238348725961538 0.31910900721153845 0.7346204350961538 0.3766072548076923 0.8007913269230769 0.33406755048076925
12 0.7312840528846153 0.43893291105769233 0.7996792283653846 0.3914466899038462 0.7874459639423077 0.34198192788461534 0.7218310817307692 0.38650021153846154 0.7312840528846153 0.43893291105769233
12 0.7880020144230768 0.4606973846153846 0.7785489999999999 0.41123260336538464 0.7134069783653847 0.4550578485576923 0.7207189807692308 0.5022478100961538 0.7880020144230768 0.4606973846153846
12 0.707929625 0.5764449831730769 0.771187375 0.5321588774038462 0.7607551538461539 0.48246189663461536 0.6956963629807693 0.5269801995192307 0.707929625 0.5764449831730769
12 0.6972316177884615 0.6488958293269231 0.7611783100961538 0.59646309375 0.7489450480769231 0.5499661899038462 0.6849983557692307 0.6004202524038461 0.6972316177884615 0.6488958293269231
12 0.6755453822115385 0.7221036105769231 0.7400481250000001 0.6746174254807692 0.7244784783653846 0.6291099182692308 0.6647434735576923 0.6799913846153847 0.6755453822115385 0.7221036105769231
12 0.6560833461538462 0.7893757427884616 0.7233663798076923 0.7577183125 0.7144694567307692 0.7052856129807693 0.6487540360576923 0.7405504158653847 0.6560833461538462 0.7893757427884616
12 0.6282804375000001 0.8388405240384615 0.6961195192307692 0.8457655649038462 0.6983437596153846 0.7913543052884615 0.6293925360576923 0.7854185456730769 0.6282804375000001 0.8388405240384615
12 0.7105919278846154 0.8319154855769231 0.7717583293269231 0.7735470288461539 0.753964483173077 0.7270500865384615 0.6944662307692308 0.7814613485576923 0.7105919278846154 0.8319154855769231
12 0.7417311778846154 0.6756067451923078 0.8045657716346154 0.6241634399038462 0.7884400745192307 0.5756878629807692 0.7267176249999999 0.6241634399038462 0.7417311778846154 0.6756067451923078
12 0.7261615745192308 0.7507931971153846 0.7878840264423077 0.6944033389423077 0.775094670673077 0.64691715625 0.7141021730769231 0.7010016610576923 0.7261615745192308 0.7507931971153846
12 0.7617493076923078 0.7230929663461538 0.7678659399038461 0.7745363076923077 0.8340368725961539 0.7478253557692308 0.826252048076923 0.6944033389423077 0.7617493076923078 0.7230929663461538
12 0.8697665913461539 0.3025254423076923 0.8731029326923078 0.24217842307692308 0.8051724471153846 0.2214730216346154 0.7991472163461538 0.28076096875 0.8697665913461539 0.3025254423076923
12 0.8736590240384616 0.35990462019230773 0.8753271730769231 0.3015361610576923 0.8072580264423077 0.2869756442307692 0.8008153653846153 0.33912938701923073 0.8736590240384616 0.35990462019230773
12 0.87143478125 0.41530523557692306 0.8758832235576922 0.36188318028846156 0.805867639423077 0.3438269783653846 0.7980350745192308 0.3965085288461539 0.87143478125 0.41530523557692306
12 0.8636499591346154 0.47862009615384615 0.870878733173077 0.41827303846153846 0.7996109038461537 0.40315011057692307 0.794698735576923 0.45586626682692305 0.8636499591346154 0.47862009615384615
12 0.8503045528846154 0.5300634759615385 0.858089377403846 0.47862009615384615 0.79080634375 0.45784486538461533 0.7838582620192308 0.5156739807692308 0.8503045528846154 0.5300634759615385
12 0.837795889423077 0.5849246370192308 0.8411322307692307 0.5285348173076924 0.7724983798076923 0.5143809783653845 0.7671765144230769 0.5720638389423077 0.837795889423077 0.5849246370192308
12 0.8883971754807691 0.6601111658653847 0.8950698990384616 0.6037212692307692 0.8260282355769231 0.5835912980769231 0.8200020432692308 0.6353787764423077 0.8883971754807691 0.6601111658653847
12 0.8596285216346153 0.7083025576923077 0.8640769615384615 0.654880579326923 0.7996109038461537 0.6317913413461539 0.7912333461538462 0.6885166466346154 0.8596285216346153 0.7083025576923077
12 0.9385887692307692 0.3244558197115385 0.9469296418269231 0.26608736298076924 0.8795580913461538 0.2375397043269231 0.8690814951923076 0.2947769326923077 0.9385887692307692 0.3244558197115385
12 0.9413690600961538 0.3828242403846154 0.9480417836538462 0.32643441826923075 0.8802532836538461 0.3005705288461539 0.8729739278846154 0.3571025697115384 0.9413690600961538 0.3828242403846154
12 0.9380327187499999 0.44514989663461535 0.9452614927884616 0.38777071875 0.8746917403846154 0.36236545673076925 0.8668572524038461 0.4164603076923077 0.9380327187499999 0.44514989663461535
12 0.9324721370192308 0.49956115625 0.9408130096153846 0.4441605769230769 0.8705205841346154 0.42168858894230765 0.8635209134615385 0.4768073269230769 0.9324721370192308 0.49956115625
12 0.9213509735576924 0.5539724158653846 0.9274676057692308 0.5005504375000001 0.8628734615384615 0.47853992067307694 0.8523997475961539 0.5331971850961538 0.9213509735576924 0.5539724158653846
12 0.9046692259615384 0.6103622379807693 0.9146782908653847 0.5549617716346154 0.8468391658653847 0.5282507067307692 0.8401664855769231 0.5836512860576923 0.9046692259615384 0.6103622379807693
12 0.9967113125 0.3867523413461538 1 0.3439106610576923 0.9499138605769232 0.3317856538461538 0.9453704206730769 0.3746273365384616 0.9967113125 0.3867523413461538
12 0.9462790937500001 0.6058107956730769 0.9971656490384616 0.6098524639423076 0.99898303125 0.5694357788461539 0.9480964783653847 0.5645857884615384 0.9462790937500001 0.6058107956730769
12 0.8931228197115384 0.62998065625 0.8840359375000001 0.672002233173077 0.9326507379807693 0.6833306995192309 0.9358311658653846 0.6437223365384616 0.8936220576923077 0.6293248269230769 0.8931228197115384 0.62998065625
12 0.9326507379807693 0.7261606298076924 0.9371941778846153 0.6849355600961539 0.8890337163461539 0.6744272283653847 0.883127264423077 0.7148439447115386 0.9326507379807693 0.7261606298076924
12 0.9917154639423077 0.653410625 0.9948958918269231 0.60976053125 0.943608545673077 0.6030693004807692 0.94128328125 0.6469439014423077 0.9917154639423077 0.653410625
12 0.9503701610576923 0.7221189615384614 0.9994393341346155 0.6873605865384615 0.9908067884615386 0.651793891826923 0.9426463269230769 0.6817022740384615 0.9503701610576923 0.7221189615384614
12 0.94128328125 0.41980211057692307 0.9799025240384616 0.43192711538461537 0.9862633485576923 0.39151044471153845 0.9444637115384615 0.37857710336538464 0.94128328125 0.41980211057692307