11 0.14311126682692307 0.1031520673076923 0.14967835096153845 0.04795549038461539 0.10102221153846153 0.027256774038461537 0.10179416346153847 0.03282200480769231 0.09923118509615383 0.08245337980769231 0.14311126682692307 0.1031520673076923
11 0.2841563533653846 0.19488457451923077 0.2883354014423077 0.13384988701923078 0.22206751442307693 0.12111222596153846 0.2217304158653846 0.12335544711538461 0.21788846875 0.17710490865384615 0.2841563533653846 0.19488457451923077
11 0.21967949519230767 0.17949321875 0.22161977163461538 0.1232351610576923 0.15803841105769229 0.10837454326923077 0.15662624759615384 0.10761470673076924 0.15266533653846154 0.16436723798076924 0.21967949519230767 0.17949321875
11 0.2120676418269231 0.2315053701923077 0.27848477403846156 0.24928506490384614 0.2817683149038462 0.192761625 0.2169929471153846 0.1749819591346154 0.21574083173076924 0.1765961875 0.2120676418269231 0.2307092860576923 0.2120676418269231 0.2315053701923077
11 0.20788857692307694 0.2320361370192308 0.20982885336538462 0.17790100721153845 0.14490423317307694 0.1609174375 0.14308458173076924 0.1613184110576923 0.14147144471153844 0.2185023389423077 0.20788857692307694 0.2320361370192308
11 0.26758937740384614 0.30356915624999997 0.27221618509615386 0.24810720432692307 0.20773932932692307 0.23085827403846154 0.2066945576923077 0.23351196153846152 0.20326176923076922 0.2860548653846154 0.26758937740384614 0.30356915624999997
11 0.13490435096153847 0.27464403125000003 0.19908270432692307 0.2879124375 0.2029632716346154 0.23138901201923076 0.13848639903846155 0.2167937548076923 0.13787624759615386 0.21779989182692308 0.13475510336538463 0.27199034375 0.13490435096153847 0.27464403125000003
11 0.26042528365384615 0.3577042860576923 0.2650520913461538 0.30197694471153846 0.2001274735576923 0.28525875 0.20011583173076924 0.28817026201923074 0.19699318028846152 0.33886314423076924 0.26042528365384615 0.3577042860576923
11 0.2572909903846154 0.41039617788461535 0.2614700528846154 0.3562610480769231 0.19654543509615385 0.33954285576923077 0.19594916586538463 0.34002211298076923 0.19296337980769232 0.3950048076923077 0.2572909903846154 0.41039617788461535
11 0.2537089519230769 0.46733395432692304 0.257888 0.41187200240384614 0.19370963701923077 0.39515379567307696 0.19356038942307693 0.39515379567307696 0.19282416586538462 0.39604063221153846 0.18848581971153847 0.45114649759615383 0.2537089519230769 0.46733395432692304
11 0.25326118990384616 0.52241415625 0.25609697115384616 0.4669522043269231 0.19072459134615385 0.44996864423076927 0.19100124759615383 0.45020729807692306 0.1872918028846154 0.5056959783653846 0.25326118990384616 0.52241415625
11 0.25430594471153845 0.5772289975961539 0.25176867548076926 0.5761675240384615 0.2559477235576923 0.5207055721153846 0.18997833413461537 0.5034566418269231 0.18943874759615384 0.5025221129807692 0.18609778365384616 0.5602454302884615 0.25430594471153845 0.5772289975961539
11 0.1768998581730769 0.5568897908653846 0.1781874326923077 0.5581224951923077 0.17719916586538462 0.5585406322115385 0.1738591201923077 0.6117268725961538 0.2396792596153846 0.630568014423077 0.24206728125000002 0.5756367860576923 0.1768998581730769 0.5568897908653846
11 0.3016188341346154 0.64675546875 0.30475312740384614 0.5902320432692307 0.2404255192307692 0.5748406875 0.2404804158653846 0.5756702620192308 0.23803748076923076 0.630568014423077 0.3016188341346154 0.64675546875
11 0.3147530024038462 0.5931511057692307 0.3198275721153846 0.5363623028846154 0.2553507139423077 0.5188479975961539 0.25454291586538463 0.5196517427884616 0.2502761442307692 0.5769636370192308 0.3147530024038462 0.5931511057692307
11 0.31788731249999996 0.535682576923077 0.3223648557692308 0.48048598798076925 0.25699249278846154 0.46297168269230765 0.2561054158653846 0.4640961875 0.2531119423076923 0.5192297475961538 0.31788731249999996 0.535682576923077
11 0.3192305793269231 0.4823435625 0.3244543966346154 0.42741234615384616 0.2586342572115385 0.4083058365384616 0.25870958173076924 0.40854063221153847 0.2537089519230769 0.46403315624999997 0.3192305793269231 0.4823435625
11 0.45747775721153844 0.42295728365384616 0.46434333653846155 0.36616848076923075 0.39658293749999995 0.3404277668269231 0.3956887475961538 0.3427998918269231 0.38956809134615383 0.39695119471153845 0.45747775721153844 0.42295728365384616
11 0.45538821634615384 0.42071795432692305 0.3885233221153846 0.39710018990384616 0.3828517427884615 0.4520314110576923 0.3832995048076923 0.45282750961538465 0.38404576201923074 0.4554811971153846 0.4494181418269231 0.47777212500000005 0.45538821634615384 0.42071795432692305
11 0.44538834134615385 0.5340301754807693 0.45165693028846154 0.47989506009615385 0.45165693028846154 0.47644527403846154 0.3844935216346154 0.45282750961538465 0.3844908317307692 0.4525221129807692 0.3791204567307692 0.5112085096153847 0.44538834134615385 0.5340301754807693
11 0.38538902884615384 0.4453972019230769 0.3925531370192308 0.3896698798076923 0.32718075961538456 0.3657867403846154 0.3268822548076923 0.3718902139423077 0.32563666586538464 0.3719665576923077 0.32076292307692306 0.42363700961538464 0.38538902884615384 0.4453972019230769
11 0.38180699038461535 0.5008591514423076 0.38673231009615383 0.45070456009615384 0.38538902884615384 0.44937772355769234 0.38538902884615384 0.4427435144230769 0.3250912259615385 0.4231062716346154 0.32449421875 0.42416774759615383 0.3194196490384615 0.4788336009615385 0.38180699038461535 0.5008591514423076
11 0.37688166826923075 0.5522242211538462 0.3827024951923077 0.49782373798076923 0.3222554375 0.47818648317307694 0.32173041586538464 0.4807628533653846 0.3167331153846154 0.5341791658653846 0.37688166826923075 0.5522242211538462
11 0.37538915384615384 0.6079515216346154 0.3777771899038462 0.5501012572115385 0.317330125 0.5323215913461539 0.3175637475961538 0.5340035961538462 0.3135988221153846 0.5893757403846154 0.37538915384615384 0.6079515216346154
11 0.36061320673076924 0.6614395264423076 0.3679265480769231 0.6081005240384616 0.3049422043269231 0.588994014423077 0.3040220817307692 0.5914110024038461 0.30106165384615385 0.6479057572115384 0.36061320673076924 0.6614395264423076
11 0.42359754807692307 0.696998875 0.4291198798076923 0.6402100865384616 0.3631504903846154 0.6221650288461539 0.36285197836538463 0.6218996826923077 0.3631366658653846 0.6247443365384615 0.3577774086538461 0.6763001442307692 0.42359754807692307 0.696998875
11 0.4388212572115385 0.6449866947115385 0.44479133173076923 0.5884632692307693 0.37658317067307695 0.566703076923077 0.37745958173076927 0.5687258173076923 0.3731503653846154 0.6232265048076923 0.4388212572115385 0.6449866947115385
11 0.4412092764423077 0.5895247427884616 0.44732861778846156 0.5332666923076923 0.38135922836538466 0.5107103894230769 0.38032416586538464 0.5117813725961539 0.37538915384615384 0.5661723485576923 0.4412092764423077 0.5895247427884616
11 0.39270238701923077 0.3897862596153846 0.40016497596153844 0.3327321033653846 0.3377776418269231 0.3130948485576923 0.3371806346153846 0.3146870528846154 0.33270307211538463 0.3680260697115385 0.39270238701923077 0.3897862596153846
11 0.4015082596153846 0.33629825480769227 0.40822459134615385 0.27924409134615386 0.34524025 0.25774927644230766 0.3454283317307692 0.25992952163461536 0.3400164302884615 0.31692637500000004 0.4015082596153846 0.33629825480769227
11 0.4076275817307692 0.28083630288461536 0.4144931802884615 0.22218993509615384 0.35210584615384616 0.20414489182692305 0.3508970817307692 0.2057628533653846 0.3446432403846154 0.26013758653846153 0.4076275817307692 0.28083630288461536
11 0.4141946658653846 0.2268175625 0.42031400721153844 0.16551751201923076 0.35494162740384616 0.14588026442307694 0.35350124759615387 0.1469665576923077 0.3497178100961538 0.2024036971153846 0.4141946658653846 0.2268175625
11 0.349270048076923 0.20877253125 0.3541953701923077 0.14906468750000001 0.28777822836538464 0.1299581778846154 0.2878762475961538 0.1302998918269231 0.2825544110576923 0.18913527644230768 0.349270048076923 0.20877253125
11 0.4099724951923077 0.2261226514423077 0.47922541826923076 0.2529248389423077 0.4857925024038462 0.19560531490384614 0.42047326682692304 0.16670249278846153 0.42056938701923074 0.16482260336538462 0.4180321033653846 0.1640264951923077 0.41892761778846155 0.16482260336538462 0.4099724951923077 0.2261226514423077
11 0.4722105721153846 0.30986264423076926 0.4798224278846154 0.25095088701923074 0.4123605240384615 0.22467944230769232 0.41157416586538464 0.22428137259615386 0.4048979254807692 0.28306044230769234 0.4722105721153846 0.30986264423076926
11 0.4665389951923077 0.3686579951923077 0.47325534375 0.3092155216346154 0.40474867067307696 0.2829440625 0.40415166826923077 0.28347480048076923 0.40504717548076924 0.2832094302884615 0.39803232932692306 0.3447748557692308 0.4665389951923077 0.3686579951923077
11 0.5144488918269231 0.6367125 0.5257920504807692 0.5852310721153846 0.4635539639423077 0.5369340408653847 0.4620614350961538 0.54356825 0.4620949975961538 0.5414110024038462 0.45086754086538466 0.5905384182692308 0.5144488918269231 0.6367125
11 0.5268368028846153 0.5878847451923077 0.5386277211538462 0.5356072043269231 0.4744493605769231 0.4865140865384615 0.4743345817307692 0.48724433653846155 0.4626584423076923 0.5390569903846154 0.5268368028846153 0.5878847451923077
11 0.5360904375 0.5330699038461538 0.5472843293269231 0.4807923629807692 0.48504624519230766 0.4343529326923077 0.4844908317307692 0.4344665576923077 0.47295683173076924 0.48795731009615384 0.5360904375 0.5330699038461538
11 0.48549400721153846 0.43700662019230774 0.5477320913461539 0.4823845745192308 0.5599707548076923 0.429576295673077 0.4963894038461539 0.38207539903846155 0.49646999759615384 0.38354063221153845 0.48489699759615384 0.43541440625 0.48549400721153846 0.43700662019230774
11 0.5103560769230769 0.33029014182692307 0.5113137475961538 0.3312258173076923 0.4986281754807692 0.3869684014423077 0.5625080384615384 0.4315502716346154 0.5757914567307693 0.37635366586538466 0.5103560769230769 0.33029014182692307
11 0.5782921586538461 0.3814318870192308 0.5896353173076924 0.32437772355769234 0.5262032139423077 0.28218418028846154 0.5251158317307693 0.28354063221153847 0.5142630456730769 0.3379115072115385 0.5782921586538461 0.3814318870192308
11 0.6190379639423077 0.2504563798076923 0.6041127524038461 0.19579052644230768 0.541426920673077 0.24912952884615386 0.5415761706730768 0.24912952884615386 0.5418746658653846 0.24912952884615386 0.5417824975961538 0.2529850769230769 0.5550088509615384 0.30220316826923077 0.6190379639423077 0.2504563798076923
11 0.6467383774038461 0.3668032163461538 0.6591263028846155 0.3131988389423077 0.5977837235576924 0.2633096153846154 0.5950971923076923 0.2651671971153846 0.5949479423076923 0.26543256490384615 0.5951679158653846 0.26641100240384613 0.5828585288461539 0.31797546153846157 0.6467383774038461 0.3668032163461538
11 0.5888286033653846 0.32422793028846153 0.5880569999999999 0.32514253125000003 0.5765899399038461 0.38245993509615384 0.6421115673076923 0.42651106730769234 0.65390246875 0.3711981033653846 0.5888286033653846 0.32422793028846153
11 0.6477831466346153 0.42559858173076925 0.5824867788461539 0.38338179567307695 0.5830077764423077 0.385527985576923 0.5707691129807693 0.43992846153846155 0.6352459711538461 0.4823873701923077 0.6477831466346153 0.42559858173076925
11 0.5597220288461539 0.43740105288461534 0.5494260817307692 0.4926203533653846 0.6150969567307693 0.5366714735576923 0.6259923533653846 0.48041342307692303 0.5597220288461539 0.43740105288461534
11 0.6109179086538462 0.5957322139423077 0.6221118028846154 0.5423931971153846 0.5585304495192308 0.4975459735576923 0.5576349375 0.5007304038461539 0.54614253125 0.5524771947115384 0.6109179086538462 0.5957322139423077
11 0.5965897067307693 0.6434984807692307 0.6073358533653846 0.5898941033653846 0.5419634759615385 0.5466390961538461 0.5417824975961538 0.5483554471153846 0.5313665841346153 0.599447360576923 0.5965897067307693 0.6434984807692307
11 0.6718127115384616 0.6546439519230769 0.6733052427884616 0.5959975625 0.6055448269230769 0.5906902163461538 0.6053955793269231 0.5906902163461538 0.6053241658653846 0.59418878125 0.6031567908653847 0.6477443798076923 0.6718127115384616 0.6546439519230769
11 0.6936035048076923 0.5745027475961538 0.686737923076923 0.5177139591346154 0.6203207740384615 0.5418624615384615 0.619723764423077 0.5442507716346154 0.6265893629807693 0.5975897884615384 0.6936035048076923 0.5745027475961538
11 0.7037526442307692 0.5028533389423078 0.6934542572115384 0.44765675240384617 0.6271863725961538 0.48268535336538465 0.6256366658653847 0.4844665576923077 0.6361414927884615 0.5381473052884616 0.7037526442307692 0.5028533389423078
11 0.728988860576923 0.29609118028846154 0.7174964543269231 0.23771017548076923 0.6498853028846153 0.2785768725961538 0.6506366658653846 0.28076285336538465 0.6622732139423076 0.337488625 0.728988860576923 0.29609118028846154
11 0.7970477716346154 0.25257079807692306 0.7845106129807693 0.19286294951923078 0.7179442139423077 0.2369140721153846 0.7307798870192308 0.29529507932692306 0.7967492764423076 0.25416300240384615 0.7970477716346154 0.25257079807692306
11 0.9357844711538461 0.30904935096153846 0.9436948389423077 0.24960687019230768 0.8736956514423077 0.22015099999999999 0.8735533317307692 0.22057766826923078 0.8644420168269231 0.2803895889423077 0.9357844711538461 0.30904935096153846
11 0.9377247475961539 0.37061477644230767 0.9462321225961539 0.3093147139423077 0.8750389182692307 0.28145106490384614 0.8751158317307692 0.28307766826923075 0.8680240721153846 0.3446086730769231 0.9377247475961539 0.37061477644230767
11 0.9348889663461539 0.42914475240384614 0.9426500673076923 0.3718252403846154 0.8726508798076923 0.34396157692307694 0.8722512475961538 0.34511470673076927 0.8641435216346154 0.4026079519230769 0.9348889663461539 0.42914475240384614
11 0.8665200144230769 0.40339014903846154 0.860113704326923 0.46034184134615386 0.9295158846153846 0.48661329326923075 0.9368292403846153 0.42849765624999997 0.8665200144230769 0.40339014903846154
11 0.9181727427884615 0.5410137572115384 0.9254860841346153 0.4850210817307692 0.8563824110576923 0.45928036778846154 0.8557854014423077 0.4621994158653846 0.8490690600961539 0.5181921057692308 0.9181727427884615 0.5410137572115384
11 0.9045908125 0.5950325000000001 0.9111578966346153 0.5387744495192307 0.8401139471153846 0.5146259471153847 0.8402631947115384 0.5151566850961539 0.8344423677884615 0.5714147211538462 0.9045908125 0.5950325000000001
11 0.8851880408653846 0.645070733173077 0.8913073798076923 0.5909356033653845 0.8213081923076923 0.5670524687499999 0.8211589447115385 0.5699715192307692 0.8211589447115385 0.5720944615384616 0.8157858701923076 0.6233105264423078 0.8851880408653846 0.645070733173077
11 0.930112891826923 0.7159240408653846 0.9348889663461539 0.67452659375 0.8838447740384615 0.6599313509615385 0.8839940384615385 0.661258173076923 0.8802627355769231 0.7026556201923077 0.930112891826923 0.7159240408653846
11 0.9292173870192308 0.6737304807692308 0.9336949471153846 0.6315369350961538 0.8862328100961538 0.6166763173076923 0.8859343125 0.6172070552884615 0.8799642235576923 0.6591352379807692 0.9292173870192308 0.6737304807692308
11 0.9486201442307693 0.5485930697115384 0.954590235576923 0.5032151129807693 0.9227995504807692 0.49233501201923074 0.9227995504807692 0.49419259134615384 0.9165309639423077 0.5393051850961539 0.9486201442307693 0.5485930697115384
11 0.9369784903846153 0.5899905144230769 0.9438440865384615 0.5443471850961539 0.9104116394230769 0.5377129735576923 0.9089699975961539 0.5386332235576923 0.904441548076923 0.58202946875 0.9369784903846153 0.5899905144230769
11 0.9551872283653846 0.5067812716346154 0.9617543293269232 0.4614033173076923 0.9305606538461538 0.4513193221153846 0.9308449975961538 0.4525221129807692 0.9233965600961539 0.49855486538461535 0.9551872283653846 0.5067812716346154
11 0.9732467331730769 0.4653838269230769 0.9793660576923077 0.4205366081730769 0.9348889663461539 0.4059413581730769 0.9348889663461539 0.4067374639423077 0.9316054230769232 0.4537076322115385 0.9732467331730769 0.4653838269230769
11 0.9993658221153846 0.3256511706730769 0.9447395913461538 0.31742475721153846 0.94026203125 0.36439493028846154 0.9542917235576923 0.3683754543269231 0.9513066778846154 0.3681100793269231 0.9957837692307692 0.37474428125 0.9993658221153846 0.3256511706730769
11 0.9789182956730769 0.42065298076923074 0.9853361322115385 0.37474428125 0.9408590408653846 0.3635988173076923 0.9402199975961539 0.3645591514423077 0.9350382139423077 0.4084460504807692 0.9789182956730769 0.42065298076923074
11 0.8647944375 0.28526927884615383 0.8709137764423077 0.22317310817307692 0.8003175721153847 0.20539344230769233 0.8001683221153846 0.20884322596153845 0.8001158317307693 0.20900359615384617 0.7933027259615385 0.2656320216346154 0.8647944375 0.28526927884615383
11 0.8691227475961539 0.3460386033653846 0.8753913365384616 0.2858000144230769 0.8010638365384615 0.2653666610576923 0.8014179158653847 0.26918878125 0.7970340288461538 0.32693208653846156 0.8691227475961539 0.3460386033653846
11 0.8659884543269231 0.40563005288461534 0.8716600336538461 0.34486074038461534 0.8003175721153847 0.32548886298076923 0.7993345817307692 0.32705915144230774 0.7937504879807692 0.3867889110576923 0.8659884543269231 0.40563005288461534
11 0.8664362163461538 0.40259463221153846 0.7946460000000001 0.38454960336538463 0.79479525 0.3890608485576923 0.7948617163461538 0.3891790336538462 0.7900191826923078 0.446911125 0.8606153894230769 0.46309858173076923 0.8664362163461538 0.40259463221153846
11 0.8507647451923077 0.5176480480769231 0.8567348221153845 0.4590016778846154 0.785392375 0.4430795841346154 0.7844908317307693 0.4455776682692308 0.7806163100961538 0.5030528028846154 0.8507647451923077 0.5176480480769231
11 0.8335141370192307 0.5715168701923077 0.8385887067307691 0.5152588052884616 0.7690372788461539 0.49668302403846154 0.7683449975961539 0.49928137259615385 0.7636642139423077 0.5545333004807692 0.8335141370192307 0.5715168701923077
11 0.768738766826923 0.5197700649038461 0.7578433870192308 0.46669642067307693 0.6917247403846154 0.50888996875 0.6912616658653847 0.5122443365384616 0.7033663966346153 0.5648826586538461 0.768738766826923 0.5197700649038461
11 0.7569478653846153 0.5833420528846154 0.7427689254807692 0.5342489350961539 0.6802323365384615 0.5828113149038462 0.6795429158653847 0.5840035961538461 0.6939635216346154 0.6342927427884616 0.7569478653846153 0.5833420528846154
11 0.8009772115384616 0.6085520288461539 0.7857535024038461 0.5581320745192307 0.7224706466346155 0.6125325528846154 0.7230324975961538 0.6140961875 0.7372465961538462 0.6640139807692308 0.8009772115384616 0.6085520288461539
11 0.8338126490384615 0.7347509158653847 0.8247082788461538 0.6816772740384616 0.7572463774038461 0.7106024134615385 0.7576941225961539 0.7132561009615385 0.7581887475961538 0.7136332235576923 0.7654552235576924 0.7639414158653846 0.8338126490384615 0.7347509158653847
11 0.85584 0.6944951081730769 0.8622578365384614 0.6377063197115385 0.7919601370192308 0.6162114903846153 0.7917824975961539 0.6196517427884616 0.7865870697115385 0.6716734423076923 0.85584 0.6944951081730769
11 0.7850945552884615 0.6860033245192307 0.770318608173077 0.6339911586538461 0.7091252764423076 0.6860033245192307 0.7092304158653846 0.6890961875 0.7236027283653846 0.7374847524038461 0.7850945552884615 0.6860033245192307
11 0.7180845120192308 0.7452759182692308 0.7095771514423077 0.6908754278846154 0.6427122572115385 0.7227196153846154 0.6428241658653846 0.7242813725961538 0.6518166274038462 0.7771200913461538 0.7180845120192308 0.7452759182692308
11 0.7362932668269231 0.663277125 0.7227113197115386 0.6109995985576924 0.6592792331730769 0.6598273461538462 0.6589699975961539 0.6613184110576923 0.6722641538461538 0.7115741586538462 0.7362932668269231 0.663277125
11 0.6480853245192308 0.7232503389423077 0.6555479302884616 0.6675230240384615 0.5886830288461539 0.6401900985576923 0.5886574975961538 0.6418739663461538 0.5822651923076922 0.6943252139423077 0.6480853245192308 0.7232503389423077
11 0.6915176610576924 0.8335271442307692 0.6933086899038461 0.7783305552884615 0.6255482740384615 0.7711656081730769 0.6243345817307693 0.7733554471153846 0.6242050072115385 0.8271582956730769 0.6915176610576924 0.8335271442307692
11 0.7668899326923077 0.7616123629807692 0.7512184615384616 0.7122538701923078 0.6903236442307693 0.766388985576923 0.6902199975961539 0.7677998918269231 0.7067413701923078 0.8176050528846154 0.7668899326923077 0.7616123629807692
11 0.5787962451923077 0.6946363798076922 0.5905871634615385 0.6373168533653846 0.5264088028846154 0.5969808798076923 0.5245949975961538 0.5974295216346154 0.5141701322115385 0.6487276875 0.5787962451923077 0.6946363798076922
11 0.6331239807692307 0.7737161105769231 0.641183579326923 0.7209078317307692 0.6414820913461539 0.7209078317307692 0.5746171971153846 0.6901251177884615 0.5743345817307692 0.6914110024038462 0.5674531033653847 0.7439948725961538 0.6331239807692307 0.7737161105769231
11 0.5650650673076923 0.7418719374999999 0.5759604639423077 0.6890636586538462 0.5128268653846153 0.6444817884615385 0.5136574975961539 0.6451147067307693 0.5025284783653846 0.6975554278846154 0.5650650673076923 0.7418719374999999
11 0.6162585072115385 0.8232235913461537 0.6244673557692307 0.7698845745192308 0.5605875072115385 0.7391018629807693 0.5592304158653846 0.7400221129807693 0.5505876153846153 0.794033076923077 0.6162585072115385 0.8232235913461537
11 0.5476025865384615 0.7932369783653846 0.5590949927884615 0.7393672379807692 0.4982001658653846 0.6969083173076923 0.49655839423076925 0.6987658990384615 0.48596150240384617 0.7483897451923076 0.5476025865384615 0.7932369783653846
11 0.5033026346153846 0.6890098653846154 0.5158646850961538 0.6350516634615384 0.45442260817307695 0.5897179326923078 0.45404947596153844 0.5912659182692308 0.45342759374999997 0.5919293341346153 0.44210931971153844 0.64212815625 0.5033026346153846 0.6890098653846154
11 0.4889993269230769 0.7367761490384616 0.5009394831730769 0.6839236514423077 0.4396217884615385 0.6357150865384615 0.44086555048076925 0.6377053509615384 0.4283035072115385 0.6870196177884615 0.4889993269230769 0.7367761490384616
11 0.7294273533653846 0.3561729471153846 0.715994670673077 0.3004456225961538 0.6491629543269231 0.34703249278846154 0.6494342572115385 0.35002456971153845 0.6612689495192308 0.4036443701923077 0.7294273533653846 0.3561729471153846
11 0.7974199447115384 0.3157780048076923 0.7844847548076923 0.26034554086538464 0.7163263509615384 0.30634269711538464 0.7162745360576923 0.3088723076923077 0.7314173846153846 0.3647236923076923 0.7974199447115384 0.3157780048076923
11 0.7151996370192308 0.3690265625 0.7154064807692309 0.3700862980769231 0.7284323485576922 0.42546352884615385 0.7952640817307692 0.3818251995192308 0.7843189254807693 0.32757215384615385 0.7151996370192308 0.3690265625
11 0.7868064663461538 0.4489225072115385 0.774534639423077 0.39496430769230767 0.7058787067307691 0.43624380288461534 0.7058578677884615 0.4395307427884615 0.7183163822115385 0.4934453894230769 0.7868064663461538 0.4489225072115385
11 0.7287640120192307 0.4238599615384615 0.7154971778846153 0.3663635144230769 0.6483337716346154 0.4088224182692307 0.647408795673077 0.4102097548076923 0.6589472475961539 0.46396004326923074 0.7287640120192307 0.4238599615384615
11 0.7547491850961539 0.06295829326923078 0.7553088870192308 0.006899252403846154 0.6965408966346154 0.00391386298076923 0.6951317692307692 0.006624865384615384 0.6941155528846153 0.05831434134615385 0.7547491850961539 0.06295829326923078
11 0.8137037163461538 0.059309480769230774 0.8159425 0.004577286057692307 0.7562417091346153 0.0049089879807692315 0.7540029254807692 0.0062358317307692306 0.7538163629807693 0.06196315144230769 0.8137037163461538 0.059309480769230774
11 0.8448600745192307 0.11603192548076922 0.8590390024038462 0.012870048076923076 0.8297483076923077 0.0019235985576923076 0.8282557836538461 0.0035821610576923075 0.8161290625 0.10475377403846155 0.8448600745192307 0.11603192548076922
11 0.7523238413461539 0.11437337980769231 0.754189485576923 0.05964118509615384 0.6963543365384616 0.05566067067307692 0.6951317692307692 0.058708197115384615 0.6943021322115384 0.11072456971153846 0.7523238413461539 0.11437337980769231
11 0.8146365384615385 0.11370995913461537 0.8159425 0.05632409375 0.7562417091346153 0.05632409375 0.7550276009615384 0.059286901442307686 0.754189485576923 0.11205141346153846 0.8146365384615385 0.11370995913461537
11 0.6946752524038462 0.05964118509615384 0.6969140360576923 0.005572399038461539 0.6385191875 0.0029187403846153846 0.6375863653846154 0.004577286057692307 0.6366535336538461 0.05499725 0.6946752524038462 0.05964118509615384
11 0.6376470072115384 0.05120701923076923 0.6381656225961538 0.0540785673076923 0.6360938413461539 0.1075936971153846 0.6954215144230769 0.11124251682692309 0.6969140360576923 0.05518348557692308 0.6376470072115384 0.05120701923076923
11 0.7610923966346154 0.18388705528846155 0.7620252187500001 0.12948657932692306 0.7068019759615385 0.1255060576923077 0.7048973942307692 0.1293100504807692 0.7025109879807693 0.17625771394230771 0.7610923966346154 0.18388705528846155
11 0.8157559399038461 0.17061865625 0.8166887620192308 0.11820842788461539 0.7582939134615384 0.11820842788461539 0.7602359350961538 0.1200507908653846 0.7594133149038461 0.1692918125 0.8157559399038461 0.17061865625
11 0.6941155528846153 0.17559431009615387 0.697660298076923 0.12119381730769231 0.6388923173076922 0.11256935096153847 0.6388166634615384 0.11310634615384615 0.63590728125 0.1699552355769231 0.6941155528846153 0.17559431009615387
11 0.8736276081730769 0.1683905360576923 0.8740346490384615 0.11652311298076924 0.8160977403846155 0.11652311298076924 0.8171033750000001 0.11876553125 0.816504795673077 0.17007925240384614 0.8736276081730769 0.1683905360576923
11 0.6250748389423078 0.16542770432692308 0.6268658485576922 0.10492375480769231 0.5674635625 0.10280083413461538 0.5674191634615384 0.10597015384615385 0.5659710456730769 0.16118183413461537 0.6250748389423078 0.16542770432692308
11 0.5340311153846155 0.14791343990384614 0.535822125 0.09324753125 0.4779123533653846 0.08581726442307692 0.47731499759615387 0.08837756009615384 0.4761213413461538 0.14101384134615386 0.5340311153846155 0.14791343990384614
11 0.5805977307692308 0.10333155528846152 0.5823887427884615 0.04707350480769231 0.5256729879807692 0.04017393269230769 0.5247108293269231 0.04208126442307692 0.5241804711538461 0.09696270673076923 0.5805977307692308 0.10333155528846152
11 0.6379105096153845 0.10704670432692308 0.6397015216346154 0.053442326923076926 0.5814932524038462 0.04813498076923077 0.5804399975961538 0.04393311538461538 0.5785081899038461 0.10067788221153846 0.6379105096153845 0.10704670432692308
11 0.52447896875 0.09324753125 0.5265685096153846 0.039643182692307696 0.4698527548076923 0.033274360576923075 0.46806172596153844 0.03645875721153846 0.4689572331730769 0.0884709375 0.52447896875 0.09324753125
11 0.638806 0.05397307692307692 0.6405970432692307 0.00036868509615384617 0.5835827596153846 0.000899423076923077 0.5820024975961539 0.0013405240384615385 0.5811947235576923 0.050788653846153844 0.638806 0.05397307692307692
11 0.3443427475961538 0.2650228125 0.34981531009615385 0.21076975721153846 0.34981531009615385 0.20870577884615382 0.28381276923076926 0.18777117788461536 0.2831148125 0.1885019375 0.27817435817307695 0.24438305528846155 0.3443427475961538 0.2650228125
11 0.3375434831730769 0.3186861658653846 0.34367940625 0.26236913221153846 0.27585266346153847 0.2429087932692308 0.27617036778846155 0.24611510576923076 0.27154093990384615 0.2980464254807692 0.3375434831730769 0.3186861658653846
11 0.3277591802884615 0.37280990865384617 0.33290009615384614 0.3188517091346154 0.2678925432692308 0.2967376899038462 0.26662175721153847 0.29909864423076926 0.26192246874999997 0.3518753052884615 0.3277591802884615 0.37280990865384617
11 0.4612401201923077 0.1117077860576923 0.46422512499999996 0.05399021875 0.42131520432692304 0.03806813221153846 0.4176072884615385 0.04218491346153846 0.4134794711538462 0.09976626682692308 0.4612401201923077 0.1117077860576923
11 0.41534511298076926 0.10241991826923078 0.42094204567307697 0.04337550721153846 0.3787783653846154 0.03541444471153846 0.37398749519230773 0.03639787740384615 0.3705695096153846 0.09379545192307694 0.41534511298076926 0.10241991826923078
11 0.32952519230769234 0.09512229567307692 0.33362963942307694 0.039394975961538466 0.2843764663461539 0.026789980769230767 0.28609687019230773 0.03176824759615385 0.28512274759615386 0.08583439182692308 0.32952519230769234 0.09512229567307692
11 0.3750470769230769 0.10507360576923076 0.3750470769230769 0.048682843749999996 0.3325102379807693 0.03607784855769231 0.33101874519230773 0.03755528365384615 0.32728642788461537 0.09644913942307692 0.3750470769230769 0.10507360576923076
11 0.28251082451923076 0.08251730048076923 0.2832571057692308 0.02280941346153846 0.2373620985576923 0.016175266826923076 0.23586957692307695 0.02015576201923077 0.2351233341346154 0.0725660264423077 0.28251082451923076 0.08251730048076923
11 0.24109338701923078 0.11834203846153847 0.23810837980769228 0.05730731009615385 0.1918402331730769 0.05399021875 0.19109397115384616 0.05664390625 0.19109397115384616 0.11237122596153845 0.24109338701923078 0.11834203846153847
11 0.19295963461538462 0.1117077860576923 0.19295963461538462 0.05465362259615385 0.14967655288461537 0.0413852235576923 0.14807603846153847 0.04565713701923077 0.14258707932692308 0.09976626682692308 0.19295963461538462 0.1117077860576923
11 0.1937058966346154 0.34295060096153845 0.20004910817307692 0.28788672115384617 0.13139318028846153 0.26732066346153843 0.13114895432692308 0.2725089879807692 0.1284081346153846 0.3250382668269231 0.1937058966346154 0.34295060096153845
11 0.18848206730769232 0.40037723557692306 0.19519841826923076 0.3419962644230769 0.1295275360576923 0.32607414182692307 0.12724270432692308 0.3292219495192308 0.12355744471153847 0.38445514903846156 0.18848206730769232 0.40037723557692306
11 0.15220971153846155 0.16391388942307691 0.15645765625000002 0.1067576610576923 0.09262372115384615 0.0814456201923077 0.0921644903846154 0.08164975 0.08619440384615386 0.1355399110576923 0.15220971153846155 0.16391388942307691
11 0.13521794951923077 0.21934756971153846 0.14291017307692308 0.16219133173076922 0.07769852403846154 0.1297347644230769 0.07804294951923077 0.1327967067307692 0.07781345913461538 0.13335034375 0.07080996875 0.18677637980769232 0.13521794951923077 0.21934756971153846
11 0.1286738269230769 0.2713110384615385 0.1355623798076923 0.21803327403846154 0.07172844471153847 0.18659734374999998 0.07241730288461538 0.18904689423076923 0.0663324110576923 0.23905858413461537 0.1286738269230769 0.2713110384615385
11 0.18263416105769228 0.5599106370192307 0.1857340072115385 0.5033668028846153 0.12281855288461538 0.49071078125 0.1218839735576923 0.4912563269230769 0.11845580048076923 0.5456215841346154 0.18263416105769228 0.5599106370192307
11 0.1872265264423077 0.5065182740384615 0.1904411923076923 0.4497702956730769 0.12591839903846153 0.43670601442307694 0.12557396875 0.43793079086538456 0.12327779086538461 0.4912085576923077 0.1872265264423077 0.5065182740384615
11 0.18481553125 0.45108459375000004 0.18757095913461536 0.3949490096153846 0.12350740384615386 0.38025169471153847 0.12328621634615386 0.3805013413461538 0.12052236538461539 0.43720379086538463 0.18481553125 0.45108459375000004
11 0.11297458653846154 0.5429744639423076 0.11328939182692307 0.5452133245192308 0.11286955048076923 0.5453873798076923 0.11064877163461538 0.6007365120192307 0.17459751923076924 0.6150255745192308 0.1774677403846154 0.5572569543269231 0.11297458653846154 0.5429744639423076
11 0.10544167307692308 0.6030950168269231 0.11324870192307693 0.5514502788461538 0.049873997596153845 0.5155235096153846 0.05036955048076923 0.5172534783653846 0.04321506971153846 0.5679847620192308 0.10544167307692308 0.6030950168269231
11 0.11187098798076923 0.5490902620192307 0.1202520625 0.4954042235576923 0.056188509615384616 0.46172287259615385 0.0553775625 0.4631224230769231 0.04815186538461538 0.5154088990384615 0.11187098798076923 0.5490902620192307
11 0.11290427163461537 0.4936565793269231 0.12128534615384615 0.4399705552884615 0.058140266826923075 0.40690158173076924 0.05756622115384616 0.40873875961538464 0.049873997596153845 0.4585463245192308 0.11290427163461537 0.4936565793269231
11 0.11416716586538461 0.43740637980769226 0.1216297764423077 0.38188320192307695 0.05768102884615385 0.34881423557692304 0.05657948557692308 0.34916231009615384 0.04964438461538461 0.40168375240384613 0.11416716586538461 0.43740637980769226
11 0.11887434855769231 0.3850346514423077 0.12633694951923077 0.3274701754807693 0.060666067307692306 0.29419708413461537 0.06055126201923077 0.29521772596153845 0.06038557451923077 0.2968118822115385 0.05377751442307692 0.3495161466346154 0.11887434855769231 0.3850346514423077
11 0.12151495673076923 0.3283762019230769 0.13035526923076923 0.2720365048076923 0.06709538461538461 0.2399881923076923 0.06639518990384616 0.24125632692307694 0.058943935096153845 0.2953072548076923 0.12151495673076923 0.3283762019230769
11 0.994449639423077 0.5997000769230769 0.9965818269230768 0.5549665576923076 0.9428510985576923 0.5496592043269231 0.9439898798076923 0.5518834423076924 0.942424673076923 0.5955299879807693 0.994449639423077 0.5997000769230769
11 0.9889059951923076 0.6406425961538461 0.9918910528846154 0.5943927019230769 0.937947110576923 0.5921181129807692 0.9391535697115384 0.594872860576923 0.9375206634615385 0.6395052908653847 0.9889059951923076 0.6406425961538461
11 0.9961553798076923 0.6821770625 0.9891192307692307 0.6378226514423078 0.9387999807692308 0.6692877259615385 0.9398976177884616 0.6722538124999999 0.9481815312499999 0.7125048317307693 0.9961553798076923 0.6821770625
11 0.988027173076923 0.1297157043269231 0.9999673557692308 0.0700078533653846 0.9533261057692308 0.04546130048076923 0.9507141826923077 0.049441795673076924 0.9391471610576924 0.10516911778846152 0.988027173076923 0.1297157043269231