12 0.16113553365384614 0.1615428485576923 0.16704779567307693 0.10900542307692307 0.10330633413461537 0.07879641826923077 0.09823357451923077 0.13126560817307692 0.16113553365384614 0.1615428485576923
12 0.22771417788461537 0.17767841346153845 0.23160972115384615 0.1258556466346154 0.16688372596153847 0.10863454326923076 0.1635119158653846 0.16380586057692306 0.22771417788461537 0.17767841346153845
12 0.23091464663461536 0.17767841346153845 0.2909376129807692 0.1936311033653846 0.29425728125 0.18629619951923077 0.29659 0.14260562019230769 0.29300118990384616 0.13335724519230768 0.23281724278846155 0.12357882692307692 0.22840248076923078 0.1722569519230769 0.23091464663461536 0.17767841346153845
12 0.29473772355769234 0.18818542548076925 0.3540885552884615 0.20874746875 0.3582956923076923 0.20527594711538463 0.36250284375 0.15266917548076922 0.29698644230769233 0.13264121394230768 0.29407853125 0.18130542548076922 0.29473772355769234 0.18818542548076925
12 0.35960170673076924 0.20324275240384615 0.4207736129807692 0.22591142307692308 0.4286695625 0.1727094375 0.4259797331730769 0.16715792548076921 0.3665431971153846 0.14618555048076923 0.36289891346153846 0.1489613076923077 0.35900231730769233 0.1972853918269231 0.35960170673076924 0.20324275240384615
12 0.4225653293269231 0.22817558894230772 0.48443138942307695 0.2528489783653846 0.4871212139423077 0.2500732235576923 0.49276118028846155 0.2062779567307692 0.49093903846153847 0.19548335096153846 0.4289862067307692 0.16803421153846154 0.4204562908653846 0.2241353389423077 0.4225653293269231 0.22817558894230772
12 0.08338151923076922 0.18425550000000002 0.14254624759615384 0.21524874759615387 0.14583317548076924 0.2131392548076923 0.15185921153846155 0.17094950240384615 0.15048965865384617 0.16072659855769228 0.08867712740384616 0.13151830048076923 0.08211099999999999 0.18031742548076923 0.08338151923076922 0.18425550000000002
12 0.15456717067307693 0.21696520673076922 0.21373189423076924 0.23254296394230767 0.216471 0.22588996153846155 0.21930142307692307 0.18094164423076925 0.21683622596153845 0.17623586057692306 0.1571236730769231 0.16146944471153846 0.1540380456730769 0.16546011298076924 0.15091503365384615 0.21242168990384616 0.15456717067307693 0.21696520673076922
12 0.2875777692307692 0.2422790625 0.29022557932692306 0.19814208173076922 0.2873951730769231 0.19213815625 0.2280478389423077 0.1765604014423077 0.22473143028846154 0.18066060096153846 0.22110876201923077 0.22588996153846155 0.22476090865384618 0.23156935336538462 0.2835604230769231 0.24909433173076925 0.2875777692307692 0.2422790625
12 0.2880502091346154 0.2382223485576923 0.2937110264423077 0.24536216586538462 0.3519262403846154 0.26460488221153844 0.3551218557692308 0.2576273389423077 0.35813487499999996 0.21397716346153844 0.3556696778846154 0.20878457692307692 0.29391902403846154 0.18908567307692306 0.29115452403846154 0.19635712740384617 0.2880502091346154 0.2382223485576923
12 0.4147206850961539 0.28190421875 0.4229380072115384 0.22689525721153844 0.3608515745192308 0.20352862259615384 0.3586602884615384 0.20839667067307693 0.3554337740384615 0.25679604567307696 0.4147206850961539 0.28190421875
12 0.41606259134615386 0.28433824278846154 0.4780577283653846 0.3094898245192308 0.4800664014423077 0.3093275528846154 0.48737069471153843 0.2616206706730769 0.48618375240384615 0.2538317932692308 0.4223625384615385 0.22543484375 0.4147564615384616 0.2801780432692308 0.41606259134615386 0.28433824278846154
12 0.07645740384615385 0.2382440144230769 0.134940375 0.2701494927884615 0.13915225 0.2662226682692308 0.14550459615384617 0.2237638389423077 0.14329508173076924 0.21652375000000001 0.08612400721153847 0.1863362596153846 0.08253355769230769 0.1867044014423077 0.07535717067307693 0.2345366346153846 0.07645740384615385 0.2382440144230769
12 0.14521454086538463 0.2702276682692308 0.20500941346153848 0.2871621129807692 0.20873796153846153 0.28225358653846155 0.2124665096153846 0.23844490865384615 0.2102569951923077 0.2316956730769231 0.15129068990384614 0.21684735336538463 0.14811452403846154 0.21598836057692308 0.14456696875 0.26658588221153845 0.14521454086538463 0.2702276682692308
12 0.21345848076923077 0.28428815384615386 0.2767093125 0.3037111394230769 0.28119737019230767 0.24906287980769232 0.21725057451923077 0.2300423125 0.2120154375 0.2789266826923077 0.21345848076923077 0.28428815384615386
12 0.28359971634615383 0.29791539423076924 0.3451207644230769 0.31939022596153843 0.35112787019230773 0.26576448798076924 0.2880187379807692 0.24379879326923076 0.2858875697115385 0.24724581971153844 0.2809068774038461 0.29263871634615385 0.28359971634615383 0.29791539423076924
12 0.3485952908653846 0.30707532211538463 0.35094288942307694 0.31370184375 0.4071940456730769 0.33389412740384616 0.41499638221153845 0.28358164423076926 0.3557190096153846 0.25903404807692304 0.35246193028846157 0.2651073509615384 0.3485952908653846 0.30707532211538463
12 0.4087946826923077 0.3407239615384615 0.4699014495192308 0.3675981899038462 0.4742514230769231 0.36330322596153847 0.48039662740384614 0.3216227860576923 0.47894663461538467 0.3114375817307692 0.4154797091346154 0.28603591346153845 0.40814439423076926 0.33418400721153846 0.4087946826923077 0.3407239615384615
12 0.39950398317307695 0.39726263461538464 0.46192264663461535 0.4220507379807692 0.4655821514423077 0.41800119711538464 0.47086305048076926 0.3738127620192308 0.47086305048076926 0.36829065865384614 0.40782295673076924 0.34043472355769233 0.4031967980769231 0.3436252716346154 0.3985088990384615 0.39054647596153846 0.39950398317307695 0.39726263461538464
12 0.4523228149038462 0.4757089110576923 0.4568799302884615 0.4733773533653846 0.46288703605769227 0.430968875 0.4615060889423077 0.42311521634615384 0.3982588581730769 0.3968545576923077 0.3910491610576923 0.44930342788461536 0.4523228149038462 0.4757089110576923
12 0.13082846394230768 0.3238799951923077 0.133532 0.3198573389423077 0.13950494471153846 0.2791675120192308 0.13805886057692307 0.2724630865384615 0.07757498557692308 0.2400583557692308 0.06989779326923076 0.29046960817307693 0.13082846394230768 0.3238799951923077
12 0.06456198798076923 0.3401867884615385 0.06673708894230769 0.3470777860576923 0.12272237500000001 0.3783393701923077 0.12707258653846154 0.3764905721153846 0.13425987980769233 0.3335364639423077 0.1313282235576923 0.32530088942307694 0.07249398557692308 0.29480706971153847 0.06456198798076923 0.3401867884615385
12 0.06578255288461539 0.4044254951923077 0.12044385817307691 0.4331659831730769 0.12347008653846155 0.4291322307692308 0.1297116875 0.3887947019230769 0.12583434134615384 0.37904646875000003 0.06871420913461539 0.3509782692307692 0.060675786057692305 0.3966941370192308 0.06578255288461539 0.4044254951923077
12 0.11874712980769231 0.4894203942307692 0.1235701875 0.48639507932692305 0.12981178846153846 0.44656176923076923 0.12839324278846154 0.4374858269230769 0.06871973557692307 0.40588810096153843 0.061066389423076926 0.45216144471153846 0.11874712980769231 0.4894203942307692
12 0.05945190384615385 0.5099647572115384 0.117044875 0.5439155072115385 0.1203548125 0.5418986298076923 0.12754211538461538 0.4993662091346154 0.1259344326923077 0.4931475096153846 0.07269166586538461 0.46070940865384613 0.06578807692307692 0.46255821634615385 0.058937814903846156 0.5038778822115385 0.05945190384615385 0.5099647572115384
12 0.05434513942307692 0.5645400961538461 0.1135457908653846 0.5976504783653847 0.11562632932692307 0.5939528822115384 0.1222462139423077 0.5547918557692307 0.11950368509615385 0.5462201298076923 0.06569350721153847 0.51563084375 0.06077587740384616 0.51663928125 0.05397114663461538 0.559126173076923 0.05434513942307692 0.5645400961538461
12 0.14152645432692307 0.32517005528846155 0.20097288221153847 0.3408036923076923 0.20449151442307695 0.33652501682692304 0.2073619831730769 0.2960421009615385 0.20569526201923077 0.2876493028846154 0.1461562355769231 0.26971175721153845 0.14235981490384614 0.2746486971153846 0.14010058173076922 0.3204533918269231 0.14152645432692307 0.32517005528846155
12 0.26479999759615386 0.3562246274038462 0.2691814326923077 0.3547478149038461 0.2731851418269231 0.3162163605769231 0.27258081490384617 0.3025222596153846 0.21358263221153845 0.28412919951923077 0.20874795913461539 0.2869485745192308 0.20520653365384614 0.33478569471153846 0.26479999759615386 0.3562246274038462
12 0.2730490625 0.35048896153846154 0.3330346778846154 0.372240375 0.3370387524038462 0.36660112019230773 0.34058954326923074 0.3189359879807692 0.27743088221153844 0.2974531105769231 0.27188248798076925 0.34670633173076926 0.2730490625 0.35048896153846154
12 0.3424992115384615 0.36835269711538465 0.39893403846153846 0.3891642307692308 0.4036180576923077 0.34472153125 0.40807543269230767 0.34096202884615384 0.4082265216346154 0.3362626490384616 0.34657297596153847 0.31316855769230767 0.34092061298076926 0.36222447836538463 0.3424992115384615 0.36835269711538465
12 0.1382517548076923 0.3799079495192308 0.1955990264423077 0.39440889182692307 0.19967865384615385 0.38769549759615385 0.20209621394230767 0.34728083173076923 0.19967865384615385 0.3407017019230769 0.13800067307692307 0.3259482884615385 0.13470096394230768 0.37534284855769234 0.1382517548076923 0.3799079495192308
12 0.2035932139423077 0.39160144711538464 0.26304998798076923 0.40972762500000004 0.26569419471153843 0.40811640865384613 0.2688672379807692 0.36676187499999996 0.26803619951923074 0.3569603076923077 0.20865497355769233 0.3395054735576923 0.20570857692307692 0.3427279038461538 0.20284436298076924 0.38701320913461534 0.2035932139423077 0.39160144711538464
12 0.26858277884615384 0.40651101923076927 0.32494206249999996 0.4266512163461539 0.3293994375 0.4238315889423077 0.33347906250000003 0.37952315625 0.3315147932692308 0.3717356153846154 0.2719069230769231 0.3514611514423077 0.26926271634615384 0.35454931009615387 0.26587424278846156 0.40293442548076924 0.26858277884615384 0.40651101923076927
12 0.33263325 0.4211200144230769 0.3914856370192308 0.44354276923076924 0.3993426995192308 0.39772481249999997 0.39820947115384614 0.3900715360576923 0.3392059807692308 0.36590330048076924 0.3346730625 0.3719453581730769 0.33060456971153845 0.4168402980769231 0.33263325 0.4211200144230769
12 0.13395085096153847 0.43431796875 0.1917843173076923 0.44778711057692305 0.19487465625 0.4407256201923077 0.19649341346153845 0.4009720480769231 0.19450676682692308 0.3941720913461539 0.13385167548076923 0.3796737451923077 0.13005113942307692 0.4276487836538462 0.13395085096153847 0.43431796875
12 0.20163505528846154 0.44858616346153846 0.2592477860576923 0.46480142788461537 0.26351540384615385 0.45787070913461536 0.2662378389423077 0.41550177403846156 0.26307392788461537 0.4107941153846154 0.2041367596153846 0.3943173028846154 0.20230483173076924 0.39714279326923074 0.1981032403846154 0.4442708028846154 0.20163505528846154 0.44858616346153846
12 0.13399151442307694 0.4874447307692308 0.19447384375 0.5032676899038462 0.19646049038461538 0.49934463942307694 0.19910935096153848 0.4544911081730769 0.19543037259615387 0.4488680721153846 0.13781764423076923 0.43552970432692306 0.13524236298076925 0.4391912163461538 0.13329963461538463 0.4840954735576923 0.13399151442307694 0.4874447307692308
12 0.19935073317307694 0.5020433221153846 0.25850863221153847 0.5186509014423077 0.2609367548076923 0.5172124423076924 0.2644685697115384 0.47144353365384617 0.2616725456730769 0.46568972596153846 0.20199959615384613 0.44947445432692307 0.1997186298076923 0.45130520913461536 0.19722604807692307 0.49842401923076923 0.19935073317307694 0.5020433221153846
12 0.2668129519230769 0.46135554326923073 0.3253086346153846 0.4807092524038462 0.32758959375 0.4783554230769231 0.3318572115384616 0.43271728125000003 0.33001771634615384 0.4274865504807692 0.2701976033653846 0.40787129807692313 0.2674751658653846 0.41114050721153844 0.2642438942307692 0.4554383822115385 0.2668129519230769 0.46135554326923073
12 0.3871057740384615 0.4967958197115384 0.3905640144230769 0.45991915384615384 0.39402224759615384 0.4546884230769231 0.3921091826923077 0.4444884927884616 0.3358853100961538 0.4242194014423077 0.33294213461538463 0.42670399999999997 0.3293737211538461 0.4766575 0.3871057740384615 0.4967958197115384
12 0.3889139879807692 0.5109402067307692 0.4504011754807692 0.5317323677884616 0.45319719951923076 0.5275477860576923 0.4581270192307692 0.4841327019230769 0.45533099519230774 0.47537122596153847 0.39187590625 0.45583094471153845 0.38736881971153847 0.5071479278846154 0.3889139879807692 0.5109402067307692
12 0.32555725240384614 0.5361293605769231 0.32799056730769227 0.48270794230769226 0.2664419014423077 0.4628657019230769 0.26157525721153846 0.5152695721153846 0.32555725240384614 0.5361293605769231
12 0.3843259519230769 0.5513926225961538 0.38862004567307695 0.511708141826923 0.3874749447115385 0.4979712043269231 0.33064978125 0.47711141826923076 0.32653831971153846 0.5285833653846154 0.3843259519230769 0.5513926225961538
12 0.44897404326923074 0.5865161875 0.4545563653846154 0.5392000769230769 0.45240931730769235 0.5325860048076924 0.3877116322115385 0.5107086586538462 0.3839900889423077 0.56692834375 0.44897404326923074 0.5865161875
12 0.18702184615384615 0.5589244134615384 0.19060026201923078 0.5543454350961539 0.1941786658653846 0.5133890120192308 0.1928904375 0.5044854375 0.1311986298076923 0.4894765721153846 0.12851047355769232 0.5381291754807692 0.18702184615384615 0.5589244134615384
12 0.12275358413461539 0.594793079326923 0.18015129807692307 0.6100563413461538 0.18315716346153849 0.6077668509615385 0.18544735096153844 0.5668104278846153 0.18315716346153849 0.5566349254807692 0.12719080528846155 0.5398453365384616 0.12318299278846154 0.5428979879807693 0.11974771875 0.5891965432692308 0.12275358413461539 0.594793079326923
12 0.1864009326923077 0.6097121418269231 0.2439417860576923 0.6249754038461539 0.2459456923076923 0.6231946826923077 0.24895155769230767 0.5740978605769231 0.18711661057692305 0.5557819447115384 0.18435346634615385 0.6049498509615385 0.1864009326923077 0.6097121418269231
12 0.3074449423076923 0.6445632475961538 0.3097351177884615 0.6415105961538461 0.3115958966346154 0.591650610576923 0.25477071875 0.5743522427884615 0.25033349759615386 0.5746066394230769 0.24732763221153847 0.6275192764423078 0.3074449423076923 0.6445632475961538
12 0.31397521874999995 0.6443439879807692 0.3677945288461538 0.6588440865384615 0.3702278557692308 0.6222122572115385 0.37609643509615387 0.6194139903846154 0.37566702403846153 0.6054226706730769 0.3132595408653846 0.5901594086538462 0.3104297644230769 0.6408420985576923 0.31397521874999995 0.6443439879807692
12 0.19578299278846154 0.5524588533653846 0.2564728389423077 0.5745905817307693 0.26033752403846155 0.5715379302884616 0.2636296706730769 0.5260025288461538 0.26119634375 0.5201516057692308 0.2032260793269231 0.5031076346153847 0.19921826682692306 0.5074322235576922 0.19578299278846154 0.5511869110576924 0.19578299278846154 0.5524588533653846
12 0.2629305625 0.5717923125 0.32047141586538463 0.5901082283653847 0.3243361009615385 0.5832397596153845 0.3270557115384615 0.5356692644230769 0.26479134134615384 0.5188796754807693 0.26049724759615384 0.5684852764423077 0.2629305625 0.5717923125
12 0.38168681730769227 0.6079153629807692 0.38483582451923076 0.5672133341346154 0.3841201466346154 0.5524588533653846 0.32858319951923076 0.5338885432692307 0.3240028365384615 0.5873099591346154 0.38168681730769227 0.6079153629807692
12 0.3890261370192307 0.6256011394230769 0.44612368269230773 0.6434682427884616 0.45102142548076923 0.5882634783653846 0.3847390793269231 0.5701748389423077 0.38090617307692304 0.6173547860576923 0.3890261370192307 0.6256011394230769
12 0.3694351009615385 0.6757664663461539 0.4305281778846154 0.6938626298076923 0.4367148173076923 0.6425519855769231 0.37123954567307693 0.621019829326923 0.36608400721153844 0.6691235649038462 0.3694351009615385 0.6757664663461539
12 0.5634136490384616 0.3007838701923077 0.6239454519230769 0.2531165432692308 0.6104119110576923 0.20107605288461539 0.54909315625 0.2503561706730769 0.5634136490384616 0.3007838701923077
12 0.5836521682692308 0.3794938653846154 0.5966538557692307 0.3267566634615384 0.5337720600961539 0.2843051778846154 0.52310659375 0.33662910336538465 0.5836521682692308 0.3794938653846154
12 0.5905675144230769 0.3181060841346154 0.6547208942307693 0.36805110336538466 0.666075483173077 0.3223942980769231 0.6645142187499999 0.31381788221153845 0.6095864326923077 0.2668998341346154 0.6033414182692307 0.26538634855769233 0.5912863221153846 0.31097333413461536 0.5905675144230769 0.3181060841346154
12 0.7339343846153846 0.2986609254807692 0.7356807836538461 0.29527498798076923 0.725043610576923 0.24138215624999998 0.6588390576923077 0.2797561129807692 0.6687916875 0.3342987884615385 0.7339343846153846 0.2986609254807692
12 0.7411025528846154 0.2957885144230769 0.8019091274038461 0.2613648028846154 0.8019091274038461 0.25036050721153846 0.7941297043269231 0.20606116586538462 0.7911131850961539 0.20154658653846153 0.7264962788461538 0.24053567307692306 0.7359726153846153 0.2936408293269231 0.7411025528846154 0.2957885144230769
12 0.73415390625 0.3608648173076923 0.7221470120192308 0.3064132596153846 0.6570709831730769 0.34884623317307695 0.6687586899038462 0.4010465913461539 0.73415390625 0.3608648173076923
12 0.802147673076923 0.3213490552884615 0.803389764423077 0.3125190745192308 0.7909688389423077 0.2651805504807693 0.7254098389423077 0.3090851875 0.7365927812499999 0.36451785096153844 0.802147673076923 0.3213490552884615
12 0.8035493076923077 0.26873374759615387 0.8716679134615385 0.28564199278846153 0.876995625 0.2382989014423077 0.8752197139423077 0.2281539543269231 0.8077353677884616 0.20696228846153847 0.8014068221153846 0.26303971153846156 0.8035493076923077 0.26873374759615387
12 0.9413290793269231 0.30998987019230767 0.9493206490384616 0.25881424759615385 0.9469104903846154 0.2497965096153846 0.88475384375 0.22409597355769229 0.880060389423077 0.2265758533653846 0.8720688221153845 0.28544234615384617 0.9413290793269231 0.30998987019230767
12 0.8746902091346154 0.3476912572115385 0.8802924495192308 0.28961156971153845 0.8099976826923078 0.2704097043269231 0.8050735240384616 0.3256973605769231 0.8746902091346154 0.3476912572115385
12 0.9447995793269232 0.37116019711538456 0.9524026201923077 0.31971818269230773 0.9494681081730769 0.3116581466346154 0.8814409110576923 0.28961156971153845 0.8758386730769231 0.34413535817307694 0.9447995793269232 0.37116019711538456
12 0.5686252355769231 0.43080992788461536 0.5795250024038462 0.3780944879807692 0.5186613100961538 0.3339367451923077 0.5069910937500001 0.3859675649038462 0.5686252355769231 0.43080992788461536
12 0.5874249230769231 0.3826921081730769 0.64913709375 0.42619279326923076 0.6530429375 0.4148548509615385 0.6611149783653846 0.3794526899038461 0.6589016899038461 0.36950306730769233 0.5973197067307692 0.3285476225961539 0.5861476995192307 0.3769451634615385 0.5874249230769231 0.3826921081730769
12 0.6424313846153846 0.4834087932692308 0.6539542908653846 0.4317743701923077 0.5905495913461538 0.38619119951923075 0.5781567908653846 0.4384677860576923 0.6424313846153846 0.4834087932692308
12 0.6201893485576923 0.5351378028846153 0.6314374038461538 0.4900464927884615 0.6289848245192308 0.48012640384615385 0.5678393846153846 0.4380411826923077 0.5570879783653846 0.4909483173076923 0.6201893485576923 0.5351378028846153
12 0.5554718509615385 0.48056455048076924 0.5654554447115385 0.4363180552884615 0.56527140625 0.4301034350961539 0.5042617596153847 0.38365734855769235 0.49264946634615386 0.4346090841346154 0.5554718509615385 0.48056455048076924
12 0.7340817908653846 0.4222374086538461 0.7220500841346154 0.3699113774038461 0.6563856057692308 0.4147299134615385 0.6667041875 0.4634944783653846 0.7340817908653846 0.4222374086538461
12 0.8016948245192308 0.38397087500000004 0.7896631033653846 0.3301354278846154 0.7239286826923077 0.3724387908653846 0.7351665048076923 0.42774361538461536 0.8016948245192308 0.38397087500000004
12 0.5425776923076924 0.5324327019230769 0.5534411754807692 0.489433391826923 0.5519415216346154 0.48037155769230766 0.49238922115384615 0.43488469951923076 0.4804919615384616 0.48499131971153847 0.5425776923076924 0.5324327019230769
12 0.5571573293269231 0.5540641153846153 0.6149440384615384 0.5927990216346154 0.6194430024038462 0.5894230384615384 0.6270412668269232 0.5517542379807693 0.6270412668269232 0.5407378870192308 0.5651702211538462 0.4988175360576923 0.5538580889423077 0.5439361826923077 0.5571573293269231 0.5540641153846153
12 0.6458609471153847 0.5379566346153847 0.70854653125 0.5034861298076924 0.7091463918269232 0.49744490144230774 0.69984853125 0.45071426201923076 0.6970491802884615 0.45000352644230773 0.6340287788461538 0.48521584615384616 0.6414619615384616 0.5326261442307693 0.6458609471153847 0.5379566346153847
12 0.7905122812500001 0.45261760336538465 0.7909121826923078 0.4426673581730769 0.7806145576923077 0.39842428125 0.7132386201923077 0.44094367788461536 0.7251273197115384 0.4918855697115384 0.7905122812500001 0.45261760336538465
12 0.8038304687500001 0.38834890865384614 0.8708150769230769 0.40771636778846154 0.8732145240384616 0.39954294230769233 0.8771136274038462 0.3528123052884615 0.8751140817307692 0.34748181490384616 0.8070297403846154 0.32864740625 0.8068502524038461 0.32999656009615386 0.8015310024038461 0.38213000721153845 0.8038304687500001 0.38834890865384614
12 0.7991823365384616 0.4459532644230769 0.8651671610576923 0.46389926201923076 0.8670667355769232 0.4583910817307692 0.8715657019230769 0.4088175120192308 0.8029497668269231 0.3889372163461538 0.7963829855769231 0.4384905745192308 0.7991823365384616 0.4459532644230769
12 0.7903792644230769 0.5050582908653847 0.8549644062499999 0.5198059783653846 0.8577637740384615 0.5135870769230769 0.8613629471153845 0.4689886298076923 0.8596633317307693 0.4634804591346154 0.7925984807692308 0.446544375 0.78757990625 0.49581876682692305 0.7903792644230769 0.5050582908653847
12 0.47247712500000005 0.53897690625 0.529712608173077 0.5840578701923077 0.5317451225961538 0.5842023629807692 0.5427206850961539 0.5402576538461539 0.5427206850961539 0.5353449951923077 0.4822331730769231 0.48838565384615384 0.47179074759615386 0.5346763028846154 0.47247712500000005 0.53897690625
12 0.46015743990384617 0.5890024615384616 0.5183715048076923 0.6343724014423077 0.5302817139423077 0.5927498004807693 0.5294687067307693 0.5846583485576923 0.47093241346153847 0.5379879927884615 0.4597133605769231 0.5826063197115384 0.46015743990384617 0.5890024615384616
12 0.45038189423076924 0.640794608173077 0.5083095552884616 0.6874631971153846 0.5204811274038461 0.6433984302884616 0.5198049278846154 0.6361878341346153 0.46120106730769234 0.5897195456730769 0.44971847115384617 0.6350499374999999 0.45038189423076924 0.640794608173077
12 0.43629443028846154 0.6869934663461539 0.4934331923076923 0.7340626466346154 0.5063936634615385 0.6877895144230769 0.4477898028846154 0.6369147451923076 0.4358514951923077 0.6822502716346153 0.43629443028846154 0.6869934663461539
12 0.49446605528846155 0.7494359326923077 0.5549858076923078 0.7896950985576924 0.5638890913461538 0.7392209206730769 0.5047217331730769 0.6953564567307692 0.49351782692307694 0.7423780865384615 0.49446605528846155 0.7494359326923077
12 0.5715545841346154 0.740494185096154 0.5820356586538462 0.690620889423077 0.5202762139423076 0.6461555408653846 0.5092252836538461 0.6968300216346154 0.5715545841346154 0.740494185096154
12 0.5964082884615385 0.6390188221153846 0.5328456418269231 0.593752295673077 0.5219282187500001 0.6446703870192307 0.5857018173076923 0.6902941754807692 0.5964082884615385 0.6390188221153846
12 0.5393289278846154 0.5978217884615384 0.6034550793269231 0.64208684375 0.6124710649038462 0.5922135480769231 0.5494930649038461 0.5469626899038462 0.5400051274038462 0.5964197307692308 0.5393289278846154 0.5978217884615384
12 0.6322795 0.5973050552884616 0.7005842788461538 0.5740677451923077 0.6937095913461538 0.5203888557692308 0.6279598629807693 0.5406492692307693 0.6322795 0.5973050552884616
12 0.7750423870192308 0.5188615649038462 0.7642232139423076 0.46958914903846155 0.6979711875000001 0.5129904735576922 0.7118178413461538 0.5643283798076923 0.7750423870192308 0.5188615649038462
12 0.6860140384615385 0.5858866971153847 0.6993597980769231 0.6343717524038461 0.7625371514423077 0.5862872788461538 0.7507036802884616 0.5370148653846154 0.6868099615384615 0.5830393774038461 0.6860140384615385 0.5858866971153847
12 0.6783962259615385 0.656629795673077 0.6806795240384615 0.6089488389423077 0.67691209375 0.5975865649038462 0.6109249759615385 0.5912967403846154 0.61149046875 0.6481080937500001 0.6783962259615385 0.656629795673077
12 0.6543894711538462 0.7228904014423077 0.6614044038461538 0.6772854663461538 0.6613167139423077 0.6685584134615384 0.5964285769230769 0.6397279855769231 0.5891839423076923 0.6928940745192308 0.6543894711538462 0.7228904014423077
12 0.5762063100961539 0.7431840432692307 0.6387269158653847 0.771858641826923 0.6416205769230768 0.7654691923076923 0.6465310360576922 0.7243273822115385 0.645215735576923 0.7193404927884616 0.5819903701923077 0.6895750192307692 0.5747156394230769 0.7369504375000001 0.5762063100961539 0.7431840432692307
12 0.5624362475961538 0.7957107980769231 0.6237311899038461 0.8222918509615386 0.6304830600961538 0.7722671442307691 0.6283785817307692 0.7679036225961539 0.565954860576923 0.7404157019230768 0.5584903461538462 0.7869837524038462 0.5624362475961538 0.7957107980769231
12 0.6950379783653846 0.8332898052884615 0.6984577572115385 0.826432826923077 0.6982823798076924 0.7779665336538462 0.631026701923077 0.7698628389423077 0.62953603125 0.8222251418269231 0.6348849134615384 0.8284587548076924 0.6950379783653846 0.8332898052884615
12 0.7152701153846154 0.8155240240384616 0.7720066610576922 0.7650994206730769 0.7564861201923077 0.7144107572115386 0.6969468629807692 0.7666172307692308 0.7108857836538461 0.8127188990384616 0.7152701153846154 0.8155240240384616
12 0.7239009711538462 0.7473831201923077 0.7148692331730769 0.6929948966346154 0.6496375865384615 0.7235738966346154 0.6591005072115385 0.7749668341346154 0.7239009711538462 0.7473831201923077
12 0.7302795408653846 0.7399725697115385 0.7896894639423077 0.689627579326923 0.7907417043269231 0.6813680528846154 0.7760980240384616 0.6366268557692307 0.7162153509615384 0.6873172307692308 0.7158989278846154 0.694311391826923 0.7302795408653846 0.7399725697115385
12 0.7766359807692308 0.7653001370192307 0.8360875456730769 0.7391189855769231 0.8374905264423076 0.7280543293269232 0.8296864230769232 0.6825489927884616 0.7641092379807692 0.7111764567307692 0.7722516418269231 0.7646767716346154 0.7766359807692308 0.7653001370192307
12 0.7964631346153846 0.6772070841346154 0.8603867211538462 0.6955962307692308 0.8626665793269231 0.6890509423076924 0.8668755408653847 0.6446364903846155 0.8646833798076923 0.6385587211538462 0.8004967259615385 0.6181436538461539 0.79831915625 0.6213534903846154 0.7933064158653846 0.6691033966346154 0.7964631346153846 0.6772070841346154
12 0.7391446322115385 0.6675965841346153 0.7412110192307693 0.6600356081730769 0.7274755961538462 0.6140216923076923 0.6643898653846154 0.6598195841346153 0.6656138701923078 0.6628847307692307 0.6789761658653847 0.7108021346153847 0.7391446322115385 0.6675965841346153
12 0.7445673389423076 0.6656050360576924 0.8064402596153847 0.6118983028846153 0.7927048245192307 0.5619958870192308 0.7301810913461538 0.6119767403846154 0.7445673389423076 0.6656050360576924
12 0.7726658509615384 0.5592771850961539 0.8383041778846153 0.5735350192307692 0.8440171490384615 0.5247127355769231 0.8421938629807693 0.5162876514423077 0.7748674447115385 0.500108860576923 0.7704779062499999 0.5493399014423077 0.7726658509615384 0.5592771850961539
12 0.8434251418269232 0.5748311850961538 0.9094281249999999 0.598594235576923 0.9165997283653847 0.5437231850961538 0.8476423653846153 0.5195641442307692 0.8417234110576923 0.5659740432692307 0.8434251418269232 0.5748311850961538
12 0.9238981706730769 0.5459593076923077 0.9315559759615385 0.4895760552884615 0.86385125 0.4625725817307692 0.8561934471153846 0.5183077475961538 0.9238981706730769 0.5459593076923077
12 0.9346021442307693 0.48987431971153844 0.9433539206730769 0.4369475096153846 0.9398289038461538 0.42895448557692306 0.8737246033653846 0.4076962668269231 0.8662896706730769 0.4617907019230769 0.9346021442307693 0.48987431971153844
12 0.9412875336538461 0.43128774759615385 0.94882378125 0.37836094951923077 0.9452987740384615 0.3720961394230769 0.8790140072115384 0.34803339903846153 0.8732181610576923 0.4060124975961538 0.9412875336538461 0.43128774759615385