12 0.16323607932692308 0.1600713798076923 0.17032600480769233 0.10645232692307692 0.1078199951923077 0.08182281250000001 0.10199127884615386 0.13111709375 0.16323607932692308 0.1600713798076923
12 0.23046340625 0.17696138221153845 0.23453633653846154 0.12146566586538461 0.17052007932692306 0.10878410096153845 0.16786096153846156 0.1600713798076923 0.23046340625 0.17696138221153845
12 0.29669522596153847 0.1914506875 0.3010698509615385 0.13434639903846154 0.23797360096153847 0.11964909615384614 0.23303683173076922 0.17187972596153844 0.29669522596153847 0.1914506875
12 0.3609793221153846 0.20593417788461538 0.3661081875 0.15097464182692308 0.3020318076923077 0.13333094471153847 0.29686820432692307 0.18474829807692308 0.3609793221153846 0.20593417788461538
12 0.42624991826923075 0.22446236298076924 0.43122794471153847 0.16816236057692308 0.3681272043269231 0.1486224206730769 0.3628932163461539 0.20328282932692307 0.42624991826923075 0.22446236298076924
12 0.4254349254807692 0.22528145432692306 0.4896967211538461 0.25209097596153845 0.49663577884615384 0.19605906490384614 0.43263812019230774 0.1695475985576923 0.4254349254807692 0.22528145432692306
12 0.14892832932692307 0.21358147596153848 0.15537243269230772 0.15959015865384615 0.09425530288461538 0.1304829471153846 0.08724910336538462 0.1815139014423077 0.14892832932692307 0.21358147596153848
12 0.08540793028846154 0.23929698076923078 0.14064306009615385 0.26760151442307695 0.14331276442307692 0.2607298942307692 0.14856010096153846 0.21917293750000003 0.14681098557692307 0.2136101971153846 0.0872884326923077 0.18465121875 0.08006853605769232 0.23478688461538463 0.08540793028846154 0.23929698076923078
12 0.07753071153846153 0.29277067548076924 0.13442289663461537 0.3220568846153846 0.13709259855769232 0.31616691586538465 0.1431684639423077 0.27215581009615386 0.14003847115384616 0.26724750721153845 0.08196113221153846 0.23902773076923076 0.07458484134615385 0.2876987668269231 0.07753071153846153 0.29277067548076924
12 0.07214895673076924 0.34596912019230774 0.12747614663461537 0.37574614423076924 0.1318028966346154 0.37018341346153844 0.13787875961538462 0.32797201201923076 0.13539318028846153 0.32240927163461536 0.07720307932692308 0.29165057932692307 0.06938719951923077 0.3392611057692308 0.07214895673076924 0.34596912019230774
12 0.06550948798076923 0.39746143028846154 0.1258078485576923 0.43165593269230773 0.13377829567307692 0.38035014423076924 0.07329025240384615 0.34632279807692307 0.06550948798076923 0.39746143028846154
12 0.06794958173076923 0.45607416586538463 0.12585440625 0.4878145264423077 0.1337714471153846 0.43660457451923074 0.07339665384615385 0.4025816394230769 0.065464 0.4506750336538462 0.06794958173076923 0.45607416586538463
12 0.12304456730769231 0.5416320576923077 0.13133922355769231 0.49104817067307693 0.06939066346153847 0.4587358653846154 0.06319293509615384 0.5055006995192307 0.12304456730769231 0.5416320576923077
12 0.1185086826923077 0.5958358774038461 0.12592788221153844 0.5453535288461538 0.06541808173076923 0.5112812764423077 0.057247319711538465 0.5602345144230769 0.1185086826923077 0.5958358774038461
12 0.12652315625000002 0.5926336274038462 0.18640666586538462 0.6071378942307692 0.18863242307692307 0.5538300408653846 0.12760237259615384 0.5387066850961538 0.12429739663461539 0.5879244639423077 0.12652315625000002 0.5926336274038462
12 0.19456778846153847 0.5542067692307693 0.1972174951923077 0.5018407620192308 0.13555432932692307 0.48640049038461536 0.13288246875 0.5378188461538461 0.19456778846153847 0.5542067692307693
12 0.19986722115384614 0.5018983461538462 0.20209297836538462 0.4482137668269231 0.14000742307692307 0.43296335096153843 0.13743996875 0.48438022115384616 0.19986722115384614 0.5018983461538462
12 0.1974294783653846 0.44525265865384617 0.20018518509615385 0.3917564423076923 0.13746279807692308 0.37613337740384617 0.13415432932692306 0.43018329807692307 0.1974294783653846 0.44525265865384617
12 0.20193450240384614 0.39190728125 0.20522014182692308 0.3374692355769231 0.14247493269230768 0.32334171634615383 0.13918928605769232 0.37608445673076923 0.20193450240384614 0.39190728125
12 0.20744589903846153 0.3375227379807692 0.20998962499999999 0.2840265240384615 0.14748226201923076 0.26954183413461535 0.1447006923076923 0.3224533798076923 0.20744589903846153 0.3375227379807692
12 0.21248265865384616 0.2828721706730769 0.21492039903846155 0.2289992235576923 0.15209439663461538 0.21327733173076924 0.15005542548076922 0.26930975 0.21248265865384616 0.2828721706730769
12 0.2196898846153846 0.23019072596153847 0.222021625 0.17631778125 0.15941019471153844 0.1598401923076923 0.15609676923076923 0.2143679014423077 0.2196898846153846 0.23019072596153847
12 0.22856937500000002 0.2294368894230769 0.2888768509615385 0.2467666514423077 0.2941762836538462 0.19327043509615385 0.2306597139423077 0.17567341826923075 0.22613164423076923 0.22736485096153844 0.22856937500000002 0.2294368894230769
12 0.22173227163461537 0.28354018990384616 0.2791780576923077 0.3006815793269231 0.2811918317307692 0.29446546875 0.2839475408653846 0.24680863461538463 0.22064025 0.22826235096153846 0.2160088918269231 0.27883100961538465 0.22173227163461537 0.28354018990384616
12 0.21240528846153847 0.3378010168269231 0.27186484855769233 0.3549424134615385 0.2743025913461538 0.3479728317307692 0.2764223485576923 0.30106946153846154 0.2141010985576923 0.28185603365384615 0.21268829567307693 0.28452685096153846 0.20911963942307693 0.3319616346153846 0.21240528846153847 0.3378010168269231
12 0.2093316153846154 0.3909673100961539 0.2694271057692308 0.4077319615384616 0.2727127644230769 0.3542357548076923 0.21046174759615385 0.3376812548076923 0.20657591586538462 0.3845628269230769 0.2093316153846154 0.3909673100961539
12 0.26539954567307694 0.46341538701923074 0.269321125 0.40878897836538464 0.20648576923076922 0.3922493389423077 0.20244236298076926 0.44646236057692307 0.26539954567307694 0.46341538701923074
12 0.26433965625 0.5165772211538461 0.2675193125 0.4625159134615385 0.20441826201923077 0.4471001610576923 0.2006405625 0.49905909375 0.26433965625 0.5165772211538461
12 0.24863691826923076 0.6222735408653846 0.25293063701923074 0.5704633149038462 0.1916279471153846 0.5544793677884615 0.18769624999999998 0.6030536706730769 0.24863691826923076 0.6222735408653846
12 0.26235051923076924 0.5707136370192308 0.2661922668269231 0.5194389182692307 0.20428759855769232 0.5022331850961538 0.2003552620192308 0.5510337836538461 0.26235051923076924 0.5707136370192308
12 0.3565065793269231 0.2628977884615385 0.3613017908653846 0.20851156490384615 0.29755259134615386 0.18899933894230767 0.2926090096153846 0.24172235576923076 0.3565065793269231 0.2628977884615385
12 0.28561283413461536 0.29547651923076923 0.3493011754807692 0.3175459423076923 0.35456933653846157 0.26387710576923074 0.29225139182692306 0.2430069375 0.2890935889423077 0.24699065144230767 0.28561283413461536 0.29547651923076923
12 0.3616873942307692 0.25868028846153845 0.4189786730769231 0.2792449783653846 0.4187905360576923 0.27188850961538463 0.42528166826923075 0.22440579807692307 0.36410260576923076 0.2041090985576923 0.35830071875 0.25550362259615383 0.3616873942307692 0.25868028846153845
12 0.4833462259615385 0.3093607548076923 0.49011957932692307 0.2531840384615385 0.4257901875 0.22644398798076923 0.4180586322115385 0.28060362019230767 0.4833462259615385 0.3093607548076923
12 0.3550997956730769 0.3132157451923077 0.4123910769230769 0.3346164086538461 0.4165303533653846 0.28646492788461536 0.4196348076923077 0.2814491490384615 0.35787912259615384 0.25934852403846154 0.35265385817307693 0.30719681009615385 0.3550997956730769 0.3132157451923077
12 0.47735703125 0.3654604759615384 0.4832697644230769 0.3095347740384616 0.4182482283653846 0.28533734615384615 0.41131484375 0.33874437500000004 0.47735703125 0.3654604759615384
12 0.3380072692307692 0.3708734014423077 0.34064684855769234 0.36506530048076924 0.34466907211538456 0.31569637740384615 0.28108909375 0.2961847379807692 0.27591430048076926 0.34875791346153845 0.3380072692307692 0.3708734014423077
12 0.3697003942307692 0.37714063221153843 0.4036378485576923 0.3889802307692308 0.40690590624999995 0.36105663942307686 0.4111795048076923 0.33559031971153847 0.35106273798076926 0.31395582211538464 0.3439330745192307 0.36373730528846154 0.3697003942307692 0.37714063221153843
12 0.4034066346153846 0.39459271634615384 0.46738501682692307 0.41961225480769226 0.4741725072115385 0.36666911538461544 0.4084344110576923 0.3409794086538461 0.40292999519230766 0.3883931947115385 0.4034066346153846 0.39459271634615384
12 0.4600947572115385 0.47493337259615387 0.4662537692307692 0.42132005769230774 0.40198695192307693 0.3974463894230769 0.39511081249999996 0.4490202620192308 0.4600947572115385 0.47493337259615387
12 0.4556954495192308 0.5289048966346154 0.4608489230769231 0.4759617451923077 0.39614009855769233 0.45344206971153844 0.39008303846153847 0.5043321177884615 0.4556954495192308 0.5289048966346154
12 0.2690803557692308 0.4046051418269231 0.3314579615384616 0.4265913293269231 0.33825330288461536 0.3724000240384615 0.2743495048076923 0.3510806105769231 0.2690803557692308 0.4046051418269231
12 0.2717840985576923 0.4617722427884615 0.3310960841346154 0.4780520168269231 0.33533266826923075 0.4269742091346154 0.2720383725961538 0.40817846875 0.26789103124999997 0.45424283653846154 0.2717840985576923 0.4617722427884615
12 0.33444451442307693 0.41900811298076923 0.3954740288461539 0.4440382764423077 0.40314566105769234 0.3892975096153846 0.3384716225961538 0.3672358125 0.33444451442307693 0.41900811298076923
12 0.33466384134615385 0.4749260889423077 0.39212711057692307 0.49561950961538465 0.3963575360576923 0.4437733485576923 0.33780449999999995 0.4230356442307693 0.3325486298076923 0.4705403197115385 0.33466384134615385 0.4749260889423077
12 0.2703470985576923 0.5141348774038461 0.3285154447115385 0.5326178052884616 0.33248146634615383 0.48061499759615384 0.2703582139423077 0.4622984927884615 0.26594040865384616 0.5097490961538461 0.2703470985576923 0.5141348774038461
12 0.38789340624999996 0.5486832307692308 0.3917713028846154 0.5114041105769231 0.3934458389423077 0.5090545889423077 0.3903611658653846 0.49668043028846154 0.3342338149038462 0.47758043990384613 0.32901999278846156 0.5283206850961538 0.38789340624999996 0.5486832307692308
12 0.26634422596153845 0.5701189951923077 0.321044375 0.587226375 0.32424059375 0.5867626634615385 0.32671928125 0.581430014423077 0.33082869711538465 0.53621840625 0.3272411153846154 0.5327405913461538 0.26889203125 0.5153382475961539 0.26386553365384613 0.5659456153846154 0.26634422596153845 0.5701189951923077
12 0.38528728125 0.605170110576923 0.38835331490384617 0.5682980120192307 0.3909083389423077 0.5655734735576923 0.38733131009615385 0.5623040264423077 0.3867181033653846 0.5492262379807692 0.33237374759615385 0.5322705649038462 0.32682819951923076 0.5830105216346154 0.38528728125 0.605170110576923
12 0.2528912091346154 0.625175141826923 0.3104598798076923 0.6420753942307692 0.31313725240384616 0.6355121995192307 0.3159992620192308 0.5905542331730769 0.3137835096153846 0.58809303125 0.2555276658653846 0.5710286947115384 0.2534242139423077 0.5741655240384615 0.2499368653846154 0.6192682572115384 0.2528912091346154 0.625175141826923
12 0.31564459615384616 0.6417572716346154 0.37095827884615384 0.6563603990384616 0.37372797115384615 0.6210831730769232 0.37972895913461535 0.6122228461538461 0.37926735576923076 0.6028702764423077 0.3769592668269231 0.6012294711538462 0.31617995673076926 0.5899275745192308 0.31342884375 0.6384756658653846 0.31564459615384616 0.6417572716346154
12 0.3715682307692308 0.67354221875 0.43140760096153846 0.6929036730769231 0.43500820192307693 0.6843715072115385 0.43990132932692305 0.6423669855769231 0.4376855745192308 0.6376086658653846 0.37564448076923074 0.6174268052884616 0.3738099543269231 0.6216979591346153 0.36916783413461535 0.6673071706730769 0.3715682307692308 0.67354221875
12 0.38741267788461536 0.6201727980769232 0.4475149879807692 0.6419954639423077 0.4492691201923077 0.6362526634615384 0.45434689903846154 0.5888334951923077 0.4518541778846154 0.5858800528846154 0.39018237019230767 0.5658622740384616 0.38863305288461536 0.5685010384615384 0.3839967235576923 0.6147581538461538 0.38741267788461536 0.6201727980769232
12 0.3890747884615384 0.5646046490384615 0.45028497355769226 0.5849505841346153 0.4527776971153846 0.5792077836538462 0.4571168870192308 0.5342498197115385 0.45407022596153845 0.5289992548076923 0.39265052884615387 0.5081619374999999 0.3860281274038462 0.5567288004807692 0.3890747884615384 0.5646046490384615
12 0.6272468485576923 0.25381153125 0.6138219639423077 0.20065680769230768 0.5528529591346154 0.2496141778846154 0.5659002427884615 0.3006239158653846 0.6272468485576923 0.25381153125
12 0.5869273918269231 0.3781048629807692 0.5986579326923077 0.3274740528846154 0.5383432788461538 0.28352025961538463 0.5263754471153846 0.33402627644230765 0.5869273918269231 0.3781048629807692
12 0.597657920673077 0.3225102427884616 0.6570926850961538 0.3646033197115385 0.6691583870192308 0.3149652668269231 0.6113994134615385 0.2655257668269231 0.6070750865384615 0.2692151033653846 0.59475321875 0.31397250240384617 0.597657920673077 0.3225102427884616
12 0.5109575865384616 0.38465479807692304 0.5691528725961539 0.42842827644230774 0.5735816201923076 0.42566654807692306 0.5830606899038462 0.38325922115384614 0.5827499038461539 0.3770453197115385 0.5224567884615385 0.33244331730769233 0.5109242019230769 0.38081714663461536 0.5109575865384616 0.38465479807692304
12 0.5576330793269231 0.47912009375000003 0.5690108557692308 0.4298491322115385 0.507227045673077 0.3840180961538462 0.49638031730769233 0.4328306730769231 0.5576330793269231 0.47912009375000003
12 0.5454191466346153 0.5308106298076922 0.5566648149038461 0.4810267355769231 0.49573376201923075 0.43524009375 0.48418139182692305 0.48466059134615386 0.5454191466346153 0.5308106298076922
12 0.5344771346153846 0.5833618341346154 0.5466429038461539 0.5335779471153846 0.48530292307692313 0.4872462259615385 0.47385278846153844 0.5343047163461538 0.5344771346153846 0.5833618341346154
12 0.4632482884615384 0.5873303125 0.5203340432692308 0.6310257235576924 0.5236058725961539 0.6267411105769232 0.5338518653846154 0.5875675408653847 0.5329908629807693 0.5817527211538461 0.47393756490384614 0.5373062908653846 0.46247338221153844 0.5815154903846154 0.4632482884615384 0.5873303125
12 0.45363112019230767 0.6392355192307692 0.5100500024038461 0.6843492235576923 0.5133534230769231 0.6804867596153846 0.5233506009615385 0.6387720216346153 0.5215250288461538 0.6330555600961538 0.4637727548076923 0.5893374182692308 0.45302259375000004 0.6336735552884616 0.45363112019230767 0.6392355192307692
12 0.44067463942307694 0.6857595240384615 0.4947907980769231 0.729810329326923 0.49905046875000003 0.7253298629807692 0.5086129903846154 0.6882501009615385 0.5085260625 0.6831516346153846 0.4507283317307692 0.6364132956730769 0.43945759375 0.6786525721153847 0.44067463942307694 0.6857595240384615
12 0.6524740456730769 0.4250501370192307 0.6630537235576923 0.3757487716346154 0.6612210264423077 0.3690864254807692 0.6001721033653846 0.32852149519230767 0.5882440865384615 0.38121735576923077 0.6524740456730769 0.4250501370192307
12 0.5848307259615384 0.44113934375 0.6440222067307692 0.4811954903846154 0.6473543942307691 0.47571755528846155 0.6568511153846154 0.43233827403846153 0.6547684975961539 0.4261200841346154 0.594172048076923 0.38718869230769226 0.5828314134615384 0.4344769975961539 0.5848307259615384 0.44113934375
12 0.5634524326923077 0.4936584375 0.6226844663461539 0.5328983870192308 0.6256001298076923 0.5256438413461538 0.6336806706730769 0.4868541730769231 0.6323478004807692 0.48078403365384614 0.5717020649038461 0.4372567019230769 0.5706718341346154 0.43963361298076925 0.56045346875 0.48581167067307696 0.5634524326923077 0.4936584375
12 0.559664858173077 0.5511464735576923 0.6158121490384616 0.591268610576923 0.6211436370192308 0.588603670673077 0.6307258461538462 0.546247 0.6284744495192308 0.5381178870192308 0.5684830552884615 0.49748357211538463 0.5577488557692308 0.54226334375 0.559664858173077 0.5511464735576923
12 0.5447804519230769 0.5994520504807692 0.6015223942307693 0.6391276730769231 0.6055331129807692 0.6377416730769231 0.6152813894230769 0.5923996105769231 0.6141673076923077 0.5896276081730769 0.553954141826923 0.5467409567307693 0.5426079783653847 0.5931160480769231 0.5447804519230769 0.5994520504807692
12 0.527854733173077 0.6479591610576924 0.5850434254807693 0.6877830216346154 0.5885139807692308 0.6832240576923077 0.5970394783653846 0.6429979423076924 0.5956059783653846 0.6345504567307692 0.5358622475961539 0.5939936610576922 0.5252140889423077 0.6423275048076923 0.527854733173077 0.6479591610576924
12 0.5150287668269231 0.6969948197115384 0.5715026009615385 0.7367015216346153 0.5751240480769231 0.7341538653846154 0.5838004375 0.6939277500000001 0.5839513269230769 0.6870893100961539 0.5231826899038462 0.644711889423077 0.5129162572115384 0.6892177740384615 0.5150287668269231 0.6969948197115384
12 0.49805183894230765 0.7454990120192307 0.5532670504807693 0.7864609711538461 0.5581772884615385 0.7841457403846154 0.5671961057692307 0.7433618653846155 0.5660938197115384 0.7362380384615383 0.5075383365384616 0.6959201923076923 0.4963482860576923 0.7417590048076923 0.49805183894230765 0.7454990120192307
12 0.5654134302884615 0.7922713870192308 0.62443659375 0.8184514254807692 0.6267413918269231 0.8129304591346155 0.6323531057692308 0.7725027860576923 0.6307497668269231 0.7662694399038461 0.5712255600961538 0.7381303485576923 0.5685872884615384 0.7397604903846153 0.5615052764423077 0.7860380408653846 0.5654134302884615 0.7922713870192308
12 0.5788414543269231 0.7407887836538462 0.6360608365384616 0.7687497836538462 0.6399689903846154 0.7687497836538462 0.6426746346153845 0.765009778846154 0.6490880288461539 0.7228011442307692 0.6469836370192308 0.7162116033653846 0.5843758100961538 0.6900391778846154 0.5773383173076924 0.7343773461538461 0.5788414543269231 0.7407887836538462
12 0.5958391947115385 0.6954334471153847 0.6537600432692308 0.7196544326923077 0.6578686129807692 0.7150239543269231 0.66358053125 0.6722810336538461 0.6609751057692308 0.6648010216346154 0.59884546875 0.6386209807692308 0.59881103125 0.6405851802884615 0.5912295745192307 0.6886658149038462 0.5958391947115385 0.6954334471153847
12 0.6147795649038461 0.6473192067307691 0.6225958725961539 0.6482096875000001 0.6765083533653846 0.6528401634615384 0.6807171370192309 0.646606826923077 0.6821200697115385 0.6033296153846154 0.6793142211538462 0.5965619879807693 0.615280608173077 0.5908629302884616 0.6142988197115384 0.5946063317307693 0.6133766322115385 0.6410858605769231 0.6147795649038461 0.6473192067307691
12 0.6355780048076922 0.595799375 0.7028775144230769 0.5726469543269231 0.69656434375 0.5202868774038462 0.6294652475961539 0.5405897644230769 0.6355780048076922 0.595799375
12 0.7120085889423078 0.5022634759615385 0.7033504615384616 0.44960381730769233 0.6376448894230768 0.48260159375 0.6362128774038461 0.4879353629807692 0.6457258076923077 0.5361161129807692 0.7120085889423078 0.5022634759615385
12 0.6694599086538461 0.46441094951923073 0.7368012572115384 0.42570271153846156 0.7246751009615384 0.3715111778846154 0.6593428701923076 0.4108911346153846 0.6694599086538461 0.46441094951923073
12 0.6615740216346153 0.28481537740384616 0.6725228774038462 0.33733303365384615 0.7384514711538461 0.2975786298076923 0.7285621802884615 0.24317786298076924 0.6641126081730769 0.2808715721153846 0.6615740216346153 0.28481537740384616
12 0.7292324086538462 0.24639560576923078 0.7398781153846153 0.2979876081730769 0.8034020793269231 0.2604142620192308 0.8049325673076922 0.2512079855769231 0.7965737572115384 0.20580426442307692 0.791629110576923 0.2039211610576923 0.7301823341346154 0.24161445673076923 0.7292324086538462 0.24639560576923078
12 0.6606400384615385 0.3575933846153846 0.6694346778846154 0.3985502235576923 0.673506266826923 0.4030366658653846 0.7333586538461538 0.36279202403846156 0.7370230865384616 0.358016139423077 0.7253783317307693 0.3053366778846154 0.6614605576923077 0.34828957692307694 0.6606400384615385 0.3575933846153846
12 0.7378187043269231 0.3594511057692307 0.7402616586538462 0.3637928197115385 0.8026384350961538 0.3236960456730769 0.8056514086538461 0.3174729230769231 0.7963681802884615 0.2694246201923077 0.7932737668269231 0.2665301466346154 0.7274436923076923 0.3076678629807692 0.7378187043269231 0.3594511057692307
12 0.7266848221153845 0.37595099278846156 0.7367629158653847 0.4250623100961538 0.8045698365384616 0.38440734375 0.7934386538461538 0.32972858653846154 0.7275601201923076 0.3715641418269231 0.7266848221153845 0.37595099278846156
12 0.7280831298076923 0.492680375 0.7941403725961538 0.4507806658653846 0.7835953124999999 0.3984394903846154 0.7142893100961539 0.4399376105769231 0.7280831298076923 0.492680375
12 0.7101635384615383 0.5590544519230769 0.7149721153846154 0.5624058149038461 0.7754093485576923 0.5238650673076923 0.7769179182692307 0.5158217788461539 0.7675836177884615 0.46957287019230765 0.7006505480769231 0.5111684182692308 0.7101635384615383 0.5590544519230769
12 0.6991384519230769 0.6284741490384615 0.7041278485576924 0.6312025528846154 0.7632329855769231 0.5892403966346154 0.7652479326923077 0.5820783076923077 0.75344609375 0.5360363076923077 0.6896922956730769 0.5841793317307692 0.6991384519230769 0.6284741490384615
12 0.6685152235576923 0.6662513004807693 0.6784418245192309 0.7056571394230768 0.6845647788461539 0.7082951754807693 0.7407845817307692 0.6667459350961539 0.7419906129807692 0.6575127740384615 0.7324351057692307 0.6181069423076924 0.7291880817307692 0.6138201129807692 0.6683803221153847 0.6593679447115384 0.6685152235576923 0.6662513004807693
12 0.7444747572115384 0.6588061009615385 0.7480928629807693 0.6614441538461538 0.8069102860576923 0.6119807692307693 0.8081163149038461 0.60588028125 0.7958704182692308 0.5641661634615385 0.7916956802884615 0.5615281153846154 0.7328332716346153 0.6130892740384616 0.7444747572115384 0.6588061009615385
12 0.6577011634615384 0.7655517163461538 0.66324721875 0.7726977860576922 0.7261948918269231 0.7438670624999999 0.7180144591346154 0.6921196129807693 0.6529320144230769 0.720995375 0.6577011634615384 0.7655517163461538
12 0.7296137283653846 0.7318888990384615 0.7326640600961538 0.7360779711538462 0.7913135408653846 0.6872875168269231 0.792284091346154 0.6789093605769231 0.7782803173076923 0.6365257331730769 0.7174276899038462 0.6873374158653847 0.7296137283653846 0.7318888990384615
12 0.6383475985576923 0.8258391754807692 0.6969970793269231 0.8312603317307693 0.7001860673076923 0.8236214254807692 0.7012952716346154 0.7804985432692307 0.6985222524038461 0.7763094711538462 0.6333036658653846 0.7683944302884615 0.6318309927884616 0.8201715937499999 0.6383475985576923 0.8258391754807692
12 0.7181985721153846 0.811628576923077 0.7725793245192307 0.7633047788461538 0.7727088076923077 0.7557110384615384 0.7595020528846154 0.7135272235576923 0.6999657764423077 0.7647274375 0.6999469014423076 0.7702927475961538 0.7133431466346154 0.8115135168269231 0.7181985721153846 0.811628576923077
12 0.7741287620192308 0.7634541322115385 0.8401686201923078 0.7359391442307692 0.8323954134615386 0.6833498028846154 0.7646717379807693 0.7103140096153846 0.7741287620192308 0.7634541322115385
12 0.7990424735576924 0.6752086298076924 0.8607965192307692 0.6927630048076924 0.8643300072115385 0.68656734375 0.86881215625 0.6437877788461539 0.8673181081730769 0.6386247259615385 0.8015593701923076 0.6189541033653847 0.7962203774038462 0.6694555168269231 0.7990424735576924 0.6752086298076924
12 0.8272523149038461 0.6277361971153846 0.8901650793269231 0.6476951802884615 0.8937175336538462 0.6421962764423077 0.8986451201923077 0.591484173076923 0.8296588125 0.5703032091346154 0.8302497716346154 0.5735865889423077 0.8247312163461539 0.6206079855769231 0.8272523149038461 0.6277361971153846
12 0.7746391177884615 0.5566640889423077 0.8391966850961539 0.5739859759615384 0.8423407211538462 0.5635555985576923 0.8453799543269231 0.5162463533653846 0.7777831538461538 0.4998557475961538 0.7775337548076924 0.5024786490384615 0.7725430961538462 0.5510763822115384 0.7746391177884615 0.5566640889423077
12 0.8462867524038462 0.5740006706730769 0.9104251105769231 0.5959789855769231 0.912521141826923 0.5892737403846154 0.9178660048076923 0.5466209134615384 0.9173419927884615 0.540846951923077 0.8506585144230769 0.5192527884615384 0.8442955264423078 0.5667366538461539 0.8462867524038462 0.5740006706730769
12 0.8692446826923077 0.46264141105769235 0.8656814374999999 0.4641314591346154 0.8589741562500001 0.5200537764423078 0.9239509302884615 0.5437084038461538 0.9264661610576923 0.541845829326923 0.9329042163461538 0.48989804567307693 0.8692446826923077 0.46264141105769235
12 0.7910997091346155 0.5038222451923077 0.85785809375 0.5196540817307692 0.8634125649038461 0.4632182548076923 0.7956183725961539 0.44544657692307693 0.7896324855769231 0.4984208004807692 0.7910997091346155 0.5038222451923077
12 0.8023134399038461 0.44689156971153843 0.8664517980769231 0.4653309975961539 0.8702246514423078 0.4586257524038461 0.8741022908653846 0.4072188581730769 0.8053683413461539 0.38953278125 0.7992742067307692 0.4422351514423077 0.8023134399038461 0.44689156971153843
12 0.80723909375 0.3882702548076923 0.8716918557692307 0.40689593749999997 0.8749407091346153 0.3977693557692307 0.8791327524038461 0.3538127331730769 0.8766175216346154 0.3480387716346154 0.8100860673076924 0.33278027644230773 0.8043046658653845 0.3834275745192308 0.80723909375 0.3882702548076923
12 0.8100687283653846 0.3305949134615384 0.87535990625 0.3475442860576923 0.8782943341346154 0.34046653125 0.8836391971153846 0.2953923677884615 0.8809143798076923 0.2886871201923077 0.816147201923077 0.26950266346153845 0.8127594447115385 0.27379122115384613 0.8074487043269231 0.32388966826923077 0.8100687283653846 0.3305949134615384
12 0.9374730745192307 0.4894485096153846 0.9444947524038461 0.43357145192307694 0.8764969663461539 0.40728096394230767 0.8759769807692308 0.40882304086538457 0.8693522644230769 0.4628137764423077 0.9374730745192307 0.4894485096153846
12 0.8768630336538461 0.4068666153846153 0.9397642115384616 0.4309227860576923 0.943528141826923 0.42629165384615386 0.9505675504807692 0.37702153365384616 0.9468759903846155 0.37239040144230773 0.880892173076923 0.3501379350961538 0.8742572331730769 0.40300733894230767 0.8768630336538461 0.4068666153846153
12 0.8818600288461538 0.34816270673076927 0.9450507331730769 0.37183294951923074 0.9481632283653846 0.36462896875 0.9543158125000001 0.3193467692307692 0.9516376298076923 0.3138151322115385 0.885345329326923 0.28912125 0.877734173076923 0.3430170048076923 0.8818600288461538 0.34816270673076927
12 0.87483884375 0.2766643197115385 0.8762865096153847 0.28579793990384617 0.9436030745192308 0.3093395360576923 0.95185478125 0.26109856009615384 0.9500451875 0.2544091466346154 0.8842591947115385 0.22655984134615387 0.87483884375 0.2766643197115385
12 0.8081015673076923 0.2718931706730769 0.8717163966346154 0.28776418990384617 0.874425545673077 0.2788478894230769 0.8795428365384615 0.23123481490384615 0.8753285961538461 0.22766829086538462 0.811713764423077 0.2094790264423077 0.8102220841346154 0.21288293028846153 0.8042886947115384 0.2642251418269231 0.8081015673076923 0.2718931706730769