12 0.16319708653846154 0.1637157716346154 0.16737149759615383 0.13743626923076924 0.16865593990384614 0.12029747115384616 0.16816274759615385 0.11191545432692308 0.1063484639423077 0.08344823076923077 0.10056850721153847 0.13886367067307692 0.16319708653846154 0.1637157716346154
12 0.15193756490384616 0.21442849759615384 0.1583597548076923 0.16244081971153845 0.09702783413461538 0.1304483846153846 0.09028453846153847 0.1818647764423077 0.15193756490384616 0.21442849759615384
12 0.14214790865384616 0.2731175096153846 0.14985454326923076 0.21884465384615387 0.08852262259615386 0.19027999038461538 0.08049488461538462 0.24112509855769232 0.14214790865384616 0.2731175096153846
12 0.1346843269230769 0.32405503365384614 0.14206985576923076 0.27149605288461537 0.08105904086538461 0.24178881971153846 0.07399463942307692 0.29263390624999996 0.1346843269230769 0.32405503365384614
12 0.1305098389423077 0.3800417668269231 0.13789534375 0.328625375 0.07592121153846154 0.29434778125 0.06949902163461538 0.3474497572115384 0.1305098389423077 0.3800417668269231
12 0.12769797836538463 0.4346652403846154 0.13444130048076924 0.3826775649038462 0.07375158653846153 0.3495425625 0.06668716346153845 0.4015302379807692 0.12769797836538463 0.4346652403846154
12 0.12633540384615385 0.48765650240384617 0.13436314182692308 0.43852526923076923 0.07271011778846154 0.40539026682692303 0.06564569230769231 0.45452147596153847 0.12633540384615385 0.48765650240384617
12 0.12480809134615385 0.5442145192307692 0.13187249278846153 0.49394076201923076 0.07310943269230769 0.45909183894230765 0.06476058894230768 0.5093656394230769 0.12480809134615385 0.5442145192307692
12 0.11830405528846154 0.5978761225961539 0.12440514182692307 0.5647411177884616 0.1256895841346154 0.5464597307692307 0.06596682211538461 0.5138960120192307 0.05761434375 0.5630272211538462 0.11830405528846154 0.5978761225961539
12 0.23093599759615382 0.17719321634615384 0.2347893269230769 0.12577682451923075 0.17236093509615386 0.10912554086538462 0.1683196346153846 0.1629108846153846 0.23093599759615382 0.17719321634615384
12 0.22109623798076922 0.23305743028846154 0.22527067307692306 0.17992716346153845 0.16136986538461537 0.16450224038461536 0.15783766586538464 0.21706122355769233 0.22109623798076922 0.23305743028846154
12 0.2119140889423077 0.2867882403846154 0.21648606730769232 0.23260864423076924 0.15349248557692308 0.21760795192307691 0.14937416586538463 0.27031403365384615 0.2119140889423077 0.2867882403846154
12 0.20767086778846153 0.33847112019230774 0.2112030673076923 0.2864834326923077 0.14884697596153845 0.27327656730769234 0.1460178173076923 0.32647394951923076 0.20767086778846153 0.33847112019230774
12 0.2016298485576923 0.39192545673076923 0.2051620480769231 0.3387951899038461 0.14328415384615384 0.32262275961538467 0.13972799278846154 0.3765005456730769 0.2016298485576923 0.39192545673076923
12 0.196564375 0.4455045096153846 0.19977547115384614 0.39465941346153843 0.1388681346153846 0.3778840456730769 0.13491135096153847 0.43179346394230766 0.196564375 0.4455045096153846
12 0.19829817788461537 0.5008172524038461 0.20148461538461537 0.4717631105769231 0.20108631490384615 0.44837808653846156 0.1397874014423077 0.43405805048076923 0.13695886778846153 0.48593585576923076 0.19829817788461537 0.5008172524038461
12 0.19431510576923075 0.5529449350961538 0.1975015456730769 0.4990884903846154 0.13536563221153847 0.4870416778846154 0.13217916346153846 0.5387721899038461 0.19431510576923075 0.5529449350961538
12 0.19068215865384616 0.5571111177884616 0.12814794471153845 0.5408124110576923 0.12575810817307692 0.5932515793269231 0.1882923221153846 0.6081329495192308 0.19068215865384616 0.5571111177884616
12 0.2965238004807692 0.19177920432692305 0.3009051730769231 0.13579685096153846 0.23861169711538463 0.12093861778846154 0.2339895576923077 0.17477189903846155 0.2965238004807692 0.19177920432692305
12 0.28957751442307694 0.25153055288461534 0.2935605841346154 0.19483957451923078 0.23142464423076922 0.18137545673076924 0.22624666826923076 0.23310596875 0.28957751442307694 0.25153055288461534
12 0.2801932139423077 0.3036581899038462 0.2853711875 0.24909314423076923 0.22217868509615385 0.23186831009615386 0.21765896875000001 0.2845250048076923 0.2801932139423077 0.3036581899038462
12 0.2721025480769231 0.35390215865384617 0.2772805552884615 0.3064234591346154 0.2139472980769231 0.2835993557692308 0.21076085817307694 0.33816443028846155 0.2721025480769231 0.35390215865384617
12 0.2694894879807692 0.4074470817307692 0.2726759278846154 0.35429928846153846 0.2105745576923077 0.34035318990384616 0.2069552451923077 0.39043977644230765 0.2694894879807692 0.4074470817307692
12 0.26590471875 0.46648984375 0.2690911875 0.4126333990384615 0.20576034134615384 0.3956261201923077 0.2021755721153846 0.45019116586538466 0.26590471875 0.46648984375
12 0.2651081153846154 0.5165771875 0.2682945552884615 0.46272074278846154 0.20459891826923077 0.45101316346153847 0.2017772716346154 0.49956993749999995 0.2651081153846154 0.5165771875
12 0.26215106971153845 0.5703613822115384 0.26692457451923074 0.518703173076923 0.2043903317307692 0.503113201923077 0.20040725961538464 0.5534264086538461 0.26215106971153845 0.5703613822115384
12 0.25060018509615384 0.6231119663461538 0.253786625 0.570672826923077 0.19045577884615383 0.5550828028846154 0.18766764182692308 0.6053960360576923 0.25060018509615384 0.6231119663461538
12 0.31335762259615385 0.6436625360576923 0.31654409134615386 0.5890975168269231 0.2547430745192308 0.5733167644230769 0.2512217091346154 0.6231120432692308 0.31335762259615385 0.6436625360576923
12 0.31393099999999996 0.6425567403846154 0.37128723798076924 0.6546035769230769 0.3788550793269231 0.6049989447115385 0.31751577163461536 0.5908261995192308 0.31393099999999996 0.6425567403846154
12 0.35876774519230764 0.2063868076923077 0.36394575 0.14969584375 0.30205023076923077 0.13333251923076922 0.29742843509615385 0.18441906490384616 0.35876774519230764 0.2063868076923077
12 0.3580980432692308 0.2623691802884615 0.36287771634615384 0.20851276201923077 0.29779472596153844 0.19087574519230768 0.2935722932692308 0.24252734374999999 0.3580980432692308 0.2623691802884615
12 0.34995682211538465 0.3196831201923077 0.3555331274038461 0.2651180480769231 0.29180398317307693 0.24669349038461538 0.2912457067307692 0.24691806971153846 0.285829375 0.29629809615384617 0.34995682211538465 0.3196831201923077
12 0.34039744471153843 0.3690619158653846 0.34517714903846153 0.31591412259615387 0.28228224519230766 0.29520394471153844 0.27587169471153844 0.3478027980769231 0.34039744471153843 0.3690619158653846
12 0.3328296322115385 0.42393844471153846 0.3372110048076923 0.37149930528846153 0.27481269471153846 0.35199670192307697 0.26949878605769234 0.4055138870192308 0.3328296322115385 0.42393844471153846
12 0.3316828317307693 0.47881497596153844 0.33367436778846155 0.4270844903846154 0.2731316610576923 0.407242625 0.2675553533653846 0.4603904182692308 0.3316828317307693 0.47881497596153844
12 0.3306152307692308 0.5350907644230769 0.33400204086538465 0.4797798557692308 0.2702728942307692 0.46135529807692305 0.2672843846153846 0.5117057139423077 0.3306152307692308 0.5350907644230769
12 0.3276772644230769 0.5885128846153846 0.330863704326923 0.5346564110576923 0.26826367548076924 0.5195843389423077 0.26394811778846156 0.5722141802884615 0.3276772644230769 0.5885128846153846
12 0.42430676442307697 0.22454849038461538 0.43086747836538464 0.16774323076923076 0.3678119615384615 0.1501059110576923 0.3621986466346154 0.20587280528846152 0.42430676442307697 0.22454849038461538
12 0.41902885576923077 0.28363603605769233 0.42427741346153847 0.22605263461538463 0.3640639350961538 0.20954963461538462 0.3595450168269231 0.2634040360576923 0.41902885576923077 0.28363603605769233
12 0.41175875721153843 0.33373214182692307 0.4181066298076923 0.28540711298076926 0.3585426105769231 0.2619483798076923 0.3522749519230769 0.3127219110576923 0.41175875721153843 0.33373214182692307
12 0.40337171875 0.38788151923076924 0.4112445889423077 0.3349670336538461 0.3504486274038462 0.31644219951923075 0.34476266346153844 0.3670222307692308 0.40337171875 0.38788151923076924
12 0.3950908245192308 0.4417250625 0.4012141658653846 0.39114503125 0.33935076923076923 0.3688342307692307 0.33342011538461536 0.4191585745192308 0.3950908245192308 0.4417250625
12 0.39098902403846153 0.49493374759615383 0.39667495673076925 0.44124108653846156 0.33831024278846156 0.4212330144230769 0.33237996634615385 0.47703620432692306 0.39098902403846153 0.49493374759615383
12 0.3866152139423077 0.5491625408653846 0.3918637716346154 0.49546991105769234 0.3350293197115385 0.4775682860576923 0.3306304375 0.5320431706730769 0.3866152139423077 0.5491625408653846
12 0.3858286153846154 0.6068170889423077 0.3880155192307692 0.577247170673077 0.38604180288461537 0.548868375 0.33303433894230766 0.5319093846153846 0.32568324759615386 0.5846634615384615 0.3858286153846154 0.6068170889423077
12 0.43573699038461544 0.6930797692307693 0.4401108004807692 0.6393871081730769 0.3749410288461539 0.6183769375 0.3696924711538462 0.6728477091346154 0.43573699038461544 0.6930797692307693
12 0.4885172355769231 0.2517021466346154 0.49403385817307693 0.19905930048076922 0.4319041754807692 0.17043364903846153 0.42181613701923076 0.2222578341346154 0.4885172355769231 0.2517021466346154
12 0.48408050721153845 0.31059068990384614 0.4895971298076923 0.2517021466346154 0.42458214423076923 0.22839615624999998 0.4193854639423077 0.2802541370192308 0.48408050721153845 0.31059068990384614
12 0.47702090865384617 0.3621359903846154 0.48404208173076924 0.3041396682692308 0.4185246875 0.27857055528846153 0.40931680288461536 0.33536845673076926 0.47702090865384617 0.3621359903846154
12 0.46648916586538464 0.4147787139423077 0.47401184375 0.36213592067307687 0.4103737091346154 0.33876231730769235 0.40279713221153846 0.3915801995192308 0.46648916586538464 0.4147787139423077
12 0.4599694951923077 0.46742161298076923 0.46598762259615384 0.4165632932692308 0.40284972836538463 0.39449556971153843 0.39427144471153847 0.44689984615384615 0.4599694951923077 0.46742161298076923
12 0.4553789951923077 0.531868954326923 0.45888956249999996 0.47744165144230766 0.39449680528846154 0.4535582043269231 0.3881763918269231 0.5095626778846154 0.4553789951923077 0.531868954326923
12 0.45298686298076923 0.5843749230769231 0.4595064951923077 0.5335166033653846 0.3938593076923077 0.5111588245192308 0.3867872692307692 0.5584996274038462 0.45298686298076923 0.5843749230769231
12 0.44647725961538465 0.6424742908653845 0.4529969302884615 0.5862624783653846 0.38780038221153845 0.5684174567307692 0.38178221634615384 0.6228447932692307 0.44647725961538465 0.6424742908653845
12 0.5649943100961539 0.30398682211538464 0.6279317115384615 0.2528685576923077 0.6133375480769231 0.20256172115384616 0.5526804879807693 0.2528685576923077 0.5649943100961539 0.30398682211538464
12 0.5875390480769231 0.3792169495192308 0.5980286274038462 0.3256645048076923 0.5374016538461539 0.28542256971153845 0.5250577451923077 0.3345899158653846 0.5875390480769231 0.3792169495192308
12 0.5712499567307693 0.4287123485576923 0.58310771875 0.3775941009615385 0.5219078004807692 0.33509182692307693 0.5110489567307692 0.38408530288461534 0.5712499567307693 0.4287123485576923
12 0.5565199495192308 0.47982350240384614 0.5692898677884616 0.4303280600961538 0.5065128437499999 0.38476115384615384 0.4958629230769231 0.43195083894230774 0.5565199495192308 0.47982350240384614
12 0.5444035240384616 0.5290888461538461 0.5544370072115384 0.4771592091346154 0.4941665985576923 0.43561855528846155 0.48283434374999995 0.4868959951923077 0.5444035240384616 0.5290888461538461
12 0.5330017451923077 0.5836828774038462 0.5434913221153846 0.5349988245192308 0.48390321394230773 0.4901818365384615 0.47348623557692304 0.536969375 0.5330017451923077 0.5836828774038462
12 0.5210466634615385 0.6335260192307692 0.5329044254807692 0.5856533557692308 0.47270346153846154 0.5385921129807693 0.4613017620192308 0.5880875528846153 0.5210466634615385 0.6335260192307692
12 0.5105571658653847 0.6815196826923077 0.5237831442307692 0.6336470480769231 0.4638479711538462 0.5859889567307692 0.4521804807692308 0.6328356298076923 0.5105571658653847 0.6815196826923077
12 0.49824334374999996 0.7322868341346154 0.5101011033653846 0.6803571682692306 0.44990013942307694 0.6349186995192307 0.4389545 0.6836027524038462 0.49824334374999996 0.7322868341346154
12 0.6567475264423077 0.3635932788461539 0.6690613509615384 0.31328643509615384 0.60686515625 0.2702176033653846 0.5933540673076924 0.3157206610576923 0.6567475264423077 0.3635932788461539
12 0.6505598870192307 0.42363695432692305 0.6619615889423076 0.37089589903846154 0.5996504831730769 0.3279962091346154 0.5871664254807692 0.37900990625000003 0.6505598870192307 0.42363695432692305
12 0.6429319543269231 0.47835201442307695 0.6557018725961539 0.42317673076923074 0.5910978100961539 0.3861236442307692 0.5795384927884615 0.43635194230769236 0.6429319543269231 0.47835201442307695
12 0.6250772427884616 0.5376560528846154 0.6364789447115384 0.4824807692307692 0.5726294230769231 0.43623094471153845 0.5612277211538461 0.49140619711538464 0.6250772427884616 0.5376560528846154
12 0.6187284471153845 0.5941904951923077 0.6298427980769231 0.5414602620192308 0.5668613389423076 0.5019125528846154 0.5557469399038462 0.5469529951923077 0.6187284471153845 0.5941904951923077
12 0.6027979879807692 0.6415154278846154 0.6141996899038461 0.593642764423077 0.5523253245192308 0.5498134158653847 0.5398605889423077 0.5985111875 0.6027979879807692 0.6415154278846154
12 0.5874159471153846 0.6883145240384615 0.5969933701923077 0.6396304711538462 0.5363703389423077 0.5939476923076923 0.5249346081730769 0.6420646995192307 0.5874159471153846 0.6883145240384615
12 0.5752634375 0.7372857596153846 0.5834726754807693 0.690224545673077 0.5237277379807692 0.6431632716346154 0.5118699783653846 0.6952455673076923 0.5752634375 0.7372857596153846
12 0.5593010576923076 0.7912778581730768 0.5693345408653846 0.7393481923076923 0.5096189350961539 0.6985243437499999 0.49636365865384613 0.7450280336538462 0.5593010576923076 0.7912778581730768
12 0.6604482524038461 0.2841066370192308 0.6713938557692308 0.3384704543269231 0.7366115961538462 0.29708902163461537 0.726122016826923 0.24597075961538462 0.664708875 0.2821649278846154 0.6604482524038461 0.2841066370192308
12 0.6712324495192308 0.4050053317307692 0.73553803125 0.35632127884615383 0.7213999302884615 0.3100714230769231 0.6589185913461539 0.3546984711538462 0.6712324495192308 0.4050053317307692
12 0.7365279110576922 0.4231779254807692 0.7242946466346154 0.3707452644230769 0.6605679711538461 0.40987926442307693 0.6686887860576923 0.4676962307692308 0.7365279110576922 0.4231779254807692
12 0.6445940432692308 0.5388162524038461 0.711877076923077 0.5022123076923077 0.7007559110576923 0.44780104807692306 0.6345850216346154 0.48341571394230765 0.6445940432692308 0.5388162524038461
12 0.6350182115384615 0.5994910673076923 0.701745235576923 0.5737694711538461 0.6939603701923077 0.5213367331730769 0.6266773389423077 0.5440905264423077 0.6350182115384615 0.5994910673076923
12 0.6801204110576923 0.6568702067307692 0.6806764182692308 0.6004803846153846 0.6128373365384616 0.5965231875 0.6122812860576923 0.64598796875 0.6801204110576923 0.6568702067307692
12 0.6564141201923076 0.7207555913461537 0.6618932451923077 0.6645660600961538 0.6002416129807693 0.6409923149038461 0.5912839663461539 0.6919447668269231 0.6564141201923076 0.7207555913461537
12 0.57497409375 0.7382231682692308 0.6394768365384615 0.7718592331730769 0.6483737596153846 0.7174479350961539 0.5827589182692308 0.690736983173077 0.57497409375 0.7382231682692308
12 0.6239685961538461 0.8182468485576924 0.6328655192307693 0.7668035072115384 0.5691134038461538 0.7365685673076924 0.5605779543269231 0.7895573365384615 0.6239685961538461 0.8182468485576924
12 0.740239 0.2994482235576923 0.8052978341346153 0.2549299182692308 0.7941766682692308 0.20546513701923075 0.7302299759615385 0.24305838221153844 0.740239 0.2994482235576923
12 0.8044961105769232 0.3230820841346154 0.79059465625 0.26768154326923077 0.72753965625 0.3081235408653846 0.7383252187499999 0.3656217884615385 0.8044961105769232 0.3230820841346154
12 0.7362237956730768 0.4301445456730769 0.8046189711538462 0.3826583245192308 0.7923857067307692 0.3331935625 0.7267708245192307 0.3777118461538462 0.7362237956730768 0.4301445456730769
12 0.7923243004807692 0.4497119182692308 0.7828712860576924 0.4002471346153846 0.7177292668269231 0.4440723822115385 0.7250412692307692 0.4912623413461539 0.7923243004807692 0.4497119182692308
12 0.7116344567307693 0.5643609423076923 0.7748922067307693 0.5200748365384615 0.7644599855769231 0.4703778581730769 0.6994011923076923 0.5148961610576923 0.7116344567307693 0.5643609423076923
12 0.7003189471153846 0.6368118341346154 0.7642656394230769 0.5843790961538462 0.752032375 0.5378821947115384 0.6880856826923077 0.5883362572115385 0.7003189471153846 0.6368118341346154
12 0.6780152548076923 0.7067239375000001 0.7425179975961539 0.6592377548076923 0.7269483509615384 0.6137302475961538 0.6672133461538461 0.6646117139423077 0.6780152548076923 0.7067239375000001
12 0.659170673076923 0.7717990120192308 0.7264537067307693 0.7401415817307692 0.7167755192307692 0.6945538197115385 0.6518413629807692 0.7229736850961538 0.659170673076923 0.7717990120192308
12 0.6307503076923078 0.8245594254807693 0.698589391826923 0.8314844663461538 0.7008136322115385 0.7770732043269231 0.63186240625 0.7711374471153847 0.6307503076923078 0.8245594254807693
12 0.7142967596153846 0.8198314879807692 0.7754631610576923 0.76146303125 0.7576693149038461 0.714966091346154 0.6981710625 0.7693773509615384 0.7142967596153846 0.8198314879807692
12 0.7448185048076923 0.6635226634615384 0.8076530985576924 0.6120793581730769 0.7915274014423077 0.56360378125 0.7298049519230769 0.6120793581730769 0.7448185048076923 0.6635226634615384
12 0.7292489014423077 0.7376105865384616 0.7909713533653846 0.6812207283653847 0.7781819975961538 0.633734545673077 0.7171895 0.6878190504807692 0.7292489014423077 0.7376105865384616
12 0.7666890024038462 0.7110089687500001 0.7728056346153847 0.7624523125 0.8389765673076923 0.7357413581730768 0.8311917451923077 0.6823193413461539 0.7666890024038462 0.7110089687500001
12 0.874088829326923 0.2937370336538461 0.8774251706730769 0.2333900144230769 0.8094946875000001 0.2126846153846154 0.8034694567307692 0.27197256009615384 0.874088829326923 0.2937370336538461
12 0.8792161754807692 0.3478206225961538 0.8808843245192308 0.28945216346153846 0.8128151778846154 0.2748916490384615 0.806372516826923 0.32704539182692305 0.8792161754807692 0.3478206225961538
12 0.8751396129807693 0.4065168701923077 0.8795880528846154 0.35309481490384614 0.8095724711538461 0.3350386129807692 0.80173990625 0.3877201610576923 0.8751396129807693 0.4065168701923077
12 0.8661198317307692 0.46873319951923076 0.8733486033653846 0.4083861442307692 0.8020807740384615 0.3932632139423077 0.7971686057692308 0.4459793701923077 0.8661198317307692 0.46873319951923076
12 0.8546268413461539 0.5201765384615384 0.8624116634615385 0.4687331586538462 0.7951286298076923 0.44795792788461536 0.7881805480769231 0.5057870432692307 0.8546268413461539 0.5201765384615384
12 0.8408832163461538 0.5706436225961539 0.8442195576923077 0.5142538004807693 0.7755857067307693 0.5000999639423077 0.77026384375 0.5577828245192308 0.8408832163461538 0.5706436225961539
12 0.890867 0.6502241466346154 0.8975397235576923 0.59383425 0.8284980600961538 0.5737042764423077 0.8224718677884616 0.6254917548076923 0.890867 0.6502241466346154
12 0.8620983942307692 0.6962185600961538 0.8665468341346153 0.6427965817307691 0.8020807740384615 0.6197073437499999 0.79370321875 0.6764326490384616 0.8620983942307692 0.6962185600961538
12 0.9422935985576923 0.31456886298076925 0.9506344711538461 0.25620040384615383 0.8832629206730769 0.2276527451923077 0.8727863245192308 0.2848899735576923 0.9422935985576923 0.31456886298076925
12 0.9463088028846154 0.3751344038461539 0.9529815264423077 0.31874458413461537 0.8851930264423077 0.29288069471153844 0.8779136706730769 0.3494127331730769 0.9463088028846154 0.3751344038461539
12 0.9417374543269231 0.4352629591346154 0.9489662283653846 0.37788378125000005 0.8783964759615385 0.3524785192307692 0.8705619903846155 0.4065733701923077 0.9417374543269231 0.4352629591346154
12 0.9349420552884615 0.4896742596153846 0.9432829278846153 0.43427368269230765 0.8729905024038461 0.4118016923076923 0.8659908317307692 0.46692043028846153 0.9349420552884615 0.4896742596153846
12 0.9256732115384616 0.5440855216346153 0.93178984375 0.4906635408653846 0.8671956995192308 0.46865302644230766 0.8567219879807693 0.5233102884615385 0.9256732115384616 0.5440855216346153
12 0.905904139423077 0.5993767692307692 0.9159132043269231 0.5439763052884615 0.848074079326923 0.5172652403846154 0.8414013966346154 0.5726658173076923 0.905904139423077 0.5993767692307692
12 0.9967113125 0.37466834375 1 0.3318266634615385 0.9499138605769232 0.31970165865384614 0.9453704206730769 0.36254333894230767 0.9967113125 0.37466834375
12 0.9472960625 0.5970223870192307 0.9981826177884615 0.6010640552884615 1 0.5606473701923077 0.9491134471153846 0.5557973798076923 0.9472960625 0.5970223870192307
12 0.8962101466346154 0.6189951899038462 0.887123266826923 0.6610167668269231 0.9357380649038463 0.672345233173077 0.9389184951923077 0.6327368677884616 0.8967093846153846 0.6183393605769231 0.8962101466346154 0.6189951899038462
12 0.9336921298076923 0.7168959687500001 0.9382355697115384 0.6756708990384616 0.890075108173077 0.6651625673076923 0.8841686562500001 0.7055792836538461 0.9336921298076923 0.7168959687500001
12 0.9935678798076922 0.6457208750000001 0.9967483076923076 0.60207078125 0.9454609591346154 0.5953795480769231 0.9431356971153846 0.6392541490384616 0.9935678798076922 0.6457208750000001
12 0.9509308293269231 0.7111334927884615 1 0.6763751201923077 0.9913674567307692 0.6408084230769231 0.9432069951923077 0.6707168076923077 0.9509308293269231 0.7111334927884615
12 0.9462230240384616 0.40991517307692305 0.9848422668269231 0.4220401778846154 0.9912030913461538 0.3816235072115385 0.9494034543269231 0.3686901658653846 0.9462230240384616 0.40991517307692305