12 0.18120659615384616 0.6006944447115384 0.1844618052884615 0.5509259254807692 0.12326388942307692 0.5347222211538462 0.11935763942307692 0.579861110576923 0.18120659615384616 0.6006944447115384
12 0.15842013942307692 0.1658950625 0.1649305552884615 0.1033950625 0.10373263942307692 0.08024691346153846 0.09722222115384614 0.13580246875000002 0.15842013942307692 0.1658950625
12 0.15321180528846154 0.16049382692307693 0.08940972115384614 0.12577160576923077 0.07899305528846154 0.17669753125 0.14149305528846154 0.2137345673076923 0.15321180528846154 0.16049382692307693
12 0.1328125 0.2654320985576923 0.14192708413461538 0.20987654326923078 0.078125 0.17283950721153846 0.07161458413461538 0.23533950721153846 0.1328125 0.2654320985576923
12 0.12847222115384616 0.31790123557692307 0.13498263942307692 0.2600308653846154 0.07378472115384616 0.2299382716346154 0.06857638942307692 0.28549382692307695 0.12847222115384616 0.31790123557692307
12 0.12196180528846154 0.3711419759615385 0.13368055528846154 0.32021605048076923 0.06857638942307692 0.28549382692307695 0.06336805528846154 0.34336419711538463 0.12196180528846154 0.3711419759615385
12 0.12022569471153846 0.43209876442307693 0.13064236057692308 0.37654320913461536 0.06684027884615384 0.3418209879807692 0.0625 0.388888889423077 0.12022569471153846 0.43209876442307693
12 0.12065972115384614 0.486111110576923 0.12586805528846154 0.43209876442307693 0.07118055528846154 0.40740740625 0.06336805528846154 0.45833333413461536 0.12065972115384614 0.486111110576923
12 0.11524678846153846 0.5370370360576924 0.12436137259615385 0.4872685192307692 0.06381449759615385 0.4560185192307692 0.05730407932692308 0.49768518509615384 0.11524678846153846 0.5370370360576924
12 0.11394470432692307 0.5852623461538461 0.12175720432692307 0.5366512355769231 0.06381449759615385 0.5019290120192308 0.05730407932692308 0.5540123461538461 0.11394470432692307 0.5852623461538461
12 0.38933532932692305 0.43016975240384614 0.39259053846153846 0.38040123557692307 0.33009053846153846 0.3630401225961538 0.3255332475961538 0.41165123557692307 0.38933532932692305 0.43016975240384614
12 0.18881449759615385 0.5505401225961538 0.19337178846153844 0.4938271610576923 0.13022074759615385 0.48225308653846155 0.12501241346153846 0.5320216057692307 0.18881449759615385 0.5505401225961538
12 0.19272074759615385 0.4934413581730769 0.19858012259615385 0.44020061778846153 0.13217387259615385 0.4274691346153846 0.13022074759615385 0.4749228389423077 0.19272074759615385 0.4934413581730769
12 0.13239088461538462 0.4274691346153846 0.19163567788461539 0.4436728389423077 0.19489088461538462 0.3869598774038462 0.13304192788461539 0.3730709879807692 0.12978671875 0.4274691346153846 0.13239088461538462 0.4274691346153846
12 0.24415303846153844 0.6226851850961539 0.2513144975961538 0.5648148149038461 0.18686137259615385 0.5497685192307692 0.18165303846153844 0.6006944447115384 0.24415303846153844 0.6226851850961539
12 0.2560888028846154 0.565586420673077 0.2593440096153846 0.5123456778846154 0.19814609375 0.4938271610576923 0.19554192788461539 0.5470679014423078 0.2560888028846154 0.565586420673077
12 0.2604290793269231 0.5119598774038462 0.2662884543269231 0.45640432211538456 0.19858012259615385 0.43788580288461537 0.19597595432692308 0.49228394951923077 0.2604290793269231 0.5119598774038462
12 0.26064609375000003 0.46141975240384614 0.2658544278846154 0.4012345673076923 0.20140130288461539 0.38271605048076923 0.19684400961538462 0.44174382692307695 0.26064609375000003 0.46141975240384614
12 0.19619296875 0.38425925961538465 0.20205234375 0.329861110576923 0.13499505288461539 0.31597222115384616 0.13173984375 0.3680555552884615 0.19619296875 0.38425925961538465
12 0.2621651899038462 0.39891975240384614 0.2667224831730769 0.34452160576923074 0.20487352403846154 0.3317901225961538 0.19966518990384616 0.38271605048076923 0.2621651899038462 0.39891975240384614
12 0.20161831490384616 0.329861110576923 0.20422248317307692 0.28009259375 0.14237352403846154 0.2673611105769231 0.14107143990384616 0.3194444447115385 0.20161831490384616 0.329861110576923
12 0.14020338461538462 0.2638888894230769 0.20465650961538462 0.28009259375 0.20921380288461539 0.22453703605769232 0.14671380288461539 0.2118055552884615 0.14085442788461539 0.26273148076923075 0.14020338461538462 0.2638888894230769
12 0.22006449759615385 0.17013888942307692 0.15430928846153844 0.15509259375 0.1497821778846154 0.20798074519230772 0.14779887259615385 0.20833333413461538 0.21550720432692308 0.22222222115384616 0.22006449759615385 0.17013888942307692
12 0.22397074759615385 0.17554012259615387 0.22852803846153844 0.11882716105769231 0.16407491346153844 0.10378086538461538 0.15951762259615385 0.15702160576923077 0.22397074759615385 0.17554012259615387
12 0.26737352403846154 0.3499228389423077 0.2719308149038462 0.2955246923076923 0.20812873317307692 0.27700617307692305 0.20357143990384616 0.33140432211538456 0.26737352403846154 0.3499228389423077
12 0.2736669278846154 0.3020833341346154 0.2808283846153846 0.24652777884615384 0.21312005288461539 0.22106481490384616 0.20856275961538462 0.27777777884615384 0.2736669278846154 0.3020833341346154
12 0.2853856778846154 0.24421296394230768 0.2886408846153846 0.18634259375 0.22483880288461539 0.16898148076923075 0.21637525961538462 0.2256944447115385 0.2853856778846154 0.24421296394230768
12 0.28885789903846154 0.18865740625 0.2940662331730769 0.13310185096153845 0.23156623317307692 0.11805555528846154 0.22570685817307692 0.17129629567307691 0.28885789903846154 0.18865740625
12 0.3589533846153846 0.20370370432692309 0.36220859375000003 0.1446759254807692 0.2971044278846154 0.12847222115384616 0.2905940096153846 0.18171296394230768 0.3589533846153846 0.20370370432692309
12 0.3478856778846154 0.2598379639423077 0.3556981778846154 0.20254629567307691 0.2912450528846154 0.18402777884615384 0.2847346346153846 0.24421296394230768 0.3478856778846154 0.2598379639423077
12 0.3459325528846154 0.31211419711538463 0.3530940096153846 0.2565586418269231 0.2863622403846154 0.23746142067307693 0.2788752596153846 0.2982253076923077 0.3459325528846154 0.31211419711538463
12 0.3303075528846154 0.36419753125 0.33681796875000003 0.31211419711538463 0.2749690096153846 0.2901234567307692 0.2697606778846154 0.34452160576923074 0.3303075528846154 0.36419753125
12 0.26211775480769234 0.40325330528846154 0.32655954807692306 0.4182098774038462 0.3311168413461539 0.36728394951923077 0.2627574663461539 0.34297839423076926 0.26211775480769234 0.40325330528846154
12 0.3224362836538462 0.46952160576923074 0.3263425336538462 0.4174382716346154 0.26254045192307696 0.4000771610576923 0.25537899278846155 0.45100308653846155 0.3224362836538462 0.46952160576923074
12 0.2584893966346154 0.5037306850961538 0.32070017307692306 0.5216049375 0.3272105913461539 0.46952160576923074 0.26340850721153847 0.4556327163461538 0.2584893966346154 0.5037306850961538
12 0.32091718750000003 0.5756172836538462 0.32677656250000003 0.5235339495192307 0.2616723966346154 0.5061728389423077 0.2564640625 0.5640432091346154 0.32091718750000003 0.5756172836538462
12 0.3065942716346154 0.6319444447115384 0.3105005216346154 0.5752314807692308 0.24865156249999998 0.56134259375 0.24279218749999998 0.6145833341346154 0.3065942716346154 0.6319444447115384
12 0.3632348966346154 0.6473765432692308 0.37169843750000003 0.5952932091346154 0.3072453125 0.5814043221153846 0.3059432283653846 0.6346450625 0.3632348966346154 0.6473765432692308
12 0.3202661466346154 0.5802469134615384 0.3769067716346154 0.60455246875 0.38341718750000003 0.5675154326923078 0.37951093750000003 0.5443672836538462 0.32287031250000003 0.528163579326923 0.31961510336538457 0.5790895072115385 0.3202661466346154 0.5802469134615384
12 0.3786428822115384 0.5443672836538462 0.38515329807692306 0.5061728389423077 0.38124704807692306 0.4888117283653846 0.3252574663461539 0.47608024759615386 0.3193980913461539 0.5270061730769231 0.3786428822115384 0.5443672836538462
12 0.38428524278846155 0.4934413581730769 0.3907956586538462 0.4529320985576923 0.3868894086538462 0.4344135793269231 0.3289467019230769 0.41705246875 0.32373836778846155 0.4737654326923077 0.38428524278846155 0.4934413581730769
12 0.3964380216346154 0.3838734567307692 0.4062036466346154 0.32600308653846155 0.34240156250000003 0.30401234615384615 0.33458906250000003 0.35725308653846155 0.3964380216346154 0.3838734567307692
12 0.3454397572115384 0.3078703701923077 0.4040335072115384 0.3252314807692308 0.4118460072115384 0.2708333341346154 0.3483694447115384 0.25231481490384616 0.3434866322115384 0.3032407403846154 0.3454397572115384 0.3078703701923077
12 0.40772274278846155 0.2781635793269231 0.4168373269230769 0.21913580288461537 0.35498836778846155 0.20061728365384615 0.34717586778846155 0.2550154326923077 0.40772274278846155 0.2781635793269231
12 0.4137991322115384 0.21913580288461537 0.4209605913461539 0.1658950625 0.3591116322115384 0.14043209855769231 0.34999704807692306 0.19945987740384613 0.4137991322115384 0.21913580288461537
12 0.47608211778846155 0.24691357932692307 0.48194149278846155 0.1925154326923077 0.4207435769230769 0.16820987740384613 0.4148842019230769 0.2202932091346154 0.47608211778846155 0.24691357932692307
12 0.4734779519230769 0.3036265432692308 0.4832435769230769 0.24807098798076924 0.4187904519230769 0.22145061778846153 0.4103269086538462 0.27353394951923077 0.4734779519230769 0.3036265432692308
12 0.46544843750000003 0.361111110576923 0.47391197836538457 0.3067129639423077 0.4101098966346154 0.28125 0.4022973966346154 0.3391203701923077 0.46544843750000003 0.361111110576923
12 0.4548147572115384 0.4178240745192308 0.46327829807692306 0.3634259254807692 0.4020803822115384 0.3391203701923077 0.39296579807692306 0.39583333413461536 0.4548147572115384 0.4178240745192308
12 0.4483043413461539 0.46990740625 0.45546579807692306 0.4189814807692308 0.3916637163461539 0.3935185192307692 0.38710642307692306 0.44675925961538465 0.4483043413461539 0.46990740625
12 0.44570017307692306 0.5258487644230769 0.45155954807692306 0.4737654326923077 0.3877574663461539 0.4506172836538462 0.3838512163461539 0.5038580240384616 0.44570017307692306 0.5258487644230769
12 0.4413598966346154 0.5752314807692308 0.44787031250000003 0.5243055552884616 0.38406822836538457 0.49884259375 0.37820885336538457 0.5543981490384615 0.4413598966346154 0.5752314807692308
12 0.4383217019230769 0.6327160504807693 0.4474362836538462 0.5817901225961538 0.3816810769230769 0.5597993822115385 0.3810300336538462 0.6049382716346154 0.4383217019230769 0.6327160504807693
12 0.4246498269230769 0.6763117283653847 0.4305092019230769 0.6288580240384616 0.36866024278846155 0.6080246923076923 0.36280086778846155 0.6566358028846154 0.4246498269230769 0.6763117283653847
12 0.6160186634615384 0.24729938221153847 0.6023467884615384 0.19984567788461538 0.5470082475961539 0.24382716105769228 0.5554717884615384 0.2878086418269231 0.6160186634615384 0.24729938221153847
12 0.5292131081730769 0.2843364206730769 0.5200985240384616 0.3306327163461538 0.5747860240384616 0.3688271610576923 0.5767391490384616 0.3699845673076923 0.5878068581730769 0.32484567788461544 0.5292131081730769 0.2843364206730769
12 0.55829296875 0.4212962956730769 0.57391796875 0.37152777884615384 0.5140221346153846 0.3321759254807692 0.50165234375 0.3807870360576923 0.55829296875 0.4212962956730769
12 0.5339874134615384 0.5231481490384615 0.5489613725961539 0.4756944447115385 0.48971657932692303 0.4328703701923077 0.4773467884615385 0.4768518509615385 0.5339874134615384 0.5231481490384615
12 0.544404079326923 0.4733796298076923 0.5587269975961539 0.42708333413461536 0.5007842884615384 0.3819444447115385 0.48581032932692303 0.42824074038461535 0.544404079326923 0.4733796298076923
12 0.5224856778846154 0.5694444447115384 0.53485546875 0.5231481490384615 0.47756380288461536 0.47800925961538465 0.46519400961538465 0.5243055552884616 0.5224856778846154 0.5694444447115384
12 0.5138051225961539 0.6188271610576923 0.524872829326923 0.5713734567307692 0.46823220432692303 0.5308641971153846 0.4578155384615385 0.5725308653846154 0.5138051225961539 0.6188271610576923
12 0.49926518990384616 0.6720679014423077 0.5103328990384616 0.6188271610576923 0.4530412331730769 0.5794753076923077 0.4419735240384615 0.6234567908653846 0.49926518990384616 0.6720679014423077
12 0.48581032932692303 0.7199074062499999 0.5007842884615384 0.6712962956730769 0.43893532932692303 0.625 0.43112282932692303 0.6747685192307693 0.48581032932692303 0.7199074062499999
12 0.5428849831730769 0.7758487644230769 0.5539526899038462 0.7249228389423077 0.4947078990384615 0.6902006177884614 0.48754643990384616 0.7307098774038461 0.5428849831730769 0.7758487644230769
12 0.560029079326923 0.72955246875 0.573700954326923 0.680941358173077 0.515107204326923 0.6381172836538462 0.503388454326923 0.6820987644230769 0.560029079326923 0.72955246875
12 0.57391796875 0.6759259254807692 0.58563671875 0.6273148149038461 0.5276940096153846 0.5868055552884616 0.51727734375 0.628472221153846 0.57391796875 0.6759259254807692
12 0.5925811634615384 0.6331018509615384 0.6036488725961539 0.5810185192307692 0.544404079326923 0.5416666658653846 0.532685329326923 0.5879629639423076 0.5925811634615384 0.6331018509615384
12 0.6060360240384616 0.5860339495192307 0.6171037331730769 0.5339506177884615 0.5585099831730769 0.4980709879807692 0.5467912331730769 0.5432098774038462 0.6060360240384616 0.5860339495192307
12 0.6134144975961539 0.5216049375 0.6231801225961539 0.47415123557692307 0.563935329326923 0.43827160576923074 0.5554717884615384 0.48225308653846155 0.6134144975961539 0.5216049375
12 0.6346818581730769 0.47608024759615386 0.6457495649038462 0.4216820985576923 0.5852026899038462 0.38348765384615385 0.5741349831730769 0.43325617307692305 0.6346818581730769 0.47608024759615386
12 0.6405412331730769 0.4158950625 0.6509578990384616 0.3661265432692308 0.5910620649038462 0.3244598774038462 0.5825985240384616 0.3730709879807692 0.6405412331730769 0.4158950625
12 0.5886749134615384 0.31983024759615386 0.6479197043269231 0.3603395072115385 0.6583363725961539 0.3105709879807692 0.599091579326923 0.2631172836538461 0.5886749134615384 0.31520061778846153 0.5886749134615384 0.31983024759615386
12 0.7284318581730769 0.28973765384615385 0.7186662331730769 0.23765432211538462 0.6555151899038462 0.27700617307692305 0.6652808149038462 0.3256172836538462 0.7284318581730769 0.28973765384615385
12 0.7926679687499999 0.25077160576923074 0.7816002596153846 0.19984567788461538 0.7210533846153846 0.23919753125 0.7288658846153846 0.2843364206730769 0.7926679687499999 0.25077160576923074
12 0.7247426225961539 0.3468364206730769 0.7149769975961539 0.2970679014423077 0.6524769975961539 0.34104938221153847 0.6622426225961539 0.3896604927884615 0.7247426225961539 0.3468364206730769
12 0.7922339399038462 0.3144290120192308 0.7824683149038462 0.2623456778846154 0.7180151899038462 0.30169753125 0.7290828990384616 0.3584104927884615 0.7922339399038462 0.3144290120192308
12 0.7247426225961539 0.41473765384615385 0.7143259543269231 0.3638117283653846 0.6531280384615384 0.40779320913461536 0.6602894975961539 0.45177469230769235 0.7247426225961539 0.41473765384615385
12 0.7008710937499999 0.4980709879807692 0.6950117187499999 0.4436728389423077 0.6266523437499999 0.4783950625 0.6364179687499999 0.528163579326923 0.7008710937499999 0.4980709879807692
12 0.6921905384615384 0.5690586418269231 0.6856801225961539 0.5158179014423078 0.6231801225961539 0.534336420673077 0.6270863725961539 0.5875771610576923 0.6921905384615384 0.5690586418269231
12 0.6711401899038462 0.6458333341346154 0.6698381081730769 0.5914351850961539 0.6092912331730769 0.5856481490384615 0.6086401899038462 0.6354166658653846 0.6711401899038462 0.6458333341346154
12 0.6470516490384616 0.7110339495192307 0.6516089399038462 0.6589506177884614 0.5917131081730769 0.6334876538461539 0.5832495649038462 0.684413579326923 0.6470516490384616 0.7110339495192307
12 0.6338138028846154 0.7581018509615384 0.6396731778846154 0.7071759254807692 0.5784752596153846 0.684027778846154 0.5706627596153846 0.7303240745192308 0.6338138028846154 0.7581018509615384
12 0.6103763028846154 0.8117283942307693 0.6194908846153846 0.7561728389423077 0.5569908846153846 0.7330246923076923 0.55048046875 0.7827932091346154 0.6103763028846154 0.8117283942307693
12 0.7894127596153846 0.3811728389423077 0.7809492187499999 0.33024691346153845 0.7145429687499999 0.3684413581730769 0.7256106778846154 0.4216820985576923 0.7894127596153846 0.3811728389423077
12 0.7199683149038462 0.4837962956730769 0.7193172740384616 0.4837962956730769 0.7844214399038462 0.44675925961538465 0.7733537331730769 0.3946759254807692 0.7105282115384616 0.4293981490384615 0.7173641490384616 0.4849537043269231 0.7199683149038462 0.4837962956730769
12 0.7659752596153846 0.5065586418269231 0.7536054687499999 0.4637345673076923 0.6930585937499999 0.503086420673077 0.7034752596153846 0.5470679014423078 0.7659752596153846 0.5065586418269231
12 0.6958797740384616 0.6211419759615384 0.7538224831730769 0.5725308653846154 0.7401506081730769 0.5273919759615384 0.6828589399038462 0.5736882716346154 0.6958797740384616 0.6176697524038463 0.6958797740384616 0.6211419759615384
12 0.6709231778846154 0.6990740745192308 0.7308190096153846 0.6539351850961539 0.7194257812499999 0.6053240745192308 0.6605065096153846 0.6504629639423077 0.6715742187499999 0.6944444447115384 0.6709231778846154 0.6990740745192308
12 0.7158450528846154 0.7299382716346153 0.7060794278846154 0.6824845673076924 0.6461835937499999 0.7114197524038463 0.6500898437499999 0.7611882716346153 0.7158450528846154 0.7299382716346153
12 0.6878502596153846 0.815972221153846 0.6891523437499999 0.7650462956730769 0.6246992187499999 0.7615740745192308 0.6246992187499999 0.8125 0.6878502596153846 0.815972221153846
12 0.7106367187499999 0.7997685192307693 0.7627200528846154 0.7546296298076923 0.7477460937499999 0.7094907403846153 0.6917565096153846 0.7604166658653846 0.7034752596153846 0.798611110576923 0.7106367187499999 0.7997685192307693
12 0.8239179687499999 0.7241512355769231 0.8180585937499999 0.67669753125 0.7568606778846154 0.7044753076923077 0.7640221346153846 0.7507716057692307 0.8239179687499999 0.7241512355769231
12 0.7820342884615384 0.6763117283653847 0.7683624134615384 0.6300154326923076 0.7123728293269231 0.6797839495192307 0.7234405384615384 0.7249228389423077 0.7820342884615384 0.6763117283653847
12 0.7954891490384616 0.5999228389423077 0.7831193581730769 0.5547839495192307 0.7245256081730769 0.6080246923076923 0.7375464399038462 0.6473765432692308 0.7954891490384616 0.5999228389423077
12 0.8514787331730769 0.6859567908653846 0.8579891490384616 0.6361882716346153 0.7941870649038462 0.6153549375 0.7876766490384616 0.6639660504807693 0.8514787331730769 0.6859567908653846
12 0.8746992187499999 0.6381172836538462 0.8857669278846154 0.5825617283653846 0.8206627596153846 0.5640432091346154 0.8154544278846154 0.6138117283653846 0.8746992187499999 0.6381172836538462
12 0.8284752596153846 0.56134259375 0.8323815096153846 0.5092592596153847 0.7718346346153846 0.4918981490384615 0.7646731778846154 0.5474537043269231 0.8284752596153846 0.56134259375
12 0.8970516490384616 0.5833333341346154 0.9042131081730769 0.5335648149038461 0.8410620649038462 0.5115740745192308 0.8319474831730769 0.5601851850961539 0.8970516490384616 0.5833333341346154
12 0.8438832475961539 0.5096450625 0.8510447043269231 0.4587191346153846 0.7833363725961539 0.4425154326923077 0.7787790793269231 0.4899691346153846 0.8438832475961539 0.5096450625
12 0.9074683149038462 0.5327932091346154 0.9191870649038462 0.4841820985576923 0.8547339399038462 0.45640432211538456 0.8462703990384616 0.5050154326923078 0.9074683149038462 0.5327932091346154
12 0.8562530384615384 0.4560185192307692 0.8621124134615384 0.4004629639423077 0.7957061634615384 0.38541666586538464 0.7904978293269231 0.4375 0.8562530384615384 0.4560185192307692
12 0.9209231778846154 0.4807098774038462 0.9293867187499999 0.4286265432692308 0.8655846346153846 0.40084876442307693 0.8590742187499999 0.4575617283653846 0.9209231778846154 0.4807098774038462
12 0.8627634543269231 0.40200617307692305 0.8673207475961539 0.34297839423076926 0.7989613725961539 0.3290895072115385 0.7957061634615384 0.38580246875 0.8627634543269231 0.40200617307692305
12 0.9300377596153846 0.4224537043269231 0.9385013028846154 0.3692129639423077 0.8714440096153846 0.34375 0.8623294278846154 0.4016203701923077 0.9300377596153846 0.4224537043269231
12 0.8647165793269231 0.3468364206730769 0.8686228293269231 0.28896605048076923 0.8022165793269231 0.27044753125 0.7976592884615384 0.3283179014423077 0.8647165793269231 0.3468364206730769
12 0.9337269975961539 0.3634259254807692 0.9408884543269231 0.31018518509615384 0.8770863725961539 0.28125 0.8692738725961539 0.3368055552884615 0.9337269975961539 0.3634259254807692
12 0.8592912331730769 0.28163580288461537 0.8664526899038462 0.23070987740384613 0.8013485240384616 0.21103394951923077 0.7948381081730769 0.26195987740384613 0.8592912331730769 0.28163580288461537
12 0.9291697043269231 0.3043981490384616 0.9395863725961539 0.25231481490384616 0.8725290793269231 0.21875 0.8653676225961539 0.2754629639423077 0.9291697043269231 0.3043981490384616