11 0.2841563533653846 0.19488457451923077 0.2883354014423077 0.13384988701923078 0.22206751442307693 0.12111222596153846 0.2217304158653846 0.12335544711538461 0.21788846875 0.17710490865384615 0.2841563533653846 0.19488457451923077
11 0.219182 0.17418584374999999 0.2211222764423077 0.1179277860576923 0.1575409158653846 0.10306716826923078 0.1561287548076923 0.10230733173076922 0.15216784134615385 0.1590598653846154 0.219182 0.17418584374999999
11 0.2120676418269231 0.2315053701923077 0.27848477403846156 0.24928506490384614 0.2817683149038462 0.192761625 0.2169929471153846 0.1749819591346154 0.21574083173076924 0.1765961875 0.2120676418269231 0.2307092860576923 0.2120676418269231 0.2315053701923077
11 0.20788857692307694 0.22672876201923076 0.20982885336538462 0.17259363221153848 0.14490423317307694 0.15561006490384616 0.14308458173076924 0.15601103605769231 0.14147144471153844 0.21319496634615384 0.20788857692307694 0.22672876201923076
11 0.26758937740384614 0.2956081177884615 0.27221618509615386 0.24014616586538462 0.20773932932692307 0.22289723798076924 0.2066945576923077 0.22555092307692307 0.20326176923076922 0.27809382692307694 0.26758937740384614 0.2956081177884615
11 0.13490435096153847 0.2684521177884615 0.19908270432692307 0.2817205264423077 0.2029632716346154 0.22519709855769232 0.13848639903846155 0.21060184134615384 0.13787624759615386 0.2116079783653846 0.13475510336538463 0.2657984326923077 0.13490435096153847 0.2684521177884615
11 0.25992776201923073 0.35062781009615385 0.26455457211538463 0.29490046875 0.19962995432692307 0.2781822764423077 0.19961831009615386 0.2810937860576923 0.19649565865384616 0.3317866682692308 0.25992776201923073 0.35062781009615385
11 0.25679346875 0.40155057692307694 0.26097253365384615 0.3474154471153846 0.19604791346153846 0.3306972548076923 0.19545164423076924 0.33117651442307694 0.19246586057692308 0.38615920673076926 0.25679346875 0.40155057692307694
11 0.2522164423076923 0.4611420168269231 0.2563954903846154 0.40568006490384617 0.19221712740384617 0.38896185817307694 0.1920678798076923 0.38896185817307694 0.19133165625 0.38984869471153843 0.18699331009615383 0.44495456250000004 0.2522164423076923 0.4611420168269231
11 0.2517686538461538 0.5117994567307692 0.2546044350961539 0.4563375048076923 0.1892320576923077 0.4393539423076923 0.18950871153846152 0.4395925985576923 0.18579926682692308 0.4950812788461538 0.2517686538461538 0.5117994567307692
11 0.2523159134615385 0.5674988365384616 0.24977864423076923 0.5664373605769231 0.25395769230769233 0.5109754110576923 0.18798830528846155 0.4937264807692308 0.18744871875 0.4927919519230769 0.18410775240384616 0.5505152668269231 0.2523159134615385 0.5674988365384616
11 0.17590484375 0.5462750913461538 0.17719241826923077 0.5475077932692307 0.17620414903846154 0.5479259302884615 0.17286410576923078 0.6011121706730769 0.23868424519230771 0.6199533149038461 0.24107226682692307 0.5650220865384615 0.17590484375 0.5462750913461538
11 0.2991313076923077 0.6352561826923077 0.3022656033653846 0.5787327572115385 0.23793799278846153 0.5633414014423077 0.23799288942307692 0.5641709759615384 0.23554995673076923 0.6190687283653846 0.2991313076923077 0.6352561826923077
11 0.31226545192307686 0.5798827427884615 0.31734001923076927 0.5230939399038461 0.2528631634615385 0.5055796346153846 0.25205536298076925 0.5063833798076923 0.24778859375 0.5636952716346154 0.31226545192307686 0.5798827427884615
11 0.3163947764423077 0.5268369543269231 0.3208723197115385 0.4716403653846154 0.25549995673076925 0.4541260576923077 0.2546128798076923 0.45525056490384613 0.25161940625 0.5103841225961538 0.3163947764423077 0.5268369543269231
11 0.3192305793269231 0.4823435625 0.3244543966346154 0.42741234615384616 0.2586342572115385 0.4083058365384616 0.25870958173076924 0.40854063221153847 0.2537089519230769 0.46403315624999997 0.3192305793269231 0.4823435625
11 0.45374646875 0.4136693966346154 0.4606120504807692 0.35688059375 0.3928516514423077 0.3311398798076923 0.39195746153846156 0.33351200480769233 0.3858368052884616 0.38766330769230767 0.45374646875 0.4136693966346154
11 0.4524032115384615 0.4114300673076923 0.3855383173076923 0.3878123028846154 0.37986673798076925 0.44274352403846157 0.3803144975961539 0.44353962259615387 0.3810607572115385 0.4461933100961539 0.4464331346153846 0.4684842379807692 0.4524032115384615 0.4114300673076923
11 0.4416570552884615 0.5287228028846154 0.44792564182692307 0.4745876875 0.44792564182692307 0.4711379014423077 0.38076223557692307 0.44752013701923077 0.3807595456730769 0.4472147403846154 0.37538916826923074 0.5059011370192308 0.4416570552884615 0.5287228028846154
11 0.38315024519230767 0.4367727355769231 0.3903143533653846 0.3810454158653846 0.3249419735576923 0.35716227403846157 0.3246434711538461 0.3632657475961538 0.3233978798076923 0.36334209375 0.31852413942307695 0.41501254567307694 0.38315024519230767 0.4367727355769231
11 0.3773294423076923 0.4915712668269231 0.38225476201923075 0.44141667307692306 0.3809114807692308 0.4400898365384615 0.3809114807692308 0.4334556274038462 0.3206136778846154 0.4138183870192308 0.3200166682692308 0.4148798605769231 0.31494209855769234 0.4695457139423077 0.3773294423076923 0.4915712668269231
11 0.3727772403846154 0.5422729134615385 0.3785980673076923 0.4878724302884615 0.3181510096153846 0.4682351730769231 0.3176259879807692 0.4708115456730769 0.31262868750000006 0.5242278557692308 0.3727772403846154 0.5422729134615385
11 0.37240412740384615 0.603970954326923 0.3747921634615385 0.5461206923076923 0.3143450985576923 0.5283410240384615 0.3145787235576923 0.5300230288461538 0.3106137956730769 0.5853951754807692 0.37240412740384615 0.603970954326923
11 0.36123508653846154 0.6490555937500001 0.3685484278846154 0.59571659375 0.30556408653846157 0.5766100817307692 0.3046439639423077 0.5790270721153846 0.30168353365384615 0.6355218269230769 0.36123508653846154 0.6490555937500001
11 0.42023938221153845 0.6843938798076923 0.42576171153846154 0.6276050913461538 0.35979232451923077 0.6095600336538461 0.3594938125 0.6092946875 0.3597784975961539 0.6121393413461539 0.3544192427884615 0.6636951490384615 0.42023938221153845 0.6843938798076923
11 0.4339705673076923 0.6350354230769231 0.43994064423076923 0.5785119951923077 0.37173248317307694 0.5567518052884616 0.3726088918269231 0.5587745432692308 0.3682996754807692 0.6132752307692309 0.4339705673076923 0.6350354230769231
11 0.43710487019230765 0.580236875 0.44322420913461535 0.5239788245192307 0.37725482211538464 0.5014225192307692 0.37621975721153844 0.5024935048076923 0.3712847451923077 0.5568844783653846 0.43710487019230765 0.580236875
11 0.39009048076923075 0.3871325745192308 0.39755307211538465 0.3300784158653846 0.3351657379807692 0.31044116105769226 0.3345687283653846 0.3120333653846154 0.3300911682692308 0.36537238221153845 0.39009048076923075 0.3871325745192308
11 0.3977769711538462 0.3309908894230769 0.40449330528846156 0.27393672596153845 0.3415089615384615 0.2524419110576923 0.3416970456730769 0.25462215625 0.3362851442307692 0.31161900961538463 0.3977769711538462 0.3309908894230769
11 0.4076275817307692 0.28083630288461536 0.4144931802884615 0.22218993509615384 0.35210584615384616 0.20414489182692305 0.3508970817307692 0.2057628533653846 0.3446432403846154 0.26013758653846153 0.4076275817307692 0.28083630288461536
11 0.4141946658653846 0.2268175625 0.42031400721153844 0.16551751201923076 0.35494162740384616 0.14588026442307694 0.35350124759615387 0.1469665576923077 0.3497178100961538 0.2024036971153846 0.4141946658653846 0.2268175625
11 0.349270048076923 0.20877253125 0.3541953701923077 0.14906468750000001 0.28777822836538464 0.1299581778846154 0.2878762475961538 0.1302998918269231 0.2825544110576923 0.18913527644230768 0.349270048076923 0.20877253125
11 0.4069874230769231 0.2225844014423077 0.47624034615384614 0.24938659134615385 0.48280743028846157 0.19206706490384617 0.4174881947115385 0.1631642451923077 0.4175843149038462 0.1612843533653846 0.41504703125 0.16048824759615382 0.41594254567307687 0.1612843533653846 0.4069874230769231 0.2225844014423077
11 0.4722105721153846 0.30986264423076926 0.4798224278846154 0.25095088701923074 0.4123605240384615 0.22467944230769232 0.41157416586538464 0.22428137259615386 0.4048979254807692 0.28306044230769234 0.4722105721153846 0.30986264423076926
11 0.46430018990384614 0.36003354086538464 0.47101653846153846 0.3005910649038462 0.4025098653846154 0.27431960576923076 0.4019128653846154 0.27485034375 0.4028083701923077 0.2745849735576923 0.3957935264423077 0.3361503990384615 0.46430018990384614 0.36003354086538464
11 0.5099713245192308 0.6267611923076923 0.5213144807692308 0.5752797644230769 0.4590763966346154 0.526982733173077 0.4575838653846154 0.5336169423076923 0.4576174302884616 0.5314596947115384 0.4463899735576923 0.580587110576923 0.5099713245192308 0.6267611923076923
11 0.5212398341346154 0.5799237211538462 0.5330307524038461 0.5276461778846154 0.46885239182692307 0.47855306249999996 0.4687376105769231 0.4792833100961538 0.45706147355769233 0.5310959639423077 0.5212398341346154 0.5799237211538462
11 0.5316129086538461 0.5264357211538462 0.5428068028846154 0.4741581802884616 0.48056871634615383 0.42771875000000004 0.48001330288461536 0.42783237500000004 0.4684793028846154 0.4813231274038462 0.5316129086538461 0.5264357211538462
11 0.4821358389423077 0.42970899759615383 0.5443739254807692 0.4750869543269231 0.5566125889423077 0.4222786754807692 0.493031235576923 0.3747777764423077 0.4931118317307692 0.3762430096153846 0.4815388317307692 0.4281167860576923 0.4821358389423077 0.42970899759615383
11 0.5055053870192308 0.3236559423076923 0.5064630600961538 0.3245916177884615 0.49377748557692314 0.38033420192307693 0.5576573509615385 0.4249160721153846 0.5709407668269231 0.3697194663461539 0.5055053870192308 0.3236559423076923
11 0.5734414711538461 0.37546109134615385 0.5847846274038462 0.3184069278846154 0.5213525240384616 0.27621338221153846 0.5202651418269231 0.27756983653846157 0.509412358173077 0.3319407115384615 0.5734414711538461 0.37546109134615385
11 0.6145603966346154 0.2438221610576923 0.5996351826923078 0.18915631009615386 0.5369493533653846 0.24249531009615385 0.5370986009615385 0.24249531009615385 0.5373970985576924 0.24249531009615385 0.5373049302884616 0.24635085817307692 0.5505312836538462 0.2955689519230769 0.6145603966346154 0.2438221610576923
11 0.6415145673076924 0.36149584375 0.6539024927884616 0.3078914639423077 0.5925599134615385 0.2580022403846154 0.5898733822115385 0.2598598221153846 0.5897241322115385 0.26012518990384614 0.5899441057692308 0.26110362740384613 0.5776347187499999 0.3126680865384615 0.6415145673076924 0.36149584375
11 0.5843510360576923 0.3189205552884615 0.5835794326923077 0.31983515865384615 0.5721123725961539 0.37715256009615383 0.637634 0.4212036923076923 0.6494249014423077 0.3658907307692308 0.5843510360576923 0.3189205552884615
11 0.6410668125 0.4176375024038462 0.5757704471153846 0.3754207163461538 0.5762914447115385 0.37756690625 0.56405278125 0.4319673846153846 0.6285296370192307 0.47442629086538457 0.6410668125 0.4176375024038462
11 0.5541250576923077 0.43010343028846154 0.5438291105769231 0.48532273317307695 0.6094999855769231 0.5293738509615384 0.6203953822115384 0.47311580048076923 0.5541250576923077 0.43010343028846154
11 0.604947858173077 0.58578090625 0.61614175 0.5324418894230769 0.5525603990384615 0.48759466346153846 0.5516648846153847 0.4907790961538462 0.5401724783653846 0.5425258846153846 0.604947858173077 0.58578090625
11 0.5913658557692307 0.6328836971153847 0.6021120048076922 0.5792793197115385 0.5367396249999999 0.5360243149038462 0.5365586490384615 0.5377406634615385 0.5261427331730769 0.5888325793269231 0.5913658557692307 0.6328836971153847
11 0.6650963798076923 0.6453561177884615 0.6665889086538462 0.5867097283653846 0.5988284951923076 0.5814023822115385 0.5986792451923078 0.5814023822115385 0.5986078317307693 0.5849009471153847 0.5964404567307692 0.6384565456730769 0.6650963798076923 0.6453561177884615
11 0.6861408918269232 0.56587828125 0.6792753100961538 0.5090894927884615 0.6128581610576923 0.5332379951923077 0.6122611514423076 0.5356263076923077 0.6191267475961539 0.5889653221153845 0.6861408918269232 0.56587828125
11 0.6974094326923077 0.49621915865384614 0.6871110432692308 0.44102257211538465 0.6208431586538462 0.4760511706730769 0.6192934519230769 0.477832375 0.62979828125 0.5315131225961538 0.6974094326923077 0.49621915865384614
11 0.7230188076923076 0.2914472451923077 0.7115264038461538 0.23306624038461538 0.6439152524038462 0.27393293990384615 0.6446666129807692 0.2761189206730769 0.6563031634615384 0.33284468990384614 0.7230188076923076 0.2914472451923077
11 0.7892120360576923 0.25257079807692306 0.7766748774038461 0.19286294951923078 0.7101084807692307 0.2369140721153846 0.7229441514423077 0.29529507932692306 0.7889135408653847 0.25416300240384615 0.7892120360576923 0.25257079807692306
11 0.9227249278846154 0.30573224278846156 0.9306352932692307 0.24628976201923078 0.8606361057692309 0.2168338918269231 0.8604937860576923 0.21726056009615385 0.8513824735576924 0.27707248076923074 0.9227249278846154 0.30573224278846156
11 0.9269039663461538 0.36729766826923077 0.93541134375 0.3059976057692308 0.8642181370192308 0.2781339543269231 0.8642950504807693 0.27976056009615385 0.8572032908653846 0.34129156490384616 0.9269039663461538 0.36729766826923077
11 0.9244413052884616 0.4218471129807692 0.9322024086538462 0.36452760096153847 0.8622032211538462 0.3366639375 0.8618035889423077 0.33781706730769234 0.853695860576923 0.39531031250000004 0.9244413052884616 0.4218471129807692
11 0.855699233173077 0.3974193701923077 0.8492929254807693 0.45437106490384616 0.9186951033653846 0.48064251682692305 0.9260084615384615 0.4225268774038462 0.855699233173077 0.3974193701923077
11 0.9069788413461539 0.5323892908653846 0.9142921826923077 0.47639661778846154 0.8451885096153846 0.45065590384615384 0.8445914999999999 0.45357495192307695 0.8378751586538461 0.5095676394230769 0.9069788413461539 0.5323892908653846
11 0.8941431538461538 0.5870714375 0.9007102379807693 0.5308133870192308 0.8296662884615384 0.5066648846153846 0.8298155360576923 0.5071956225961538 0.8239947091346154 0.5634536586538462 0.8941431538461538 0.5870714375
11 0.8751135408653846 0.635782826923077 0.8812328798076923 0.5816476995192308 0.8112336923076923 0.5577645649038462 0.8110844447115385 0.5606836129807692 0.8110844447115385 0.5628065552884615 0.8057113701923077 0.6140226225961538 0.8751135408653846 0.635782826923077
11 0.8558393389423077 0.2806253245192308 0.8619586802884616 0.21852915625 0.7913624735576923 0.20074948798076922 0.7912132259615384 0.20419927403846155 0.791160735576923 0.20435964182692307 0.7843476298076923 0.2609880697115385 0.8558393389423077 0.2806253245192308
11 0.8601676514423077 0.3413946514423077 0.8664362403846154 0.28115606249999997 0.7921087403846154 0.26072270913461537 0.7924628173076923 0.2645448269230769 0.7880789326923078 0.32228813221153846 0.8601676514423077 0.3413946514423077
11 0.8570333173076924 0.40231292548076925 0.8627048966346155 0.34154361538461536 0.7913624350961539 0.322171735576923 0.7903794447115384 0.32374202403846153 0.7847953509615385 0.38347178365384615 0.8570333173076924 0.40231292548076925
11 0.8574811177884616 0.3952970096153846 0.7856909038461539 0.3772519807692308 0.7858401514423077 0.3817632283653846 0.7859066201923077 0.3818814110576923 0.7810640865384616 0.43961350480769235 0.8516602908653846 0.4558009591346154 0.8574811177884616 0.3952970096153846
11 0.8421827692307692 0.5096870216346153 0.8481528461538462 0.4510406514423077 0.7768103990384615 0.4351185576923077 0.7759088557692307 0.4376166442307692 0.7720343341346154 0.49509177884615385 0.8421827692307692 0.5096870216346153
11 0.8234396370192307 0.56355584375 0.8285142067307691 0.5072977788461539 0.7589627788461539 0.4887219975961538 0.7582705 0.4913203461538461 0.7535897139423077 0.5465722740384615 0.8234396370192307 0.56355584375
11 0.758664266826923 0.5111456009615385 0.7477688870192308 0.4580719567307692 0.6816502427884615 0.5002655048076923 0.6811871658653845 0.5036198701923077 0.6932918966346153 0.5562581947115385 0.758664266826923 0.5111456009615385
11 0.7483658870192307 0.5747175865384615 0.7341869495192307 0.5256244711538461 0.6716503605769231 0.5741868509615384 0.6709609399038462 0.5753791298076923 0.6853815456730769 0.6256682788461538 0.7483658870192307 0.5747175865384615
11 0.7909026730769231 0.5979373173076923 0.7756789639423077 0.5475173629807693 0.712396108173077 0.6019178389423077 0.7129579591346153 0.6034814759615384 0.7271720576923077 0.6533992692307693 0.7909026730769231 0.5979373173076923
11 0.8226187475961539 0.7221459567307692 0.8135143798076924 0.6690723149038462 0.7460524759615385 0.6979974543269231 0.7465002211538461 0.7006511394230769 0.7469948461538463 0.7010282644230769 0.7542613221153847 0.7513364567307692 0.8226187475961539 0.7221459567307692
11 0.8468849038461539 0.6852072043269231 0.8533027403846154 0.6284184158653846 0.7830050384615385 0.6069235865384616 0.7828274014423078 0.6103638389423077 0.7776319735576924 0.6623855384615385 0.8468849038461539 0.6852072043269231
11 0.7768856995192308 0.6733982932692307 0.7621097524038463 0.6213861274038461 0.7009164206730769 0.6733982932692307 0.7010215600961539 0.67649115625 0.715393872596154 0.7248797211538461 0.7768856995192308 0.6733982932692307
11 0.7113681802884616 0.7320074831730768 0.7028608197115385 0.6776069927884615 0.6359959254807692 0.7094511802884615 0.6361078317307692 0.7110129375 0.6451002932692307 0.7638516562500001 0.7113681802884616 0.7320074831730768
11 0.7288306923076924 0.6533258173076923 0.7152487451923076 0.6010482908653846 0.6518166586538462 0.6498760384615385 0.6515074230769231 0.6513671009615384 0.6648015793269231 0.7016228485576923 0.7288306923076924 0.6533258173076923
11 0.6417421129807692 0.71064534375 0.64920471875 0.6549180288461538 0.5823398173076924 0.6275851033653846 0.5823142860576923 0.6292689711538462 0.5759219807692307 0.68172021875 0.6417421129807692 0.71064534375
11 0.6833088052884615 0.8195952716346154 0.6850998341346154 0.7643986802884615 0.6173394182692308 0.757233733173077 0.6161257259615385 0.7594235721153846 0.6159961514423077 0.813226423076923 0.6833088052884615 0.8195952716346154
11 0.7605467187499999 0.7490073677884616 0.74487525 0.699648875 0.6839804326923077 0.7537839903846154 0.6838767860576923 0.7551948966346154 0.7003981586538461 0.8050000552884615 0.7605467187499999 0.7490073677884616
11 0.5735724350961539 0.682694858173077 0.5853633533653846 0.6253753341346153 0.5211849927884615 0.585039358173077 0.5193711875 0.585488 0.5089463221153846 0.6367861658653846 0.5735724350961539 0.682694858173077
11 0.627527048076923 0.7624379567307693 0.6355866490384615 0.7096296778846154 0.6358851610576923 0.7096296778846154 0.5690202668269231 0.6788469663461538 0.5687376514423077 0.6801328509615385 0.561856173076923 0.7327167211538461 0.627527048076923 0.7624379567307693
11 0.5605875 0.7332474711538463 0.5714828966346154 0.6804391923076923 0.508349295673077 0.6358573221153846 0.5091799302884615 0.6364902403846154 0.49805090865384616 0.6889309639423077 0.5605875 0.7332474711538463
11 0.6106615384615385 0.810618560096154 0.6188703846153847 0.7572795432692309 0.5549905360576923 0.7264968317307693 0.5536334447115384 0.7274170817307692 0.5449906466346154 0.781428045673077 0.6106615384615385 0.810618560096154
11 0.5431250192307693 0.7819588269230769 0.5546174230769231 0.7280890865384616 0.49372259615384617 0.6856301658653846 0.4920808269230769 0.6874877475961539 0.48148393509615384 0.73711159375 0.5431250192307693 0.7819588269230769
11 0.49807878365384617 0.6797219975961538 0.5106408341346154 0.6257637956730769 0.4491987596153846 0.5804300649038462 0.44882562499999995 0.5819780480769231 0.44820374519230766 0.5826414639423076 0.43688546875 0.6328402884615384 0.49807878365384617 0.6797219975961538
11 0.7223379014423077 0.35484610336538464 0.7089052187499999 0.29911877884615384 0.6420735 0.3457056490384615 0.6423448028846154 0.3486977283653846 0.6541794975961538 0.40231752884615385 0.7223379014423077 0.35484610336538464
11 0.7892110889423076 0.30649010096153845 0.7762759014423076 0.2510576370192308 0.7081174975961539 0.2970547908653846 0.7080656802884615 0.2995844038461538 0.7232085288461538 0.35543578846153845 0.7892110889423076 0.30649010096153845
11 0.7062444999999999 0.36438262740384614 0.70645134375 0.3654423653846154 0.7194772115384616 0.42081959375 0.7863089471153846 0.3771812644230769 0.7753637884615384 0.32292821875000005 0.7062444999999999 0.36438262740384614
11 0.7793438533653846 0.44228828846153845 0.7670720264423078 0.3883300889423077 0.6984160913461538 0.42960958653846154 0.6983952548076923 0.4328965264423077 0.7108537692307693 0.4868111730769231 0.7793438533653846 0.44228828846153845
11 0.7227939206730769 0.41921602884615383 0.7095270865384615 0.3617195793269231 0.6423636802884616 0.4041784831730769 0.6414387043269231 0.4055658221153846 0.65297715625 0.45931610817307694 0.7227939206730769 0.41921602884615383
11 0.3443427475961538 0.2650228125 0.34981531009615385 0.21076975721153846 0.34981531009615385 0.20870577884615382 0.28381276923076926 0.18777117788461536 0.2831148125 0.1885019375 0.27817435817307695 0.24438305528846155 0.3443427475961538 0.2650228125
11 0.3375434831730769 0.3186861658653846 0.34367940625 0.26236913221153846 0.27585266346153847 0.2429087932692308 0.27617036778846155 0.24611510576923076 0.27154093990384615 0.2980464254807692 0.3375434831730769 0.3186861658653846
11 0.3265651923076923 0.3690947451923077 0.3317061105769231 0.3151365456730769 0.26669855528846154 0.2930225288461539 0.2654277716346154 0.29538348317307694 0.2607284831730769 0.34816014423076924 0.3265651923076923 0.3690947451923077
11 0.1932084014423077 0.3385278125 0.19955161538461536 0.2834639326923077 0.13089568509615385 0.262897875 0.1306514591346154 0.2680861995192308 0.12791063942307693 0.3206154783653846 0.1932084014423077 0.3385278125
11 0.1879845721153846 0.38976248798076923 0.19470092548076925 0.3313815168269231 0.1290300408653846 0.31545939423076924 0.1267452091346154 0.3186072019230769 0.12305994951923077 0.3738404014423077 0.1879845721153846 0.38976248798076923
11 0.15220971153846155 0.15860653846153847 0.15645765625000002 0.1014503125 0.09262372115384615 0.07613826923076923 0.0921644903846154 0.07634239903846154 0.08619440384615386 0.13023256009615383 0.15220971153846155 0.15860653846153847
11 0.13521794951923077 0.21404019471153848 0.14291017307692308 0.1568839591346154 0.07769852403846154 0.12442739182692307 0.07804294951923077 0.12748933173076923 0.07781345913461538 0.12804296875 0.07080996875 0.18146900480769232 0.13521794951923077 0.21404019471153848
11 0.1286738269230769 0.2668882283653846 0.1355623798076923 0.21361046153846155 0.07172844471153847 0.18217453125 0.07241730288461538 0.18462408413461537 0.0663324110576923 0.23463577403846153 0.1286738269230769 0.2668882283653846
11 0.1816391730769231 0.5492959350961539 0.18473901923076924 0.49275210096153843 0.12182356490384616 0.48009607932692305 0.12088898557692307 0.48064162499999996 0.1174608125 0.5350068846153846 0.1816391730769231 0.5492959350961539
11 0.1872265264423077 0.5065182740384615 0.1904411923076923 0.4497702956730769 0.12591839903846153 0.43670601442307694 0.12557396875 0.43793079086538456 0.12327779086538461 0.4912085576923077 0.1872265264423077 0.5065182740384615
11 0.18431801201923076 0.4431235552884615 0.18707343750000002 0.3869879735576923 0.12300988221153847 0.37229065625 0.12278869471153847 0.37254030288461537 0.12002484375 0.4292427524038462 0.18431801201923076 0.4431235552884615
11 0.11347207932692308 0.5314751778846154 0.11378688461538461 0.5337140384615384 0.11336704326923078 0.53388809375 0.11114626442307693 0.5892372259615384 0.17509501201923075 0.6035262884615384 0.17796523317307691 0.5457576682692308 0.11347207932692308 0.5314751778846154
11 0.10593916586538461 0.5924802235576924 0.11374619711538461 0.540835483173077 0.050371492788461536 0.5049087163461539 0.05086704326923076 0.5066386826923077 0.043712562499999996 0.55736996875 0.10593916586538461 0.5924802235576924
11 0.11286600480769231 0.5402445913461539 0.12124707932692308 0.48655855528846154 0.05718352403846154 0.45287720192307696 0.05637257692307692 0.45427675240384613 0.049146879807692306 0.5065632283653846 0.11286600480769231 0.5402445913461539
11 0.11439678125 0.4821572932692308 0.12277785336538462 0.42847126682692305 0.05963277644230769 0.3954022932692308 0.05905873076923077 0.3972394735576923 0.05136650721153846 0.4470470384615384 0.11439678125 0.4821572932692308
11 0.11416716586538461 0.42856075721153847 0.1216297764423077 0.37303757932692305 0.05768102884615385 0.33996861057692307 0.05657948557692308 0.3403166875 0.04964438461538461 0.39283812740384616 0.11416716586538461 0.42856075721153847
11 0.11787933413461538 0.3761890264423077 0.1253419326923077 0.31862455288461533 0.05967105288461538 0.2853514591346154 0.05955624519230769 0.28637210336538466 0.059390560096153844 0.28796625961538463 0.052782497596153846 0.34067052403846154 0.11787933413461538 0.3761890264423077
11 0.1210174639423077 0.3221842403846154 0.1298577764423077 0.2658445456730769 0.06659788942307693 0.23379623076923076 0.06589769711538461 0.23506436778846154 0.058446439903846154 0.2891152956730769 0.1210174639423077 0.3221842403846154
11 0.3257028149038461 0.3644855384615384 0.26003197115384613 0.3450252139423077 0.2540618798076923 0.3963297115384616 0.2535643846153846 0.4034062331730769 0.32072776442307693 0.4228665576923077 0.3257028149038461 0.3644855384615384