12 0.4186948846153846 0.6791564927884616 0.42459667307692306 0.624252 0.35657037500000005 0.6053549158653846 0.35099779086538463 0.66003246875 0.4186948846153846 0.6791564927884616
12 0.3743872235576923 0.5608303076923077 0.4212622235576923 0.5781914206730769 0.4329809735576923 0.5781914206730769 0.4359106610576923 0.5729830865384615 0.4378637860576923 0.5625664206730769 0.4398169110576923 0.5313164206730769 0.4349340985576923 0.5261080865384615 0.3821997235576923 0.5087469759615385 0.3743872235576923 0.5087469759615385 0.3714575360576923 0.5208997524038461 0.3695044110576923 0.5556219759615385 0.3743872235576923 0.5608303076923077
12 0.3695755288461538 0.49235337259615386 0.3725052163461538 0.4975617067307692 0.4232864663461538 0.5149228173076923 0.4310989663461538 0.5149228173076923 0.4340286538461538 0.5097144831730769 0.4379349038461538 0.4749922620192307 0.4379349038461538 0.47152003846153845 0.4350052163461538 0.4663117067307692 0.4310989663461538 0.46283948317307694 0.3842239663461538 0.44547837259615386 0.3744583413461538 0.44547837259615386 0.3715286538461538 0.4506867067307692 0.3695755288461538 0.4645755961538462 0.3695755288461538 0.49235337259615386
12 0.3778229326923077 0.44193980048076925 0.3787994951923077 0.44367591346153845 0.4334869951923077 0.46450924519230774 0.4393463701923077 0.46450924519230774 0.4442291826923077 0.45235646875 0.4461823076923077 0.41763424519230774 0.4412994951923077 0.41242591346153845 0.3944244951923077 0.39506480048076925 0.3827057451923077 0.39506480048076925 0.3797760576923077 0.41068980048076925 0.3778229326923077 0.42805091346153845 0.3778229326923077 0.44193980048076925
12 0.3856354326923077 0.3838133245192308 0.3866119951923077 0.38554943509615386 0.4354401201923077 0.4063827692307692 0.4471588701923077 0.4063827692307692 0.4500885576923077 0.40117443509615386 0.4539948076923077 0.37339665865384614 0.4539948076923077 0.3595077692307692 0.4530182451923077 0.35777165865384614 0.3944244951923077 0.3334661033653846 0.3905182451923077 0.3334661033653846 0.3875885576923077 0.34214665865384614 0.3856354326923077 0.36297999038461537 0.3856354326923077 0.3838133245192308
12 0.3934479326923077 0.32992753125 0.3963776201923077 0.3351358653846154 0.4159088701923077 0.34555253125 0.4452057451923077 0.35596919711538466 0.4549713701923077 0.35596919711538466 0.4579010576923077 0.3507608653846154 0.4618073076923077 0.3195108653846154 0.4618073076923077 0.30909419711538466 0.4608307451923077 0.30735808653846153 0.4022369951923077 0.28305253125 0.3973541826923077 0.2882608653846154 0.3934479326923077 0.32298308653846153 0.3934479326923077 0.32992753125
12 0.29770932692307694 0.6286049903846155 0.30161557692307694 0.6320772139423076 0.34458432692307694 0.6424938798076922 0.35434995192307694 0.6424938798076922 0.35532651442307694 0.6407577692307692 0.36118588942307694 0.6060355456730769 0.36118588942307694 0.5956188798076923 0.36020932692307694 0.5938827692307692 0.31724057692307694 0.5799938798076923 0.30356870192307694 0.5799938798076923 0.30063901442307694 0.5852022139423076 0.29868588942307694 0.5956188798076923 0.29673276442307694 0.6199244350961539 0.29770932692307694 0.6286049903846155
12 0.30899309374999995 0.5765216586538462 0.35196184374999995 0.5904105456730769 0.36368059374999995 0.5904105456730769 0.36661028124999995 0.5817299903846154 0.36661028124999995 0.5504799903846154 0.36368059374999995 0.5417994350961538 0.34805559374999995 0.5348549903846154 0.31289934374999995 0.5244383245192308 0.30996965624999995 0.5331188798076923 0.30801653124999995 0.5470077692307692 0.30606340625 0.5713133245192308 0.30899309374999995 0.5765216586538462
12 0.3114167620192308 0.5218009831730769 0.3123933245192308 0.52353709375 0.3592683245192308 0.540898204326923 0.3670808245192308 0.540898204326923 0.3680573870192308 0.53916209375 0.3719636370192308 0.50791209375 0.3719636370192308 0.4974954278846154 0.3690339495192308 0.49228709374999996 0.3651276995192308 0.48881487259615386 0.3182526995192308 0.4714537620192308 0.3133698870192308 0.47666209374999996 0.3114167620192308 0.4870787620192308 0.3114167620192308 0.5218009831730769
12 0.31485246874999995 0.46798153846153845 0.34024309374999995 0.4783982043269231 0.36563371874999995 0.4853426490384616 0.36758684374999995 0.4853426490384616 0.37051653124999995 0.4801343173076923 0.37442278124999995 0.45235653846153845 0.37442278124999995 0.44193987259615386 0.37149309374999995 0.43673153846153845 0.32852434374999995 0.4193704278846154 0.31680559374999995 0.4193704278846154 0.31387590624999995 0.4315232043269231 0.31192278124999995 0.4627732043269231 0.31485246874999995 0.46798153846153845
12 0.3167700360576923 0.41068980048076925 0.3177465985576923 0.41242591346153845 0.3724340985576923 0.43325924519230774 0.3743872235576923 0.43325924519230774 0.3792700360576923 0.4245786899038461 0.3812231610576923 0.4037453581730769 0.3812231610576923 0.38638424519230774 0.3782934735576923 0.38117591346153845 0.3333715985576923 0.36381480048076925 0.3216528485576923 0.36381480048076925 0.3206762860576923 0.36555091346153845 0.3167700360576923 0.39680091346153845 0.3167700360576923 0.41068980048076925
12 0.3294653485576923 0.35777158653846153 0.3802465985576923 0.3751326995192308 0.3821997235576923 0.3751326995192308 0.3851294110576923 0.3699243653846154 0.3909887860576923 0.33172992067307694 0.3900122235576923 0.32652158653846153 0.3841528485576923 0.3230493653846154 0.3372778485576923 0.3056882548076923 0.3333715985576923 0.3056882548076923 0.3304419110576923 0.31089658653846153 0.3284887860576923 0.32478547596153845 0.3265356610576923 0.3525632548076923 0.3294653485576923 0.35777158653846153
12 0.3363012860576923 0.30047992067307694 0.3372778485576923 0.30221603125 0.3880590985576923 0.3230493653846154 0.3929419110576923 0.3213132548076923 0.3948950360576923 0.3143688100961538 0.3988012860576923 0.27964658653846153 0.3988012860576923 0.2761743653846154 0.3958715985576923 0.27096603125 0.3509497235576923 0.25360492067307694 0.3411840985576923 0.25360492067307694 0.3382544110576923 0.2588132548076923 0.3363012860576923 0.2761743653846154 0.3363012860576923 0.30047992067307694
12 0.4271215985576923 0.6797870240384616 0.4739965985576923 0.71798146875 0.4798559735576923 0.71798146875 0.4827856610576923 0.7127731346153846 0.4905981610576923 0.6780509134615385 0.4896215985576923 0.672842579326923 0.4388403485576923 0.6311759134615385 0.4329809735576923 0.6311759134615385 0.4300512860576923 0.6363842451923076 0.4261450360576923 0.6502731346153846 0.4222387860576923 0.67110646875 0.4271215985576923 0.6797870240384616
12 0.4407934735576923 0.6295061514423076 0.4896215985576923 0.6677005961538461 0.4935278485576923 0.6677005961538461 0.4964575360576923 0.6624922620192308 0.5042700360576923 0.6312422620192308 0.5042700360576923 0.6208255961538461 0.5032934735576923 0.6190894831730769 0.4525122235576923 0.5808950384615384 0.4466528485576923 0.5808950384615384 0.4437231610576923 0.5861033725961539 0.4378637860576923 0.6069367067307693 0.4359106610576923 0.6208255961538461 0.4407934735576923 0.6295061514423076
12 0.4471588701923077 0.5851357932692308 0.4959869951923077 0.6233302379807693 0.5018463701923077 0.6233302379807693 0.5047760576923077 0.6181219038461538 0.5086823076923077 0.6077052379807693 0.5125885576923077 0.5903441274038461 0.5125885576923077 0.5799274591346154 0.5096588701923077 0.5747191274038461 0.4569244951923077 0.5330524591346154 0.4520416826923077 0.5417330168269231 0.4461823076923077 0.5660385721153847 0.4442291826923077 0.5764552379807693 0.4471588701923077 0.5851357932692308
12 0.4579010576923077 0.5373595624999999 0.4588776201923077 0.5390956754807692 0.5096588701923077 0.5772901201923077 0.5135651201923077 0.5772901201923077 0.5184479326923077 0.5686095624999999 0.5262604326923077 0.5373595624999999 0.5262604326923077 0.5338873413461539 0.5213776201923077 0.5252067860576923 0.4686432451923077 0.4870123413461539 0.4637604326923077 0.4956928966346154 0.4618073076923077 0.5026373413461539 0.4579010576923077 0.5199984519230769 0.4579010576923077 0.5373595624999999
12 0.4676667620192308 0.4827052379807692 0.4686433245192308 0.48444134855769233 0.5194245745192307 0.5226357932692308 0.5252839495192307 0.5226357932692308 0.5262605120192307 0.5208996826923077 0.5301667620192307 0.5104830168269231 0.5360261370192307 0.4792330168269231 0.5311433245192307 0.47055245913461535 0.4823151995192308 0.4358302379807692 0.4764558245192308 0.4358302379807692 0.4754792620192308 0.43756634855769233 0.4676667620192308 0.4653441274038462 0.4676667620192308 0.4827052379807692
12 0.4808325360576923 0.4331928966346154 0.4818090985576923 0.43492900721153843 0.4876684735576923 0.4418734519230769 0.5345434735576923 0.47659567548076925 0.5413794110576923 0.4713873413461539 0.5491919110576923 0.4401373413461539 0.5491919110576923 0.42972067548076925 0.5462622235576923 0.4245123413461539 0.4935278485576923 0.38284567548076925 0.4915747235576923 0.38284567548076925 0.4886450360576923 0.38805400721153843 0.4847387860576923 0.4019428966346154 0.4808325360576923 0.41930400721153843 0.4808325360576923 0.4331928966346154
12 0.4945044110576923 0.37853864182692304 0.4974340985576923 0.3837469759615385 0.5462622235576923 0.42194142067307694 0.5521215985576923 0.42194142067307694 0.5570044110576923 0.4132608653846154 0.5628637860576923 0.38548308653846153 0.5628637860576923 0.37159419711538466 0.5618872235576923 0.36985808653846153 0.5091528485576923 0.33166364182692304 0.5032934735576923 0.33166364182692304 0.5023169110576923 0.3333997524038462 0.4964575360576923 0.3577053076923077 0.4945044110576923 0.3681219759615385 0.4945044110576923 0.37853864182692304
12 0.5101294110576923 0.32735646875 0.5130590985576923 0.33256480048076925 0.5618872235576923 0.36728702403846153 0.5677465985576923 0.36728702403846153 0.5706762860576923 0.3620786899038461 0.5765356610576923 0.33430091346153845 0.5765356610576923 0.32041202403846153 0.5716528485576923 0.31173146875 0.5247778485576923 0.2770092451923077 0.5208715985576923 0.2770092451923077 0.5159887860576923 0.28568980048076925 0.5101294110576923 0.31693980048076925 0.5101294110576923 0.32735646875
12 0.5765357403846154 0.31089665865384614 0.5794654278846154 0.31610499038461537 0.6321998028846154 0.35429943509615386 0.6361060528846154 0.35429943509615386 0.6390357403846154 0.3490911033653846 0.6468482403846154 0.3178411033653846 0.6468482403846154 0.30742443509615386 0.6419654278846154 0.29874387980769235 0.6185279278846154 0.27791054567307694 0.5950904278846154 0.26054943509615386 0.5892310528846154 0.26054943509615386 0.5843482403846154 0.26922999038461537 0.5765357403846154 0.2970077692307692 0.5765357403846154 0.31089665865384614
12 0.5706762860576923 0.36735337259615386 0.5736059735576923 0.3725617067307692 0.6146215985576923 0.4038117067307692 0.6263403485576924 0.4107561514423077 0.6321997235576924 0.4107561514423077 0.6331762860576924 0.40902003846153845 0.6429419110576924 0.3708255961538462 0.6429419110576924 0.3638811514423077 0.6400122235576924 0.3552005961538462 0.5833715985576923 0.3170061514423077 0.5804419110576923 0.32221448317307694 0.5765356610576923 0.33610337259615386 0.5706762860576923 0.36040892788461537 0.5706762860576923 0.36735337259615386
12 0.566264014423077 0.42033800721153847 0.571146826923077 0.4290185625 0.621928076923077 0.4637407836538462 0.628764014423077 0.45853245192307696 0.638529639423077 0.42033800721153847 0.638529639423077 0.4168657836538462 0.633646826923077 0.4081852283653846 0.578959326923077 0.37346300721153847 0.575053076923077 0.37346300721153847 0.572123389423077 0.3821435625 0.566264014423077 0.40644911778846154 0.566264014423077 0.42033800721153847
12 0.5447795600961538 0.4827052379807692 0.5496623725961538 0.4913857932692308 0.5984904975961538 0.5261080168269231 0.6043498725961538 0.5261080168269231 0.6072795600961538 0.5208996826923077 0.6150920600961538 0.48617745913461535 0.6150920600961538 0.4757607932692308 0.6121623725961538 0.47055245913461535 0.5574748725961538 0.4323580168269231 0.5555217475961538 0.4323580168269231 0.5525920600961538 0.43756634855769233 0.5467326850961538 0.46187190384615384 0.5447795600961538 0.4722885721153846 0.5447795600961538 0.4827052379807692
12 0.5379792620192307 0.5305478870192307 0.5409089495192307 0.5392284447115384 0.5916901995192307 0.5739506658653846 0.5995026995192307 0.5739506658653846 0.6004792620192307 0.5722145552884615 0.6082917620192307 0.5409645552884615 0.6082917620192307 0.5270756658653846 0.6073151995192307 0.5253395552884615 0.5526276995192307 0.48714511057692306 0.5487214495192307 0.48714511057692306 0.5457917620192307 0.4923534447115384 0.5418855120192307 0.5062423317307693 0.5379792620192307 0.5236034447115384 0.5379792620192307 0.5305478870192307
12 0.5243073870192307 0.5903441274038461 0.5252839495192307 0.5920802379807693 0.5467683245192307 0.6094413485576923 0.5780183245192307 0.6302746826923078 0.5838776995192307 0.6302746826923078 0.5887605120192307 0.6181219038461538 0.5946198870192307 0.5868719038461538 0.5916901995192307 0.5816635721153847 0.5350495745192307 0.5399969038461538 0.5321198870192307 0.5452052379807693 0.5282136370192307 0.5590941274038461 0.5243073870192307 0.5764552379807693 0.5243073870192307 0.5903441274038461
12 0.5067292620192307 0.6329120240384616 0.5096589495192307 0.638120358173077 0.5252839495192307 0.6520092451923076 0.5604401995192307 0.6763148004807692 0.5643464495192307 0.6763148004807692 0.5711823870192307 0.6641620240384616 0.5750886370192307 0.6433286899038462 0.5750886370192307 0.6294398004807692 0.5721589495192307 0.62423146875 0.5213776995192307 0.5860370240384616 0.5174714495192307 0.5860370240384616 0.5125886370192307 0.5981898004807692 0.5067292620192307 0.625967579326923 0.5067292620192307 0.6329120240384616
12 0.4950104326923077 0.6901373413461538 0.4959869951923077 0.691873451923077 0.5487213701923077 0.7300678966346154 0.5555573076923077 0.7248595625 0.5633698076923077 0.6901373413461538 0.5633698076923077 0.6866651201923077 0.5604401201923077 0.6814567860576923 0.5077057451923077 0.6432623413461538 0.5057526201923077 0.6432623413461538 0.5028229326923077 0.6484706754807692 0.4950104326923077 0.676248451923077 0.4950104326923077 0.6901373413461538
12 0.4793855120192308 0.7310355456730769 0.4823151995192308 0.7362438798076922 0.5311433245192307 0.7709661033653846 0.5389558245192307 0.7709661033653846 0.5399323870192307 0.7692299903846155 0.5477448870192307 0.7275633245192308 0.5448151995192307 0.7188827692307692 0.4959870745192308 0.6876327692307692 0.4901276995192308 0.6876327692307692 0.4871980120192308 0.6928411033653846 0.4793855120192308 0.7206188798076922 0.4793855120192308 0.7310355456730769
12 0.6429419110576924 0.2805478870192308 0.6448950360576924 0.2944367764423077 0.6488012860576924 0.31527011057692306 0.6536840985576924 0.3239506658653846 0.7122778485576924 0.28922844471153847 0.7152075360576924 0.28402011057692306 0.7152075360576924 0.27360344471153847 0.7073950360576924 0.23888122115384616 0.7044653485576924 0.23367288701923078 0.6771215985576924 0.24756177644230767 0.6439184735576924 0.26839511057692306 0.6429419110576924 0.27013122115384613 0.6429419110576924 0.2805478870192308
12 0.6395416826923076 0.3474212692307692 0.6454010576923076 0.3751990480769231 0.6502838701923076 0.3873518245192308 0.6561432451923076 0.3873518245192308 0.6620026201923076 0.3838796033653846 0.7049713701923076 0.3526296033653846 0.7088776201923076 0.3491573798076923 0.7137604326923076 0.3404768245192308 0.7059479326923076 0.3057546033653846 0.7010651201923076 0.2936018245192308 0.6932526201923076 0.29707404807692306 0.6424713701923076 0.3317962692307692 0.6395416826923076 0.3370046033653846 0.6395416826923076 0.3474212692307692
12 0.6438829134615385 0.41596455528846155 0.6497422884615385 0.44374233173076927 0.6526719759615385 0.4489506658653846 0.6585313509615385 0.4489506658653846 0.6878282259615385 0.43158955528846155 0.7093126009615385 0.4177006658653846 0.7161485384615385 0.40902011057692306 0.7083360384615385 0.3673534447115384 0.7054063509615385 0.36214511057692306 0.6995469759615385 0.36214511057692306 0.6448594759615385 0.39686733173076927 0.6419297884615385 0.4020756658653846 0.6438829134615385 0.41596455528846155
12 0.6175512860576924 0.4819367764423077 0.6234106610576924 0.5131867764423077 0.6282934735576924 0.5218673317307693 0.6712622235576924 0.501034 0.6868872235576924 0.49061733173076927 0.6898169110576924 0.48540900000000003 0.6898169110576924 0.47499233173076927 0.6878637860576924 0.4611034447115384 0.6839575360576924 0.44374233173076927 0.6810278485576924 0.43853400000000003 0.6751684735576924 0.43853400000000003 0.6185278485576924 0.46978400000000003 0.6175512860576924 0.47152011057692306 0.6175512860576924 0.4819367764423077
12 0.6116919110576923 0.5513812211538461 0.6136450360576923 0.5687423317307693 0.6185278485576924 0.5774228870192307 0.6302465985576924 0.5774228870192307 0.6614965985576924 0.5670062211538461 0.6790747235576924 0.5600617764423077 0.6820044110576924 0.5548534447115384 0.6780981610576924 0.5131867764423077 0.6732153485576924 0.5045062211538461 0.6693090985576924 0.5045062211538461 0.6185278485576924 0.5253395552884615 0.6146215985576923 0.5288117764423077 0.6116919110576923 0.5340201105769231 0.6116919110576923 0.5513812211538461
12 0.5941137860576923 0.6242978173076923 0.5970434735576923 0.6295061514423076 0.6068090985576923 0.6329783725961539 0.6341528485576924 0.6364505961538461 0.6575903485576924 0.6364505961538461 0.6605200360576924 0.6312422620192308 0.6624731610576924 0.6104089278846154 0.6624731610576924 0.5861033725961539 0.6575903485576924 0.5774228173076923 0.5989965985576923 0.5774228173076923 0.5960669110576923 0.5826311514423077 0.5941137860576923 0.5930478173076923 0.5941137860576923 0.6242978173076923
12 0.5741120745192307 0.6858303076923077 0.6190339495192307 0.7066636418269231 0.6346589495192307 0.7066636418269231 0.6375886370192307 0.7014553076923077 0.6414948870192307 0.6771497524038461 0.6414948870192307 0.6563164206730769 0.63773909375 0.6531131057692308 0.5858308245192307 0.6337469759615384 0.5799714495192307 0.6337469759615384 0.5750886370192307 0.6493719759615384 0.5711823870192307 0.67367753125 0.5741120745192307 0.6858303076923077
12 0.5589575360576923 0.7240911033653846 0.5618872235576923 0.7292994350961539 0.5872778485576923 0.7431883245192308 0.6165747235576924 0.7536049903846155 0.6185278485576924 0.7536049903846155 0.6253637860576924 0.7414522139423076 0.6292700360576924 0.7136744350961539 0.6292700360576924 0.7067299903846155 0.6263403485576924 0.7015216586538462 0.5716528485576923 0.6772161033653846 0.5696997235576923 0.6772161033653846 0.5648169110576923 0.6858966586538462 0.5609106610576923 0.7032577692307692 0.5589575360576923 0.7136744350961539 0.5589575360576923 0.7240911033653846
12 0.6516954134615385 0.6546465865384616 0.6595079134615385 0.6824243653846154 0.6643907259615385 0.6911049206730768 0.6702501009615385 0.6911049206730768 0.7073594759615385 0.6633271418269231 0.7190782259615385 0.6529104759615384 0.7239610384615385 0.6442299206730768 0.7200547884615385 0.6268688100961538 0.7112657259615385 0.6042993653846154 0.7073594759615385 0.6042993653846154 0.6526719759615385 0.6424938100961538 0.6516954134615385 0.6442299206730768 0.6516954134615385 0.6546465865384616
12 0.6731797884615385 0.5843009134615385 0.6809922884615385 0.6120786899038462 0.6839219759615385 0.6172870240384616 0.6936876009615385 0.6172870240384616 0.7405626009615385 0.579092579326923 0.7454454134615385 0.5704120240384616 0.7356797884615385 0.532217579326923 0.7347032259615385 0.53048146875 0.7288438509615385 0.53048146875 0.6741563509615385 0.5721481346153846 0.6731797884615385 0.5738842451923077 0.6731797884615385 0.5843009134615385
12 0.6839576153846154 0.5287453581730769 0.6878638653846154 0.5426342451923077 0.6927466778846154 0.5513148004807692 0.6966529278846154 0.5513148004807692 0.7474341778846154 0.516592579326923 0.7523169903846154 0.5113842451923077 0.7523169903846154 0.4940231346153846 0.7503638653846154 0.48013424519230774 0.7464576153846154 0.4662453581730769 0.7435279278846154 0.46103702403846153 0.6810279278846154 0.5027036899038462 0.6800513653846154 0.5079120240384616 0.6839576153846154 0.5287453581730769
12 0.6360704134615385 0.7206188100961538 0.6399766634615385 0.7414521418269231 0.6448594759615385 0.7536049206730768 0.6565782259615385 0.7536049206730768 0.6936876009615385 0.7362438100961538 0.7063829134615385 0.7275632548076924 0.7063829134615385 0.7102021418269231 0.7005235384615385 0.6824243653846154 0.6975938509615385 0.6772160312500001 0.6936876009615385 0.6772160312500001 0.6468126009615385 0.7015215865384616 0.6370469759615385 0.7084660312500001 0.6360704134615385 0.7102021418269231 0.6360704134615385 0.7206188100961538
12 0.6145860384615385 0.7952052379807693 0.6165391634615385 0.8056219038461538 0.6194688509615385 0.8108302379807693 0.6370469759615385 0.8143024591346154 0.6800157259615385 0.8177746826923078 0.6829454134615385 0.8090941274038462 0.6829454134615385 0.7708996826923078 0.6800157259615385 0.7656913485576923 0.6468126009615385 0.7622191274038462 0.6194688509615385 0.7622191274038462 0.6165391634615385 0.7708996826923078 0.6145860384615385 0.7847885721153846 0.6145860384615385 0.7952052379807693
12 0.5482153485576923 0.785623451923077 0.6029028485576923 0.8099290072115385 0.6077856610576923 0.8047206754807692 0.6116919110576923 0.7838873413461538 0.6116919110576923 0.7630540072115385 0.6087622235576923 0.7578456754807692 0.5560278485576923 0.7335401201923077 0.5540747235576923 0.7335401201923077 0.5491919110576923 0.7422206754807692 0.5433325360576923 0.7734706754807692 0.5482153485576923 0.785623451923077
12 0.6814983100961538 0.7588132548076924 0.6912639350961538 0.7900632548076924 0.6961467475961538 0.7952715865384616 0.7020061225961538 0.7917993653846154 0.7469279975961538 0.7501326995192308 0.7518108100961538 0.7414521418269231 0.7439983100961538 0.7102021418269231 0.7391154975961538 0.7015215865384616 0.7371623725961538 0.7015215865384616 0.6844279975961538 0.7431882548076924 0.6814983100961538 0.7483965865384616 0.6814983100961538 0.7588132548076924
12 0.7083360384615385 0.7102021418269231 0.7132188509615385 0.7188826995192308 0.7171251009615385 0.7188826995192308 0.7659532259615385 0.6772160312500001 0.7727891634615385 0.6650632548076924 0.7649766634615385 0.6338132548076924 0.7600938509615385 0.6251326995192308 0.7561876009615385 0.6251326995192308 0.7015001009615385 0.6702715865384616 0.7005235384615385 0.6789521418269231 0.7083360384615385 0.7102021418269231
12 0.7147014350961538 0.6120787620192307 0.7205608100961538 0.6363843173076924 0.7234904975961538 0.6450648725961539 0.7293498725961538 0.64853709375 0.7820842475961538 0.603398204326923 0.7850139350961538 0.5981898725961539 0.7850139350961538 0.587773204326923 0.7752483100961538 0.556523204326923 0.7703654975961538 0.55478709375 0.7156779975961538 0.5999259831730769 0.7147014350961538 0.60166209375 0.7147014350961538 0.6120787620192307
12 0.7473985384615385 0.7136743653846154 0.7542344759615385 0.7431882548076924 0.7620469759615385 0.7431882548076924 0.8089219759615385 0.7223549206730768 0.8147813509615385 0.7188826995192308 0.8177110384615385 0.7136743653846154 0.8177110384615385 0.6997854759615384 0.8138047884615385 0.6789521418269231 0.8108751009615385 0.6702715865384616 0.8011094759615385 0.6702715865384616 0.7503282259615385 0.6911049206730768 0.7464219759615385 0.6945771418269231 0.7454454134615385 0.6997854759615384 0.7473985384615385 0.7136743653846154
12 0.7761893149038461 0.6546465865384616 0.7791190024038461 0.6598549206730768 0.8279471274038461 0.6737438100961538 0.8416190024038461 0.6737438100961538 0.8445486899038461 0.6650632548076924 0.8484549399038461 0.6338132548076924 0.8484549399038461 0.6303410312500001 0.8455252524038461 0.6251326995192308 0.7869315024038461 0.6042993653846154 0.7810721274038461 0.6077715865384615 0.7781424399038461 0.6129799206730769 0.7742361899038461 0.6442299206730768 0.7761893149038461 0.6546465865384616
12 0.8040391634615385 0.6086065384615384 0.8069688509615385 0.6138148725961539 0.8128282259615385 0.61728709375 0.8577501009615385 0.6311759831730769 0.8675157259615385 0.6311759831730769 0.8704454134615385 0.6259676490384615 0.8743516634615385 0.5947176490384616 0.8743516634615385 0.5808287620192307 0.8733751009615385 0.5790926490384616 0.8186876009615385 0.5617315384615384 0.8128282259615385 0.5617315384615384 0.8098985384615385 0.5669398725961539 0.8079454134615385 0.5773565384615384 0.8040391634615385 0.60166209375 0.8040391634615385 0.6086065384615384
12 0.7542344759615385 0.5392283725961539 0.7581407259615385 0.5427005961538461 0.7972032259615385 0.5531172620192307 0.8186876009615385 0.5531172620192307 0.8216172884615385 0.5409644831730769 0.8235704134615385 0.5236033725961539 0.8235704134615385 0.5062422620192307 0.8206407259615385 0.5010339278846154 0.7640001009615385 0.48714503846153845 0.7600938509615385 0.48714503846153845 0.7571641634615385 0.49235337259615386 0.7532579134615385 0.5131867067307693 0.7513047884615385 0.5305478173076923 0.7542344759615385 0.5392283725961539
12 0.770365576923077 0.49742900721153843 0.821146826923077 0.5113178966346154 0.832865576923077 0.5113178966346154 0.835795264423077 0.5061095624999999 0.839701514423077 0.4783317860576923 0.839701514423077 0.4644428966346154 0.836771826923077 0.45923456249999994 0.774271826923077 0.44534567548076925 0.771342139423077 0.45055400721153843 0.769389014423077 0.46097067548076925 0.767435889423077 0.49222067548076925 0.770365576923077 0.49742900721153843
12 0.7830252524038461 0.43930245913461535 0.8435721274038461 0.4566635721153846 0.8484549399038461 0.4514552379807692 0.8523611899038461 0.4167330168269231 0.8523611899038461 0.40631634855769233 0.8494315024038461 0.4011080168269231 0.7947440024038461 0.3872191274038462 0.7869315024038461 0.3872191274038462 0.7840018149038461 0.39242745913461535 0.7820486899038461 0.4097885721153846 0.7800955649038461 0.4340941274038462 0.7830252524038461 0.43930245913461535
12 0.7801666826923076 0.3708255961538462 0.7830963701923076 0.37603392788461537 0.7889557451923076 0.3795061514423077 0.8436432451923076 0.39339503846153845 0.8485260576923076 0.38471448317307694 0.8524323076923076 0.34652003846153845 0.8495026201923076 0.33783948317307694 0.7928619951923076 0.32047837259615386 0.7870026201923076 0.32047837259615386 0.7840729326923076 0.3256867067307692 0.7821198076923076 0.3395755961538462 0.7801666826923076 0.3569367067307692 0.7801666826923076 0.3708255961538462
12 0.8313472764423077 0.5677746826923077 0.8840816514423077 0.5851357932692308 0.8879879014423077 0.5851357932692308 0.8928707139423077 0.5729830168269231 0.8967769639423077 0.5486774591346154 0.8967769639423077 0.5347885721153847 0.8958004014423077 0.5330524591346154 0.8391597764423077 0.5122191274038461 0.8313472764423077 0.5122191274038461 0.8284175889423077 0.5208996826923077 0.8245113389423077 0.5590941274038461 0.8313472764423077 0.5677746826923077
12 0.8348543413461538 0.50791209375 0.8358309038461538 0.509648204326923 0.8573152788461538 0.5200648725961539 0.8905184038461538 0.5304815384615384 0.8944246538461538 0.5304815384615384 0.8993074663461538 0.5218009831730769 0.9032137163461538 0.4940232043269231 0.9032137163461538 0.48360653846153845 0.9002840288461538 0.4783982043269231 0.8455965288461538 0.45756487259615386 0.8416902788461538 0.45756487259615386 0.8387605913461538 0.4662454278846154 0.8348543413461538 0.49055098317307694 0.8348543413461538 0.50791209375
12 0.8548204134615385 0.39422992067307694 0.8557969759615385 0.39596603125 0.9104844759615385 0.42027158653846153 0.9143907259615385 0.42027158653846153 0.9192735384615385 0.41159103125 0.9251329134615385 0.37339658653846153 0.9241563509615385 0.36471603125 0.9202501009615385 0.3612438100961538 0.8694688509615385 0.3438826995192308 0.8597032259615385 0.3438826995192308 0.8587266634615385 0.3456188100961538 0.8548204134615385 0.37339658653846153 0.8548204134615385 0.39422992067307694
12 0.856303076923077 0.33950924519230774 0.869974951923077 0.3464536899038461 0.909037451923077 0.3603425793269231 0.918803076923077 0.3603425793269231 0.921732764423077 0.35513424519230774 0.927592139423077 0.32041202403846153 0.927592139423077 0.3099953581730769 0.926615576923077 0.30825924519230774 0.871928076923077 0.28742591346153845 0.862162451923077 0.28742591346153845 0.861185889423077 0.28916202403846153 0.855326514423077 0.3308286899038461 0.856303076923077 0.33950924519230774
12 0.854349951923077 0.27791047596153845 0.909037451923077 0.2987438100961538 0.916849951923077 0.2987438100961538 0.917826514423077 0.2970076995192308 0.921732764423077 0.27964658653846153 0.925639014423077 0.2518688100961538 0.925639014423077 0.24839658653846156 0.922709326923077 0.2431882548076923 0.866068701923077 0.21888269951923078 0.862162451923077 0.21888269951923078 0.857279639423077 0.2275632548076923 0.853373389423077 0.24839658653846156 0.851420264423077 0.26922992067307694 0.854349951923077 0.27791047596153845
12 0.7870027788461538 0.31700622115384613 0.8416902788461538 0.33436733173076927 0.8475496538461538 0.33436733173076927 0.8504793413461538 0.32915900000000003 0.8563387163461538 0.28402011057692306 0.8534090288461538 0.2788117764423077 0.8006746538461538 0.2649228870192308 0.7889559038461538 0.2649228870192308 0.7840730913461538 0.2770756658653846 0.7821199663461538 0.3083256658653846 0.7870027788461538 0.31700622115384613
12 0.8489610384615385 0.4583996826923077 0.8499376009615385 0.4601357932692308 0.9007188509615385 0.4809691274038462 0.9104844759615385 0.4809691274038462 0.9114610384615385 0.4792330168269231 0.9153672884615385 0.46187190384615384 0.9192735384615385 0.4340941274038462 0.9192735384615385 0.43062190384615384 0.9163438509615385 0.4254135721153846 0.8577501009615385 0.4045802379807692 0.8557969759615385 0.4045802379807692 0.8528672884615385 0.4097885721153846 0.8489610384615385 0.4445107932692308 0.8489610384615385 0.4583996826923077
12 0.6971233100961538 0.44284103125 0.7049358100961538 0.47409103125 0.7098186225961538 0.4792993653846154 0.7195842475961538 0.47582714182692304 0.7664592475961538 0.44457714182692304 0.7713420600961538 0.43589658653846153 0.7713420600961538 0.42895214182692304 0.7674358100961538 0.4081188100961538 0.7625529975961538 0.3924938100961538 0.7566936225961538 0.3924938100961538 0.7000529975961538 0.42721603125 0.6971233100961538 0.4324243653846154 0.6971233100961538 0.44284103125
12 0.7137604326923076 0.4081188100961538 0.7166901201923076 0.41332714182692304 0.7225494951923076 0.41332714182692304 0.7694244951923076 0.38207714182692304 0.7782135576923076 0.37339658653846153 0.7782135576923076 0.3595076995192308 0.7694244951923076 0.3230493653846154 0.7069244951923076 0.3612438100961538 0.7059479326923076 0.3699243653846154 0.7137604326923076 0.4081188100961538
12 0.708842139423077 0.30485344471153847 0.718607764423077 0.3430478870192308 0.721537451923077 0.34825622115384613 0.774271826923077 0.31700622115384613 0.778178076923077 0.31353400000000003 0.783060889423077 0.30485344471153847 0.783060889423077 0.2944367764423077 0.781107764423077 0.28402011057692306 0.775248389423077 0.2631867764423077 0.772318701923077 0.25797844471153847 0.768412451923077 0.25797844471153847 0.711771826923077 0.2927006658653846 0.708842139423077 0.297909 0.708842139423077 0.30485344471153847
12 0.7107951850961538 0.2379799206730769 0.7195842475961538 0.28485492067307694 0.7273967475961538 0.28485492067307694 0.7781779975961538 0.25360492067307694 0.7830608100961538 0.2449243653846154 0.7830608100961538 0.2379799206730769 0.7772014350961538 0.2067299206730769 0.7742717475961538 0.1980493653846154 0.7645061225961538 0.1980493653846154 0.7508342475961538 0.20499381009615383 0.7137248725961538 0.2292993653846154 0.7107951850961538 0.23450769951923078 0.7107951850961538 0.2379799206730769
12 0.5355200360576923 0.24929781730769232 0.5433325360576923 0.2805478173076923 0.5482153485576923 0.28922837259615386 0.5989965985576923 0.25103392788461537 0.6058325360576923 0.24235337259615383 0.6058325360576923 0.2284644831730769 0.6038794110576923 0.21804781730769232 0.5980200360576923 0.1972144831730769 0.5950903485576923 0.1920061514423077 0.5853247235576923 0.19547837259615383 0.5384497235576923 0.23367281730769232 0.5355200360576923 0.2388811514423077 0.5355200360576923 0.24929781730769232
12 0.4041901995192308 0.2770093173076923 0.4569245745192308 0.2978426490384615 0.4627839495192308 0.2978426490384615 0.4637605120192308 0.29610653846153845 0.4676667620192308 0.2683287620192308 0.4676667620192308 0.2509676490384615 0.4666901995192308 0.24923153846153845 0.4627839495192308 0.24575931730769232 0.4120026995192308 0.22492598317307694 0.4080964495192308 0.22492598317307694 0.4032136370192308 0.23707876201923075 0.4012605120192308 0.27180098317307694 0.4041901995192308 0.2770093173076923
12 0.40567278124999995 0.21020214182692307 0.40860246874999995 0.21541047596153848 0.46328996874999995 0.23971603125 0.46524309374999995 0.23971603125 0.46817278124999995 0.23450769951923078 0.47207903124999995 0.2067299206730769 0.47207903124999995 0.18936881009615383 0.47110246874999995 0.18763269951923078 0.45938371874999995 0.1806882548076923 0.41641496874999995 0.16332714182692307 0.41250871874999995 0.16332714182692307 0.40957903124999995 0.16853547596153848 0.40762590624999995 0.17895214182692307 0.40567278124999995 0.1963132548076923 0.40567278124999995 0.21020214182692307
12 0.34317286057692303 0.19193987259615383 0.34610254807692303 0.1971482043269231 0.39883692307692303 0.21450931730769232 0.40079004807692303 0.21450931730769232 0.40371973557692303 0.20930098317307694 0.40957911057692303 0.16416209375000002 0.40664942307692303 0.15895376201923075 0.35782129807692303 0.14159264903846153 0.34805567307692303 0.14159264903846153 0.34512598557692303 0.14680098317307694 0.34317286057692303 0.17110653846153845 0.34317286057692303 0.19193987259615383
12 0.3421606610576923 0.2474953581730769 0.3450903485576923 0.2527036899038462 0.3978247235576923 0.27006480048076925 0.4007544110576923 0.26485646875 0.4046606610576923 0.23013424519230768 0.4046606610576923 0.22318980048076925 0.4017309735576923 0.21798146875 0.3548559735576923 0.2006203581730769 0.3450903485576923 0.2006203581730769 0.3441137860576923 0.20235646875 0.3421606610576923 0.22318980048076925 0.3421606610576923 0.2474953581730769
12 0.27676653125 0.1831929326923077 0.27774309375 0.18492904326923076 0.33438371874999995 0.20229015384615384 0.33633684374999995 0.20229015384615384 0.33926653124999995 0.1970818221153846 0.34317278124999995 0.15888737740384615 0.34317278124999995 0.1519429326923077 0.34024309374999995 0.1467345985576923 0.28360246875 0.12937348798076923 0.27871965625 0.1345818221153846 0.27676653125 0.1658318221153846 0.27676653125 0.1831929326923077
12 0.27380128605769233 0.23270523798076923 0.27673097355769233 0.23791357211538464 0.3294653485576923 0.2552746826923077 0.3353247235576923 0.2552746826923077 0.3382544110576923 0.25006634855769233 0.3402075360576923 0.22576079326923076 0.3402075360576923 0.2049274591346154 0.3392309735576923 0.20319134855769233 0.28454347355769233 0.18583023798076923 0.28063722355769233 0.18583023798076923 0.27770753605769233 0.19103857211538464 0.27380128605769233 0.22576079326923076 0.27380128605769233 0.23270523798076923
12 0.26938893509615386 0.28568980048076925 0.27036549759615386 0.28742591346153845 0.27427174759615386 0.2908981346153846 0.32114674759615386 0.30478702403846153 0.33091237259615386 0.30478702403846153 0.33384206009615386 0.2995786899038462 0.33579518509615386 0.2787453581730769 0.33579518509615386 0.25791202403846153 0.33481862259615386 0.25617591346153845 0.28208424759615386 0.23881480048076925 0.27427174759615386 0.23881480048076925 0.27134206009615386 0.2440231346153846 0.26938893509615386 0.2613842451923077 0.26938893509615386 0.28568980048076925
12 0.2567292620192308 0.3412454278846154 0.2577058245192308 0.34298153846153845 0.3104401995192308 0.3603426490384616 0.3182526995192308 0.3603426490384616 0.3211823870192308 0.3551343173076923 0.3250886370192308 0.3238843173076923 0.3250886370192308 0.3134676490384616 0.3221589495192308 0.3082593173076923 0.2674714495192308 0.2908982043269231 0.2616120745192308 0.2908982043269231 0.2586823870192308 0.2995787620192308 0.2567292620192308 0.32041209374999996 0.2567292620192308 0.3412454278846154
12 0.25181088942307694 0.4411713413461538 0.25474057692307694 0.44637967307692306 0.30356870192307694 0.4602685625 0.31138120192307694 0.4602685625 0.31431088942307694 0.4550602283653846 0.31626401442307694 0.42728245192307696 0.31626401442307694 0.4133935625 0.31528745192307694 0.41165745192307696 0.25864682692307694 0.39082411778846154 0.25376401442307694 0.39950467307692306 0.25181088942307694 0.4168657836538462 0.25181088942307694 0.4411713413461538
12 0.24841074038461539 0.4958255961538462 0.2532935528846154 0.5045061514423077 0.3040748028846154 0.5183950384615384 0.30895761538461536 0.5166589278846154 0.31286386538461536 0.4819367067307692 0.31286386538461536 0.47152003846153845 0.31188730288461536 0.46978392788461537 0.30798105288461536 0.4663117067307692 0.2611060528846154 0.4524228173076923 0.2532935528846154 0.4524228173076923 0.2503638653846154 0.4576311514423077 0.24841074038461539 0.47846448317307694 0.24841074038461539 0.4958255961538462
12 0.24347399278846152 0.5557829182692308 0.24640368028846152 0.5609912499999999 0.29437458413461537 0.5766971850961539 0.30499743028846155 0.5783523629807692 0.30597399278846155 0.5766162499999999 0.30988024278846155 0.5384218052884615 0.30988024278846155 0.5314773629807692 0.30695055528846155 0.5262690288461539 0.25226305528846155 0.5089079182692308 0.24738024278846152 0.5141162499999999 0.24347399278846152 0.5488384735576923 0.24347399278846152 0.5557829182692308
12 0.23423268509615386 0.6129799903846154 0.23911549759615386 0.6181883245192308 0.28013112259615386 0.6286049903846155 0.29380299759615386 0.6286049903846155 0.29673268509615386 0.6233966586538462 0.29868581009615386 0.5817299903846154 0.29575612259615386 0.5765216586538462 0.23911549759615386 0.5626327692307692 0.23618581009615386 0.5678411033653846 0.23423268509615386 0.5817299903846154 0.23227956009615386 0.6060355456730769 0.23423268509615386 0.6129799903846154
12 0.17610947596153848 0.6024969038461538 0.21907822596153848 0.6163857932692308 0.23079697596153848 0.6163857932692308 0.23372666346153848 0.6111774591346154 0.23567978846153848 0.5833996826923077 0.23567978846153848 0.5695107932692308 0.23470322596153848 0.5677746826923077 0.18196885096153848 0.5504135721153847 0.18001572596153848 0.5504135721153847 0.17513291346153848 0.5590941274038461 0.17317978846153848 0.5972885721153847 0.17610947596153848 0.6024969038461538
12 0.18200441105769233 0.5426342451923077 0.18493409855769233 0.547842579326923 0.19079347355769233 0.5513148004807692 0.22790284855769233 0.56173146875 0.24157472355769233 0.56173146875 0.24450441105769233 0.5530509134615385 0.24645753605769233 0.51485646875 0.24157472355769233 0.5096481346153846 0.18884034855769233 0.49575924519230774 0.18688722355769233 0.49575924519230774 0.18395753605769233 0.5044398004807692 0.18200441105769233 0.5252731346153846 0.18200441105769233 0.5426342451923077
12 0.19028745192307694 0.4931883245192308 0.22934995192307694 0.5036049903846154 0.24497495192307694 0.5036049903846154 0.24790463942307694 0.49839665865384614 0.24985776442307694 0.4602022139423077 0.24692807692307694 0.45499387980769235 0.19614682692307694 0.44110499038461537 0.18833432692307694 0.44110499038461537 0.18540463942307694 0.4532577692307692 0.18345151442307694 0.4845077692307692 0.19028745192307694 0.4931883245192308
12 0.18685166346153848 0.43242443509615386 0.18978135096153848 0.4376327692307692 0.23470322596153848 0.45152165865384614 0.24837510096153848 0.45152165865384614 0.2513047884615385 0.4463133245192308 0.2532579134615385 0.40464665865384614 0.2503282259615385 0.3994383245192308 0.19954697596153848 0.38554943509615386 0.19173447596153848 0.38554943509615386 0.18880478846153848 0.3907577692307692 0.18685166346153848 0.40811887980769235 0.18685166346153848 0.43242443509615386
12 0.19075791346153848 0.3768688100961538 0.19368760096153848 0.38207714182692304 0.24446885096153848 0.39596603125 0.2503282259615385 0.39596603125 0.2513047884615385 0.39422992067307694 0.2532579134615385 0.38728547596153845 0.2552110384615385 0.3595076995192308 0.2552110384615385 0.34909103125 0.2542344759615385 0.34735492067307694 0.23860947596153848 0.34041047596153845 0.20150010096153848 0.3299938100961538 0.19564072596153848 0.3299938100961538 0.19271103846153848 0.33520214182692304 0.19075791346153848 0.3595076995192308 0.19075791346153848 0.3768688100961538
12 0.19611126923076924 0.3247855456730769 0.19708783173076924 0.32652165865384614 0.25177533173076927 0.3438827692307692 0.25568158173076927 0.3438827692307692 0.25861126923076927 0.33867443509615386 0.26056439423076927 0.3247855456730769 0.26056439423076927 0.29353554567307694 0.25958783173076927 0.29179943509615386 0.20294720673076924 0.2744383245192308 0.20099408173076924 0.2744383245192308 0.19806439423076924 0.27964665865384614 0.19611126923076924 0.2900633245192308 0.19611126923076924 0.3247855456730769
12 0.20197056490384616 0.26922999038461537 0.20490025240384616 0.2744383245192308 0.2517752524038462 0.2883272139423077 0.2634940024038462 0.2883272139423077 0.2683768149038462 0.27617443509615386 0.2703299399038462 0.24492443509615386 0.2654471274038462 0.23624387980769232 0.21661900240384616 0.22235499038461537 0.20685337740384616 0.22235499038461537 0.20392368990384616 0.22756332451923075 0.20197056490384616 0.24839665865384616 0.20197056490384616 0.26922999038461537
12 0.21173618990384616 0.21714658653846156 0.21271275240384616 0.21888269951923078 0.2693533774038462 0.23624381009615383 0.2713065024038462 0.23624381009615383 0.2742361899038462 0.23103547596153848 0.2761893149038462 0.22409103125 0.2781424399038462 0.19978547596153848 0.2781424399038462 0.18589658653846156 0.2771658774038462 0.18416047596153848 0.2732596274038462 0.1806882548076923 0.22247837740384616 0.1667993653846154 0.21661900240384616 0.1667993653846154 0.21368931490384616 0.17200769951923078 0.21173618990384616 0.18936881009615383 0.21173618990384616 0.21714658653846156
12 0.21958424759615386 0.17451234134615384 0.27231862259615386 0.18840123076923077 0.27427174759615386 0.18840123076923077 0.27720143509615386 0.1831928966346154 0.28110768509615386 0.13805400721153846 0.27427174759615386 0.12937345192307692 0.22153737259615386 0.11895678605769232 0.21860768509615386 0.12416512019230769 0.21665456009615386 0.1345817860576923 0.21470143509615386 0.16930400721153843 0.21958424759615386 0.17451234134615384
12 0.14829518509615386 0.15541512019230772 0.14927174759615386 0.15715123076923077 0.15317799759615386 0.16062345192307692 0.20786549759615386 0.17451234134615384 0.21274831009615386 0.1658317860576923 0.21470143509615386 0.14152623076923077 0.21470143509615386 0.12416512019230769 0.21177174759615386 0.11895678605769232 0.15903737259615386 0.10506789663461538 0.15317799759615386 0.10506789663461538 0.15024831009615386 0.11027623076923078 0.14829518509615386 0.1345817860576923 0.14829518509615386 0.15541512019230772
12 0.13657651442307692 0.19978547596153848 0.13950620192307692 0.20499381009615383 0.14536557692307692 0.20846603125 0.19028745192307694 0.21888269951923078 0.19809995192307694 0.21888269951923078 0.20298276442307694 0.21020214182692307 0.20493588942307694 0.17200769951923078 0.19809995192307694 0.16332714182692307 0.15317807692307692 0.15291047596153845 0.14145932692307692 0.15291047596153845 0.13852963942307692 0.15811881009615383 0.13657651442307692 0.1824243653846154 0.13657651442307692 0.19978547596153848
12 0.13216416346153845 0.26048308653846153 0.13509385096153845 0.26569142067307694 0.18782822596153848 0.2795803076923077 0.19368760096153848 0.2795803076923077 0.19661728846153848 0.27437197596153845 0.19857041346153848 0.2535386418269231 0.19857041346153848 0.22923308653846153 0.19759385096153848 0.22749697596153845 0.19368760096153848 0.22402475240384617 0.14681260096153845 0.21360808653846153 0.13509385096153845 0.21360808653846153 0.13411728846153845 0.2153441971153846 0.13216416346153845 0.22923308653846153 0.13216416346153845 0.26048308653846153
12 0.12923447596153845 0.3152036899038461 0.13314072596153845 0.31867591346153845 0.15853135096153848 0.3256203581730769 0.18001572596153848 0.3290925793269231 0.18978135096153848 0.3290925793269231 0.19075791346153848 0.32735646875 0.19466416346153848 0.28568980048076925 0.18978135096153848 0.2770092451923077 0.13314072596153845 0.2631203581730769 0.12825791346153845 0.27180091346153845 0.12630478846153845 0.3099953581730769 0.12923447596153845 0.3152036899038461
12 0.12095151442307692 0.3638811514423077 0.12192807692307692 0.3656172620192307 0.16880307692307694 0.3795061514423077 0.18247495192307694 0.3795061514423077 0.18540463942307694 0.3742978173076923 0.18735776442307694 0.3638811514423077 0.18735776442307694 0.32915892788461537 0.18638120192307694 0.3274228173076923 0.12974057692307692 0.31353392788461537 0.12583432692307692 0.31353392788461537 0.12290463942307692 0.3187422620192307 0.12095151442307692 0.3326311514423077 0.12095151442307692 0.3638811514423077
12 0.11993931490384616 0.4185355456730769 0.12286900240384616 0.42374387980769235 0.16583775240384616 0.4341605456730769 0.18146275240384616 0.4341605456730769 0.18439243990384616 0.4289522139423077 0.18829868990384616 0.3907577692307692 0.18536900240384616 0.38554943509615386 0.13263462740384616 0.3716605456730769 0.12286900240384616 0.3716605456730769 0.12189243990384616 0.37339665865384614 0.11993931490384616 0.3803411033653846 0.11993931490384616 0.4185355456730769
12 0.11899838942307692 0.4740911033653846 0.12192807692307692 0.47929943509615386 0.16489682692307694 0.4897161033653846 0.18052182692307694 0.4897161033653846 0.18149838942307694 0.48797999038461537 0.18345151442307694 0.4810355456730769 0.18540463942307694 0.4463133245192308 0.18052182692307694 0.4376327692307692 0.13364682692307692 0.4272161033653846 0.12192807692307692 0.4272161033653846 0.12095151442307692 0.4289522139423077 0.11899838942307692 0.43936887980769235 0.11899838942307692 0.4740911033653846
12 0.11896283173076923 0.5288117067307693 0.17169720673076924 0.5427005961538461 0.17755658173076924 0.5427005961538461 0.18243939423076924 0.5340200384615384 0.18439251923076924 0.4958255961538462 0.18146283173076924 0.4906172620192307 0.12677533173076921 0.47672837259615386 0.12286908173076923 0.47672837259615386 0.11798626923076923 0.4888811514423077 0.11603314423076923 0.5201311514423077 0.11896283173076923 0.5288117067307693
12 0.11115025240384616 0.58346603125 0.16193150240384616 0.5973549206730769 0.16974400240384616 0.5973549206730769 0.17462681490384616 0.5886743653846154 0.17462681490384616 0.5504799206730769 0.17169712740384616 0.5452715865384615 0.11310337740384616 0.5313826995192308 0.11017368990384616 0.5504799206730769 0.10822056490384616 0.5747854759615385 0.11115025240384616 0.58346603125
12 0.04109206971153846 0.5583659375 0.04567463701923077 0.5635479399038462 0.055956730769230766 0.5677746826923077 0.10087860576923077 0.5920802379807693 0.10283173076923077 0.5920802379807693 0.10631016346153846 0.5787454182692308 0.1083931514423077 0.5580174399038461 0.11162079326923077 0.5417330168269231 0.11064423076923077 0.5399969038461538 0.054003605769230766 0.5087469038461538 0.049120793269230766 0.5104830168269231 0.045214543269230766 0.5313163485576923 0.043261418269230766 0.5486774591346154 0.04109206971153846 0.5583659375
12 0.044863495192307694 0.49396119471153843 0.0440303125 0.5035848942307692 0.09798447596153846 0.5365247524038461 0.10860292548076923 0.5383783028846154 0.11651828365384616 0.49025976682692307 0.05696885096153846 0.45666364182692304 0.05194567067307692 0.45102466105769234 0.05013291346153846 0.4618719759615385 0.04622666346153846 0.4827053076923077 0.044863495192307694 0.49396119471153843
12 0.0492046875 0.44880381009615383 0.05935692067307692 0.45666364182692304 0.10232567067307692 0.48096919711538466 0.11461051442307692 0.4880389182692308 0.11711009375 0.4724929423076923 0.12044285336538461 0.44880381009615383 0.12283348317307692 0.43409419711538466 0.12252584134615385 0.4317772572115385 0.06131004567307692 0.40110808653846153 0.05935692067307692 0.40110808653846153 0.05642723317307692 0.40631642067307694 0.05447410817307692 0.41673308653846153 0.05252098317307692 0.4306219759615385 0.0492046875 0.44880381009615383
12 0.04966241346153846 0.3976357932692308 0.09849053846153846 0.4254135721153846 0.10825616346153846 0.4254135721153846 0.11173842548076923 0.41252975721153845 0.11548781009615385 0.38736009134615385 0.1159044014423077 0.3821780625 0.1159044014423077 0.37329464903846155 0.05552178846153846 0.34555245913461535 0.05356866346153846 0.34555245913461535 0.04868585096153846 0.3577052379807692 0.04477960096153846 0.3889552379807692 0.04966241346153846 0.3976357932692308
12 0.05157997836538461 0.33172999038461537 0.05646279086538461 0.3404105456730769 0.10529091586538461 0.3647161033653846 0.11546608413461537 0.3716024495192308 0.11671588942307692 0.36049817067307693 0.11838228605769231 0.3486536201923077 0.12088186298076924 0.3316270673076923 0.12189247836538461 0.3178411033653846 0.12091591586538461 0.31610499038461537 0.06232216586538461 0.28485499038461537 0.06036904086538461 0.28485499038461537 0.05548622836538461 0.2970077692307692 0.05157997836538461 0.3213133245192308 0.05157997836538461 0.33172999038461537
12 0.05942803846153846 0.28742591346153845 0.10434991346153846 0.31173146875 0.11798773557692308 0.3149505576923077 0.11923754086538461 0.30310600721153846 0.12290460096153846 0.2822175793269231 0.12548650240384615 0.26609175 0.12631968509615385 0.26461117307692306 0.06724053846153846 0.23534257932692307 0.059247495192307695 0.2305580673076923 0.05845147596153846 0.24055091346153848 0.05649835096153846 0.25443980048076925 0.05454522596153846 0.2822175793269231 0.05942803846153846 0.28742591346153845
12 0.06329872836538461 0.22666209375000002 0.06622841586538461 0.2318704278846154 0.11896279086538461 0.2596482043269231 0.12482216586538461 0.2596482043269231 0.1277518533653846 0.25443987259615386 0.1316581033653846 0.22666209375000002 0.1316581033653846 0.20930098317307694 0.1306815408653846 0.20756487259615383 0.07404091586538461 0.17978709375000002 0.07013466586538461 0.17978709375000002 0.06720497836538461 0.1849954278846154 0.06525185336538461 0.19541209375000002 0.06329872836538461 0.20930098317307694 0.06329872836538461 0.22666209375000002
12 0.07060516826923077 0.1771496826923077 0.07353485576923077 0.18235801682692307 0.12626923076923077 0.20666357211538464 0.13212860576923077 0.20666357211538464 0.13701141826923077 0.19798301682692307 0.14091766826923077 0.15978857211538464 0.13603485576923077 0.15110801682692307 0.08525360576923077 0.12680245913461538 0.07744110576923077 0.12680245913461538 0.07255829326923077 0.1458996826923077 0.07060516826923077 0.16326079326923076 0.07060516826923077 0.1771496826923077
12 0.08623016826923077 0.1250663485576923 0.08720673076923077 0.12680245913461538 0.14384735576923077 0.15458023798076923 0.15068329326923077 0.1458996826923077 0.15263641826923077 0.11812190384615384 0.15263641826923077 0.10423301682692307 0.15165985576923077 0.10249690384615384 0.14189423076923077 0.09555245913461538 0.09697235576923077 0.07471912740384615 0.09111298076923077 0.07471912740384615 0.08818329326923077 0.08687190384615384 0.08623016826923077 0.10423301682692307 0.08623016826923077 0.1250663485576923
12 0.2528230120192308 0.36555098317307694 0.2500390625 0.39779749759615385 0.31513242067307695 0.41630462740384616 0.3146116418269231 0.3968722259615385 0.3153230120192308 0.38291209374999996 0.3153230120192308 0.36555098317307694 0.3143464495192308 0.36381487259615386 0.3084870745192308 0.3603426490384616 0.2616120745192308 0.3464537620192308 0.2557526995192308 0.3464537620192308 0.2528230120192308 0.35166209374999996 0.2528230120192308 0.36555098317307694
12 0.46567799759615386 0 0.46470143509615386 0.001736110576923077 0.46274831009615386 0.008680555288461539 0.46274831009615386 0.029513889423076922 0.46567799759615386 0.034722221153846156 0.5066936225961538 0.04166666586538462 0.5145061225961538 0.04166666586538462 0.5154826850961538 0.03993055528846154 0.5174358100961538 0.015625 0.5174358100961538 0.001736110576923077 0.5164592475961538 0 0.46567799759615386 0
12 0.46274838942307694 0.0696435625 0.46372495192307694 0.07137967307692307 0.47544370192307694 0.07485189663461539 0.512553076923077 0.07832411778846154 0.515482764423077 0.07311578365384616 0.517435889423077 0.05922689663461538 0.517435889423077 0.03144911778846154 0.516459326923077 0.029713007211538463 0.47739682692307694 0.0227685625 0.46567807692307694 0.0227685625 0.46470151442307694 0.024504673076923077 0.46274838942307694 0.03492134134615385 0.46274838942307694 0.0696435625
12 0.4696198870192308 0.12429785336538461 0.4725495745192308 0.12950618509615383 0.5057526995192307 0.1364506298076923 0.5213776995192307 0.1364506298076923 0.5243073870192307 0.13124229807692306 0.5262605120192307 0.11040896394230769 0.5262605120192307 0.0895756298076923 0.5252839495192307 0.08783951923076924 0.5213776995192307 0.08436729807692307 0.5037995745192307 0.08089507451923078 0.4823151995192308 0.07742285336538461 0.4725495745192308 0.07742285336538461 0.4715730120192308 0.07915896394230769 0.4696198870192308 0.08610340865384615 0.4696198870192308 0.12429785336538461
12 0.5208715985576923 0 0.5198950360576923 0.001736110576923077 0.5179419110576923 0.022569444711538465 0.5179419110576923 0.03993055528846154 0.5189184735576923 0.04166666586538462 0.5267309735576923 0.04513888942307693 0.5501684735576923 0.04861111057692307 0.5696997235576923 0.04861111057692307 0.5706762860576923 0.046875 0.5726294110576923 0.008680555288461539 0.5696997235576923 0.003472221153846154 0.5560278485576923 0 0.5208715985576923 0
12 0.5164948076923077 0.07915896394230769 0.5174713701923077 0.08089507451923078 0.5213776201923077 0.08436729807692307 0.5330963701923077 0.08783951923076924 0.5565338701923077 0.09131174278846153 0.5662994951923077 0.09131174278846153 0.5692291826923077 0.08610340865384615 0.5692291826923077 0.04443674278846154 0.5682526201923077 0.042700629807692306 0.5291901201923077 0.035756185096153845 0.5194244951923077 0.035756185096153845 0.5184479326923077 0.03749229807692307 0.5164948076923077 0.05485340865384615 0.5164948076923077 0.07915896394230769
12 0.5598985384615385 0.13818674278846152 0.5667344759615385 0.14686729807692306 0.5862657259615385 0.15033951923076924 0.6155626009615385 0.15033951923076924 0.6165391634615385 0.14860340865384616 0.6184922884615385 0.13818674278846152 0.6184922884615385 0.10346451923076924 0.6155626009615385 0.09825618509615384 0.5960313509615385 0.09478396394230769 0.5647813509615385 0.09478396394230769 0.5618516634615385 0.10346451923076924 0.5598985384615385 0.1208256298076923 0.5598985384615385 0.13818674278846152
12 0.5726294110576923 0.09471761538461537 0.5736059735576923 0.09645372596153846 0.6126684735576923 0.10339817067307691 0.6243872235576924 0.10339817067307691 0.6273169110576924 0.09818983653846154 0.6273169110576924 0.056523170673076925 0.6243872235576924 0.05131483653846154 0.5775122235576923 0.047842615384615386 0.5745825360576923 0.05305094711538461 0.5726294110576923 0.07735650240384614 0.5726294110576923 0.09471761538461537
12 0.57657121875 0 0.57364153125 0.005208334134615384 0.57168840625 0.015625 0.57168840625 0.043402778846153844 0.57461809375 0.04861111057692307 0.60196184375 0.05208333413461538 0.6234462187500001 0.05208333413461538 0.6244227812500001 0.050347221153846156 0.6244227812500001 0.008680555288461539 0.6234462187500001 0.006944444711538461 0.57852434375 0 0.57657121875 0
12 0.6278585697115384 0 0.6268820072115384 0.001736110576923077 0.6249288822115384 0.043402778846153844 0.6278585697115384 0.04861111057692307 0.6747335697115384 0.05208333413461538 0.6776632572115384 0.046875 0.6796163822115384 0.029513889423076922 0.6796163822115384 0.005208334134615384 0.6786398197115384 0.003472221153846154 0.6512960697115384 0 0.6278585697115384 0
12 0.6873932451923076 0 0.6864166826923076 0.001736110576923077 0.6844635576923076 0.008680555288461539 0.6844635576923076 0.046875 0.6854401201923076 0.04861111057692307 0.7186432451923076 0.05208333413461538 0.7381744951923076 0.05208333413461538 0.7391510576923076 0.050347221153846156 0.7411041826923076 0.008680555288461539 0.7381744951923076 0.003472221153846154 0.7166901201923076 0 0.6873932451923076 0
12 0.7708715985576924 0 0.7474340985576924 0.003472221153846154 0.7445044110576924 0.008680555288461539 0.7445044110576924 0.046875 0.7474340985576924 0.05208333413461538 0.7982153485576924 0.05208333413461538 0.8011450360576924 0.046875 0.8011450360576924 0.001736110576923077 0.8001684735576924 0 0.7708715985576924 0
12 0.7411041826923076 0.10513428125 0.7440338701923076 0.11034261538461537 0.7967682451923076 0.11034261538461537 0.7996979326923076 0.10513428125 0.7996979326923076 0.059995391826923074 0.7987213701923076 0.05825928125 0.7459869951923076 0.05825928125 0.7411041826923076 0.06693983653846154 0.7411041826923076 0.10513428125
12 0.8631746538461538 0 0.8602449663461538 0.005208334134615384 0.8563387163461538 0.019097221153846152 0.8446199663461538 0.078125 0.8475496538461538 0.08333333413461538 0.8573152788461538 0.09027777884615386 0.8631746538461538 0.09375 0.8709871538461538 0.09375 0.8739168413461538 0.08506944471153846 0.8817293413461538 0.043402778846153844 0.8875887163461538 0.001736110576923077 0.8866121538461538 0 0.8631746538461538 0
12 0.8059922884615385 0.15902007451923075 0.8069688509615385 0.16075618509615383 0.8577501009615385 0.16075618509615383 0.8606797884615385 0.15554785336538463 0.8606797884615385 0.11388118509615384 0.8597032259615385 0.11214507451923078 0.8304063509615385 0.10867285336538461 0.8089219759615385 0.11214507451923078 0.8059922884615385 0.11735340865384615 0.8059922884615385 0.15902007451923075
12 0.7498576850961538 0.16068983653846153 0.7527873725961538 0.1658981706730769 0.7742717475961538 0.1693703918269231 0.7996623725961538 0.1693703918269231 0.8025920600961538 0.16416206009615383 0.8025920600961538 0.11902317067307691 0.8016154975961538 0.11728706009615385 0.7508342475961538 0.11728706009615385 0.7498576850961538 0.11902317067307691 0.7498576850961538 0.16068983653846153
12 0.6302110384615385 0.15554785336538463 0.6311876009615385 0.15728396394230768 0.6350938509615385 0.16075618509615383 0.6604844759615385 0.16422840865384616 0.6839219759615385 0.16422840865384616 0.6868516634615385 0.15902007451923075 0.6888047884615385 0.13818674278846152 0.6888047884615385 0.11735340865384615 0.6858751009615385 0.11214507451923078 0.6741563509615385 0.10867285336538461 0.6448594759615385 0.1052006298076923 0.6370469759615385 0.1052006298076923 0.6331407259615385 0.10867285336538461 0.6302110384615385 0.11388118509615384 0.6302110384615385 0.15554785336538463
12 0.7151719759615385 0.17117285336538463 0.7327501009615385 0.17464507451923075 0.7464219759615385 0.17464507451923075 0.7513047884615385 0.16596451923076924 0.7513047884615385 0.12429785336538461 0.7503282259615385 0.12256174278846153 0.6965836875 0.1180341514423077 0.6938064134615385 0.16862028365384615 0.7049156153846153 0.17108791105769233 0.7151719759615385 0.17117285336538463
12 0.8284532259615385 0.10785051682692307 0.8333360384615385 0.10264218509615385 0.8352891634615385 0.09222551682692307 0.8450547884615385 0.022781074519230768 0.8450547884615385 0.008892185096153846 0.8421251009615385 0.0036838509615384615 0.8362657259615385 0.0002116298076923077 0.820132875 0.0002116298076923077 0.8146196442307693 0.028377588942307692 0.8059922884615385 0.09569774038461538 0.8108751009615385 0.10090607451923078 0.8284532259615385 0.10785051682692307
12 0.3675512860576923 0.6086065384615384 0.3704809735576923 0.6138148725961539 0.4232153485576923 0.6311759831730769 0.43278382932692305 0.6322163653846153 0.4339575360576923 0.6224954278846154 0.4352834086538462 0.6100078100961539 0.4378637860576923 0.5843009831730769 0.4349340985576923 0.5790926490384616 0.3802465985576923 0.5617315384615384 0.3724340985576923 0.5617315384615384 0.3695044110576923 0.57041209375 0.3675512860576923 0.5912454278846154 0.3675512860576923 0.6086065384615384
12 0.6292701153846154 0.09633915144230769 0.6321998028846154 0.10154748557692309 0.6556373028846154 0.10501970673076923 0.6810279278846154 0.10501970673076923 0.6839576153846154 0.09633915144230769 0.6839576153846154 0.05814470673076923 0.6829810528846154 0.056408596153846156 0.6654029278846154 0.052936375 0.6321998028846154 0.052936375 0.6312232403846154 0.05467248557692307 0.6292701153846154 0.07550581971153845 0.6292701153846154 0.09633915144230769
12 0.6850345721153845 0.09987774038461539 0.6987064471153845 0.1033499639423077 0.7358158221153845 0.1033499639423077 0.7387455096153845 0.09814162980769231 0.7387455096153845 0.05647496394230769 0.7377689471153845 0.054738853365384615 0.7182376971153845 0.0512666298076923 0.6869876971153845 0.0512666298076923 0.6840580096153845 0.05647496394230769 0.6821048846153845 0.09466940865384615 0.6850345721153845 0.09987774038461539
12 0.7845079134615385 0.2613842451923077 0.7854844759615385 0.2631203581730769 0.7913438509615385 0.2665925793269231 0.8460313509615385 0.28048146875 0.8479844759615385 0.28048146875 0.8509141634615385 0.2752731346153846 0.8528672884615385 0.2683286899038462 0.8567735384615385 0.23707868990384615 0.8567735384615385 0.22666202403846156 0.8557969759615385 0.22492591346153848 0.8518907259615385 0.22145368990384615 0.7932969759615385 0.20409257932692307 0.7888590120192307 0.20227530288461537 0.7872968365384616 0.22725993509615383 0.7845079134615385 0.2613842451923077