12 0.5317097524038462 0.2310426298076923 0.5455095528846153 0.2819387019230769 0.6087802860576923 0.2328934110576923 0.595240875 0.17875847596153843 0.5316712524038462 0.22671090144230768 0.5317097524038462 0.2310426298076923
12 0.6357897740384615 0.3525145889423077 0.6534951346153846 0.29837968990384617 0.5855376730769231 0.24285670192307693 0.5739195889423077 0.29397264903846154 0.6357897740384615 0.3525145889423077
12 0.5057071298076923 0.31259976442307696 0.568457125 0.3611823798076923 0.580434298076923 0.30658477884615387 0.5172527548076923 0.26213525240384616 0.5057071298076923 0.31259976442307696
12 0.5691514543269232 0.3618918605769231 0.6339844447115385 0.40862371875000003 0.6475238557692309 0.349861920673077 0.5801865 0.30219793990384614 0.5691514543269232 0.3618918605769231
12 0.5533207788461538 0.4173839903846154 0.5665998197115385 0.36371179326923075 0.5022875889423077 0.31559182692307697 0.4900695456730769 0.3698713269230769 0.5533207788461538 0.4173839903846154
12 0.4900673629807692 0.3624470769230769 0.4762675841346154 0.41935810096153847 0.5395383173076923 0.46747803125000004 0.5533381153846154 0.41149235817307694 0.49008666586538463 0.36571444951923077 0.4900673629807692 0.3624470769230769
12 0.5588407163461538 0.41223268750000003 0.6273189375 0.46035261778846154 0.6403376105769231 0.40621771875 0.5749838822115385 0.36411277403846154 0.5588407163461538 0.41223268750000003
12 0.6513079158653846 0.31571520432692307 0.7177031418269231 0.27684912259615385 0.7093711995192307 0.21901266826923077 0.6385496322115384 0.25602800240384616 0.6513079158653846 0.31571520432692307
12 0.6497630408653846 0.38147912259615385 0.7187620024038461 0.33891147836538466 0.7052225504807693 0.28153773317307695 0.6380254423076923 0.32862718269230773 0.6497630408653846 0.38147912259615385
12 0.6489645889423077 0.4426469615384615 0.7156202043269231 0.40146740625 0.7046845264423076 0.3473325048076923 0.6377477692307691 0.3907570625 0.6489645889423077 0.4426469615384615
12 0.6245589759615384 0.5213802884615385 0.6953805432692307 0.4848752355769231 0.6844448653846154 0.4265761057692308 0.6160722620192308 0.46576247596153847 0.6245589759615384 0.5213802884615385
12 0.5395556826923077 0.4707926634615385 0.6033471538461538 0.5161364519230769 0.6181884711538461 0.46153883173076926 0.5520834903846153 0.4133837043269231 0.5395556826923077 0.4707926634615385
12 0.4665469639423077 0.46570308413461536 0.5279950913461539 0.5152110841346154 0.5402326346153846 0.46200155528846154 0.47580702644230766 0.41349838942307693 0.4665469639423077 0.46570308413461536
12 0.45453507692307693 0.5129284759615385 0.5159832019230769 0.5619737596153846 0.5303037427884616 0.5092269110576922 0.46489984134615386 0.4629523942307693 0.45453507692307693 0.5129284759615385
12 0.5389654783653847 0.5251435168269231 0.6004136057692308 0.574188798076923 0.6147341634615384 0.5228300600961538 0.5509067475961539 0.4745941586538462 0.5389654783653847 0.5251435168269231
12 0.5849995841346154 0.6233266298076923 0.5987993629807693 0.5710425024038461 0.5350078725961539 0.5256987139423077 0.5337975913461539 0.525843295673077 0.522770329326923 0.5784455600961539 0.5849995841346154 0.6233266298076923
12 0.5032943509615385 0.6243471514423077 0.5673462115384615 0.6692282211538461 0.5814063822115385 0.6174658966346154 0.5165972331730769 0.5749567019230769 0.5032943509615385 0.6243471514423077
12 0.49312242307692306 0.6670381490384615 0.49520623798076924 0.6731536586538461 0.5579554134615384 0.7183969254807692 0.5725363221153846 0.6642619903846154 0.5079637211538461 0.6184555336538462 0.49312242307692306 0.6670381490384615
12 0.4762849591346154 0.7201859711538462 0.5416386875 0.7692312716346154 0.5525743653846154 0.7150963725961539 0.4904942836538462 0.672210625 0.4762849591346154 0.7201859711538462
12 0.4452657692307692 0.5628399038461539 0.5048912908653846 0.6114225192307692 0.5173892235576922 0.5642279735576923 0.4544570264423077 0.5138455384615385 0.4452657692307692 0.5628399038461539
12 0.43148333653846155 0.6150624903846154 0.49397294951923076 0.6701228317307693 0.5069916225961538 0.6155251947115384 0.44555523317307694 0.5680647740384616 0.43148333653846155 0.6150624903846154
12 0.4200442788461538 0.6628739326923078 0.4791490504807693 0.7146953725961538 0.49372995913461537 0.665187389423077 0.43222604086538463 0.6131271923076923 0.4200442788461538 0.6628739326923078
12 0.6048573533653846 0.7988127187499999 0.6131892956730769 0.7446778197115385 0.5491374350961539 0.7127520937499999 0.5403124663461538 0.763037641826923 0.6048573533653846 0.7988127187499999
12 0.5562543052884615 0.7143252451923078 0.6239514182692307 0.7434747932692307 0.632283360576923 0.6958175817307691 0.5654641514423078 0.6614882283653846 0.5562543052884615 0.7143252451923078
12 0.6373172235576923 0.6977608341346154 0.644868076923077 0.6473274615384615 0.5792539591346154 0.6186405817307693 0.5725823052884615 0.66782775 0.6373172235576923 0.6977608341346154
12 0.6611327740384615 0.632706451923077 0.6639968581730769 0.576258076923077 0.5936960504807692 0.5707057740384616 0.5925608461538462 0.6242634134615385 0.6611327740384615 0.632706451923077
12 0.61421340625 0.5740679350961538 0.6832123677884615 0.5550975865384615 0.6759219038461539 0.4981865360576923 0.6082642139423077 0.5203347235576923 0.61421340625 0.5740679350961538
12 0.6341927812500001 0.6997967307692308 0.6443473293269231 0.7469912572115385 0.7099614278846154 0.7155282500000001 0.6992861418269231 0.6660202307692308 0.6344962115384616 0.6956787019230769 0.6341927812500001 0.6997967307692308
12 0.6108112091346154 0.7983191322115384 0.6790290408653846 0.8057221899038461 0.6811120360576923 0.7534380649038461 0.6139757355769231 0.7422894254807691 0.6108112091346154 0.7983191322115384
12 0.6937661610576923 0.7885717499999999 0.7552143076923077 0.7381383605769231 0.7393315120192308 0.6881676586538461 0.6791852716346154 0.7418399086538462 0.6937661610576923 0.7885717499999999
12 0.6490340096153846 0.6435334038461539 0.6589282091346154 0.6823994855769231 0.7237611778846154 0.6398318581730769 0.7099613774038461 0.590323875 0.6473222091346155 0.6379906682692307 0.6490340096153846 0.6435334038461539
12 0.6818236754807692 0.6130883389423076 0.7466566850961538 0.5635803365384615 0.7333776225961538 0.5122215697115384 0.6685288317307693 0.5623890721153846 0.6818236754807692 0.6130883389423076
12 0.689843264423077 0.5377004158653846 0.7557177524038461 0.4960581754807692 0.7460839423076924 0.44377403125 0.6780474519230769 0.48452826923076925 0.689843264423077 0.5377004158653846
12 0.7731355216346153 0.4275722908653846 0.7608979783653846 0.3757507956730769 0.6932008870192308 0.4187811081730769 0.7049176899038462 0.47337871153846156 0.7731355216346153 0.4275722908653846
12 0.7171552740384615 0.40264863221153846 0.7869353629807693 0.36146907692307695 0.7754789062499999 0.30548340384615386 0.7056599062500001 0.34769491826923077 0.7171552740384615 0.40264863221153846
12 0.7154367427884616 0.3429922427884616 0.784435704326923 0.2967230841346154 0.7724585504807693 0.24212548317307692 0.7050484591346154 0.2881179086538462 0.7154367427884616 0.3429922427884616
12 0.7734999903846155 0.1798471875 0.7047614206730769 0.22102673798076924 0.7164782235576923 0.2784005 0.7839149278846154 0.2358328701923077 0.7734999903846155 0.1798471875
12 0.7878379711538461 0.18262338221153845 0.7808078966346154 0.24323597596153845 0.8500672067307692 0.26498249278846153 0.8586595384615384 0.20714602884615385 0.7885946298076922 0.18356035817307692 0.7878379711538461 0.18262338221153845
12 0.7850780576923077 0.3106038365384615 0.8553788870192308 0.3314249567307692 0.8624089615384616 0.2703496754807692 0.790586579326923 0.24818735817307694 0.7850780576923077 0.3106038365384615
12 0.7820056081730768 0.36677460096153847 0.8507442187500001 0.38944653125 0.8577742932692308 0.32837120432692307 0.7867326081730769 0.3087896538461538 0.7820056081730768 0.36677460096153847
12 0.7826716201923076 0.36343511538461537 0.7751838293269231 0.4210946081730769 0.8462657836538461 0.4428411322115385 0.854858076923077 0.3826912451923077 0.7826716201923076 0.36343511538461537
12 0.7674246802884616 0.4809668942307692 0.8372047692307691 0.4994745576923077 0.8437141033653847 0.44163811057692304 0.7734132764423076 0.4194289014423077 0.7674246802884616 0.4809668942307692
12 0.7503962692307693 0.5350400889423077 0.81939525 0.5512342932692308 0.8256441971153846 0.4947859014423077 0.7563545817307692 0.4759967740384615 0.7503962692307693 0.5350400889423077
12 0.8373089086538462 0.49336707932692303 0.9060475192307693 0.5243674014423078 0.9154209375 0.46745635817307696 0.8451694591346153 0.4360368076923077 0.8373089086538462 0.49336707932692303
12 0.9131525769230768 0.47001581009615384 0.9222656466346154 0.4103285721153846 0.8524855384615384 0.38117900721153847 0.8457158317307693 0.43531394230769227 0.9131525769230768 0.47001581009615384
12 0.919505639423077 0.40838524759615386 0.9283583581730769 0.3486979927884616 0.8575367740384615 0.3227872716346154 0.8492048100961539 0.3787729447115385 0.919505639423077 0.40838524759615386
12 0.853006360576923 0.32371268990384616 0.9233071875000001 0.3551757139423077 0.933722125 0.2931750360576923 0.8626700649038461 0.2631659639423077 0.853006360576923 0.32371268990384616
12 0.8483716995192307 0.26532101201923075 0.9189329182692307 0.2926198221153846 0.9285667259615384 0.23200722355769232 0.857745139423077 0.2019322716346154 0.8489206033653847 0.26133596634615386 0.8483716995192307 0.26532101201923075
12 0.8212951826923077 0.5502578100961538 0.8882114663461539 0.5733709951923077 0.8981056658653847 0.5132211009615385 0.8265371875 0.4881462668269231 0.8212951826923077 0.5502578100961538
12 0.8018195673076923 0.5977086274038462 0.8695166418269231 0.6217685937499999 0.8781089735576924 0.5662456057692308 0.807188079326923 0.5415486538461539 0.8018195673076923 0.5977086274038462
12 0.7250788725961539 0.6390424182692308 0.7896514927884616 0.5849075168269231 0.7761120600961539 0.534011451923077 0.7117492259615384 0.58915525 0.7250788725961539 0.6390424182692308
12 0.7122511754807692 0.715571545673077 0.7734389326923077 0.6591231514423076 0.7601598918269231 0.6119286081730769 0.6973569158653846 0.6638756538461539 0.7122511754807692 0.715571545673077
12 0.7512723918269231 0.7387061033653846 0.8189694855769231 0.7100192403846154 0.8106375240384616 0.6563470072115384 0.7442624639423077 0.6839009735576924 0.7512723918269231 0.7387061033653846
12 0.7751399951923077 0.6500236370192307 0.8417956105769231 0.6694566682692307 0.8496067932692307 0.6130083100961539 0.7794620552884616 0.590074610576923 0.7751399951923077 0.6500236370192307
12 0.08161106730769231 0.11927553125 0.1464812596153846 0.1499453798076923 0.1524326514423077 0.09230723076923077 0.08684936778846154 0.06300286057692307 0.08161106730769231 0.11927553125
12 0.1432774375 0.14677266586538462 0.2099330408653846 0.16633789423076922 0.21499171634615385 0.10658458653846153 0.14748499278846156 0.09078065865384616 0.1432774375 0.14677266586538462
12 0.20691763461538462 0.15607935576923077 0.2729780841346154 0.17775975480769232 0.2804173269230769 0.11589130769230768 0.21292171875 0.0975821923076923 0.20691763461538462 0.15607935576923077
12 0.27364203125000003 0.16780087259615384 0.34000007211538463 0.19265402403846155 0.3462490528846154 0.13184313221153846 0.28025802884615386 0.11169335096153846 0.27364203125000003 0.16780087259615384
12 0.34168632211538463 0.1895694110576923 0.40477107692307696 0.21336497596153844 0.4139957548076923 0.15414047115384613 0.3466542067307692 0.13056207451923077 0.34168632211538463 0.1895694110576923
12 0.06444070192307692 0.17009228365384615 0.12871575 0.20234850961538461 0.13675012259615385 0.14682551923076922 0.07271012259615385 0.11239374278846154 0.06444070192307692 0.17009228365384615
12 0.13603595673076924 0.20465756971153848 0.2023939951923077 0.22316523317307693 0.20715510576923077 0.1686998293269231 0.14059676201923077 0.14763901442307692 0.13603595673076924 0.20465756971153848
12 0.20222681971153847 0.20909000240384618 0.2705671610576923 0.23072693509615386 0.27681614182692305 0.17467514423076924 0.2089702548076923 0.15035079326923076 0.20222681971153847 0.20909000240384618
12 0.05791398317307693 0.21840609134615382 0.12367688221153846 0.2548926754807692 0.13319910096153847 0.1993696466346154 0.06521476923076923 0.16669094711538462 0.05791398317307693 0.21840609134615382
12 0.05272636298076923 0.27422881250000003 0.11729897836538461 0.3107153365384615 0.12830906730769231 0.2551923485576923 0.06225830288461538 0.21831279567307693 0.05272636298076923 0.27422881250000003
12 0.04765773076923077 0.33015715625000003 0.11252792067307693 0.36452852884615383 0.11996716105769231 0.30953432451923074 0.053915161057692305 0.2763904038461539 0.04765773076923077 0.33015715625000003
12 0.04361080769230769 0.3814145769230769 0.10877856490384616 0.4221314182692308 0.1174080889423077 0.3666084302884615 0.05098356971153846 0.3311167620192308 0.04361080769230769 0.3814145769230769
12 0.12845782692307692 0.25293609134615386 0.19600614903846153 0.27144375480769234 0.19927940865384614 0.21380559615384614 0.1333894206730769 0.1980668028846154 0.12845782692307692 0.25293609134615386
12 0.12620619471153846 0.2490407596153846 0.1238256514423077 0.30403490384615384 0.18958853846153845 0.3225425673076923 0.19137395192307693 0.26596201442307693 0.12667325721153846 0.24946181730769232 0.12620619471153846 0.2490407596153846
12 0.11811233894230769 0.3616025600961539 0.18298250721153847 0.3785238365384615 0.18714848798076922 0.32405845432692304 0.12058717788461538 0.30534306009615386 0.11811233894230769 0.3616025600961539
12 0.1151862235576923 0.4124310841346154 0.178271 0.43093874759615386 0.18481752403846155 0.3751924879807692 0.1189250625 0.35822864182692304 0.1151862235576923 0.4124310841346154
12 0.05459114903846153 0.3799338317307692 0.04655676682692308 0.4365144038461538 0.10964811778846154 0.4761478004807692 0.11856862019230768 0.41959310817307693 0.054524668269230775 0.38483956009615383 0.05459114903846153 0.3799338317307692
12 0.11706089423076924 0.4726426538461539 0.17955051923076923 0.4911503149038462 0.18520434615384615 0.43298335576923075 0.11812184855769231 0.4183424663461538 0.11706089423076924 0.4726426538461539
12 0.19410172596153846 0.2646870096153846 0.2595670480769231 0.28636741826923073 0.2678990072115385 0.2287292596153846 0.20157439182692308 0.20497486538461537 0.19410172596153846 0.2646870096153846
12 0.19075900240384616 0.2578832283653846 0.18748574038461538 0.3144638125 0.2529510625 0.3356154278846154 0.2583073245192308 0.28115000240384613 0.19198147355769232 0.2598100649038461 0.19075900240384616 0.2578832283653846
12 0.18201046875 0.37409378125 0.2474757908653846 0.3920726610576923 0.25253446634615384 0.3365496730769231 0.18710059134615384 0.31563693990384617 0.18201046875 0.37409378125
12 0.18199060096153846 0.4298282596153846 0.2477534879807692 0.45150867548076923 0.2540024447115385 0.39387049759615383 0.18675171153846154 0.37377646875 0.18199060096153846 0.4298282596153846
12 0.04167661298076923 0.49012797355769233 0.10575987740384615 0.5284627908653846 0.11548046875000001 0.4815766971153846 0.04733791586538461 0.4399410408653846 0.04167661298076923 0.49012797355769233
12 0.11488865865384615 0.46525724519230766 0.11310324519230769 0.5223665817307692 0.17708071874999998 0.5429894134615385 0.18005641346153847 0.48588007932692306 0.1163208966346154 0.46915501682692307 0.11488865865384615 0.46525724519230766
12 0.2466227548076923 0.49698468028846154 0.2513838653846154 0.4451632475961539 0.1838355673076923 0.4277131514423077 0.18178253125 0.48397203125000005 0.2466227548076923 0.49698468028846154
12 0.18019525961538463 0.5364500192307692 0.24536301442307692 0.5581304158653846 0.24952899278846155 0.5010210408653847 0.18468926201923075 0.47954465144230773 0.18019525961538463 0.5364500192307692
12 0.2432503173076923 0.55012803125 0.30782294230769225 0.5696932596153846 0.31317920432692303 0.51469909375 0.24805250721153846 0.49799418990384614 0.2432503173076923 0.55012803125
12 0.31085813221153846 0.5178542163461539 0.31561921875 0.45915849519230767 0.24985633173076924 0.4390644447115385 0.24177896634615384 0.4993440697115385 0.31085813221153846 0.5178542163461539
12 0.31443885336538463 0.46233130048076926 0.3189023990384615 0.41209623557692304 0.2540322091346154 0.3888294110576923 0.2484939206730769 0.44294677884615385 0.31443885336538463 0.46233130048076926
12 0.31735505769230765 0.3521136971153846 0.25248484374999997 0.3320196658653846 0.2485093581730769 0.3870310096153846 0.3137841875 0.40816548798076924 0.31735505769230765 0.3521136971153846
12 0.3212631105769231 0.35267773798076923 0.32721450480769226 0.29979870192307695 0.26115405288461535 0.27441676923076924 0.25561725 0.3283364086538461 0.3212631105769231 0.35267773798076923
12 0.3330171418269231 0.3001688774038462 0.3368855552884616 0.24411709615384616 0.2711226466346154 0.22190790624999998 0.2655873245192307 0.27579653125000003 0.3330171418269231 0.3001688774038462
12 0.3360820841346154 0.24452243509615385 0.3414383485576923 0.1895282403846154 0.27478272115384617 0.16414631009615382 0.2712118942307692 0.2207268701923077 0.3360820841346154 0.24452243509615385
12 0.3683882259615385 0.5318495817307692 0.37433961778846153 0.47791293990384615 0.3130403004807692 0.45781892788461537 0.30907467307692305 0.51184865625 0.3683882259615385 0.5318495817307692
12 0.37224675 0.4807331129807692 0.37760301201923074 0.42309501442307695 0.3166012355769231 0.40511609375 0.3107762307692308 0.45726018990384615 0.37224675 0.4807331129807692
12 0.3089088870192308 0.4034649879807692 0.37193925 0.42880592307692306 0.38384203605769235 0.3727541514423077 0.3177815865384615 0.34737221634615384 0.3089088870192308 0.4034649879807692
12 0.3844371442307692 0.37354735096153846 0.39157884374999996 0.3211970961538461 0.3281965 0.29898791826923077 0.322522389423077 0.35080324278846153 0.3844371442307692 0.37354735096153846
12 0.3942073846153846 0.31723116105769233 0.4010514495192308 0.26593849278846154 0.33826428124999997 0.24161415384615384 0.3317177596153846 0.2966083293269231 0.3942073846153846 0.31723116105769233
12 0.39837336298076925 0.2627657908653846 0.4055150625 0.20671399038461538 0.3415375889423077 0.18609116826923078 0.33594013701923076 0.24379375240384615 0.39837336298076925 0.2627657908653846
12 0.4712793894230769 0.24302071875 0.47804894471153847 0.18472428846153846 0.4127058341346154 0.15403088221153846 0.40411714663461534 0.2120001826923077 0.4712793894230769 0.24302071875
12 0.46137828846153844 0.29819678365384616 0.4700078365384615 0.23844345673076922 0.4039473629807692 0.20830243028846154 0.3953574375 0.26537928846153847 0.46137828846153844 0.29819678365384616
12 0.3884439447115385 0.31814978605769234 0.4589679639423077 0.346175670673077 0.46581202884615386 0.2874799278846154 0.3968154807692308 0.2595556971153846 0.3884439447115385 0.31814978605769234
12 0.38255207451923073 0.3801945745192308 0.4501003725961539 0.40293257692307693 0.45605176682692306 0.347409608173077 0.3876486201923077 0.3200466875 0.38255207451923073 0.3801945745192308
12 0.37356544951923076 0.43663409134615383 0.44230405288461544 0.46042965865384616 0.4497432956730769 0.40596423317307695 0.3817853725961538 0.3788990865384615 0.37356544951923076 0.43663409134615383
12 0.37222642067307693 0.49515354567307696 0.4373941754807692 0.5200066778846154 0.44513095913461537 0.46395490625 0.3768745072115385 0.43824507692307696 0.37222642067307693 0.49515354567307696
12 0.37110856249999996 0.49082809374999997 0.36456201682692313 0.5431783293269231 0.43270549038461537 0.5664451129807693 0.4395495552884615 0.5114509158653846 0.37204332692307696 0.48611635096153843 0.37110856249999996 0.49082809374999997
12 0.3666747764423077 0.5857812355769231 0.3696504735576923 0.5307870288461538 0.3124003822115385 0.5112831153846155 0.30745841346153846 0.5667447692307692 0.3666747764423077 0.5857812355769231
12 0.43016697355769234 0.6276813365384615 0.4382006033653846 0.56819009375 0.3694620216346154 0.5459808942307692 0.36362567548076924 0.6005588076923076 0.43016697355769234 0.6276813365384615
12 0.3495057548076923 0.6523582019230769 0.41854192548076924 0.6729810360576922 0.42598116586538465 0.6158716802884616 0.35694499519230766 0.5957776298076923 0.3495057548076923 0.6523582019230769
12 0.3528186826923077 0.6425756394230769 0.36204333653846155 0.5859950673076922 0.29925614663461536 0.5690737716346154 0.2947926009615385 0.6251255408653846 0.3528186826923077 0.6425756394230769
12 0.23332465384615386 0.5489796875 0.23153924038461537 0.6023875072115384 0.2949495504807692 0.6259133317307692 0.2993851057692308 0.5659009639423077 0.23332465384615386 0.5489796875
12 0.16861316586538463 0.5916354831730769 0.23101683173076923 0.6124876153846154 0.2358639110576923 0.5525050096153846 0.17018269951923076 0.5368445096153847 0.16861316586538463 0.5916354831730769
12 0.10446639182692308 0.5791232620192308 0.16828256009615383 0.5919446802884616 0.17334127884615386 0.5380080600961539 0.1082081610576923 0.521578423076923 0.10446639182692308 0.5791232620192308
12 0.036677459134615384 0.5476496802884616 0.09857193028846155 0.5851937884615385 0.10809417307692308 0.5328435336538462 0.043620043269230774 0.49630281009615385 0.036677459134615384 0.5476496802884616