2 0.06570473557692308 0.20916418509615384 0.061472545673076924 0.21292613221153844 0.05893323317307692 0.2212024134615385 0.05946225480769231 0.23023108173076923 0.06157835096153846 0.23681448798076923 0.06612795432692307 0.24095262740384615 0.07268784615384614 0.24020023798076923 0.07586198798076924 0.23361683413461537 0.0761794014423077 0.2212024134615385 0.07088916586538462 0.21123325721153846 0.06570473557692308 0.20916418509615384
2 0.0786129110576923 0.18903777644230768 0.07395750240384616 0.19223543028846152 0.07173560336538462 0.1978783485576923 0.07099497115384615 0.2044617548076923 0.07311106490384615 0.21405471634615386 0.07713164423076924 0.22082621875000003 0.08168124759615385 0.2234595793269231 0.08644246153846155 0.21856905048076922 0.08887596875 0.21048086778846153 0.08961660336538461 0.2001355168269231 0.08263349038461539 0.19054255528846153 0.0786129110576923 0.18903777644230768
2 0.07131238461538461 0.23794307211538462 0.06782082932692307 0.2405764326923077 0.06496410096153846 0.24452647596153848 0.06443507692307691 0.2520503677884615 0.06454088221153846 0.2571289951923077 0.06623375721153846 0.26296001201923075 0.06877307211538461 0.2678505408653846 0.07438072115384615 0.26916722115384617 0.07882452163461538 0.2667219567307692 0.08104642067307692 0.2593861634615385 0.08221027163461538 0.2518622716346154 0.0811522235576923 0.2462193533653846 0.07713164423076924 0.2383192668269231 0.07131238461538461 0.23794307211538462
2 0.09025143028846154 0.20916418509615384 0.08654826442307692 0.21123325721153846 0.08390314663461539 0.2155594951923077 0.08221027163461538 0.22026192548076923 0.08221027163461538 0.22646913701923077 0.08326831971153846 0.23361683413461537 0.08601924278846154 0.2405764326923077 0.09088625961538462 0.24264550480769229 0.09575327644230769 0.23907165625000001 0.09924483173076924 0.23267634855769231 0.10093770913461539 0.2279739158653846 0.10093770913461539 0.22270719230769231 0.09839839423076922 0.2148071057692308 0.09353137740384615 0.2095403798076923 0.09025143028846154 0.20916418509615384
2 0.09966805048076922 0.23399302884615383 0.0978693701923077 0.2343692235576923 0.09427200961538462 0.2371906826923077 0.09215591586538462 0.2418931153846154 0.09109786778846153 0.24941700721153845 0.09406040144230768 0.2595742596153846 0.09765776201923078 0.2661576658653846 0.10093770913461539 0.2667219567307692 0.10591053125000001 0.26352430288461537 0.10919047596153846 0.25863377403846155 0.10982530528846154 0.2520503677884615 0.10876725721153847 0.2454669639423077 0.10770921153846154 0.24038833653846153 0.10411185096153847 0.2343692235576923 0.09966805048076922 0.23399302884615383
2 0.08326831971153846 0.25618850961538464 0.08104642067307692 0.2593861634615385 0.07967095913461539 0.2699196105769231 0.08136383413461538 0.27669111298076926 0.08316251442307691 0.2827102259615385 0.08993401682692308 0.2868483677884615 0.09480103365384615 0.28402690865384617 0.09765776201923078 0.2749982379807692 0.09734034855769232 0.2667219567307692 0.0946952283653846 0.26051474519230766 0.09120367307692308 0.2550599254807692 0.0876063125 0.2543075360576923 0.08326831971153846 0.25618850961538464
2 0.08755041826923077 0.16332 0.08323333653846153 0.1648549639423077 0.07977967067307692 0.1691528581730769 0.07926162259615385 0.17682767067307692 0.07960698798076923 0.18603744471153846 0.08375138701923078 0.19187030288461537 0.08979530048076922 0.19770315865384613 0.09376701682692307 0.19248428605769233 0.09687531490384615 0.18173955048076923 0.09532116586538461 0.1703808269230769 0.0918675 0.16301300961538462 0.08755041826923077 0.16332
2 0.10879046153846154 0.17007383653846153 0.10395532932692308 0.16638992548076922 0.09877483173076923 0.16669691826923078 0.09566653365384616 0.17222278365384616 0.09445775 0.17959060336538463 0.0954938485576923 0.19524721875 0.1018831298076923 0.19923812259615387 0.1106899783653846 0.19647518990384613 0.11258949278846155 0.1863444375 0.11120802644230768 0.17437173076923076 0.10879046153846154 0.17007383653846153
2 0.1184607235576923 0.19985210576923076 0.11431632692307692 0.19432624278846153 0.10758167788461538 0.19401925 0.10430069711538462 0.19770315865384613 0.10153776442307692 0.2047639855769231 0.10119239663461539 0.21489473798076922 0.10516411298076923 0.22349052884615384 0.10948119471153846 0.22809541586538462 0.11673389182692308 0.22533248317307694 0.11915145673076923 0.21704368509615385 0.11949682451923077 0.20691293269230768 0.1184607235576923 0.19985210576923076
2 0.11880609134615384 0.17068781971153849 0.11362559375 0.1731437596153846 0.11086266105769231 0.17959060336538463 0.11086266105769231 0.18941436298076922 0.11224412740384615 0.1967821826923077 0.11725194230769231 0.20322902403846152 0.12346853846153846 0.2035360168269231 0.1277856201923077 0.19708917307692309 0.12899440384615385 0.18695842307692306 0.1277856201923077 0.17928361057692307 0.12415927163461539 0.1737577451923077 0.11880609134615384 0.17068781971153849
2 0.09894751442307692 0.1427515048076923 0.09497580048076923 0.14643541346153846 0.09497580048076923 0.16086406009615384 0.09687531490384615 0.16546894951923077 0.10015629807692307 0.1709948125 0.10533679567307692 0.17345075240384616 0.10965387740384616 0.1725297764423077 0.11138070913461538 0.16761789663461538 0.11293486057692308 0.1593290985576923 0.11293486057692308 0.15257526442307692 0.11103534375 0.1476633846153846 0.10792704567307693 0.14367248317307693 0.10326459615384616 0.14121654326923078 0.09894751442307692 0.1427515048076923
2 0.1201875576923077 0.1427515048076923 0.11517974278846153 0.14336549038461538 0.11138070913461538 0.14520744471153846 0.10879046153846154 0.15165428605769232 0.10827241105769231 0.1599430841346154 0.10879046153846154 0.16761789663461538 0.11241681009615385 0.1731437596153846 0.11897877403846155 0.17529270673076924 0.12260512259615385 0.17222278365384616 0.12588610576923076 0.16638992548076922 0.12640415384615383 0.15687315865384616 0.12502268990384616 0.15011932451923077 0.12087829086538462 0.14459345913461538 0.1201875576923077 0.1427515048076923
2 0.1359017355769231 0.13906759375 0.1321027019230769 0.13845361057692307 0.1274402548076923 0.13968157932692307 0.12433195673076923 0.14612842307692306 0.12346853846153846 0.15226827163461537 0.12346853846153846 0.15963609134615384 0.12605878846153845 0.16638992548076922 0.12933977163461538 0.1725297764423077 0.13400221875 0.1703808269230769 0.13883735096153846 0.1660829326923077 0.1412549158653846 0.1593290985576923 0.1412549158653846 0.15134729326923077 0.13831930048076924 0.14305849759615386 0.1359017355769231 0.13906759375
2 0.0954938485576923 0.11389421153846155 0.09100408413461537 0.12003406009615383 0.08944993509615386 0.1267878966346154 0.09014066826923076 0.13507669230769231 0.0916948173076923 0.1427515048076923 0.09463043269230768 0.14582143028846153 0.09929288221153845 0.14704939903846154 0.10447337980769231 0.14582143028846153 0.10689094471153847 0.14090955048076922 0.10740899519230769 0.13415571394230769 0.10740899519230769 0.12955082692307693 0.10585484615384615 0.11880609134615384 0.10171044711538461 0.11420120432692307 0.0954938485576923 0.11389421153846155
2 0.11345290865384615 0.10836834615384615 0.10740899519230769 0.11266624038461538 0.10516411298076923 0.11972706730769231 0.10516411298076923 0.12862985096153848 0.10602752884615385 0.13661165384615384 0.11017192788461538 0.1427515048076923 0.11517974278846153 0.14244451201923078 0.1201875576923077 0.13906759375 0.12260512259615385 0.13169977403846153 0.12260512259615385 0.12003406009615383 0.1201875576923077 0.11266624038461538 0.11345290865384615 0.10836834615384615
2 0.13054855288461537 0.11328022596153847 0.12640415384615383 0.11358721875 0.1236412235576923 0.11788511298076923 0.12156902403846154 0.12770887259615385 0.1236412235576923 0.14121654326923078 0.1302031875 0.1439794735576923 0.13728320192307691 0.14305849759615386 0.1403915 0.13139278365384616 0.13918271634615384 0.12371797115384615 0.1376285673076923 0.11665714423076924 0.13452026923076923 0.11420120432692307 0.13054855288461537 0.11328022596153847
2 0.14643541346153846 0.12249 0.14298175 0.12371797115384615 0.14004613221153847 0.12862985096153848 0.13883735096153846 0.137839625 0.14194564903846155 0.15011932451923077 0.14626273076923077 0.15687315865384616 0.1540334783653846 0.15411022596153845 0.15765982692307692 0.14612842307692306 0.15765982692307692 0.13753263221153847 0.1564510432692308 0.13169977403846153 0.1531700625 0.12648090384615385 0.1495437139423077 0.12249 0.14643541346153846 0.12249
2 0.15247932932692307 0.15104030048076925 0.14798956490384615 0.14981233173076924 0.14419053125 0.15288225721153845 0.14108223317307694 0.15779413701923076 0.1403915 0.16454797115384615 0.14108223317307694 0.1731437596153846 0.14349979807692306 0.18020458653846155 0.14833493028846154 0.18388849759615383 0.15524226201923078 0.18112556490384615 0.15921397596153847 0.1679248894230769 0.15731446153846151 0.15625917307692308 0.15247932932692307 0.15104030048076925
2 0.14678078125 0.1863444375 0.1466080985576923 0.18143255769230768 0.14470858173076923 0.17498571634615387 0.14090955048076922 0.1703808269230769 0.13780125 0.16669691826923078 0.13417490144230768 0.16638992548076922 0.13227538701923078 0.17068781971153849 0.12968513701923076 0.17529270673076924 0.12864903846153847 0.1854234591346154 0.1302031875 0.19432624278846153 0.13331148557692307 0.19893112980769231 0.13883735096153846 0.2007730841346154 0.14332711538461537 0.19770315865384613 0.14626273076923077 0.19125631730769233 0.14678078125 0.1863444375
2 0.1631856923076923 0.10284248076923076 0.15904129326923078 0.10130751923076924 0.15437884375 0.10253549038461539 0.15109786298076922 0.10836834615384615 0.14988907932692308 0.1148151875 0.1504071298076923 0.12064804567307694 0.15178859615384616 0.1261739110576923 0.15386079567307692 0.13047180528846153 0.15731446153846151 0.13169977403846153 0.163358375 0.12985781971153848 0.16646667307692306 0.1267878966346154 0.16784813942307691 0.12034105288461538 0.16784813942307691 0.11389421153846155 0.16646667307692306 0.10683338461538461 0.1631856923076923 0.10284248076923076
2 0.16888424038461539 0.12832285817307693 0.16473984134615385 0.1267878966346154 0.15938665865384616 0.12709488701923077 0.15662372836538463 0.1310857908653846 0.15489689423076922 0.13507669230769231 0.15455152884615384 0.14152353365384615 0.15472421153846155 0.14735639182692306 0.1567964110576923 0.15411022596153845 0.15955934375 0.15748714423076923 0.1650852067307692 0.1584081201923077 0.1695749735576923 0.15349624038461537 0.17147448798076922 0.1482773701923077 0.17199253846153845 0.1406025576923077 0.1706110721153846 0.13292774519230768 0.16888424038461539 0.12832285817307693
2 0.16940228846153846 0.15104030048076925 0.16491252403846154 0.15472421153846155 0.1624949591346154 0.16025007692307694 0.1624949591346154 0.16731090384615385 0.16387642548076925 0.17437173076923076 0.16715740625 0.17928361057692307 0.17147448798076922 0.1829675192307692 0.17803645432692308 0.17959060336538463 0.18149011778846152 0.16976684375 0.1807993846153846 0.16178503846153847 0.17838181971153844 0.15441721874999997 0.17441010336538462 0.15104030048076925 0.16940228846153846 0.15104030048076925
2 0.1706110721153846 0.17959060336538463 0.165948625 0.1737577451923077 0.16128617548076923 0.1737577451923077 0.15852324278846153 0.1759066923076923 0.1540334783653846 0.18143255769230768 0.1540334783653846 0.19002834615384617 0.15506957692307693 0.19708917307692309 0.15662372836538463 0.20046609134615384 0.15955934375 0.20445699278846152 0.1626676418269231 0.20599195673076925 0.16629399038461537 0.20568496394230767 0.17112912259615387 0.19985210576923076 0.17233790625 0.18880037740384617 0.1706110721153846 0.17959060336538463
2 0.14470858173076923 0.1891073701923077 0.14160028365384617 0.19340526442307693 0.14073686538461538 0.20046609134615384 0.14160028365384617 0.20967586538461538 0.14453589903846153 0.21857864903846155 0.1505798125 0.2210345889423077 0.1567964110576923 0.21765767067307693 0.15886861057692309 0.20936887259615386 0.15886861057692309 0.20292203125 0.15696909375 0.19555421153846153 0.15472421153846155 0.19125631730769233 0.1502344471153846 0.18818639182692307 0.14470858173076923 0.1891073701923077
2 0.1403915 0.20752691826923078 0.13935540144230768 0.2001590985576923 0.13641978365384616 0.19524721875 0.13089392067307692 0.19463323317307693 0.12588610576923076 0.1973961658653846 0.12329585576923076 0.20384300961538462 0.12243243990384614 0.21121082932692306 0.12381390625000001 0.21827165624999997 0.1276129375 0.2244115048076923 0.13141196875 0.22963037740384615 0.13693783413461538 0.22410451201923076 0.14073686538461538 0.2155087235576923 0.1403915 0.20752691826923078
2 0.13141196875 0.22870939903846152 0.12968513701923076 0.22256955048076923 0.1267495216346154 0.21857864903846155 0.12225975721153846 0.21489473798076922 0.117424625 0.2173506778846154 0.11448900961538462 0.22195556490384616 0.11310754326923077 0.22840240625 0.11276217548076922 0.23208631730769233 0.11517974278846153 0.2425240625 0.11828804086538461 0.2474359423076923 0.12208707211538461 0.2480499254807692 0.12605878846153845 0.2480499254807692 0.12882172115384616 0.24375203125 0.13089392067307692 0.23546323557692309 0.13141196875 0.22870939903846152
2 0.14160028365384617 0.21949962499999998 0.13641978365384616 0.2204206033653846 0.13400221875 0.22287654326923076 0.13054855288461537 0.22932338461538462 0.13089392067307692 0.2388401514423077 0.13227538701923078 0.24528699278846153 0.1359017355769231 0.2505058653846154 0.1414275985576923 0.25142684374999996 0.1459173653846154 0.2480499254807692 0.14816224759615385 0.24375203125 0.14937102884615386 0.23822616586538461 0.14816224759615385 0.22963037740384615 0.1459173653846154 0.2244115048076923 0.14160028365384617 0.21949962499999998
2 0.12415927163461539 0.24528699278846153 0.11984218990384615 0.24405902403846153 0.11535242548076924 0.24528699278846153 0.11224412740384615 0.24897090384615383 0.11103534375 0.25296180528846157 0.11034461057692307 0.25818067788461535 0.1106899783653846 0.2661624831730769 0.11293486057692308 0.2689254158653846 0.11500706009615384 0.27260932451923076 0.11794267548076923 0.2747582716346154 0.12174170673076924 0.2759862427884615 0.1265768389423077 0.27199533894230765 0.1284763533653846 0.2661624831730769 0.1284763533653846 0.25879466346153845 0.12709488701923077 0.2501988725961538 0.12415927163461539 0.24528699278846153
2 0.13780125 0.2520327235576923 0.13452026923076923 0.25172573076923077 0.12968513701923076 0.25326069471153845 0.12709488701923077 0.2597075360576923 0.1265768389423077 0.26738234855769233 0.12640415384615383 0.27444317548076924 0.12916708653846154 0.2790480625 0.1321027019230769 0.28119700961538463 0.1376285673076923 0.28365294951923076 0.14280906490384615 0.27967015144230767 0.14453589903846153 0.27107436298076926 0.14522663221153848 0.2652415048076923 0.14194564903846155 0.25664571634615385 0.13780125 0.2520327235576923
2 0.11638852403846153 0.2689173100961538 0.11155339423076922 0.26554039423076925 0.10758167788461538 0.2643124230769231 0.10274654567307692 0.26738234855769233 0.09998361538461539 0.27382918990384614 0.09998361538461539 0.28150400240384615 0.10171044711538461 0.2900997908653846 0.10499143028846153 0.2965466346153846 0.11189875961538462 0.29593264903846156 0.11587047596153846 0.2919417475961538 0.1184607235576923 0.27996904086538466 0.11638852403846153 0.2689173100961538
2 0.13570360096153847 0.2820256370192308 0.1315624110576923 0.2735308894230769 0.12710266826923078 0.27069930528846153 0.12009450240384616 0.27749510576923075 0.11690897115384616 0.2893877524038462 0.11850173557692309 0.3029793485576923 0.12550990384615385 0.30977514663461536 0.13251806971153846 0.3063772475961538 0.1366592596153846 0.29448460096153845 0.13570360096153847 0.2820256370192308
2 0.17711549759615386 0.07532010096153846 0.1726557548076923 0.07532010096153846 0.16787745913461538 0.078718 0.1656475889423077 0.08494748076923077 0.16532903605769228 0.09910539423076922 0.17074443749999998 0.10703382692307692 0.17966392307692305 0.10703382692307692 0.1838051129807692 0.09287591346153846 0.18189379326923077 0.07928431490384616 0.17711549759615386 0.07532010096153846
2 0.1831680048076923 0.10363592788461538 0.17679694471153845 0.10080434375 0.17010733173076925 0.10590119230769231 0.16787745913461538 0.11439593990384617 0.16851456490384614 0.12402332211538461 0.17233720192307694 0.1313854375 0.18061958173076925 0.13365070432692308 0.18539787740384617 0.12855385576923076 0.18730919471153845 0.11892647355769231 0.1831680048076923 0.10363592788461538
2 0.19459284855769232 0.08117695192307693 0.18945208894230767 0.08010176201923078 0.18446252884615386 0.08225214423076924 0.1821945456730769 0.08628411057692308 0.18143855288461538 0.09381045192307692 0.18189214903846154 0.10133679086538461 0.18431132932692307 0.10805673798076923 0.18869609375 0.1128950985576923 0.19368565384615385 0.1112823125 0.19791922115384614 0.10509996153846154 0.19928000961538464 0.0956920360576923 0.19791922115384614 0.0884344951923077 0.19459284855769232 0.08117695192307693
2 0.19610483653846153 0.10402476923076923 0.19156887259615385 0.10671274759615385 0.18899849278846154 0.11235750240384615 0.18930088942307693 0.12042143990384616 0.19156887259615385 0.13090455528846154 0.19489524519230766 0.13574291586538462 0.20169918990384617 0.13439892788461538 0.20487436538461537 0.13251734375 0.20638635336538463 0.12660379086538462 0.20668874999999998 0.11746466346153846 0.20547916105769232 0.11074471634615385 0.20079199759615385 0.10375597115384615 0.19610483653846153 0.10402476923076923
2 0.21621427403846155 0.05940432692307692 0.21243430528846152 0.06074831490384615 0.20925912980769232 0.06719946394230769 0.2085031370192308 0.07822017548076923 0.21077111778846153 0.08601531490384615 0.21591187740384615 0.09031607932692308 0.2212038341346154 0.09085367548076924 0.22558860096153846 0.08359613221153846 0.22679818990384615 0.07203782451923077 0.22483260576923078 0.06397388942307693 0.22105263701923078 0.059673125 0.21621427403846155 0.05940432692307692
2 0.21681906971153844 0.08924088701923077 0.2134926971153846 0.08547771875 0.21061992067307692 0.08225214423076924 0.20683994951923076 0.08359613221153846 0.20321117788461537 0.08735930288461538 0.20139679326923077 0.09139127163461538 0.20079199759615385 0.09784241826923078 0.20139679326923077 0.10456236538461537 0.20351357692307692 0.11101351442307691 0.20714234615384616 0.11531427884615385 0.21182950961538463 0.11423908894230769 0.2163654735576923 0.1112823125 0.2180286610576923 0.1056375576923077 0.21817985817307692 0.0970360264423077 0.21681906971153844 0.08924088701923077
2 0.23889409374999998 0.060210718749999996 0.23390453365384617 0.059673125 0.22982216586538462 0.06209230528846154 0.2269493894230769 0.06773706009615385 0.2260421971153846 0.0758009951923077 0.22634459375 0.08305853846153846 0.22861257692307693 0.08789689903846153 0.23193894951923077 0.0911224735576923 0.23587011778846156 0.09166006971153846 0.24040608173076924 0.08977848317307692 0.24312766105769232 0.08144575 0.24388365384615385 0.07311301682692307 0.24206926923076924 0.06639306971153845 0.23889409374999998 0.060210718749999996
2 0.23556772115384617 0.0911224735576923 0.23193894951923077 0.08682170673076922 0.22800778124999999 0.08682170673076922 0.22362301682692307 0.08924088701923077 0.22105263701923078 0.09434804807692307 0.22075023798076923 0.10079919471153846 0.22105263701923078 0.10886313221153847 0.22316941826923076 0.11612067307692307 0.22770538221153844 0.11880865144230769 0.23375333413461538 0.11800225961538462 0.23617251682692306 0.11343269471153847 0.23768450240384614 0.10590635576923077 0.2378357019230769 0.09649843028846153 0.23556772115384617 0.0911224735576923
2 0.2543163701923077 0.06934984615384615 0.24932681009615384 0.07042503846153846 0.24660523317307692 0.07418820913461538 0.24433725 0.0784889735576923 0.24388365384615385 0.08386493028846154 0.24448844951923077 0.09139127163461538 0.24645403365384616 0.09622963221153845 0.2496292091346154 0.0997240048076923 0.2532579783653846 0.10214318509615385 0.25809634134615383 0.09945520673076923 0.26096911778846155 0.09139127163461538 0.2620275096153846 0.08144575 0.2588523341346154 0.07230662259615385 0.2543163701923077 0.06934984615384615
2 0.2521995889423077 0.10026160096153847 0.24932681009615384 0.09461684615384615 0.24584923798076924 0.09354165384615384 0.24161567307692305 0.09407925 0.23859169711538464 0.09676722836538462 0.23662611298076924 0.10214318509615385 0.23571891826923078 0.1112823125 0.2369285096153846 0.11827105528846153 0.24085967788461538 0.12337821634615385 0.24569804086538463 0.12606619471153846 0.25129239423076927 0.1214966298076923 0.25310678125 0.11665826923076923 0.2538627740384615 0.10805673798076923 0.2521995889423077 0.10026160096153847
2 0.21470228605769232 0.10940072596153846 0.21137591346153844 0.11208870673076922 0.2080495408653846 0.11665826923076923 0.2065375528846154 0.12714138461538463 0.2085031370192308 0.13681810817307694 0.21182950961538463 0.1408500769230769 0.2163654735576923 0.14219406490384617 0.22211102884615386 0.1389684903846154 0.22332061778846152 0.13386133173076925 0.2237742139423077 0.1274101826923077 0.2237742139423077 0.12015264182692308 0.22165743028846155 0.11477668509615385 0.21878465384615384 0.10993832211538461 0.21470228605769232 0.10940072596153846
2 0.23345093749999998 0.11504548317307693 0.2307293581730769 0.11504548317307693 0.2269493894230769 0.115851875 0.22392541346153846 0.11961504567307692 0.22271582211538463 0.12472220432692308 0.22135503365384615 0.13063575721153847 0.22135503365384615 0.13601171394230768 0.22316941826923076 0.1408500769230769 0.2271005889423077 0.1456884375 0.2311829543269231 0.14757002163461538 0.2379869014423077 0.14326925721153846 0.2398012860576923 0.13601171394230768 0.23995248557692309 0.12875417307692308 0.23813810096153845 0.12203422596153847 0.2360213173076923 0.11880865144230769 0.23345093749999998 0.11504548317307693
2 0.24978040625 0.11880865144230769 0.24494204567307692 0.12042143990384616 0.24206926923076924 0.1239158125 0.24055728124999998 0.12929176923076924 0.23949888942307693 0.1341301298076923 0.24025488221153848 0.1430004591346154 0.24191806971153845 0.1483764158653846 0.24630283413461537 0.1524083846153846 0.25204838942307695 0.1524083846153846 0.2559795576923077 0.1486452139423077 0.2574915456730769 0.14192526682692308 0.25734034615384616 0.1330549375 0.25643315384615384 0.12767898076923076 0.25371157692307694 0.12364701442307692 0.24978040625 0.11880865144230769
2 0.18431132932692307 0.1274101826923077 0.17947296875 0.12875417307692308 0.17660018990384613 0.13224854567307692 0.1749370048076923 0.13977488461538462 0.1749370048076923 0.14783881971153845 0.17660018990384613 0.15455876682692307 0.1812873533653846 0.15966592548076924 0.1861257139423077 0.15966592548076924 0.19096407692307693 0.15455876682692307 0.19262726201923078 0.14945160817307693 0.1921736658653846 0.14004368269230769 0.19066167788461538 0.13359253365384616 0.18794010096153846 0.12929176923076924 0.18431132932692307 0.1274101826923077
2 0.20185038942307693 0.1311733533653846 0.197465625 0.13197974759615383 0.19353445673076924 0.1341301298076923 0.19141767307692306 0.14058127884615385 0.19066167788461538 0.14703242788461537 0.19172006971153846 0.1569779471153846 0.19444164903846153 0.1615475120192308 0.20169918990384617 0.16504188221153845 0.20608395673076924 0.15939712740384618 0.2080495408653846 0.1540211706730769 0.2080495408653846 0.14945160817307693 0.20789834134615384 0.14165646875 0.20502556490384613 0.13574291586538462 0.20185038942307693 0.1311733533653846
2 0.2260421971153846 0.14219406490384617 0.2218086298076923 0.13789330048076923 0.21666787019230768 0.13843089663461539 0.21379509375 0.14138767307692307 0.21092231730769231 0.14649483173076924 0.21046872115384613 0.15428996875 0.21152711298076923 0.1615475120192308 0.21500468509615384 0.16826745673076923 0.21908705288461539 0.17095543509615385 0.2254374014423077 0.16772986057692307 0.2272517860576923 0.1612787139423077 0.22815898076923077 0.1553651610576923 0.22815898076923077 0.1483764158653846 0.2260421971153846 0.14219406490384617
2 0.23587011778846156 0.14326925721153846 0.23224134615384615 0.1440756514423077 0.2289149735576923 0.14730122355769232 0.2269493894230769 0.1532147764423077 0.22679818990384615 0.1602035216346154 0.22755418509615385 0.16638587259615384 0.23012456490384617 0.17283702163461537 0.23345093749999998 0.17579379807692305 0.23904529326923077 0.17310581971153846 0.24252286538461537 0.1688050528846154 0.24388365384615385 0.16181631009615385 0.2437324543269231 0.1553651610576923 0.24206926923076924 0.14945160817307693 0.23889409374999998 0.1440756514423077 0.23587011778846156 0.14326925721153846
2 0.25295558173076926 0.14945160817307693 0.24675643028846156 0.14945160817307693 0.24388365384615385 0.15428996875 0.24161567307692305 0.15939712740384618 0.24161567307692305 0.16692346875 0.2423716658653846 0.17283702163461537 0.24463964903846153 0.1774065841346154 0.24947800961538463 0.18090095673076922 0.25476996634615384 0.17982576442307693 0.2588523341346154 0.17176182932692308 0.2591547331730769 0.1647730841346154 0.25900353365384615 0.15993472355769228 0.2565843533653846 0.15294598076923077 0.25295558173076926 0.14945160817307693
2 0.19973360576923077 0.16907385096153846 0.19928000961538464 0.16181631009615385 0.19580243749999998 0.1553651610576923 0.18930088942307693 0.15455876682692307 0.18536972115384615 0.15805313942307692 0.18234574519230767 0.16342909615384615 0.18189214903846154 0.17229942548076924 0.18295054086538462 0.18116975480769232 0.18703290865384614 0.18681450961538462 0.1921736658653846 0.18735210576923075 0.19731442548076925 0.18170735096153848 0.19897761298076924 0.1741810096153846 0.19973360576923077 0.16907385096153846
2 0.20411837259615384 0.15778434134615382 0.2010943966346154 0.16262270192307693 0.19882641346153845 0.17014904326923078 0.19928000961538464 0.1803633605769231 0.20275758173076924 0.18842729567307692 0.20971272596153845 0.18923368990384615 0.21500468509615384 0.18385773317307694 0.21757506490384618 0.1741810096153846 0.21772626201923076 0.1685362548076923 0.21560948076923078 0.16262270192307693 0.20925912980769232 0.15751554326923076 0.20411837259615384 0.15778434134615382
2 0.23193894951923077 0.1685362548076923 0.2271005889423077 0.1655794783653846 0.2219598293269231 0.16531068028846155 0.21757506490384618 0.16988024519230768 0.2157606778846154 0.17982576442307693 0.21681906971153844 0.18923368990384615 0.21954064903846152 0.1956848389423077 0.22589099759615383 0.19487844471153848 0.23209014903846154 0.19165287019230767 0.23329973798076922 0.1822449471153846 0.23360213701923077 0.17686898798076925 0.23193894951923077 0.1685362548076923
2 0.2487220144230769 0.17821297836538463 0.24479084615384616 0.17122423317307692 0.24101087740384616 0.16961144711538462 0.23541652163461538 0.17149303124999998 0.23299734134615385 0.17525620192307695 0.2308805576923077 0.18439532932692307 0.23178775000000001 0.19380325480769228 0.23496292548076925 0.19837281730769232 0.24131327403846156 0.2040175721153846 0.24751242548076924 0.197297625 0.24917561298076923 0.19004008413461537 0.24932681009615384 0.18385773317307694 0.2487220144230769 0.17821297836538463
2 0.18869609375 0.18600811538461537 0.18688170913461538 0.1800945625 0.18400893269230767 0.1774065841346154 0.18007776442307694 0.17713778605769231 0.17554180048076923 0.17794418028846154 0.17176182932692308 0.18358893509615384 0.1708546370192308 0.1919216682692308 0.17115703365384613 0.20079199759615385 0.1743322091346154 0.20616795432692306 0.17947296875 0.20939352884615386 0.18521852163461539 0.20589915625 0.18733530528846154 0.1994480096153846 0.18914968990384617 0.19434084855769232 0.18869609375 0.18600811538461537
2 0.20487436538461537 0.18358893509615384 0.20169918990384617 0.17955696634615384 0.19852401682692308 0.17767538221153847 0.19232486538461538 0.18063215865384616 0.1896032860576923 0.1878897019230769 0.1896032860576923 0.19676003125 0.19035928124999998 0.20455516826923076 0.1955000408653846 0.21046872115384613 0.19882641346153845 0.21154391105769232 0.20366477403846156 0.2069743485576923 0.20608395673076924 0.20321117788461537 0.20683994951923076 0.19649123317307693 0.20699114903846152 0.1895024879807692 0.20487436538461537 0.18358893509615384
2 0.2209014375 0.1919216682692308 0.21878465384615384 0.18735210576923075 0.21621427403846155 0.18412653125 0.21273670192307692 0.18412653125 0.20956152884615384 0.18627691346153846 0.20668874999999998 0.19057768028846153 0.20487436538461537 0.19649123317307693 0.20517676201923077 0.20536156249999998 0.20683994951923076 0.2112751153846154 0.21122471394230768 0.2158446778846154 0.21757506490384618 0.21530708173076923 0.22135503365384615 0.21073751923076925 0.22241342548076923 0.20482396634615385 0.222564625 0.197297625 0.2209014375 0.1919216682692308
2 0.23541652163461538 0.19649123317307693 0.2328461418269231 0.19272806250000002 0.23012456490384617 0.1911152740384615 0.22649579326923078 0.1913840721153846 0.2228670216346154 0.19380325480769228 0.22135503365384615 0.19810401923076923 0.22014544471153846 0.2042863701923077 0.22044784134615383 0.2118127091346154 0.2215062331730769 0.21691987019230768 0.22468140625000002 0.2212206346153846 0.2304269615384615 0.22444620913461538 0.2343581298076923 0.22095183653846154 0.23707970913461537 0.21691987019230768 0.2378357019230769 0.2101999230769231 0.2379869014423077 0.20455516826923076 0.23541652163461538 0.19649123317307693
2 0.2452444423076923 0.19702882692307694 0.24040608173076924 0.1986416153846154 0.23844049759615385 0.20186718990384614 0.23707970913461537 0.20670555048076922 0.23556772115384617 0.21396309375 0.2369285096153846 0.22283342307692308 0.24101087740384616 0.2290157716346154 0.24630283413461537 0.22955336778846155 0.25083879807692305 0.2274029855769231 0.2541651730769231 0.2212206346153846 0.25295558173076926 0.21100631730769231 0.25250198557692305 0.20455516826923076 0.24978040625 0.2002544014423077 0.2452444423076923 0.19702882692307694
2 0.17826337740384618 0.20670555048076922 0.17478580528846152 0.20213598798076923 0.17297142067307694 0.1994480096153846 0.16737706490384616 0.20052319951923078 0.1629923004807692 0.2042863701923077 0.1614803125 0.20912473076923074 0.16087551682692308 0.21718866826923078 0.1617827091346154 0.22471500721153845 0.16526028125 0.2300909639423077 0.1691914495192308 0.2330477403846154 0.1735762139423077 0.23089735817307694 0.17780978125 0.22471500721153845 0.1787169735576923 0.22014544471153846 0.17856577644230767 0.2118127091346154 0.17826337740384618 0.20670555048076922
2 0.19625603365384617 0.20912473076923074 0.19504644471153845 0.20482396634615385 0.19141767307692306 0.20132959375 0.18884729326923078 0.20186718990384614 0.18340413701923078 0.2029423798076923 0.1803801610576923 0.20670555048076922 0.17917056971153847 0.21396309375 0.1787169735576923 0.22014544471153846 0.18204334855769233 0.22713418749999997 0.18506732451923075 0.23116615625 0.19172006971153846 0.23116615625 0.19534884134615385 0.22632779326923075 0.19655843269230772 0.22068303846153844 0.19655843269230772 0.21369429567307693 0.19625603365384617 0.20912473076923074
2 0.21077111778846153 0.2118127091346154 0.20699114903846152 0.2069743485576923 0.20321117788461537 0.2069743485576923 0.19852401682692308 0.20831833894230767 0.19580243749999998 0.21476948557692307 0.19474404567307693 0.2212206346153846 0.19459284855769232 0.2290157716346154 0.19640723317307693 0.23492932451923076 0.2026063846153846 0.23869249519230767 0.2094103293269231 0.23707970913461537 0.2125855048076923 0.23143495432692307 0.2125855048076923 0.22337101682692306 0.21228310576923076 0.21799506009615385 0.21077111778846153 0.2118127091346154
2 0.22634459375 0.2196078485576923 0.2237742139423077 0.21530708173076923 0.22135503365384615 0.21342549759615384 0.21697026923076923 0.21315669951923077 0.2128879014423077 0.21691987019230768 0.21137591346153844 0.2214894326923077 0.21061992067307692 0.22820937980769232 0.21137591346153844 0.23707970913461537 0.21560948076923078 0.24299326201923074 0.2199942451923077 0.24541244230769232 0.2260421971153846 0.24245566586538464 0.22815898076923077 0.23519812259615386 0.22815898076923077 0.2252526033653846 0.22634459375 0.2196078485576923
2 0.2432788581730769 0.2260589951923077 0.2396500889423077 0.222564625 0.23647491346153846 0.21907025240384614 0.23193894951923077 0.21933905048076924 0.2272517860576923 0.22363981490384616 0.22558860096153846 0.22847817788461539 0.2254374014423077 0.23654211298076921 0.2260421971153846 0.24353085576923078 0.2311829543269231 0.24971320673076924 0.23662611298076924 0.2513259951923077 0.2414644735576923 0.2446060480769231 0.2437324543269231 0.23815489903846154 0.24388365384615385 0.2327789423076923 0.2432788581730769 0.2260589951923077
2 0.25144359374999997 0.22632779326923075 0.247663625 0.22632779326923075 0.24388365384615385 0.23089735817307694 0.24191806971153845 0.23546692067307692 0.24085967788461538 0.24272446394230768 0.24297646153846156 0.2499820048076923 0.24433725 0.2550891658653846 0.25280438221153845 0.2588523341346154 0.2565843533653846 0.2553579615384615 0.2591547331730769 0.25159479326923073 0.25960832932692307 0.24406845192307694 0.2585499375 0.23546692067307692 0.25537476201923076 0.2290157716346154 0.25144359374999997 0.22632779326923075
2 0.16737706490384616 0.23600451682692308 0.1667722692307692 0.2300909639423077 0.1634458966346154 0.22014544471153846 0.16072431730769232 0.21638227403846155 0.15512996153846154 0.2158446778846154 0.15119879326923077 0.2174574639423077 0.14908200961538462 0.2241774110576923 0.14877961298076922 0.23035976201923078 0.1489308125 0.23707970913461537 0.1515011923076923 0.24299326201923074 0.15603715384615385 0.24675643028846156 0.1613291129807692 0.2472940264423077 0.16601627644230768 0.24003648557692306 0.16737706490384616 0.23600451682692308
2 0.1781121778846154 0.2252526033653846 0.17478580528846152 0.22686538942307694 0.17221542548076924 0.2290157716346154 0.1707034375 0.23358533653846153 0.1707034375 0.23923009134615383 0.17221542548076924 0.24890681490384617 0.17554180048076923 0.25482036778846157 0.18053136057692307 0.2588523341346154 0.18733530528846154 0.2556267596153846 0.18990568509615385 0.24621883653846155 0.18884729326923078 0.23707970913461537 0.1861257139423077 0.22955336778846155 0.1832529375 0.22713418749999997 0.1806825576923077 0.2249838052884615 0.1781121778846154 0.2252526033653846
2 0.18945208894230767 0.23358533653846153 0.1876377019230769 0.23627331490384615 0.18703290865384614 0.24164927163461536 0.1858233173076923 0.24944440865384615 0.1865793125 0.2556267596153846 0.19051048076923077 0.2615403125 0.19640723317307693 0.26476588701923076 0.20275758173076924 0.26100271875 0.20426956971153845 0.2545515697115385 0.20426956971153845 0.24702522836538462 0.20336237740384616 0.24245566586538464 0.20185038942307693 0.23627331490384615 0.19761682211538462 0.23331653846153846 0.19368565384615385 0.23251014423076924 0.18945208894230767 0.23358533653846153
2 0.2080495408653846 0.2370687403846154 0.20502556490384613 0.239219125 0.20336237740384616 0.24405748557692306 0.2026063846153846 0.2515838245192308 0.2026063846153846 0.2596477620192308 0.20442076923076924 0.26502371874999997 0.21077111778846153 0.26824929326923075 0.21470228605769232 0.26878688942307694 0.2202966418269231 0.2615403125 0.2202966418269231 0.25240118509615384 0.2180286610576923 0.24487484615384617 0.21560948076923078 0.23949888942307693 0.21061992067307692 0.23707970913461537 0.2080495408653846 0.2370687403846154
2 0.23299734134615385 0.24782065625000002 0.22967096634615383 0.24351988942307695 0.2251350048076923 0.24298229326923076 0.2215062331730769 0.24432628365384618 0.21878465384615384 0.24889584615384616 0.21772626201923076 0.25749737740384615 0.2183310576923077 0.2666365048076923 0.22135503365384615 0.2714748677884615 0.2252862019230769 0.2755068341346154 0.2308805576923077 0.27335645192307695 0.23496292548076925 0.2677116971153846 0.23587011778846156 0.2591101658653846 0.23496292548076925 0.25239021875 0.23299734134615385 0.24782065625000002
2 0.2502340024038462 0.2738940480769231 0.2502340024038462 0.26798049519230766 0.24947800961538463 0.26126054807692306 0.24705882932692308 0.2553469951923077 0.24297646153846156 0.2513150288461538 0.24010368509615385 0.25104623076923077 0.23647491346153846 0.25104623076923077 0.23345093749999998 0.2566909855769231 0.2325437451923077 0.26448612259615384 0.2326949423076923 0.2712060697115385 0.23511412499999998 0.27658202644230767 0.23904529326923077 0.2824955793269231 0.2437324543269231 0.2833019735576923 0.2478148221153846 0.28007639903846154 0.2502340024038462 0.2738940480769231
2 0.15558355769230767 0.2437886875 0.15255958173076922 0.2419071033653846 0.1489308125 0.2405631129807692 0.14333645673076922 0.2451326778846154 0.1421268653846154 0.25023983653846155 0.14288286057692307 0.2591101658653846 0.14363885336538462 0.2669053028846154 0.1463604326923077 0.2717436658653846 0.15452516826923077 0.2714748677884615 0.1583051370192308 0.2669053028846154 0.15906112980769233 0.2566909855769231 0.15845633653846153 0.24943344230769232 0.15558355769230767 0.2437886875
2 0.16450428846153847 0.24136950721153846 0.1613291129807692 0.2437886875 0.15906112980769233 0.24916464423076923 0.15860753365384614 0.25722858173076923 0.16011952163461537 0.2639485264423077 0.16314349759615385 0.27039967548076926 0.16737706490384616 0.27201246153846154 0.17251782451923076 0.2698620793269231 0.17629779326923078 0.26475492067307693 0.17614659375 0.2591101658653846 0.1759953966346154 0.25265901682692304 0.17342501682692307 0.24567027403846156 0.1687378533653846 0.2408319110576923 0.16450428846153847 0.24136950721153846
2 0.16208510576923077 0.2752380360576923 0.15906112980769233 0.27228125961538463 0.15528116105769232 0.27228125961538463 0.15059399759615386 0.27577563221153845 0.14877961298076922 0.28222678125 0.14877961298076922 0.29136590865384615 0.1515011923076923 0.29862344951923075 0.15603715384615385 0.3048058004807692 0.16253870432692308 0.3031930144230769 0.16586507692307692 0.2970106634615385 0.1672258653846154 0.28760273798076924 0.16510908173076924 0.27765721875 0.16208510576923077 0.2752380360576923
2 0.18158975 0.2851835576923077 0.18158975 0.27577563221153845 0.17901937259615386 0.26959328125000004 0.17554180048076923 0.2674428990384615 0.1705522403846154 0.2674428990384615 0.16692346875 0.26851809134615384 0.16465548557692308 0.27281885576923076 0.16435308894230768 0.28007639903846154 0.16510908173076924 0.28840913221153847 0.16662106971153845 0.29459148317307693 0.17024984134615384 0.2975482596153846 0.17675138942307692 0.29862344951923075 0.17992656490384615 0.2937850889423077 0.18158975 0.2851835576923077
2 0.19489524519230766 0.26179814423076925 0.19262726201923078 0.25857256971153847 0.18975448557692307 0.2556157932692308 0.18552092067307693 0.2553469951923077 0.18113615384615384 0.2583037716346154 0.1796241658653846 0.26502371874999997 0.18007776442307694 0.27631322836538463 0.1806825576923077 0.28276437740384613 0.18340413701923078 0.28787153605769233 0.18975448557692307 0.28733393990384615 0.19413924999999999 0.2846459615384615 0.19580243749999998 0.2792700048076923 0.19610483653846153 0.2717436658653846 0.19610483653846153 0.26556131490384616 0.19489524519230766 0.26179814423076925
2 0.20986392548076924 0.26851809134615384 0.20714234615384616 0.26556131490384616 0.20321117788461537 0.26421732451923075 0.19837281730769232 0.26556131490384616 0.19640723317307693 0.2706684735576923 0.19444164903846153 0.27711962259615386 0.19459284855769232 0.28410836538461537 0.19625603365384617 0.2908283125 0.20169918990384617 0.29459148317307693 0.2065375528846154 0.29486028125 0.21046872115384613 0.29029071634615383 0.21167831009615384 0.2857211538461538 0.2119807091346154 0.28034519711538464 0.21107351682692307 0.27228125961538463 0.20986392548076924 0.26851809134615384
2 0.2260421971153846 0.27362525 0.22392541346153846 0.2701308774038461 0.21923825000000002 0.26583011298076925 0.2160630769230769 0.26717410096153843 0.21364389423076924 0.26959328125000004 0.21092231730769231 0.27362525 0.20956152884615384 0.2790012067307692 0.20956152884615384 0.2849147596153846 0.21092231730769231 0.29163470673076924 0.2125855048076923 0.2967418653846154 0.2163654735576923 0.29889224759615385 0.222564625 0.29808585576923075 0.22558860096153846 0.2927098966346154 0.2272517860576923 0.2854523557692308 0.2274029855769231 0.2790012067307692 0.2260421971153846 0.27362525
2 0.19882641346153845 0.2905595144230769 0.19655843269230772 0.2854523557692308 0.19353445673076924 0.2819579831730769 0.18869609375 0.2838395673076923 0.18446252884615386 0.28760273798076924 0.18310173798076923 0.2937850889423077 0.18355533653846154 0.3050745985576923 0.18597451682692306 0.3109881514423077 0.1900568846153846 0.31475132211538465 0.19444164903846153 0.3150201201923077 0.19837281730769232 0.31045055528846155 0.19973360576923077 0.3053433966346154 0.2003384014423077 0.2962042692307692 0.19882641346153845 0.2905595144230769
2 0.2139462932692308 0.2925286201923077 0.210015125 0.2898406418269231 0.20638635336538463 0.2898406418269231 0.20245518509615384 0.2936038125 0.2006407980769231 0.29763577884615383 0.19973360576923077 0.30354933173076926 0.20003600480769232 0.31000048076923076 0.20124559374999998 0.3151076394230769 0.20426956971153845 0.31994600240384613 0.20895673317307692 0.3226339807692308 0.21424868990384616 0.320664875 0.21727266586538463 0.31475132211538465 0.21757506490384618 0.3083001730769231 0.21712146875 0.3013114278846154 0.2139462932692308 0.2925286201923077
2 0.17478580528846152 0.3005925552884615 0.16964504567307692 0.30139894951923074 0.1654114807692308 0.3051621201923077 0.16284110096153848 0.3110756730769231 0.16284110096153848 0.31994600240384613 0.16526028125 0.32585955528846156 0.16994744471153847 0.3317731081730769 0.17705378846153846 0.33042911778846157 0.17992656490384615 0.32532195913461537 0.1803801610576923 0.31698922596153845 0.17992656490384615 0.30919408653846153 0.17720498557692307 0.30301173557692307 0.17478580528846152 0.3005925552884615
2 0.1896032860576923 0.3116132668269231 0.18506732451923075 0.31053807692307694 0.18158975 0.3116132668269231 0.17886817307692307 0.31672042788461535 0.17796098076923078 0.3245155649038462 0.1787169735576923 0.33553627644230766 0.18400893269230767 0.34306261778846153 0.18718410576923078 0.34279381971153844 0.19247606490384614 0.34118103125 0.19459284855769232 0.33580507451923075 0.19519764182692306 0.32612835336538465 0.19444164903846153 0.3175268197115385 0.1896032860576923 0.3116132668269231
2 0.20759594471153847 0.32209638461538465 0.20321117788461537 0.31913960817307696 0.19882641346153845 0.3202148004807693 0.19595363701923077 0.3234403725961539 0.19353445673076924 0.32532195913461537 0.19262726201923078 0.3309667139423077 0.19353445673076924 0.3390306490384616 0.19504644471153845 0.3454817980769231 0.2003384014423077 0.35112655288461536 0.2057815576923077 0.3487073725961538 0.2083519375 0.3460193942307692 0.20971272596153845 0.3414498293269231 0.21107351682692307 0.3331170961538461 0.2103175216346154 0.32505316105769233 0.20759594471153847 0.32209638461538465
2 0.2160630769230769 0.32585955528846156 0.21213190865384618 0.32720354326923073 0.2094103293269231 0.3317731081730769 0.2080495408653846 0.33768666105769235 0.20820073798076924 0.34440660576923077 0.20971272596153845 0.3527393389423077 0.21591187740384615 0.3578465 0.2212038341346154 0.3548897235576923 0.22362301682692307 0.3505889567307693 0.2251350048076923 0.345213 0.22483260576923078 0.33768666105769235 0.22316941826923076 0.3317731081730769 0.21938944951923078 0.32720354326923073 0.2160630769230769 0.32585955528846156
2 0.2343581298076923 0.3121508629807692 0.2304269615384615 0.3121508629807692 0.2260421971153846 0.3153764375 0.22392541346153846 0.31887081009615387 0.2228670216346154 0.3269347451923077 0.22407661298076925 0.33472988461538467 0.2272517860576923 0.3414498293269231 0.23163655288461538 0.34440660576923077 0.23919649038461538 0.3382242548076923 0.24070847836538461 0.33042911778846157 0.2414644735576923 0.3237091706730769 0.23859169711538464 0.3151076394230769 0.2343581298076923 0.3121508629807692
2 0.23012456490384617 0.28285189663461535 0.22589099759615383 0.2866150673076923 0.2228670216346154 0.2927974182692308 0.22165743028846155 0.30193654567307693 0.2251350048076923 0.31349485336538463 0.23163655288461538 0.3159140336538462 0.2369285096153846 0.31322605528846154 0.23889409374999998 0.3086564903846154 0.2396500889423077 0.2979045769230769 0.23768450240384614 0.2903782379807692 0.23496292548076925 0.28419588701923076 0.23012456490384617 0.28285189663461535
2 0.25280438221153845 0.2820455048076923 0.24978040625 0.2780135360576923 0.24615163701923076 0.27586315384615384 0.24191806971153845 0.27747593990384617 0.23874289423076922 0.2807015144230769 0.23768450240384614 0.285539875 0.2378357019230769 0.29414140625 0.23859169711538464 0.3011301514423077 0.24206926923076924 0.30758130048076926 0.24751242548076924 0.30919408653846153 0.25129239423076927 0.30596851201923075 0.25401397355769234 0.30139894951923074 0.2550723653846154 0.29736698076923074 0.2552235625 0.28822785576923077 0.25280438221153845 0.2820455048076923
2 0.280871625 0.08316122115384615 0.27682156490384613 0.07704113221153847 0.27013896634615386 0.076681125 0.2652788966346154 0.08208120432692308 0.2626463581730769 0.09216135336538461 0.26507639182692305 0.10152149038461539 0.26892394951923076 0.10872159615384615 0.27641656009615384 0.10908160096153846 0.2798591105769231 0.10584155528846154 0.2824916490384615 0.09036132692307691 0.280871625 0.08316122115384615
2 0.28188413942307694 0.10872159615384615 0.27722657211538465 0.10692156971153846 0.2723665 0.10944160817307692 0.2681139375 0.11124163461538461 0.26791143509615384 0.12024176682692309 0.2687214471153846 0.13248194471153846 0.27479653605769233 0.1411220721153846 0.2798591105769231 0.1411220721153846 0.28492168509615384 0.13356196153846153 0.2861367019230769 0.12888189182692306 0.2855291923076923 0.11340166586538461 0.28188413942307694 0.10872159615384615
2 0.2581912908653846 0.12816188221153846 0.2565712668269231 0.1368020096153846 0.25677377163461534 0.14616214663461538 0.2585962980769231 0.15264224278846153 0.2628488605769231 0.15732231009615386 0.2683164399038462 0.15768231490384615 0.2725690024038462 0.15264224278846153 0.27479653605769233 0.1443621201923077 0.2739865240384615 0.13716201442307693 0.2709489783653846 0.12888189182692306 0.2662914110576923 0.12456182932692307 0.2624438533653846 0.12276180288461538 0.2581912908653846 0.12816188221153846
2 0.2612288365384615 0.25272371153846157 0.25515374759615383 0.25272371153846157 0.24928116105769232 0.2545237379807692 0.24705362740384615 0.2624438533653846 0.24847114903846151 0.27468403365384614 0.25191369951923076 0.28188413942307694 0.25677377163461534 0.2865642091346154 0.2628488605769231 0.28296415625 0.26608890865384616 0.2710839807692308 0.26446888461538465 0.2595638125 0.2612288365384615 0.25272371153846157
2 0.26912645192307694 0.22068324038461537 0.2626463581730769 0.2210432451923077 0.25798878846153844 0.22824335096153847 0.25758378365384615 0.2358034639423077 0.2577862860576923 0.24552360576923077 0.2612288365384615 0.2502036754807692 0.2681139375 0.25308371634615384 0.27479653605769233 0.24696362740384614 0.2758090504807692 0.23724348317307692 0.2741890264423077 0.22320327884615385 0.26912645192307694 0.22068324038461537
2 0.2511036875 0.19980293509615385 0.2511036875 0.20952307692307695 0.25211620192307693 0.21780319951923077 0.2557612548076923 0.22248326682692307 0.26082382932692305 0.22392328846153847 0.2668989206730769 0.22356328365384615 0.2697339615384615 0.21384313942307692 0.2683164399038462 0.20304298076923077 0.2673039254807692 0.19656288701923078 0.2622413509615385 0.19260282932692308 0.2549512451923077 0.19296283413461537 0.2511036875 0.19980293509615385
2 0.2620388485576923 0.16524242788461538 0.25677377163461534 0.1702825 0.2543437355769231 0.17820261778846153 0.2545462379807692 0.1897227860576923 0.25920380769230766 0.19656288701923078 0.2662914110576923 0.19872291826923077 0.2727715048076923 0.1911628076923077 0.2729740096153846 0.17892262740384618 0.27216399759615384 0.1695624903846154 0.26750642788461537 0.16524242788461538 0.2620388485576923 0.16524242788461538
2 0.2794541033653846 0.1857627283653846 0.2749990384615385 0.18396270192307693 0.26953145913461535 0.1879227596153846 0.26608890865384616 0.19512286538461537 0.26649391346153845 0.20484300721153847 0.2687214471153846 0.2134831346153846 0.27479653605769233 0.2174431923076923 0.2814791346153846 0.21456315144230767 0.2845166778846154 0.20664303365384618 0.28390916826923074 0.19260282932692308 0.2794541033653846 0.1857627283653846
2 0.2869467139423077 0.1634424014423077 0.28390916826923074 0.15696230528846153 0.28066912259615384 0.15408226201923075 0.2754040456730769 0.15444226923076923 0.27074647596153845 0.1602023533653846 0.2693289543269231 0.16812246875 0.2693289543269231 0.17496256971153848 0.27216399759615384 0.18396270192307693 0.27763157692307694 0.18612273317307693 0.28228914663461535 0.1857627283653846 0.2861367019230769 0.17676259615384618 0.28755422355769233 0.1695624903846154 0.2869467139423077 0.1634424014423077
2 0.2867442115384615 0.16884247836538463 0.2826941514423077 0.17568257932692305 0.28168163701923077 0.1836026971153846 0.2837066658653846 0.19512286538461537 0.2869467139423077 0.20160296153846155 0.2922117908653846 0.20160296153846155 0.2972743653846154 0.19872291826923077 0.3007169158653846 0.18684274278846152 0.29929939423076923 0.17784261057692305 0.2938318149038462 0.16884247836538463 0.2867442115384615 0.16884247836538463
2 0.28735171875 0.13032191346153846 0.2812766298076923 0.13140193028846153 0.27864409134615387 0.1389620408653846 0.27783407932692306 0.14940219471153846 0.2800616129807692 0.15840232692307693 0.28492168509615384 0.16524242788461538 0.28897174278846155 0.16740245913461538 0.2956543413461538 0.1602023533653846 0.29747686778846155 0.14796217307692308 0.29443932451923077 0.13788202403846153 0.29079427163461535 0.13140193028846153 0.28735171875 0.13032191346153846
2 0.30010940625 0.15012220432692308 0.2964643533653846 0.15336225240384616 0.29484432932692306 0.1602023533653846 0.2952493365384615 0.1695624903846154 0.29747686778846155 0.18000264423076923 0.30172943028846155 0.1854027235576923 0.30780451923076924 0.18468271153846152 0.3136771057692308 0.17748260576923075 0.3136771057692308 0.1623623846153846 0.3110445673076923 0.15408226201923075 0.3057794903846154 0.14904218990384616 0.30010940625 0.15012220432692308
2 0.3045644735576923 0.11592170192307692 0.30010940625 0.1148416875 0.2952493365384615 0.11520169230769231 0.29200928846153845 0.12132178125000001 0.2909967740384615 0.12816188221153846 0.29200928846153845 0.13824203125 0.29585684375 0.14544213701923075 0.3015269278846154 0.15012220432692308 0.306387 0.14328210336538463 0.3084120288461539 0.13248194471153846 0.30820952644230765 0.1216817860576923 0.3045644735576923 0.11592170192307692
2 0.31529712980769226 0.13032191346153846 0.3112470697115385 0.1328419519230769 0.30800702403846153 0.13608199759615386 0.30618449759615385 0.14472212499999998 0.3065895024038462 0.15336225240384616 0.3110445673076923 0.16308239423076923 0.31711965625 0.1659624375 0.32339724999999997 0.1602023533653846 0.3254222788461538 0.15192223076923078 0.3248147692307692 0.1404020625 0.3201572019230769 0.13392196634615383 0.31529712980769226 0.13032191346153846
2 0.0983053389423077 0.2936528317307692 0.09072624278846154 0.294049125 0.08604503605769231 0.30197497596153844 0.08537629086538462 0.3122785841346154 0.0891658389423077 0.3261488269230769 0.09696785096153845 0.32733770432692305 0.10209488701923078 0.32218589903846157 0.10276362980769231 0.30633419471153844 0.0983053389423077 0.2936528317307692
2 0.10499277644230769 0.3051453173076923 0.09964282451923076 0.3102971225961539 0.09852825240384615 0.32337477884615384 0.10231780048076923 0.33407467788461537 0.10744483653846154 0.33843389663461537 0.11301770192307692 0.33447097115384616 0.1161385048076923 0.32297848557692305 0.11301770192307692 0.30871195192307693 0.10499277644230769 0.3051453173076923
2 0.12483217548076923 0.30633419471153844 0.11970513942307694 0.3055416105769231 0.1161385048076923 0.3075230721153846 0.11346353125 0.3138637548076923 0.11346353125 0.32495994951923074 0.11502393269230769 0.3313006298076923 0.1234946875 0.3392264831730769 0.12929046634615385 0.32971545913461536 0.13062795432692306 0.32060073076923074 0.1283988076923077 0.3118822908653846 0.12483217548076923 0.30633419471153844
2 0.14285182692307694 0.3076713389423077 0.14034565625 0.31138418749999996 0.13895333653846154 0.31856236057692305 0.1397887283653846 0.3269781490384615 0.14271259615384616 0.33267118269230767 0.1456364639423077 0.33514641346153845 0.15009188221153846 0.3361365072115384 0.15399037259615383 0.33069099759615384 0.15552192067307694 0.32252273076923077 0.15468653125 0.3150970360576923 0.1509272716346154 0.3076713389423077 0.14758570913461538 0.30668124519230766 0.14285182692307694 0.3076713389423077
2 0.13937103365384615 0.34702752884615384 0.14215566826923076 0.34257211057692305 0.14354798557692308 0.3336612764423077 0.14243413221153844 0.32574053365384614 0.1397887283653846 0.3202950216346154 0.1364471658653846 0.3178197908653846 0.13268790625 0.3178197908653846 0.12962480528846154 0.3215326394230769 0.12823248798076922 0.32524548557692307 0.1268401706730769 0.33019594951923076 0.12656170673076922 0.33638403125 0.12878941586538462 0.34380972596153847 0.13199174759615384 0.34653248076923077 0.13602946875 0.34925523798076924 0.13937103365384615 0.34702752884615384
2 0.1544080673076923 0.33935431009615386 0.15218035817307693 0.33465136778846155 0.1489780264423077 0.33217613701923077 0.1456364639423077 0.33217613701923077 0.14243413221153844 0.3341563221153846 0.14090258173076922 0.33762164663461536 0.1397887283653846 0.34306715625 0.13951026442307693 0.3522255144230769 0.1415987403846154 0.3576710264423077 0.14466184134615384 0.3608888269230769 0.14772493990384616 0.3621264423076923 0.15162343028846154 0.36138387499999997 0.1544080673076923 0.3559383629807692 0.15580038461538462 0.3462849591346154 0.1544080673076923 0.33935431009615386
2 0.16638200240384615 0.3452948653846154 0.16791355048076922 0.3391067860576923 0.16860971153846152 0.33069099759615384 0.16610353846153847 0.32252273076923077 0.1633189014423077 0.3173247427884615 0.15886348557692306 0.3165821754807692 0.15482576201923076 0.3200475 0.15204112740384615 0.32475043990384617 0.15162343028846154 0.33118604326923073 0.1538511394230769 0.3410869711538461 0.15552192067307694 0.3467800048076923 0.159698875 0.34702752884615384 0.1635973653846154 0.34727505048076923 0.16638200240384615 0.3452948653846154
2 0.16526814663461536 0.3462849591346154 0.16234427884615382 0.3435622043269231 0.15691424038461538 0.3460374350961538 0.15301575 0.35346313221153847 0.15176266346153847 0.3581660721153846 0.1523195889423077 0.36658186057692305 0.15677500721153845 0.3717798485576923 0.16136965625000002 0.37499764903846156 0.16568584374999998 0.3717798485576923 0.16791355048076922 0.3658392908653846 0.16847047836538462 0.35668093269230766 0.16721739182692305 0.3499978076923077 0.16526814663461536 0.3462849591346154
2 0.0746282451923077 0.3153445576923077 0.07281823076923076 0.3222752091346154 0.07504593990384616 0.3304434735576923 0.07783057692307692 0.3339087980769231 0.08451370192307692 0.3361365072115384 0.08882988942307693 0.3316810889423077 0.0903614375 0.3249979639423077 0.08980451201923077 0.3193049302884615 0.08855142548076923 0.3126218028846154 0.08660218028846155 0.3091564783653846 0.0822859951923077 0.3076713389423077 0.0762990264423077 0.3096515240384615 0.0746282451923077 0.3153445576923077
2 0.10289230048076922 0.3287108100961538 0.10122151923076922 0.32301777644230767 0.0980191875 0.3202950216346154 0.09370300240384616 0.3200475 0.09105759855769231 0.3222752091346154 0.08813373076923077 0.32574053365384614 0.087019875 0.33291870673076923 0.08785526682692307 0.3405919254807692 0.08980451201923077 0.34752257451923074 0.09370300240384616 0.3499978076923077 0.09718379807692308 0.34925523798076924 0.10080382451923077 0.3482651442307692 0.10261383653846154 0.3410869711538461 0.10428461778846154 0.3341563221153846 0.10289230048076922 0.3287108100961538
2 0.11124620913461537 0.3319286129807692 0.1076261826923077 0.3319286129807692 0.1033099951923077 0.3341563221153846 0.10066459134615384 0.33935431009615386 0.10024689663461538 0.3460374350961538 0.10080382451923077 0.3529680841346154 0.10191767788461538 0.3574235024038461 0.10623386298076923 0.3626214903846154 0.11013235336538461 0.3626214903846154 0.11389161298076923 0.3598987355769231 0.11584085817307692 0.3549482716346154 0.11667625000000001 0.3477700985576923 0.11667625000000001 0.3410869711538461 0.11417007692307692 0.3361365072115384 0.11124620913461537 0.3319286129807692
2 0.1301817331730769 0.34380972596153847 0.12990326923076922 0.3391067860576923 0.12753632932692308 0.33514641346153845 0.12503015625 0.33242365865384615 0.11890395673076924 0.33341375240384613 0.11584085817307692 0.33712660096153846 0.11458777163461538 0.34232458653846154 0.11389161298076923 0.35173046874999997 0.11611932211538462 0.3576710264423077 0.11834703125 0.36163139663461535 0.12029627644230768 0.3643541514423077 0.12656170673076922 0.36336406009615385 0.131017125 0.3571759783653846 0.13213097836538462 0.3490077139423077 0.1301817331730769 0.34380972596153847
2 0.1324094423076923 0.3608888269230769 0.131017125 0.36608681490384615 0.13213097836538462 0.37747288221153846 0.1358902379807692 0.3819283004807692 0.13937103365384615 0.38514610096153845 0.14438337740384616 0.38267087019230767 0.14702878125 0.37499764903846156 0.14772493990384616 0.36608681490384615 0.14716801442307692 0.3598987355769231 0.14285182692307694 0.3551957932692308 0.13742178846153846 0.35395817788461537 0.1351940793269231 0.35618588701923076 0.1324094423076923 0.3608888269230769
2 0.15733193509615384 0.36707690625 0.15371190865384615 0.36608681490384615 0.1492564903846154 0.36658186057692305 0.1467503173076923 0.36831452403846154 0.14452260817307694 0.37524517307692307 0.14438337740384616 0.3839084855769231 0.14661108653846153 0.39059161057692304 0.14939572115384617 0.3935618894230769 0.15357267548076922 0.39776978365384613 0.15607884855769233 0.39504702884615384 0.15886348557692306 0.3915817043269231 0.16011656971153845 0.3858886706730769 0.16039503365384616 0.37648278846153843 0.15733193509615384 0.36707690625
2 0.17584976442307693 0.38910647115384617 0.1764066923076923 0.3831659158653846 0.1764066923076923 0.37772040625 0.17362205528846156 0.37153232451923074 0.17111588221153845 0.3673244302884615 0.16666046634615383 0.3655917692307692 0.1630404375 0.368067 0.16095196153846156 0.37153232451923074 0.15928118028846153 0.37772040625 0.15955964423076924 0.3868787644230769 0.16067349759615385 0.39232427403846154 0.16485045192307693 0.39702721394230767 0.17055895673076923 0.39752226201923074 0.17515360576923078 0.39232427403846154 0.17584976442307693 0.38910647115384617
2 0.17785046875 0.3429507211538461 0.17348326923076923 0.34321844230769233 0.1685136971153846 0.3475019807692308 0.16685717307692308 0.3571399399038461 0.1670077644230769 0.3651715721153846 0.1694172548076923 0.3707937163461539 0.17513979326923076 0.3753449735576923 0.18086233173076924 0.37186460096153845 0.18477775240384617 0.3619589206730769 0.18312122836538464 0.35151779807692307 0.17785046875 0.3429507211538461
2 0.07082079086538462 0.33153828846153843 0.06613510576923078 0.3317762908653846 0.060780036057692305 0.3370123581730769 0.06037840625 0.34629447836538463 0.06318981730769231 0.35771862740384613 0.0673399951923077 0.36057466346153844 0.07416770913461539 0.35986065384615384 0.07805013461538463 0.35081653605769236 0.0777823798076923 0.3422484254807693 0.07497096875 0.3341563221153846 0.07082079086538462 0.33153828846153843
2 0.09224106730769231 0.3510545408653846 0.0921071923076923 0.34558046875 0.08983128605769232 0.33772636778846155 0.08728762980769231 0.3324903004807692 0.08300357451923078 0.33201429326923076 0.07885339423076923 0.3372503605769231 0.07657749038461538 0.34153441826923076 0.07564035336538462 0.3479605 0.07711299759615384 0.3572426201923077 0.0800582860576923 0.36271668990384615 0.08581498557692308 0.36200268269230773 0.08969741105769231 0.3596226514423077 0.09224106730769231 0.3510545408653846
2 0.05622822836538462 0.35819463221153847 0.051542540865384616 0.3639067067307692 0.05181029567307693 0.37128480288461535 0.05408619951923077 0.38199493990384614 0.05823637740384616 0.38651700000000005 0.06225268028846154 0.3879450168269231 0.06800937980769231 0.38318495673076924 0.07028528365384615 0.37556885817307695 0.07028528365384615 0.37176080769230774 0.06881263942307693 0.3655727283653846 0.06037840625 0.3553385961538461 0.05622822836538462 0.35819463221153847
2 0.08233418990384617 0.36081266586538463 0.07898727163461539 0.3548625889423077 0.07349832451923077 0.3536725745192308 0.07015140624999999 0.35771862740384613 0.06747387259615384 0.3643827115384616 0.06680448798076923 0.3715228052884615 0.06854488701923077 0.37985291346153843 0.07095466826923078 0.38437497115384617 0.07764850480769231 0.38437497115384617 0.08126317548076924 0.3808049254807692 0.08353907932692307 0.37461684375000004 0.08447621634615385 0.3667627427884615 0.08233418990384617 0.36081266586538463
2 0.18073128365384614 0.36604250240384617 0.17478617548076925 0.36991783173076925 0.17102093990384615 0.38048691105769233 0.17280447355769232 0.3907036899038462 0.17637153846153847 0.39810204567307694 0.18291115625 0.40092046875 0.1880635841346154 0.3977497427884616 0.190441625 0.39105599278846154 0.19063979567307693 0.38471454326923077 0.18826175240384616 0.37555467307692303 0.18548737019230768 0.36956552884615385 0.18073128365384614 0.36604250240384617
2 0.19226384134615385 0.3509475985576923 0.18840570432692308 0.35513915625 0.1845475673076923 0.3616170168269231 0.18497624759615386 0.37038118028846156 0.187334 0.3810505961538461 0.19590763701923078 0.38524215384615385 0.20126616105769232 0.3825747980769231 0.2034095721153846 0.3726674831730769 0.2021235264423077 0.36123596634615385 0.1984797283653846 0.35437705528846153 0.19226384134615385 0.3509475985576923
2 0.2055529807692308 0.36428437019230764 0.20040879807692308 0.36428437019230764 0.1971936826923077 0.37304853365384616 0.19676500240384615 0.3856232043269231 0.19955143509615383 0.39210106250000004 0.20276654807692307 0.3959115697115384 0.21069716346153847 0.3959115697115384 0.2147696418269231 0.3860042548076923 0.2147696418269231 0.3780021923076923 0.21091150480769233 0.3665706730769231 0.2055529807692308 0.36428437019230764
2 0.22655839423076923 0.37685903846153845 0.22377196153846152 0.37609693749999995 0.21905646153846153 0.37647798798076926 0.21627002884615384 0.3810505961538461 0.2141266201923077 0.3890526586538462 0.21541266586538463 0.39895997355769236 0.21884212019230767 0.4061999350961539 0.22634405528846152 0.4084862379807692 0.23063087259615384 0.4023894302884615 0.23298862499999998 0.39210106250000004 0.2308452139423077 0.3810505961538461 0.22655839423076923 0.37685903846153845
2 0.19805104807692306 0.41115359375 0.20255220673076924 0.4035325817307692 0.20405259375 0.39362526682692306 0.20276654807692307 0.38676635576923074 0.2006231394230769 0.3818126971153846 0.19697934374999998 0.3787642932692308 0.19269252403846154 0.3795263942307692 0.187334 0.38295584855769227 0.18583361298076922 0.39286316346153843 0.18519058894230772 0.4004841754807692 0.18776268028846152 0.40543783413461537 0.19440725 0.4107725432692308 0.19805104807692306 0.41115359375
2 0.2192708028846154 0.4157261995192308 0.21991382451923075 0.4069620360576923 0.21948514423076923 0.400103125 0.2169130528846154 0.39133896153846154 0.21348359615384613 0.38790950721153844 0.2068390264423077 0.3905768605769231 0.20233786538461537 0.3962926201923077 0.20169484375000002 0.4027704807692307 0.20276654807692307 0.41382094711538464 0.20598166346153846 0.4195367067307692 0.21219755048076921 0.42220406009615385 0.2173417331730769 0.4195367067307692 0.2192708028846154 0.4157261995192308
2 0.22763010096153843 0.40200837980769233 0.2229145985576923 0.400103125 0.21648437019230768 0.40886729086538465 0.21562700721153846 0.4180125048076923 0.21669871153846154 0.4275387692307693 0.22034250721153845 0.4328734783653846 0.22548668990384615 0.4340166298076923 0.2308452139423077 0.4290629711538462 0.23341730528846152 0.42067985817307696 0.23148823798076926 0.4069620360576923 0.22763010096153843 0.40200837980769233
2 0.06451662980769231 0.3966736706730769 0.06365926442307693 0.38752845673076924 0.05980112740384615 0.3814316466346154 0.05572864903846154 0.38028849519230773 0.048226716346153845 0.38409899999999997 0.04629764663461538 0.3940063173076923 0.048012374999999996 0.4058188846153846 0.05294221634615385 0.41458304807692303 0.0604441514423077 0.4122967451923077 0.06430228846153846 0.4046757331730769 0.06451662980769231 0.3966736706730769
2 0.07480499519230768 0.3776211418269231 0.07137554086538461 0.37647798798076926 0.06494531009615384 0.3818126971153846 0.06301624278846153 0.3894337091346154 0.06344492307692308 0.40086522836538463 0.06580267548076923 0.4084862379807692 0.07309026682692307 0.41115359375 0.07887747355769231 0.4050567836538462 0.08059220192307692 0.39972207451923075 0.0795204951923077 0.38714740625000005 0.07480499519230768 0.3776211418269231
2 0.0812352235576923 0.37114328124999996 0.07759142788461539 0.3787642932692308 0.07587669951923076 0.3905768605769231 0.07909181490384615 0.40086522836538463 0.08316429326923076 0.4039136322115385 0.09088056730769231 0.40086522836538463 0.09495304567307693 0.3890526586538462 0.09388134134615383 0.3787642932692308 0.08745111298076923 0.37076223076923076 0.0812352235576923 0.37114328124999996
2 0.08895149759615384 0.3578065096153846 0.08680808894230768 0.36352226923076925 0.08616506490384615 0.3741916850961538 0.0915235889423077 0.38295584855769227 0.09731079567307692 0.3856232043269231 0.10266931971153846 0.3818126971153846 0.10481273076923078 0.37038118028846156 0.10481273076923078 0.3627601682692308 0.10095459134615384 0.35437705528846153 0.09623909134615385 0.35209075 0.08895149759615384 0.3578065096153846
2 0.11381505048076922 0.3555202067307693 0.10888520673076922 0.35513915625 0.10395536538461539 0.3570444086538461 0.10095459134615384 0.36428437019230764 0.10009722836538462 0.37914534375 0.10416970673076922 0.3882905576923077 0.10909954807692308 0.3894337091346154 0.11531543749999999 0.38676635576923074 0.1181018701923077 0.3795263942307692 0.11938791586538462 0.37152433173076926 0.11638714182692309 0.3616170168269231 0.11381505048076922 0.3555202067307693
2 0.12303171153846154 0.3570444086538461 0.11895923317307691 0.36123596634615385 0.11703016346153847 0.3677138245192308 0.11510109615384614 0.3787642932692308 0.12024527884615385 0.38714740625000005 0.1256038028846154 0.3898147596153846 0.13031930288461538 0.38714740625000005 0.13460612259615384 0.3787642932692308 0.13503480528846154 0.36885697596153844 0.13031930288461538 0.3589496610576923 0.12303171153846154 0.3570444086538461
2 0.14382278365384615 0.3882905576923077 0.14146503365384616 0.3799074447115384 0.13739255528846156 0.37647798798076926 0.13053364423076924 0.3783832427884616 0.12710418990384614 0.38638530528846154 0.12710418990384614 0.39857892307692305 0.12753287259615384 0.4061999350961539 0.13439178125 0.4115346442307692 0.14232239663461538 0.4050567836538462 0.14382278365384615 0.39857892307692305 0.14382278365384615 0.3882905576923077
2 0.15368246875 0.39476841826923076 0.14982433173076923 0.3886716081730769 0.14489449038461538 0.3886716081730769 0.14082201201923078 0.39362526682692306 0.13739255528846156 0.400103125 0.13824991826923078 0.41305884615384614 0.14596619471153846 0.42144195913461535 0.15196774038461539 0.42067985817307696 0.1556115360576923 0.4119156947115385 0.15604021875 0.4012462788461538 0.15368246875 0.39476841826923076
2 0.1661142451923077 0.39324421634615386 0.1616130841346154 0.3909579110576923 0.15604021875 0.3940063173076923 0.15346812740384613 0.4039136322115385 0.15411115144230772 0.41648830048076924 0.15839796875 0.42067985817307696 0.16568556250000002 0.42067985817307696 0.17061540384615384 0.4115346442307692 0.1704010625 0.39934102403846156 0.1661142451923077 0.39324421634615386
2 0.187334 0.4012462788461538 0.18476190865384617 0.3955305192307692 0.17918904326923077 0.39324421634615386 0.1725444735576923 0.3974357716346154 0.16997238221153846 0.4050567836538462 0.1708297451923077 0.4176314543269231 0.1749022235576923 0.4260145673076923 0.18004640624999999 0.4260145673076923 0.1864766346153846 0.42106090865384616 0.18776268028846152 0.41039149278846154 0.187334 0.4012462788461538
2 0.1989084110576923 0.4363029326923077 0.20362391346153846 0.4347787307692308 0.20641034375 0.4275387692307693 0.20705336778846156 0.4176314543269231 0.20469561778846154 0.4073430865384615 0.19912275240384616 0.4027704807692307 0.1924781826923077 0.40429468269230767 0.18969175 0.40962939182692304 0.18862004567307694 0.4180125048076923 0.18990609134615385 0.4298250721153846 0.19354988701923076 0.4343976802884616 0.1989084110576923 0.4363029326923077
2 0.10974257211538462 0.3940063173076923 0.10867086778846155 0.3860042548076923 0.10502706971153845 0.37914534375 0.09731079567307692 0.3783832427884616 0.09345265865384615 0.38295584855769227 0.09130925 0.39210106250000004 0.0932383173076923 0.4023894302884615 0.09709645432692307 0.4073430865384615 0.1035266826923077 0.41001044230769235 0.10952823076923077 0.40086522836538463 0.10974257211538462 0.3940063173076923
2 0.12603248557692306 0.39248211298076924 0.1245320985576923 0.38371794951923077 0.1196022548076923 0.3806695456730769 0.11231466346153847 0.3810505961538461 0.1084565264423077 0.39133896153846154 0.10909954807692308 0.4035325817307692 0.11338636778846153 0.41039149278846154 0.11853055048076923 0.41305884615384614 0.12410341586538462 0.4073430865384615 0.1264611658653846 0.400103125 0.12603248557692306 0.39248211298076924
2 0.13117666826923077 0.4061999350961539 0.12710418990384614 0.4016273293269231 0.12131698317307693 0.4023894302884615 0.11874489182692308 0.4077241370192307 0.11617280048076924 0.41648830048076924 0.11853055048076923 0.4263956177884615 0.12281737019230768 0.43173032451923077 0.12731853125 0.4340166298076923 0.13439178125 0.4256335168269231 0.13439178125 0.4126777956730769 0.13117666826923077 0.4061999350961539
2 0.14532317067307693 0.4168693533653846 0.13975030528846155 0.4115346442307692 0.13332007692307693 0.41458304807692303 0.13074798557692308 0.41991775721153846 0.12817589423076922 0.4302061225961538 0.13224837259615385 0.4412565913461538 0.13867860096153845 0.4443049951923077 0.14489449038461538 0.4393513365384615 0.14639487499999998 0.42944402163461537 0.14532317067307693 0.4168693533653846
2 0.15989835576923075 0.4195367067307692 0.15711192307692307 0.41382094711538464 0.15196774038461539 0.41382094711538464 0.14768092067307692 0.41648830048076924 0.14489449038461538 0.42067985817307696 0.144037125 0.4302061225961538 0.14618053605769232 0.4408755408653846 0.15153906009615387 0.44506709615384615 0.15861231009615384 0.44354289423076926 0.16225610817307692 0.43325452884615384 0.16139874278846153 0.4244903629807692 0.15989835576923075 0.4195367067307692
2 0.17661695192307691 0.42830087019230767 0.1749022235576923 0.41991775721153846 0.17125842788461537 0.41420199759615384 0.16782897115384615 0.4122967451923077 0.16268478846153847 0.41534514903846154 0.15968401442307692 0.41915565625 0.15861231009615384 0.4305871730769231 0.16075572115384615 0.4416376418269231 0.16589990384615383 0.44506709615384615 0.17125842788461537 0.44392394471153845 0.17554524759615384 0.43668398317307694 0.17661695192307691 0.42830087019230767
2 0.19333554567307693 0.4286819206730769 0.19226384134615385 0.42220406009615385 0.18862004567307694 0.41725040384615386 0.18197547596153846 0.4180125048076923 0.17704563221153846 0.4260145673076923 0.17575958653846155 0.4347787307692308 0.17704563221153846 0.44354289423076926 0.18197547596153846 0.45116390625 0.18947740865384616 0.45002075480769227 0.19354988701923076 0.43782713461538464 0.19333554567307693 0.4286819206730769