20 0.47337252644230765 0.18337098798076923 0.49270421875000003 0.1658851201923077 0.4942204326923077 0.16268648557692306 0.45479895913461543 0.15266409375 0.45532062980769233 0.15492848317307692 0.44153212019230764 0.1701499615384615 0.47337252644230765 0.18337098798076923
20 0.5188588533653846 0.1827312644230769 0.5355371634615385 0.16332620673076922 0.5002941754807693 0.15492848317307692 0.4847441081730769 0.17121617067307693 0.5188588533653846 0.1827312644230769
20 0.4862603221153846 0.1562892139423077 0.4843650649038462 0.1309133798076923 0.44911314903846156 0.13219283413461538 0.4480454975961538 0.1340951514423077 0.44911314903846156 0.1565024519230769 0.4862603221153846 0.1562892139423077
20 0.4570732596153846 0.12899419951923077 0.4623800288461538 0.10617727403846154 0.4203051706730769 0.10468457451923077 0.41894496875 0.10582134134615385 0.4203051706730769 0.1266485360576923 0.4570732596153846 0.12899419951923077
20 0.4085545456730769 0.14797276201923076 0.4468388485576923 0.1496787091346154 0.44873410576923073 0.12600880769230768 0.4119660144230769 0.12408962980769231 0.4104498028846154 0.12771474278846154 0.4119660144230769 0.12771474278846154 0.40931263221153846 0.14669331009615386 0.4085545456730769 0.14797276201923076
20 0.4453226346153846 0.1705764471153846 0.44873410576923073 0.14839925240384616 0.4119660144230769 0.14626682451923076 0.40902433413461536 0.1463719375 0.40741737499999997 0.16801754567307692 0.4453226346153846 0.1705764471153846
20 0.5222703245192307 0.15415678846153844 0.5207541105769231 0.13006041826923076 0.4824698076923077 0.13155310576923077 0.48442115865384616 0.13260705528846153 0.48550223557692307 0.15522300721153848 0.5222703245192307 0.15415678846153844
20 0.5597965408653847 0.15287734375 0.5586594110576922 0.1292074423076923 0.5226493677884615 0.1296339278846154 0.5194740697115384 0.13037491346153846 0.5215122379807693 0.15394355048076921 0.5597965408653847 0.15287734375
20 0.45479895913461543 0.20170982451923078 0.4737515697115385 0.1825180048076923 0.44153212019230764 0.1695102403846154 0.4401089903846154 0.17129753125 0.42182138461538465 0.18976825721153848 0.45479895913461543 0.20170982451923078
20 0.4980109471153846 0.20064361778846151 0.5173426418269231 0.18294451201923076 0.4862603221153846 0.17142941826923078 0.48375978365384614 0.1724136033653846 0.4688238846153846 0.18976825721153848 0.4980109471153846 0.20064361778846151
20 0.48095359375 0.22004866346153845 0.5006643317307693 0.20128335096153846 0.4710982259615385 0.18998149278846155 0.4678867692307692 0.1902707451923077 0.4483550625 0.20853358173076925 0.48095359375 0.22004866346153845
20 0.5347790769230769 0.2051216971153846 0.5563850721153846 0.18763582932692308 0.5264399230769231 0.17548102403846155 0.5241036995192307 0.17650586538461538 0.5036967572115384 0.19403309855769232 0.5347790769230769 0.2051216971153846
20 0.5192378966346154 0.22601944951923075 0.5385695913461539 0.20746737259615383 0.5078663149038461 0.19445957451923077 0.5055851802884616 0.19473503125 0.4847441081730769 0.21471760096153847 0.5192378966346154 0.22601944951923075
20 0.5753377211538462 0.22367378365384616 0.5764748509615385 0.2004303701923077 0.5362952908653846 0.2004303701923077 0.5353470865384615 0.20180348317307692 0.5366743341346154 0.22303405048076924 0.5753377211538462 0.22367378365384616
20 0.5525945576923077 0.1867828581730769 0.5764748509615385 0.1695102403846154 0.5412229759615385 0.15607596634615384 0.5399767163461539 0.1582766995192308 0.5222703245192307 0.17526777644230768 0.5525945576923077 0.1867828581730769
20 0.5809886947115385 0.2041622932692308 0.5985974158653846 0.18543574278846153 0.5674806346153847 0.17485116346153845 0.5672393990384615 0.17485116346153845 0.5658437692307692 0.17576888461538462 0.5489070504807693 0.19357772115384617 0.5809886947115385 0.2041622932692308
20 0.6130703389423077 0.22482408894230768 0.6113818197115385 0.20232990384615385 0.6096933028846154 0.20219419951923076 0.5735109975961539 0.20260130288461536 0.5738404014423076 0.20323100480769232 0.5749583052884616 0.22424583413461538 0.6130703389423077 0.22482408894230768
20 0.4150325288461539 0.2190209591346154 0.40972578125 0.1969019158653846 0.3752319903846154 0.19839461057692306 0.3751872019230769 0.1999166105769231 0.3757144230769231 0.22119214903846154 0.4150325288461539 0.2190209591346154
20 0.41358523317307694 0.19771611298076924 0.4114142836538462 0.1755970697115385 0.37426712740384616 0.17708976442307692 0.3722410745192307 0.17789956490384615 0.37474956009615384 0.19893740865384618 0.41358523317307694 0.19771611298076924
20 0.37720039423076923 0.21956375961538463 0.3755118774038462 0.19622341826923076 0.3400532235576923 0.19717331490384618 0.3381501658653846 0.19849615625 0.3386059423076923 0.22024226201923075 0.37720039423076923 0.21956375961538463
20 0.30266484375 0.21752826442307693 0.30242363461538463 0.1948664206730769 0.26455282451923073 0.19500212259615385 0.2660001201923077 0.19622341826923076 0.2657588966346154 0.2169854639423077 0.30266484375 0.21752826442307693
20 0.3398120144230769 0.21793536057692306 0.3373998701923077 0.19608771634615385 0.3012175625 0.1959520216346154 0.300367 0.1970757019230769 0.30169998076923077 0.21793536057692306 0.3398120144230769 0.21793536057692306
20 0.26792984615384613 0.2169854639423077 0.26648255048076924 0.19459501923076922 0.22909417307692306 0.1941879278846154 0.23005903605769232 0.1948664206730769 0.22909417307692306 0.21671406490384618 0.26792984615384613 0.2169854639423077
20 0.37695918509615384 0.19758040625 0.37406459375 0.17505427163461537 0.3373998701923077 0.1768183701923077 0.3374040384615385 0.17695259615384615 0.33788228846153845 0.1981232091346154 0.37695918509615384 0.19758040625
20 0.3386059423076923 0.19649481971153845 0.3373998701923077 0.17546137019230768 0.3014587716346154 0.17600417067307694 0.30120875240384615 0.17624236778846153 0.30169998076923077 0.19676621875 0.3386059423076923 0.19649481971153845
20 0.3031472884615385 0.19635911538461537 0.3002526995192308 0.174104375 0.2621406658653846 0.1745114735576923 0.26334675240384614 0.17627556971153846 0.26206733653846154 0.1764791105769231 0.26310552884615385 0.19649481971153845 0.3031472884615385 0.19635911538461537
20 0.2257171514423077 0.1727473798076923 0.22426985576923078 0.17369727403846152 0.22451107692307692 0.1947307235576923 0.2655176875 0.1948664206730769 0.26232797115384615 0.17410237980769233 0.2257171514423077 0.1727473798076923
20 0.3369174254807692 0.17579228125 0.33402283413461537 0.15421603846153847 0.2961520360576923 0.15475884134615384 0.2957373701923077 0.15540903605769232 0.29904662740384613 0.17606368269230768 0.3369174254807692 0.17579228125
20 0.3728585216346154 0.17633508173076923 0.3714112139423077 0.15475884134615384 0.3354701418269231 0.15584443750000002 0.33319528365384615 0.15635600480769232 0.3347464879807692 0.17687788221153847 0.3728585216346154 0.17633508173076923
20 0.4131414903846154 0.17633508173076923 0.40711110096153846 0.15584443750000002 0.3709287956730769 0.15598013221153847 0.37065319711538464 0.15659274759615385 0.37189365865384616 0.17877768028846155 0.4131414903846154 0.17633508173076923
20 0.4100056923076923 0.15611582932692308 0.40759352163461543 0.13535378846153845 0.3694815144230769 0.13548948798076924 0.3681279423076923 0.13623289903846153 0.3709287956730769 0.15774422836538463 0.4100056923076923 0.15611582932692308
20 0.37189365865384616 0.1566586298076923 0.36924027884615385 0.13386109134615384 0.3330579975961539 0.13399678846153845 0.33151178124999997 0.13552267067307694 0.33402283413461537 0.15747282692307693 0.37189365865384616 0.1566586298076923
20 0.3301634086538462 0.11253956490384616 0.32919854567307694 0.09069192788461539 0.29132772115384614 0.09001342548076924 0.2915286177884615 0.09125183894230769 0.2915689567307692 0.11281096394230769 0.3301634086538462 0.11253956490384616
20 0.3234093653846154 0.08987772836538463 0.32147963942307695 0.06735158413461538 0.2845737043269231 0.06694448557692308 0.28311110817307694 0.06781433894230769 0.28312639663461536 0.089470625 0.3234093653846154 0.08987772836538463
20 0.36007411538461537 0.09137042307692307 0.35790315384615384 0.06748728365384615 0.32123843028846155 0.06762298317307693 0.3218316466346154 0.06828782211538462 0.32123843028846155 0.09096331971153847 0.36007411538461537 0.09137042307692307
20 0.3986685673076923 0.09164182451923077 0.3940854615384615 0.06708018509615385 0.3586268076923077 0.06721588461538462 0.35634343269230767 0.06852456490384616 0.35669708173076925 0.09299881490384615 0.3986685673076923 0.09164182451923077
20 0.2845737043269231 0.089470625 0.28312639663461536 0.06613028846153847 0.24766774278846154 0.06585888942307692 0.2469441033653846 0.06680878365384615 0.24646167067307692 0.08865643269230769 0.2845737043269231 0.089470625
20 0.4046989567307693 0.11403226682692308 0.4015631586538462 0.09014912740384616 0.36513961538461537 0.09109902403846154 0.3660235673076923 0.09243555048076924 0.36586326923076923 0.11457506009615384 0.4046989567307693 0.11403226682692308
20 0.40711110096153846 0.13506571153846153 0.40566379326923074 0.11321806730769232 0.36779299519230774 0.11348946875 0.3672861923076923 0.11468933894230769 0.3699639326923077 0.13682980769230768 0.40711110096153846 0.13506571153846153
20 0.37068758653846157 0.1348705 0.36755178605769234 0.11207295913461539 0.3301634086538462 0.11234436057692307 0.32992217307692306 0.11220865625 0.32982828124999997 0.11374236778846154 0.3313694807692308 0.1355489951923077 0.37068758653846157 0.1348705
20 0.2938984951923077 0.11166585576923077 0.29194949278846155 0.11232191346153846 0.29422231009615385 0.13432769951923076 0.3325755528846154 0.1336492043269231 0.3313694807692308 0.11166585576923077 0.2938984951923077 0.11166585576923077
20 0.3347464879807692 0.15522544951923076 0.3345052788461539 0.13297070192307692 0.2951871730769231 0.13310640625 0.2951871730769231 0.1344633966346154 0.2959108269230769 0.15590394471153848 0.3347464879807692 0.15522544951923076
20 0.30097635336538464 0.17484238701923077 0.2973581105769231 0.15299474519230769 0.25876365865384615 0.15380894230769232 0.25876365865384615 0.15421603846153847 0.26189945673076925 0.17565657932692308 0.30097635336538464 0.17484238701923077
20 0.29832297355769233 0.15394463701923078 0.2966344567307692 0.1322326923076923 0.2597285216346154 0.13196129567307693 0.2591212091346154 0.13244501923076923 0.2597285216346154 0.15475884134615384 0.29832297355769233 0.15394463701923078
20 0.26310552884615385 0.1741638846153846 0.2611758173076923 0.15258764182692308 0.22306378365384616 0.1531304375 0.22292592307692308 0.15351509615384615 0.2235462139423077 0.17429958653846153 0.26310552884615385 0.1741638846153846
20 0.16067266105769232 0.21491135817307694 0.15753686298076924 0.19292802403846154 0.120872125 0.19184242548076924 0.1192949471153846 0.19257759615384615 0.11942482932692308 0.21382577403846154 0.16067266105769232 0.21491135817307694
20 0.19299551442307694 0.21518276442307693 0.19396037740384614 0.19319942307692306 0.15850172596153847 0.192656625 0.1575946105769231 0.19352456490384615 0.15633079086538462 0.21531846153846154 0.19299551442307694 0.21518276442307693
20 0.23014268509615385 0.21586126201923078 0.22990144951923078 0.19360651923076924 0.18913606249999998 0.19360651923076924 0.19130699759615383 0.19374221634615385 0.1920306514423077 0.21586126201923078 0.23014268509615385 0.21586126201923078
20 0.2265244423076923 0.19523491826923076 0.22531836778846154 0.17298017067307692 0.1903421346153846 0.17284447596153846 0.19010092548076923 0.1727087716346154 0.18831851682692308 0.17387494471153844 0.1893772716346154 0.1942850168269231 0.2265244423076923 0.19523491826923076
20 0.1903421346153846 0.19360651923076924 0.1903421346153846 0.17189457932692306 0.1529537548076923 0.17216597115384616 0.15170235336538462 0.1729279735576923 0.15247133653846154 0.19360651923076924 0.1903421346153846 0.19360651923076924
20 0.156572 0.19292802403846154 0.15415982932692307 0.17175887499999998 0.11435930528846153 0.17162318028846152 0.11532416826923077 0.1727087716346154 0.11628903125000001 0.19360651923076924 0.156572 0.19292802403846154
20 0.15102402884615385 0.1727087716346154 0.14909432932692307 0.15072543028846155 0.1112235048076923 0.15126823076923077 0.11214006490384615 0.15256812740384615 0.11242959134615385 0.17352297115384616 0.15102402884615385 0.1727087716346154
20 0.14812946634615384 0.13070139663461539 0.14595852884615385 0.10763245432692307 0.10857013701923077 0.10831095432692309 0.10751043509615385 0.10948100480769231 0.11025864182692308 0.13056569471153845 0.14812946634615384 0.13070139663461539
20 0.14933553846153846 0.15146344230769232 0.15054161057692309 0.12934439903846154 0.1100174326923077 0.12934439903846154 0.10961481249999999 0.12984085336538462 0.11098229567307692 0.15200624278846153 0.14933553846153846 0.15146344230769232
20 0.14547608413461538 0.10837046153846154 0.14451122115384615 0.08815121634615385 0.10712284375 0.08665852163461539 0.10688163461538462 0.08692992067307692 0.10543433894230768 0.10918466105769231 0.14547608413461538 0.10837046153846154
20 0.13679234134615384 0.08720132211538462 0.13751597115384614 0.06481087740384615 0.09843909855769231 0.06453947596153846 0.09740942548076922 0.06568365625 0.09819787740384614 0.08611572115384615 0.13679234134615384 0.08720132211538462
20 0.17297464903846155 0.08598001923076923 0.17418072115384617 0.06358958413461538 0.1363098966346154 0.06304678125 0.1352882139423077 0.06355297355769231 0.1358274783653846 0.08625141826923076 0.17297464903846155 0.08598001923076923
20 0.21205151923076923 0.08760841826923077 0.21108665625 0.06562507211538461 0.17393951201923075 0.06304678125 0.17400875240384617 0.06355297355769231 0.17200978605769232 0.08679421875 0.21205151923076923 0.08760841826923077
20 0.24847503365384613 0.08801551201923076 0.24775140624999997 0.06440377644230769 0.21181031009615386 0.06413237740384616 0.20978316346153847 0.06449994471153846 0.20915693028846152 0.0878798173076923 0.24847503365384613 0.08801551201923076
20 0.2549878677884615 0.11027026201923076 0.2549878677884615 0.0885583125 0.2168758341346154 0.08760841826923077 0.21639338942307693 0.08882971153846153 0.21735825480769233 0.11027026201923076 0.2549878677884615 0.11027026201923076
20 0.17780783413461537 0.08666268509615384 0.1794874567307692 0.10850616586538461 0.21759948798076925 0.10972746153846155 0.21832311778846153 0.08733701682692309 0.17780783413461537 0.08666268509615384
20 0.18093473798076923 0.10864185576923077 0.18165839182692306 0.08625141826923076 0.1440288028846154 0.08570862500000001 0.14286397115384616 0.08604350480769231 0.1423402860576923 0.1080990625 0.18093473798076923 0.10864185576923077
20 0.18310567307692308 0.1298110096153846 0.1828644639423077 0.10796336538461539 0.14499366586538462 0.10742056730769231 0.14328484615384615 0.10829729326923077 0.14668215865384615 0.13021811298076924 0.18310567307692308 0.1298110096153846
20 0.2229062235576923 0.13130369951923077 0.22121770673076924 0.10850616586538461 0.18334690865384615 0.1080990625 0.18200538461538462 0.10877077884615384 0.18189960096153845 0.1319822091346154 0.2229062235576923 0.13130369951923077
20 0.2588472956730769 0.13266070432692306 0.25643514903846154 0.10959175721153845 0.21784069711538462 0.10891326923076924 0.21784069711538462 0.10918466105769231 0.22073528846153845 0.1329320985576923 0.2588472956730769 0.13266070432692306
20 0.29527081009615386 0.11162725240384616 0.2923762475961538 0.08910111298076923 0.2554702860576923 0.08896541586538462 0.25313333173076924 0.08935789903846153 0.2557114951923077 0.11081306009615385 0.29527081009615386 0.11162725240384616
20 0.1860002644230769 0.15187054567307692 0.18551784375 0.1297514951923077 0.14933553846153846 0.12893730288461538 0.1466518485576923 0.12984085336538462 0.14837067548076924 0.15173484375000001 0.1860002644230769 0.15187054567307692
20 0.2243535048076923 0.15268473798076923 0.2229062235576923 0.13070139663461539 0.18334690865384615 0.13083709375 0.1841097620192308 0.13126130769230768 0.18455298076923077 0.15349893750000002 0.2243535048076923 0.15268473798076923
20 0.22387108653846152 0.17371817548076923 0.22483594951923078 0.15159913221153845 0.18527661057692307 0.1521419375 0.1862141394230769 0.15233138461538462 0.18720633653846155 0.1746680793269231 0.22387108653846152 0.17371817548076923
20 0.1874475721153846 0.17263259134615383 0.18865364423076925 0.15051354086538463 0.15054161057692309 0.1510563389423077 0.14791447596153845 0.15091093028846153 0.1515064735576923 0.17331108653846156 0.1874475721153846 0.17263259134615383
20 0.36812005528846153 0.11247772355769231 0.36607900961538464 0.09135032932692308 0.3301564735576923 0.09146515625000001 0.32779373076923074 0.09203681250000001 0.3289318293269231 0.11316666105769231 0.36812005528846153 0.11247772355769231
20 0.26090585817307693 0.15370768990384615 0.26134807451923076 0.13106845673076922 0.2157985721153846 0.13057088942307693 0.21624083653846154 0.13081968028846153 0.22102221634615382 0.13127073076923076 0.2219898028846154 0.15445403365384613 0.26090585817307693 0.15370768990384615
20 0.2953996466346154 0.13256115625 0.29495743028846155 0.11116584374999999 0.2555991105769231 0.11017071875 0.25497283413461536 0.11087142548076923 0.2551568918269231 0.13280994471153845 0.2953996466346154 0.13256115625
20 0.49613293990384616 0.11145659615384615 0.4955433149038461 0.08807101923076922 0.45633241826923077 0.08790516826923077 0.45574276201923075 0.08823688461538462 0.45599012019230767 0.0904073389423077 0.4583961298076923 0.11145659615384615 0.49613293990384616 0.11145659615384615
20 0.4973122163461538 0.13218848557692306 0.4943640384615385 0.10979804326923077 0.4601650600961538 0.11112488701923076 0.45907654086538463 0.10979391346153845 0.4589857836538461 0.13384704086538463 0.4973122163461538 0.13218848557692306
20 0.5344593725961538 0.1099639014423077 0.5318060048076924 0.08707589663461539 0.4955433149038461 0.08740759855769231 0.49406922836538464 0.0875734591346154 0.49524850480769234 0.11145659615384615 0.5344593725961538 0.1099639014423077
20 0.57042728125 0.11062732451923077 0.5689531923076923 0.08873444230769231 0.5338697475961538 0.08856859134615386 0.5316074038461539 0.08867122836538462 0.5321008485576922 0.11145659615384615 0.57042728125 0.11062732451923077
20 0.57013246875 0.13135921394230768 0.5695428149038462 0.1101297451923077 0.5318060048076924 0.11029561298076923 0.5316074038461539 0.11008326442307692 0.5321008485576922 0.13152507451923076 0.57013246875 0.13135921394230768
20 0.49624821394230767 0.10979371634615384 0.49611357692307695 0.11008326442307692 0.49701740384615384 0.13252019711538462 0.5344593725961538 0.13086164423076924 0.5335749375 0.1096321923076923 0.49624821394230767 0.10979371634615384
20 0.5857578533653846 0.09652963461538462 0.6028573269230769 0.07894899278846154 0.5733754591346154 0.06899768509615384 0.5730806466346153 0.06883182932692308 0.572245264423077 0.06870594951923077 0.5556863317307692 0.08624661538461538 0.5857578533653846 0.09652963461538462
20 0.6158293774038461 0.10896876923076923 0.6355822163461539 0.0905588485576923 0.6025625168269231 0.079944125 0.6015662524038462 0.08201613461538462 0.5857578533653846 0.09885161057692307 0.6158293774038461 0.10896876923076923
20 0.5819252115384616 0.1288713870192308 0.6181879014423076 0.12091033413461538 0.6031521706730769 0.10051015625 0.6004987740384615 0.10117357692307692 0.5660049831730769 0.10830535576923077 0.5819252115384616 0.1288713870192308
20 0.5966661298076923 0.15192524278846153 0.6258531875 0.13849098557692308 0.6025625168269231 0.12173961538461539 0.5995086394230769 0.1216573389423077 0.5724909927884615 0.136169 0.5966661298076923 0.15192524278846153
20 0.6556298990384615 0.12207132692307693 0.6662433629807692 0.10216870913461538 0.6282117427884616 0.09371009615384616 0.6282117427884616 0.0952027908653846 0.6199568317307692 0.1165981033653846 0.6556298990384615 0.12207132692307693
20 0.6361718701923077 0.14595446634615386 0.6641796514423077 0.13069579326923078 0.6376459591346154 0.11444198557692307 0.6355168701923077 0.11442354326923078 0.6102278028846154 0.12970065865384617 0.6361718701923077 0.14595446634615386
20 0.6211361105769231 0.16893558894230767 0.6503231658653846 0.15616474278846154 0.625558375 0.13825239182692306 0.6236855937500001 0.14017585817307693 0.59814025 0.1516866514423077 0.6211361105769231 0.16893558894230767
20 0.5769132908653846 0.17142341586538462 0.6061003485576923 0.15666230528846153 0.5801562788461538 0.1415694903846154 0.5773892980769231 0.14104391346153847 0.5497899759615384 0.15467204807692306 0.5769132908653846 0.17142341586538462
20 0.5987298725961538 0.1876772139423077 0.6288013966346154 0.17357953365384615 0.6063951586538462 0.15732572596153846 0.6043314471153847 0.15666230528846153 0.5757340120192308 0.1707599951923077 0.5987298725961538 0.1876772139423077
20 0.6128811682692308 0.2080046610576923 0.6473749591346153 0.1957313798076923 0.6240842860576923 0.17781903365384616 0.6240842860576923 0.1776531730769231 0.6216279807692308 0.17837030288461536 0.5925386754807692 0.19025815865384615 0.6128811682692308 0.2080046610576923
20 0.6299806730769231 0.22674629326923076 0.6597573533653847 0.21546813221153846 0.6411837908653847 0.19722407932692307 0.6391176923076922 0.19833557932692306 0.6069848125 0.20916564423076922 0.6299806730769231 0.22674629326923076
20 0.4498464086538462 0.2595128653846154 0.4492567548076923 0.23861512499999998 0.4121095985576923 0.2381175625 0.4107226298076923 0.23942354326923077 0.4103406971153846 0.25818603125 0.4498464086538462 0.2595128653846154
20 0.4846350096153846 0.2381175625 0.4477826658653846 0.2381175625 0.4467308605769231 0.23942354326923077 0.44837231971153846 0.26017628846153845 0.48669875240384614 0.26100556971153843 0.4846350096153846 0.2381175625
20 0.5226666298076923 0.2611714110576923 0.5211925408653847 0.23761999278846155 0.4849298197115385 0.23795170432692309 0.4840453870192307 0.23878098076923077 0.4849298197115385 0.2620006923076923 0.5226666298076923 0.2611714110576923
20 0.5187927451923077 0.23978221634615385 0.519423641826923 0.2608397091346154 0.5553915192307692 0.2616689903846154 0.556275985576923 0.23994196875 0.5187927451923077 0.23978221634615385
20 0.5957816947115384 0.26249826442307694 0.593128329326923 0.24193222596153846 0.5530329639423077 0.2397761081730769 0.5548018653846154 0.26299582451923076 0.5957816947115384 0.26249826442307694
20 0.4495515649038462 0.2789179206730769 0.4486671298076923 0.25768846153846153 0.4121095985576923 0.25719089903846154 0.4102082283653846 0.25678465384615384 0.41181478605769234 0.2782545 0.4495515649038462 0.2789179206730769
20 0.41123691586538463 0.27870485096153846 0.4112251322115385 0.30057220192307693 0.4486671298076923 0.30057220192307693 0.44837231971153846 0.27934275000000003 0.41123691586538463 0.27870485096153846
20 0.40986614182692305 0.29941828365384615 0.41226584134615385 0.2996087283653846 0.4147629639423077 0.32097238942307693 0.45132049759615384 0.3201431081730769 0.45220496153846157 0.29957707692307695 0.40986614182692305 0.29941828365384615
20 0.4348106466346154 0.3402115841346154 0.4533842403846154 0.33971400480769226 0.4533842403846154 0.31831870192307693 0.41623705288461543 0.31865040384615384 0.4163810673076923 0.3195740072115385 0.4156474302884616 0.34054328605769235 0.4348106466346154 0.3402115841346154
20 0.45692204086538457 0.36120244230769233 0.45456348557692305 0.3379827259615385 0.41712151923076923 0.3391437091346154 0.4156474302884616 0.3422949591346154 0.4174098725961538 0.34127539423076925 0.41889041826923074 0.3617000144230769 0.45692204086538457 0.36120244230769233
20 0.45928059375 0.38143677163461537 0.45810131730769227 0.35871461538461535 0.4221334399038461 0.36004146875000004 0.41998188942307696 0.3597939134615385 0.4209541610576923 0.38176848076923076 0.45928059375 0.38143677163461537
20 0.45456348557692305 0.38243190384615383 0.4931847620192308 0.38226604326923075 0.49288994951923076 0.3590463269230769 0.4549564951923077 0.3597821971153846 0.45456348557692305 0.38243190384615383
20 0.4923002956730769 0.3625292860576923 0.49259510817307695 0.3391437091346154 0.45574276201923075 0.33980713221153847 0.4534181033653846 0.3404073389423077 0.45249977403846153 0.3620317235576923 0.4923002956730769 0.3625292860576923
20 0.49171067307692307 0.3419632524038461 0.48787802884615383 0.3194069519230769 0.44837231971153846 0.3210655120192308 0.44807747596153846 0.3210655120192308 0.4503316850961539 0.32159946875 0.4519101201923077 0.34030470192307694 0.49171067307692307 0.3419632524038461
20 0.4464736682692308 0.29935884375 0.45084608653846153 0.2998980793269231 0.45073084375 0.32239234615384615 0.48964693028846157 0.32206063461538464 0.48817284134615385 0.3001677572115385 0.4464736682692308 0.29935884375
20 0.48935211778846155 0.30040635096153845 0.4884676514423077 0.27884518750000004 0.4492567548076923 0.27950860096153846 0.44878847355769236 0.28080085817307693 0.45102568509615387 0.3010697716346154 0.48935211778846155 0.30040635096153845
20 0.4837505432692308 0.2801720216346154 0.4849298197115385 0.25977184375 0.4492567548076923 0.25927427644230766 0.44827406971153844 0.2593888221153846 0.44689819951923077 0.28033788221153844 0.4837505432692308 0.2801720216346154
20 0.5214873533653847 0.2810013028846154 0.5214873533653847 0.25977184375 0.4861090985576923 0.25894256971153845 0.4837678990384615 0.2593888221153846 0.4846350096153846 0.2814988653846154 0.5214873533653847 0.2810013028846154
20 0.5229614423076924 0.28116715625 0.4861090985576923 0.2805037331730769 0.48669875240384614 0.30073806009615384 0.48640393990384617 0.30123562259615383 0.5211925408653847 0.3018990456730769 0.5229614423076924 0.28116715625
20 0.5235510961538462 0.32263093509615387 0.5232562836538461 0.3014014831730769 0.4849298197115385 0.3010697716346154 0.4873687211538461 0.3016341923076923 0.48787802884615383 0.32263093509615387 0.5235510961538462 0.32263093509615387
20 0.5235510961538462 0.3431242403846154 0.5253199951923077 0.32123135817307696 0.4890573076923077 0.32089964663461534 0.48788312500000003 0.3204420625 0.48787802884615383 0.3431242403846154 0.5235510961538462 0.3431242403846154
20 0.5276785504807692 0.36335856009615386 0.5267940841346154 0.3419632524038461 0.4923002956730769 0.3412998269230769 0.4883975264423077 0.34156474759615385 0.48935211778846155 0.3631927091346154 0.5276785504807692 0.36335856009615386
20 0.5276785504807692 0.3835928966346154 0.5285630168269231 0.3617000144230769 0.49200548317307696 0.3613683028846154 0.48994073798076926 0.3618193774038462 0.49112101923076923 0.38342703605769235 0.5276785504807692 0.3835928966346154
20 0.5244355625 0.3840904495192307 0.5630568052884615 0.3830953245192308 0.5624671826923077 0.3615341538461539 0.5244063918269231 0.3620099735576923 0.5244355625 0.3840904495192307
20 0.5598137860576923 0.36352441826923076 0.5601086274038461 0.3422949591346154 0.5247303725961538 0.34113397596153844 0.5244057572115385 0.3401179879807692 0.5235510961538462 0.36402198076923076 0.5598137860576923 0.36352441826923076
20 0.5604034399038461 0.34113397596153844 0.5604034399038461 0.3227240576923077 0.5214873533653847 0.32305576682692305 0.5200132644230769 0.32255820192307694 0.5226666298076923 0.3419632524038461 0.5604034399038461 0.34113397596153844
20 0.5598137860576923 0.32255820192307694 0.5592241634615385 0.3008311802884615 0.51500134375 0.3008311802884615 0.51529615625 0.30099703365384617 0.5192617259615384 0.3016341923076923 0.5217821634615385 0.32322161778846153 0.5598137860576923 0.32255820192307694
20 0.5574552620192308 0.30306002884615385 0.5589293509615385 0.27984031490384614 0.5208977307692307 0.28066959375 0.5208049350961539 0.27993280288461536 0.5208977307692307 0.3037234495192308 0.5574552620192308 0.30306002884615385
20 0.5232562836538461 0.2833232716346154 0.5586345096153846 0.2814988653846154 0.5598137860576923 0.2599376995192308 0.5232562836538461 0.2599376995192308 0.5218337427884616 0.2614142836538461 0.5203080769230769 0.2805037331730769 0.5232562836538461 0.2833232716346154
20 0.5957816947115384 0.2823281394230769 0.5951920408653846 0.2601035552884615 0.5553915192307692 0.2609328317307692 0.5547555528846154 0.2599675240384615 0.556570795673077 0.2831574206730769 0.5957816947115384 0.2823281394230769
20 0.6276221177884616 0.26391822115384617 0.6270324639423077 0.24185949278846156 0.5901801201923077 0.2418994423076923 0.5897349759615385 0.24202770913461538 0.5907697740384615 0.2632548028846154 0.6276221177884616 0.26391822115384617
20 0.5912791538461538 0.26147506009615384 0.5916542403846153 0.2850217740384615 0.6288013966346154 0.2826997884615384 0.6288013966346154 0.26229961778846156 0.5912791538461538 0.26147506009615384
20 0.5951920408653846 0.302934125 0.5960765072115385 0.282036375 0.5574552620192308 0.2812071033653846 0.5568131658653847 0.2813795625 0.5580448846153846 0.3035975456730769 0.5951920408653846 0.302934125
20 0.5984350600961539 0.3433300384615385 0.5960765072115385 0.3216030168269231 0.5577500745192308 0.322764 0.5573275697115384 0.3233355793269231 0.5586345096153846 0.34299833653846157 0.5984350600961539 0.3433300384615385
20 0.593717951923077 0.3225981490384615 0.5963713173076923 0.3015345432692308 0.5553915192307692 0.3025296802884615 0.5547555528846154 0.30308094951923076 0.5586345096153846 0.32326156971153847 0.593717951923077 0.3225981490384615
20 0.5969609735576923 0.3630667956730769 0.5984350600961539 0.34233490624999996 0.5598137860576923 0.34200319471153845 0.5598995841346154 0.34359020913461535 0.5598137860576923 0.36356436538461534 0.5969609735576923 0.3630667956730769
20 0.59814025 0.3837986850961539 0.5963713173076923 0.36008140625 0.5604034399038461 0.36173996153846155 0.5593851826923077 0.36413419230769234 0.5621723413461539 0.38396453605769226 0.59814025 0.3837986850961539
20 0.6341081274038461 0.38529137980769235 0.6326340384615385 0.36290094471153844 0.5966661298076923 0.3627350841346154 0.5938502019230769 0.3632661346153846 0.5984350600961539 0.38545724759615385 0.6341081274038461 0.38529137980769235
20 0.6332236610576923 0.3645594903846154 0.6320443846153846 0.3413397740384615 0.5943076057692308 0.34299833653846157 0.593423141826923 0.3433300384615385 0.5951920408653846 0.36356436538461534 0.6332236610576923 0.3645594903846154
20 0.5938671586538461 0.3225981490384615 0.5966661298076923 0.34415931009615386 0.6349925937500001 0.3439934591346154 0.6332236610576923 0.3225981490384615 0.5938671586538461 0.3225981490384615
20 0.6299806730769231 0.3046857956730769 0.6288013966346154 0.28246120913461537 0.5904749639423077 0.2819636418269231 0.5902493798076923 0.2822476177884615 0.5925386754807692 0.3048516490384615 0.6299806730769231 0.3046857956730769
20 0.630865108173077 0.32375913221153846 0.6288013966346154 0.30286139182692307 0.593423141826923 0.30286139182692307 0.5917925889423077 0.30308094951923076 0.593423141826923 0.32492011538461535 0.630865108173077 0.32375913221153846
20 0.7013891971153845 0.32775070432692305 0.700252048076923 0.3069595793269231 0.6625362884615384 0.30727944471153845 0.6644989399038461 0.30774698076923074 0.6642420240384616 0.3284970576923077 0.7013891971153845 0.32775070432692305
20 0.7021473052884615 0.3084522764423077 0.7017682620192307 0.2872346658653846 0.6644315673076923 0.2874479086538461 0.6641682524038461 0.28840174278846153 0.6640525024038462 0.3075993076923077 0.7021473052884615 0.3084522764423077
20 0.7019577836538461 0.3477954855769231 0.7019577836538461 0.32700435817307694 0.6665163461538461 0.3268977403846154 0.6651603149038461 0.32727823076923074 0.6653791947115385 0.3477954855769231 0.7019577836538461 0.3477954855769231
20 0.6644315673076923 0.32572490144230765 0.6651896730769231 0.3052536418269231 0.6276634567307693 0.30504039903846153 0.6268005264423077 0.30532882451923077 0.6288006057692308 0.32583152163461543 0.6644315673076923 0.32572490144230765
20 0.6657582379807692 0.30589336538461537 0.6644315673076923 0.2839294110576923 0.6288006057692308 0.2844625168269231 0.6287846538461538 0.28505352884615387 0.6274739158653847 0.3064264783653846 0.6657582379807692 0.30589336538461537
20 0.6989253557692308 0.2882410168269231 0.6966510360576923 0.2675565096153846 0.6648106105769231 0.2678763725961538 0.6635068774038462 0.26849846875 0.6632943966346154 0.2883476418269231 0.6989253557692308 0.2882410168269231
20 0.6991148774038461 0.26723664903846156 0.6962719927884616 0.24516606971153848 0.6604515096153847 0.24676538942307694 0.6604515096153847 0.2482580841346154 0.6601999975961538 0.24878120673076923 0.6627258317307692 0.2683028605769231 0.6991148774038461 0.26723664903846156
20 0.6623467668269231 0.26429801201923075 0.6617781826923077 0.24446648076923075 0.6248205504807692 0.24435985817307693 0.6254777764423077 0.24450293269230772 0.6269053509615384 0.2649377355769231 0.6623467668269231 0.26429801201923075
20 0.7038530408653846 0.3869385480769231 0.7048006682692307 0.3659341802884616 0.6680325576923077 0.3664672860576923 0.6664830673076924 0.3672707908653846 0.6668954086538462 0.3872584110576923 0.7038530408653846 0.3869385480769231
20 0.6674639735576923 0.38715179086538465 0.6687906658653847 0.3650812091346154 0.6327806634615385 0.3647613485576923 0.6327806634615385 0.36572093749999995 0.6316435120192309 0.3866186826923077 0.6674639735576923 0.38715179086538465
20 0.6667058870192307 0.36550769471153843 0.6665163461538461 0.34492981490384617 0.6310749278846154 0.34535629807692303 0.63076878125 0.3458794206730769 0.6303168197115384 0.3660407980769231 0.6667058870192307 0.36550769471153843
20 0.7038530408653846 0.3675802548076923 0.7029054110576923 0.3471089951923077 0.6668954086538462 0.34678913221153845 0.6661373028846154 0.3487083125 0.6654910024038462 0.3482975745192308 0.6653791947115385 0.36672728846153846 0.7038530408653846 0.3675802548076923
20 0.6668599206730769 0.34636692067307695 0.6661965937500001 0.32481612259615383 0.6312052932692308 0.3244429519230769 0.6314944423076922 0.3244543894230769 0.6308736129807693 0.3457138725961538 0.6668599206730769 0.34636692067307695
20 0.6629492283653846 0.2854100168269231 0.6606275528846154 0.2635793293269231 0.6251387403846155 0.2641390961538461 0.6251387403846155 0.2646988533653846 0.6277921129807692 0.2857831802884615 0.6629492283653846 0.2854100168269231
20 0.7670939591346154 0.26525861538461537 0.7694156682692307 0.24249500240384617 0.7296151322115385 0.24062912740384615 0.7292834687499999 0.24324135096153846 0.7305814783653847 0.24461190384615383 0.7282884447115384 0.2645122620192308 0.7670939591346154 0.26525861538461537
20 0.762782235576923 0.2852234350961539 0.76742565625 0.26339274759615383 0.7292834687499999 0.2622732235576923 0.7276879591346154 0.2618645072115385 0.7233133966346154 0.28447707451923077 0.762782235576923 0.2852234350961539
20 0.7564804975961539 0.3064943533653846 0.7591338725961538 0.28410389903846156 0.7216550456730769 0.2826112115384615 0.7213233485576923 0.28317096875 0.7173433221153847 0.28690270432692305 0.7203283581730768 0.2846636658653846 0.7160166346153846 0.30500164423076925 0.7564804975961539 0.3064943533653846
20 0.7541587860576923 0.32776527403846156 0.7578071850961539 0.30537481971153846 0.7193333341346153 0.30444188701923075 0.7172712932692308 0.3058098197115385 0.7156849375000001 0.3261907403846154 0.7541587860576923 0.32776527403846156
20 0.7558171730769231 0.34783483413461536 0.7544904855769231 0.32656391586538464 0.715021610576923 0.3245114591346154 0.71435825 0.3263773317307692 0.7156849375000001 0.3469019038461539 0.7558171730769231 0.34783483413461536
20 0.7531637980769231 0.36798623076923076 0.7561488341346153 0.34559578605769226 0.7206600216346154 0.34559578605769226 0.7161138846153846 0.3461744038461539 0.7146899471153846 0.3677996490384615 0.7531637980769231 0.36798623076923076
20 0.7554854735576922 0.3894437331730769 0.7581388485576923 0.3661203677884615 0.7163482980769231 0.3668667067307692 0.719586108173077 0.36798429807692307 0.7163482980769231 0.38925715144230766 0.7554854735576922 0.3894437331730769
20 0.7537369134615385 0.36675512740384614 0.7541587860576923 0.38981691826923076 0.7923009735576922 0.3886973822115385 0.790642625 0.36761305528846155 0.7537369134615385 0.36675512740384614
20 0.790642625 0.3683593942307692 0.7893159375000001 0.34652872836538456 0.7574755216346154 0.34522261057692305 0.753729625 0.3458488822115384 0.7531637980769231 0.3677996490384615 0.790642625 0.3683593942307692
20 0.7913059495192307 0.3467153100961538 0.7913059495192307 0.3256309831730769 0.7568121610576923 0.3250712163461538 0.7554854735576922 0.32432486538461536 0.7588022091346154 0.3297358942307692 0.7558171730769231 0.3267504975961538 0.7531637980769231 0.34615555288461536 0.7913059495192307 0.3467153100961538
20 0.7942909879807692 0.3284297884615385 0.7976077211538463 0.3067856947115385 0.7584705120192308 0.3045466466346154 0.7566231442307692 0.30450773557692307 0.7534954615384616 0.3261907403846154 0.7942909879807692 0.3284297884615385
20 0.7959493725961538 0.3075320432692308 0.7989344086538461 0.2866342932692308 0.7604605576923077 0.2840220745192308 0.7600953677884615 0.28465096634615383 0.7554854735576922 0.30510641346153844 0.7959493725961538 0.3075320432692308
20 0.7989344086538461 0.2867161225961538 0.80291446875 0.2646988533653846 0.7700789951923077 0.2645122620192308 0.766461108173077 0.2638176322115385 0.7631139326923078 0.2842904927884615 0.7989344086538461 0.2867161225961538
20 0.8012560841346155 0.26563178605769233 0.8012560841346155 0.2434279326923077 0.7700789951923077 0.24230840865384615 0.7677573197115385 0.24324135096153846 0.7651039447115384 0.26507202884615383 0.8012560841346155 0.26563178605769233
20 0.8400616322115385 0.26563178605769233 0.8410566225961538 0.2434279326923077 0.8025827716346154 0.24380110817307693 0.802251108173077 0.24361451682692306 0.8017620336538461 0.24396086057692307 0.8009244206730769 0.2663781346153846 0.8400616322115385 0.26563178605769233
20 0.8740460624999999 0.2675499903846154 0.8750410865384615 0.2453461394230769 0.8368988990384616 0.24441320673076922 0.8364842548076923 0.24493742307692307 0.8362355721153846 0.26587071875 0.8740460624999999 0.2675499903846154
20 0.9101982379807693 0.26904268990384617 0.9105298990384616 0.24609249278846154 0.8717243870192307 0.24478638221153848 0.8706277740384615 0.24461190384615383 0.8727193750000001 0.2675499903846154 0.9101982379807693 0.26904268990384617
20 0.9453553509615384 0.2684829326923077 0.9486720865384615 0.24571931490384616 0.9088715504807693 0.2449729639423077 0.909979625 0.24591398557692307 0.9072131995192307 0.2677365841346154 0.9453553509615384 0.2684829326923077
20 0.9463192163461538 0.24666218990384614 0.9450236899038462 0.2703487956730769 0.9821708533653847 0.2703487956730769 0.9798491418269231 0.2477717692307692 0.9463192163461538 0.24666218990384614
20 0.8362355721153846 0.2884477355769231 0.8365672355769231 0.2671768173076923 0.8050584831730769 0.26549752644230773 0.8023407379807692 0.26707284134615383 0.7980933870192307 0.28732822115384615 0.8362355721153846 0.2884477355769231
20 0.8352607812499999 0.26681803846153845 0.8315921875 0.2888209110576923 0.8713926875 0.2893806778846154 0.8713926875 0.2682963509615385 0.8352607812499999 0.26681803846153845
20 0.8720546682692307 0.26812208894230766 0.8697343389423077 0.2888209110576923 0.9065498389423077 0.29031361057692306 0.9095348750000001 0.2682963509615385 0.8720546682692307 0.26812208894230766
20 0.9446920264423077 0.2914331346153846 0.9443603629807692 0.26904268990384617 0.9068815024038461 0.2682963509615385 0.907086108173077 0.27032804807692307 0.9048914879807692 0.2908733677884615 0.9446920264423077 0.2914331346153846
20 0.9811758293269232 0.29199288221153846 0.9825025144230769 0.2703487956730769 0.9825025144230769 0.26736340865384617 0.9420386514423077 0.26904268990384617 0.9435444399038461 0.27032804807692307 0.9413752908653846 0.29124654086538465 0.9811758293269232 0.29199288221153846
20 0.9791858149038462 0.3113161129807693 0.9818391899038462 0.2900451923076923 0.9417069903846154 0.2891122620192308 0.941229625 0.29083586057692307 0.9397169423076923 0.31019658894230767 0.9791858149038462 0.3113161129807693
20 0.9417069903846154 0.3120624615384615 0.946350375 0.2900451923076923 0.9035648028846153 0.28967201923076924 0.9041925889423077 0.29148690384615383 0.900579764423077 0.31056976442307693 0.9417069903846154 0.3120624615384615
20 0.9022381153846154 0.30982341346153847 0.9058865120192308 0.2891122620192308 0.8684076514423077 0.28743298076923074 0.8688916634615385 0.2882316947115385 0.8654226153846154 0.30833072596153843 0.9022381153846154 0.30982341346153847
20 0.8657543125 0.30926365625 0.8703976995192307 0.2868732139423077 0.8332505360576923 0.2881793293269231 0.832433329326923 0.28953377884615383 0.8286071153846154 0.3090770745192308 0.8657543125 0.30926365625
20 0.8289388125 0.3090770745192308 0.8355722115384616 0.2878061538461539 0.7997517355769231 0.28500734855769233 0.798289810096154 0.28660409134615383 0.79345 0.30646485096153847 0.8289388125 0.3090770745192308
20 0.8272804639423076 0.3290418774038461 0.8296021394230769 0.3073977836538461 0.7970983798076923 0.30627826923076923 0.798289810096154 0.30711190384615383 0.790796625 0.32698942067307696 0.8272804639423076 0.3290418774038461
20 0.863764264423077 0.3299748197115384 0.8670809639423077 0.3085173076923077 0.8315921875 0.3066514447115385 0.83069721875 0.30841398557692307 0.8246270889423077 0.33072116826923076 0.863764264423077 0.3299748197115384
20 0.864427625 0.34993962259615385 0.8660859759615385 0.3299748197115384 0.8262854399038461 0.32698942067307696 0.8254888846153846 0.3272941947115384 0.8262854399038461 0.3493798653846154 0.864427625 0.34993962259615385
20 0.8262854399038461 0.3490067019230769 0.8312604879807692 0.3288552956730769 0.7937816610576923 0.32605649038461537 0.7930814783653847 0.32696867307692307 0.790796625 0.34826034134615386 0.8262854399038461 0.3490067019230769
20 0.826948764423077 0.36851650480769227 0.8309288245192307 0.3478053413461539 0.7911282884615385 0.3461260649038461 0.7896092548076923 0.34845304807692307 0.7881432524038462 0.36777015625000004 0.826948764423077 0.36851650480769227
20 0.8292704759615385 0.38997401682692306 0.8282754519230769 0.3675835625 0.7898016201923077 0.36702380528846157 0.79013328125 0.36888967067307693 0.7894699374999999 0.38941425 0.8292704759615385 0.38997401682692306
20 0.8631009399038461 0.3914667067307693 0.864427625 0.3687030865384615 0.8296021394230769 0.36888967067307693 0.8286071153846154 0.36888967067307693 0.8272804639423076 0.3907203557692308 0.8631009399038461 0.3914667067307693
20 0.8657543125 0.36926284374999996 0.867744326923077 0.3481785168269231 0.8309288245192307 0.34724558413461537 0.829539810096154 0.3491040913461539 0.8246270889423077 0.36926284374999996 0.8657543125 0.36926284374999996
20 0.9002481033653846 0.3923996490384616 0.9022381153846154 0.37075554326923077 0.8654226153846154 0.3696360192307692 0.8642620336538461 0.3712395072115384 0.8617742524038461 0.3909069399038462 0.9002481033653846 0.3923996490384616
20 0.9002481033653846 0.37075554326923077 0.9015747884615385 0.3507907259615385 0.867744326923077 0.3485516875 0.8683129591346154 0.3507316947115384 0.8621059158653845 0.36982261057692306 0.9002481033653846 0.37075554326923077
20 0.9032331394230769 0.33034799519230773 0.9038964639423077 0.3107563557692308 0.8707293629807692 0.3079575504807692 0.8659981442307692 0.3090650288461539 0.8647592884615385 0.3294150528846154 0.9032331394230769 0.33034799519230773
20 0.9012430913461539 0.3497530408653846 0.9048914879807692 0.3312809254807692 0.863764264423077 0.3288552956730769 0.865090951923077 0.3292284711538462 0.8614425552884615 0.3493798653846154 0.9012430913461539 0.3497530408653846
20 0.9377269278846154 0.3931459879807692 0.9370635673076924 0.37075554326923077 0.9002481033653846 0.3715018918269231 0.8995629591346154 0.3712395072115384 0.9012430913461539 0.3931459879807692 0.9377269278846154 0.3931459879807692
20 0.9364002427884616 0.3733677668269231 0.9400486394230769 0.35060414663461537 0.8999164038461539 0.3504175552884616 0.9001416634615385 0.3510572163461539 0.8992530793269231 0.37206164903846156 0.9364002427884616 0.3733677668269231
20 0.9383902548076922 0.3520968461538461 0.9397169423076923 0.3310125096153846 0.9035648028846153 0.33007958173076923 0.9024564783653847 0.33087492307692307 0.9009114278846154 0.35191025480769234 0.9383902548076922 0.3520968461538461
20 0.9433653389423077 0.33175885817307693 0.9436970024038461 0.3123538076923077 0.9062181754807692 0.3106745240384615 0.9041925889423077 0.31232023557692307 0.8999164038461539 0.32951981490384613 0.9433653389423077 0.33175885817307693
20 0.9788541538461538 0.3305345865384615 0.9778591298076923 0.31056976442307693 0.9423703149038462 0.30982341346153847 0.9406509230769231 0.3097160697115384 0.9400486394230769 0.3312809254807692 0.9788541538461538 0.3305345865384615
20 0.9752057548076922 0.3523652548076923 0.9791858149038462 0.3320272764423077 0.9393852788461537 0.33034799519230773 0.9377574038461538 0.32989836057692307 0.9397169423076923 0.3516189134615385 0.9752057548076922 0.3523652548076923
20 0.9718890552884616 0.39333256971153846 0.9728840793269231 0.3715018918269231 0.9364002427884616 0.3705689615384615 0.9377574038461538 0.37286711057692307 0.9360685793269231 0.3931459879807692 0.9718890552884616 0.39333256971153846
20 0.9732157427884616 0.3722482427884615 0.9755374182692308 0.34929804086538463 0.9393852788461537 0.34948462259615387 0.9360212932692308 0.3497551322115384 0.9350735552884615 0.37299459134615387 0.9732157427884616 0.3722482427884615
20 0.7724361274038463 0.13983349759615385 0.7720570841346154 0.11722981490384615 0.7371842307692307 0.1174430576923077 0.7357439110576922 0.11847015144230769 0.7352889735576924 0.13898052163461538 0.7724361274038463 0.13983349759615385
20 0.6994432524038461 0.12375436538461539 0.6999256947115384 0.10516351201923077 0.663743389423077 0.10312801682692307 0.6622242403846154 0.10427267067307693 0.6584366538461539 0.12389006009615386 0.6994432524038461 0.12375436538461539
20 0.69799596875 0.14546630528846155 0.7016141875 0.12280446153846153 0.663743389423077 0.12212596634615386 0.6618033653846154 0.12226509615384615 0.6601251466346153 0.1441093076923077 0.69799596875 0.14546630528846155
20 0.7365904206730769 0.11574808173076923 0.7370728389423077 0.09552883653846153 0.6994432524038461 0.09539313701923077 0.7005239038461538 0.0959866875 0.6989608317307692 0.11479818509615385 0.7365904206730769 0.11574808173076923
20 0.7382789134615385 0.13596732692307692 0.7382789134615385 0.1141196875 0.6994432524038461 0.11371258653846154 0.6996821514423076 0.11492608173076922 0.6992020408653846 0.13596732692307692 0.7382789134615385 0.13596732692307692
20 0.7368316298076922 0.15754357211538464 0.7380377019230769 0.13501743028846153 0.6999256947115384 0.13393183173076922 0.6984195264423078 0.1345757019230769 0.6975135240384615 0.1567293798076923 0.7368316298076922 0.15754357211538464
20 0.7751848725961538 0.16012185817307692 0.7739788004807693 0.13854562259615386 0.7368316298076922 0.13854562259615386 0.7370728389423077 0.1400383173076923 0.7371400649038461 0.1407310048076923 0.734901903846154 0.15944337019230767 0.7751848725961538 0.16012185817307692
20 0.778320670673077 0.1819695096153846 0.780491608173077 0.15971476923076924 0.74189715625 0.15944337019230767 0.7409279423076923 0.16038062740384615 0.7399674302884616 0.18074821634615384 0.778320670673077 0.1819695096153846
20 0.7414147115384615 0.17898412019230767 0.7416559471153845 0.1582220745192308 0.7040263317307692 0.15835776442307692 0.7030491562500001 0.15872343028846153 0.7028202596153845 0.1802054158653846 0.7414147115384615 0.17898412019230767
20 0.6893121995192307 0.20226494471153847 0.67966359375 0.18082440384615386 0.6432400769230769 0.1854381923076923 0.6432400769230769 0.18747368749999999 0.6415515745192307 0.18693088701923077 0.6432848461538462 0.1885529735576923 0.6507177475961539 0.20728583653846153 0.6893121995192307 0.20226494471153847
20 0.7245296442307693 0.20022944951923077 0.7172931826923077 0.1791960048076923 0.6801460120192308 0.18353839423076923 0.6807427572115384 0.18452835336538462 0.6876237091346155 0.20484323798076923 0.7245296442307693 0.20022944951923077
20 0.7052324302884615 0.17308951923076923 0.6948601706730769 0.1517846778846154 0.6584366538461539 0.15829826682692308 0.6584366538461539 0.1587053581730769 0.6592781129807693 0.16014388461538462 0.6707386153846154 0.17960310817307693 0.7052324302884615 0.17308951923076923
20 0.6709798509615384 0.17960310817307693 0.6579542091346154 0.1601980528846154 0.6217719038461538 0.16739013701923078 0.6222543341346154 0.1675258293269231 0.6237016298076923 0.1680686346153846 0.6243454519230769 0.16914009615384615 0.6374509110576922 0.1880164855769231 0.6709798509615384 0.17960310817307693
20 0.6999256947115384 0.22587668990384616 0.6951013798076923 0.20525034134615383 0.6601251466346153 0.20592883653846156 0.6584363605769231 0.2067821418269231 0.659160283653846 0.2266908894230769 0.6999256947115384 0.22587668990384616
20 0.7406910841346155 0.21895600721153846 0.72911275 0.19941525721153844 0.6926892355769231 0.20647163701923077 0.6925272692307692 0.20796585336538462 0.704749985576923 0.2272336826923077 0.7406910841346155 0.21895600721153846
20 0.77446121875 0.19493716346153847 0.7469626802884615 0.17987450721153844 0.7439384855769231 0.18107960096153847 0.7440680913461539 0.18109580288461538 0.7199465625 0.19412297115384616 0.7440680913461539 0.21054262740384616 0.747203891826923 0.21176392307692307 0.77446121875 0.19493716346153847
20 0.8227589519230769 0.11175068269230769 0.8201055697115385 0.08722781249999999 0.7799260096153847 0.08722781249999999 0.7820402067307692 0.08908026923076923 0.7818212644230769 0.11196392067307692 0.8227589519230769 0.11175068269230769
20 0.7824067067307693 0.13189681971153847 0.818830235576923 0.13216822115384616 0.8190714447115385 0.10977778125000001 0.7797533389423077 0.11004917548076923 0.7817528581730768 0.11042797355769231 0.7819242764423078 0.13067551923076923 0.7824067067307693 0.13189681971153847
20 0.8169005096153845 0.13189681971153847 0.8547713076923077 0.13135402163461538 0.855253752403846 0.11018487259615384 0.8175178894230769 0.1100496610576923 0.8169005096153845 0.13189681971153847
20 0.8545300985576922 0.11099907211538462 0.855736170673077 0.08969422836538461 0.8195538629807693 0.08888002884615384 0.8196316466346154 0.08935789903846153 0.8178653725961538 0.11099907211538462 0.8545300985576922 0.11099907211538462
20 0.8933657596153846 0.11127047115384615 0.8933657596153846 0.0902370264423077 0.893848204326923 0.08860863221153846 0.8559773798076923 0.08860863221153846 0.8566686850961538 0.08888441346153846 0.8538064447115384 0.11127047115384615 0.8933657596153846 0.11127047115384615
20 0.8178653725961538 0.1527945625 0.818589 0.13135402163461538 0.7836127788461538 0.13148971874999998 0.782594610576923 0.13173479326923077 0.7819242764423078 0.1521160673076923 0.8178653725961538 0.1527945625
20 0.8195538629807693 0.15198036298076922 0.8547713076923077 0.15225176201923077 0.8559773798076923 0.13176111778846153 0.818830235576923 0.13053982211538462 0.8192107716346153 0.13078782211538462 0.81714171875 0.15306596875 0.8195538629807693 0.15198036298076922
20 0.8518767163461539 0.17295429807692309 0.854288889423077 0.15246365384615385 0.8135234759615385 0.15110665384615385 0.8150020168269231 0.1520946418269231 0.8161768557692307 0.17363279567307693 0.8518767163461539 0.17295429807692309
20 0.81714171875 0.17390419471153845 0.8176241370192308 0.15246365384615385 0.7836127788461538 0.15232794951923076 0.781331983173077 0.15256812740384615 0.780718201923077 0.1726828990384615 0.81714171875 0.17390419471153845
20 0.8173829278846154 0.1942591514423077 0.8176241370192308 0.1722758028846154 0.7804769807692308 0.17309000240384617 0.780490233173077 0.17245449038461538 0.7790296850961538 0.1941234471153846 0.8173829278846154 0.1942591514423077
20 0.8164180649038462 0.21455458413461537 0.8176241370192308 0.19311403605769228 0.7785472548076923 0.19297833894230768 0.7790296850961538 0.1944710360576923 0.779994548076923 0.21482597596153846 0.8164180649038462 0.21455458413461537
20 0.8173829278846154 0.23599512500000003 0.81714171875 0.21387608173076922 0.77685875 0.21401178365384615 0.7787884759615384 0.21550448076923076 0.7783858557692308 0.21577835336538462 0.7795121177884615 0.2357237331730769 0.8173829278846154 0.23599512500000003
20 0.8538064447115384 0.23626652644230767 0.8547713076923077 0.21401178365384615 0.818589 0.21333328125 0.8171063942307693 0.21341093028846153 0.8169005096153845 0.2353166298076923 0.8538064447115384 0.23626652644230767
20 0.8895063317307692 0.2366736201923077 0.8892650961538462 0.21469028124999998 0.8533240240384615 0.2144188798076923 0.8520390552884615 0.21364767067307694 0.8526003701923077 0.23613082211538464 0.8895063317307692 0.2366736201923077
20 0.9244825408653846 0.23721641346153846 0.9247237740384615 0.2152330793269231 0.8904711947115385 0.2144188798076923 0.887817814903846 0.2144188798076923 0.8875766057692308 0.23599512500000003 0.9244825408653846 0.23721641346153846
20 0.9611472908653845 0.23775922115384615 0.9606648461538462 0.2153687764423077 0.9266534759615385 0.21509737740384616 0.9244296274038462 0.21601509615384615 0.9242413293269232 0.2366736201923077 0.9611472908653845 0.23775922115384615
20 0.9597680216346153 0.21572370673076924 0.9589763557692308 0.23762352403846154 0.9966059423076923 0.23748782692307693 0.9982944350961538 0.21482597596153846 0.9597680216346153 0.21572370673076924
20 0.8523591610576923 0.21482597596153846 0.8526003701923077 0.19284263701923077 0.8147295745192308 0.19257123557692307 0.8141602668269231 0.19328782211538462 0.8159356466346155 0.2144188798076923 0.8523591610576923 0.21482597596153846
20 0.8883002331730769 0.2153687764423077 0.88854146875 0.19474243509615385 0.8528415817307693 0.19419963942307691 0.8516355072115385 0.19379252884615386 0.8509118533653847 0.21482597596153846 0.8883002331730769 0.2153687764423077
20 0.9252061947115385 0.2157758798076923 0.9254474038461539 0.19419963942307691 0.8890238870192307 0.19419963942307691 0.8873925889423078 0.19470827884615385 0.8887826778846153 0.21564017548076922 0.9252061947115385 0.2157758798076923
20 0.9611472908653845 0.2153687764423077 0.9611472908653845 0.19514953124999998 0.9240001201923077 0.1944710360576923 0.922746125 0.19305108173076924 0.9230352572115385 0.21564017548076922 0.9611472908653845 0.2153687764423077
20 1 0.2161829831730769 0.9975708076923078 0.19542093028846155 0.9609060552884615 0.1952852283653846 0.9597831634615385 0.19565524759615385 0.9589763557692308 0.21645438221153845 1 0.2161829831730769
20 0.8506706442307692 0.1944710360576923 0.8523591610576923 0.17316618749999999 0.8178653725961538 0.17275909134615386 0.8183477908653847 0.17262338942307692 0.814581141826923 0.1729279735576923 0.8161768557692307 0.19433533173076922 0.8506706442307692 0.1944710360576923
20 0.8880590240384615 0.19596372596153847 0.8883002331730769 0.17316618749999999 0.8516355072115385 0.17303049038461538 0.8503555528846154 0.17340145913461538 0.851394298076923 0.19582803125 0.8880590240384615 0.19596372596153847
20 0.9244825408653846 0.1956923293269231 0.926412266826923 0.17275909134615386 0.8907124038461538 0.17330188701923077 0.8902299591346154 0.17316618749999999 0.8865508389423076 0.17245449038461538 0.8880590240384615 0.19474243509615385 0.9244825408653846 0.1956923293269231
20 0.9618709182692308 0.17479458413461538 0.9237589110576923 0.17411608653846156 0.9225528125 0.19691362499999998 0.9242413293269232 0.19609942548076922 0.9616297091346154 0.1952852283653846 0.9618709182692308 0.17479458413461538
20 0.9982944350961538 0.1956923293269231 0.9978120168269231 0.17465888461538462 0.9616297091346154 0.17452318509615386 0.9597831634615385 0.17434843028846153 0.9606648461538462 0.19596372596153847 0.9982944350961538 0.1956923293269231
20 0.8892650961538462 0.17485409855769232 0.8904711947115385 0.15287075 0.8530828149038462 0.15259934615384615 0.8528808052884614 0.15327835336538462 0.8516355072115385 0.17363279567307693 0.8892650961538462 0.17485409855769232
20 0.8902299591346154 0.15449914903846154 0.8914360576923077 0.13156590865384615 0.8530828149038462 0.1312945096153846 0.8533016802884615 0.13220827884615385 0.8523591610576923 0.1539563485576923 0.8902299591346154 0.15449914903846154
20 0.8904711947115385 0.13338951682692307 0.8914360576923077 0.11018487259615384 0.8528415817307693 0.11018487259615384 0.8545643076923077 0.11113820192307691 0.8535652355769231 0.13230391586538462 0.8904711947115385 0.13338951682692307
20 0.9281007836538462 0.11222036778846153 0.9293068557692308 0.08888002884615384 0.8914360576923077 0.0884729326923077 0.89075959375 0.08912115625 0.8911948221153847 0.11167756730769231 0.9281007836538462 0.11222036778846153
20 0.9276183389423077 0.13311811538461538 0.9271359206730769 0.11059197596153846 0.891677266826923 0.11004917548076923 0.8911804687499999 0.11137494471153847 0.8907124038461538 0.13311811538461538 0.9276183389423077 0.13311811538461538
20 0.9252061947115385 0.15469436057692307 0.9271359206730769 0.13162542067307692 0.8907124038461538 0.13135402163461538 0.8890760913461538 0.13102456490384615 0.8880590240384615 0.15388016105769228 0.9252061947115385 0.15469436057692307
20 0.8909536129807692 0.17539688942307693 0.9244825408653846 0.17512549759615387 0.926412266826923 0.1520565576923077 0.8892650961538462 0.15287075 0.8878134663461539 0.15280486778846153 0.8883002331730769 0.17309000240384617 0.8909536129807692 0.17539688942307693
20 0.9633182259615385 0.17512549759615387 0.964524298076923 0.15327785336538463 0.9242413293269232 0.15287075 0.923167 0.15327835336538462 0.924964983173077 0.17390419471153845 0.9633182259615385 0.17512549759615387
20 0.9963647331730769 0.17498980048076923 0.9978120168269231 0.15382065384615384 0.9621121538461538 0.15354925240384615 0.9610457884615384 0.15422532211538462 0.9618709182692308 0.17498980048076923 0.9963647331730769 0.17498980048076923
20 0.9647655096153845 0.1325753173076923 0.964524298076923 0.11113476923076923 0.9266534759615385 0.11072767307692308 0.9265340048076923 0.1116116875 0.9256886370192308 0.1325753173076923 0.9647655096153845 0.1325753173076923
20 0.9623533629807692 0.15455865865384616 0.9633182259615385 0.13230391586538462 0.928583201923077 0.13230391586538462 0.9261131298076923 0.13220827884615385 0.9259298485576923 0.15428725721153846 0.9623533629807692 0.15455865865384616
20 0.9990180889423077 0.15388016105769228 0.999982951923077 0.13189681971153847 0.963077016826923 0.13271101201923077 0.9623084158653845 0.13386547355769232 0.9613885 0.1552371610576923 0.9990180889423077 0.15388016105769228
20 0.9269504350961538 0.08968294471153845 0.9266534759615385 0.11140616346153845 0.9654891634615385 0.11099907211538462 0.9652479519230769 0.08888002884615384 0.9269504350961538 0.08968294471153845
20 0.9987768798076923 0.11113476923076923 0.9997417427884615 0.09037272596153846 0.9654891634615385 0.08955852644230769 0.9644127908653846 0.08912115625 0.9638006442307692 0.11181327403846154 0.9987768798076923 0.11113476923076923
20 0.9978120168269231 0.13203251682692307 0.9973295961538462 0.11113476923076923 0.9623533629807692 0.11181327403846154 0.9623533629807692 0.11384876682692308 0.9631501658653847 0.11421585336538462 0.9616297091346154 0.1337966201923077 0.9978120168269231 0.13203251682692307
20 0.16504708653846153 0.3740117139423077 0.16720294951923076 0.3741050120192308 0.16770044471153847 0.3516212716346154 0.12889493028846155 0.3521810336538461 0.12860092307692308 0.3527747019230769 0.1283974278846154 0.37317206971153843 0.16504708653846153 0.3740117139423077
20 0.20269176201923075 0.3756909951923077 0.20385260096153848 0.35367372596153845 0.16620792548076924 0.3523676225961539 0.1659273125 0.3529374615384615 0.16454957451923077 0.37457147115384615 0.20269176201923075 0.3756909951923077
20 0.16703711778846156 0.3521810336538461 0.16222788221153847 0.3315631658653846 0.12524655048076921 0.33240281009615386 0.12342236057692307 0.33221622115384614 0.12358819230769232 0.3330558629807693 0.12397129567307694 0.3338944927884615 0.12590989423076923 0.35395361057692304 0.16703711778846156 0.3521810336538461
20 0.20368676923076923 0.35423348798076926 0.20418428125000002 0.3335223317307693 0.16488125721153846 0.3333357451923077 0.16521291826923076 0.3344552644230769 0.16476990625 0.33454553365384615 0.16504708653846153 0.3535804326923077 0.20368676923076923 0.35423348798076926
20 0.24133144471153845 0.3550731298076923 0.24265813221153848 0.33529490625 0.20418428125000002 0.33324244951923077 0.20325370192307693 0.3334062115384615 0.20318925721153847 0.35451336778846154 0.24133144471153845 0.3550731298076923
20 0.16023785096153847 0.33281689423076927 0.1587453341346154 0.3109862139423077 0.12110065865384614 0.3127587908653846 0.12107777644230769 0.3133866802884615 0.12342236057692307 0.3332833653846154 0.16023785096153847 0.33281689423076927
20 0.15410193028846153 0.31205335336538464 0.15310692307692308 0.29199525240384616 0.11280888221153845 0.2931147764423077 0.11413333173076924 0.29401818990384615 0.11529641586538462 0.31447898798076923 0.15410193028846153 0.31205335336538464
20 0.15293720673076924 0.29338036298076925 0.14800952403846154 0.27184288942307694 0.10669275240384615 0.27354883653846157 0.10809840865384615 0.2739761033653846 0.11048330528846154 0.2946598197115385 0.15293720673076924 0.29338036298076925
20 0.15559055048076922 0.2729090913461538 0.15217907932692307 0.25158487259615386 0.11427381971153847 0.2522246009615384 0.11338941346153845 0.2546308653846154 0.11465286298076924 0.27354883653846157 0.15559055048076922 0.2729090913461538
20 0.15862297836538464 0.2543570216346154 0.15710676442307692 0.23239306250000002 0.11313664903846155 0.23324603365384616 0.11338941346153845 0.23379753125 0.11616907692307692 0.25414377884615386 0.15862297836538464 0.2543570216346154
20 0.19311676682692308 0.2938068485576923 0.19197963701923076 0.272269375 0.15331625 0.2729090913461538 0.15042645192307694 0.27472015144230766 0.15293720673076924 0.2944465721153846 0.19311676682692308 0.2938068485576923
20 0.15185517307692306 0.29274064182692305 0.1578648918269231 0.3159840432692308 0.19614919471153847 0.31385162740384615 0.19463298076923077 0.29274064182692305 0.15185517307692306 0.29274064182692305
20 0.19652823798076924 0.3334699110576923 0.19501206490384615 0.3125721730769231 0.15559055048076922 0.31278540865384613 0.15710676442307692 0.3132118942307692 0.16089731971153845 0.3338963966346154 0.19652823798076924 0.3334699110576923
20 0.2382240528846154 0.3754786514423077 0.2382240528846154 0.35351470432692306 0.19993975 0.3524484831730769 0.20107687980769232 0.3554338701923077 0.20069099999999998 0.35582134134615384 0.20221404807692306 0.3756918870192308 0.2382240528846154 0.3754786514423077
20 0.19425393750000003 0.25499675 0.19311676682692308 0.23217981971153845 0.15710676442307692 0.23239306250000002 0.15505607932692306 0.2323094375 0.15521150721153848 0.25350405048076924 0.19425393750000003 0.25499675
20 0.4187889567307692 0.3805528028846154 0.4187889567307692 0.3588020913461539 0.3774721850961538 0.3588020913461539 0.3812627403846154 0.3590153413461538 0.3812627403846154 0.3805528028846154 0.4187889567307692 0.3805528028846154
20 0.38353704086538465 0.37948659375 0.38391608413461537 0.3579491201923077 0.34449461057692304 0.3564564278846154 0.3461936466346154 0.35805348317307695 0.34297841586538463 0.37906010817307695 0.38353704086538465 0.37948659375
20 0.27496289903846155 0.37798418509615384 0.27761627403846156 0.35484739182692304 0.23980574999999998 0.35447420673076924 0.23648905048076924 0.35596690625 0.2378157019230769 0.3783573701923077 0.27496289903846155 0.37798418509615384
20 0.37140737259615386 0.2591526802884615 0.3706492451923077 0.23590925961538461 0.33615545432692306 0.23590925961538461 0.3329661322115385 0.2364016995192308 0.33312304807692306 0.25872618990384616 0.37140737259615386 0.2591526802884615
20 0.40741737499999997 0.25872618990384616 0.40324777644230764 0.23633574519230768 0.36989115865384614 0.23569601682692307 0.36669629326923076 0.23528562740384615 0.36913303124999997 0.2600056418269231 0.40741737499999997 0.25872618990384616
20 0.3338811346153846 0.2574467331730769 0.3327439855769231 0.2354827764423077 0.29787113221153844 0.23505629086538463 0.2965904711538462 0.2349136033653846 0.295975875 0.25765997596153845 0.3338811346153846 0.2574467331730769
20 0.37443979807692307 0.2783444855769231 0.3721654591346154 0.25723349038461535 0.32743725721153843 0.25723349038461535 0.33230475721153846 0.2579790793269231 0.3335020913461539 0.27941069230769233 0.37443979807692307 0.2783444855769231
20 0.4142305288461538 0.29949747836538465 0.41210785817307694 0.2775548461538462 0.37363400240384614 0.27934608653846155 0.3742799975961538 0.27980410576923076 0.37469535096153844 0.30039309615384613 0.4142305288461538 0.29949747836538465
20 0.41555723798076927 0.31994741586538467 0.4129038509615385 0.2971091682692308 0.3781447307692308 0.2987511322115385 0.3781447307692308 0.3023336009615385 0.37894073557692304 0.3020350625 0.3781447307692308 0.32054449759615383 0.41555723798076927 0.31994741586538467
20 0.41767990865384613 0.34048115865384615 0.41608789903846155 0.31958341346153846 0.3792060793269231 0.3200312235576923 0.38029851442307694 0.32121035576923074 0.3818594399038462 0.3403318918269231 0.41767990865384613 0.34048115865384615
20 0.4205986274038462 0.35884132451923073 0.41980260817307696 0.338689923076923 0.3831861346153846 0.338689923076923 0.3821503677884615 0.34022077163461534 0.38371679326923075 0.35884132451923073 0.4205986274038462 0.35884132451923073
20 0.30884053365384617 0.37767162019230766 0.3100198125 0.35611044951923077 0.27493636778846153 0.35478361538461534 0.2733769519230769 0.3560323389423077 0.2734622788461538 0.37783747115384614 0.30884053365384617 0.37767162019230766
20 0.3451032403846154 0.3786667524038462 0.3474617956730769 0.3572714423076923 0.30884053365384617 0.3556128870192307 0.30784197115384615 0.3557429879807692 0.3076612572115385 0.3786667524038462 0.3451032403846154 0.3786667524038462
20 0.38342967307692305 0.35843242548076926 0.3840193269230769 0.3377005360576923 0.35158925 0.3370371129807692 0.3469366225961539 0.33722446875 0.3459877067307692 0.3577690024038462 0.38342967307692305 0.35843242548076926
20 0.3489358846153846 0.35892998798076925 0.34923069471153845 0.33653954326923075 0.3156213701923077 0.33670540384615383 0.31350040865384615 0.3363564134615385 0.31119907451923073 0.3574373004807692 0.3489358846153846 0.35892998798076925
20 0.31208353846153847 0.3576031442307693 0.31444209375 0.33620784134615384 0.2805379278846154 0.33537856009615385 0.2796534783653846 0.33537856009615385 0.2793586514423077 0.33521270913461537 0.2769777740384615 0.33462030288461536 0.27523119471153845 0.3567738629807692 0.31208353846153847 0.3576031442307693
20 0.24093818028846153 0.33378519471153845 0.23985293990384615 0.3549494663461538 0.27552600721153847 0.35660801923076924 0.2790638389423077 0.33504684855769234 0.24093818028846153 0.33378519471153845
20 0.38372448317307695 0.3395249375 0.3798918413461539 0.31846134375 0.3453980504807692 0.3169686418269231 0.3433357980769231 0.31783789423076925 0.34362915144230766 0.3398566514423077 0.38372448317307695 0.3395249375
20 0.34569286298076923 0.33836395673076924 0.3451032403846154 0.31663693028846157 0.3050078918269231 0.3161393725961539 0.3037267451923077 0.3163911346153846 0.3035337860576923 0.3377005360576923 0.34569286298076923 0.33836395673076924
20 0.3041234254807692 0.33670540384615383 0.3050078918269231 0.3158076586538462 0.26638663221153847 0.3156418028846154 0.26845035817307694 0.3161393725961539 0.26845035817307694 0.33604198076923075 0.3041234254807692 0.33670540384615383
20 0.27169336298076924 0.3358761298076923 0.26992444711538466 0.31547594711538457 0.23454620913461538 0.31448081490384616 0.2322246875 0.3132082644230769 0.23277729326923075 0.33620784134615384 0.27169336298076924 0.3358761298076923
20 0.18944209375 0.23265448798076924 0.19032656009615384 0.25587421153846157 0.22835814903846152 0.2560400649038461 0.2277685264423077 0.23298619951923077 0.19327473798076925 0.23315205528846153 0.18944209375 0.23265448798076924
20 0.18207161778846154 0.27295728846153844 0.18443017307692308 0.27295728846153844 0.18708353846153847 0.273289 0.18973690625 0.25388394471153847 0.14934673076923077 0.2528888221153846 0.15146337019230768 0.2536017836538461 0.1496415576923077 0.27345485096153843 0.18207161778846154 0.27295728846153844
20 0.26432606009615384 0.2563717716346154 0.2637364038461538 0.23398133173076924 0.2295374278846154 0.23248863701923075 0.22806333894230768 0.23414718750000002 0.22599962740384616 0.25653763221153847 0.26432606009615384 0.2563717716346154
20 0.2955768293269231 0.2562059158653846 0.2979353822115385 0.25653763221153847 0.2985250360576923 0.23431304326923078 0.2619675048076923 0.23298619951923077 0.26360328846153847 0.23363650721153845 0.2628519711538461 0.2562059158653846 0.2955768293269231 0.2562059158653846
20 0.26137788221153846 0.2762743990384615 0.2640312475961539 0.25454736778846154 0.22806333894230768 0.25371809375 0.2275950576923077 0.2547591923076923 0.2262944375 0.27594267067307693 0.26137788221153846 0.2762743990384615
20 0.22540997115384617 0.2766061009615385 0.2277685264423077 0.25438151682692306 0.18708353846153847 0.25371809375 0.1890148125 0.25562724759615385 0.1879680048076923 0.27511340624999997 0.22540997115384617 0.2766061009615385
20 0.2973457596153846 0.27644025 0.2970509495192308 0.2562059158653846 0.2590193269230769 0.25388394471153847 0.2605168701923077 0.2541804879807692 0.2604934158653846 0.27644025 0.2973457596153846 0.27644025
20 0.22756682692307692 0.29491716346153846 0.22853169230769232 0.2744265144230769 0.1877662908653846 0.27266241586538464 0.1896960048076923 0.2734766153846154 0.19017843509615384 0.2950528677884615 0.22756682692307692 0.29491716346153846
20 0.2642315528846154 0.2961384591346154 0.26471397115384615 0.27429081490384616 0.22804924759615386 0.2741551129807692 0.22788080528846155 0.2749639591346154 0.22756682692307692 0.2950528677884615 0.2642315528846154 0.2961384591346154
20 0.3004138605769231 0.2973597548076923 0.3001726514423077 0.2760549110576923 0.26399034374999997 0.2752407115384615 0.26407609134615384 0.27662115625 0.26399034374999997 0.29654554807692307 0.3004138605769231 0.2973597548076923
20 0.3397319663461538 0.2972240528846154 0.33828465865384616 0.27700480528846155 0.3011375144230769 0.2763263100961538 0.3008962788461539 0.2765977139423077 0.3001726514423077 0.29708835576923076 0.3397319663461538 0.2972240528846154
20 0.3339427860576923 0.27741190865384613 0.33466643990384615 0.25705695913461535 0.2967956153846154 0.25678556009615383 0.29479999759615383 0.2569715360576923 0.2967956153846154 0.2765977139423077 0.3339427860576923 0.27741190865384613
20 0.23433551923076923 0.3344086298076923 0.23300883173076922 0.3136974591346154 0.19287664903846155 0.31313770192307694 0.19652502884615386 0.3150035745192307 0.1958616875 0.3338488629807692 0.23433551923076923 0.3344086298076923
20 0.19257265625 0.29335947596153844 0.1958616875 0.3150035745192307 0.23300883173076922 0.31481698317307694 0.23101881971153848 0.29335947596153844 0.19257265625 0.29335947596153844
20 0.2714826826923077 0.3163096802884615 0.2694926706730769 0.2950387620192308 0.23300883173076922 0.29429241105769227 0.2313504831730769 0.2950387620192308 0.2300237956730769 0.31574992307692307 0.2714826826923077 0.3163096802884615
20 0.26430527163461537 0.29504884375 0.2678343197115385 0.3163096802884615 0.3066398317307692 0.3161230889423077 0.3069714951923077 0.29559851923076924 0.26430527163461537 0.29504884375
20 0.3427919711538462 0.3172426129807692 0.3427919711538462 0.2959716923076923 0.3063081706730769 0.29634486778846153 0.3056448076923077 0.2967180432692308 0.30498148317307694 0.3170560360576923 0.3427919711538462 0.3172426129807692
20 0.3796074735576923 0.3183621370192308 0.3776174591346154 0.29839732451923073 0.3427919711538462 0.29727781009615384 0.3414653197115385 0.2976509735576923 0.3408019591346154 0.3196682427884615 0.3796074735576923 0.3183621370192308
20 0.37264237499999997 0.25790794471153844 0.37131568750000005 0.2771264086538462 0.4097895384615385 0.2801117980769231 0.40912621153846157 0.25809453365384616 0.37264237499999997 0.25790794471153844
20 0.37481882211538464 0.2789297451923077 0.33691356250000004 0.2776502884615385 0.33691356250000004 0.2983348028846154 0.3377983966346154 0.29914710576923076 0.3755769495192308 0.3008937043269231 0.37481882211538464 0.2789297451923077
20 0.5558311153846154 0.6972858173076923 0.5560522235576923 0.6757661153846153 0.5184628197115384 0.6755173317307693 0.5179258461538462 0.6754443942307693 0.5175783605769231 0.6971614230769231 0.5558311153846154 0.6972858173076923
20 0.5916515793269231 0.6976589903846153 0.5931993870192308 0.6755173317307693 0.5542833076923077 0.6756417235576924 0.5553486850961539 0.6760954350961538 0.5545044158653846 0.6969126394230769 0.5916515793269231 0.6976589903846153
20 0.5182417115384615 0.6966638605769231 0.5197895192307692 0.6746465913461539 0.4804312091346154 0.6747709831730769 0.48011720432692306 0.6752273798076923 0.4810945480769231 0.6969126394230769 0.5182417115384615 0.6966638605769231
20 0.4976781057692307 0.6957931201923077 0.49709251201923077 0.6954096706730769 0.497014766826923 0.7154469543269231 0.5315136177884615 0.715663798076923 0.5346041466346154 0.6961662980769231 0.4976781057692307 0.6957931201923077
20 0.56865571875 0.7161932980769231 0.56865571875 0.6961662980769231 0.5350463894230769 0.6961662980769231 0.5334985817307693 0.6967882524038462 0.53217190625 0.7159445144230769 0.56865571875 0.7161932980769231
20 0.6031495096153846 0.7174372139423077 0.6044762067307692 0.6974102067307691 0.5695401778846154 0.6962906850961539 0.5673085625 0.6967117548076923 0.5664445865384615 0.7173128245192307 0.6031495096153846 0.7174372139423077
20 0.5989483509615384 0.7372154375 0.6022650745192307 0.7160689110576922 0.5657812379807692 0.7156957307692308 0.5642334543269231 0.7164420817307692 0.5626856466346154 0.7363446995192308 0.5989483509615384 0.7372154375
20 0.49834145432692306 0.7153225673076923 0.4996681298076923 0.6964150745192307 0.46495321874999995 0.6947979831730768 0.4635276971153846 0.6954096706730769 0.4616365072115384 0.7139542572115385 0.49834145432692306 0.7153225673076923
20 0.6274720673076923 0.6987785096153847 0.6287987427884616 0.6768856370192308 0.5916515793269231 0.6767612451923076 0.5904567115384615 0.6763124495192308 0.5896615552884615 0.6987785096153847 0.6274720673076923 0.6987785096153847
20 0.6367588629807692 0.7193030841346153 0.6389699975961538 0.6985297307692308 0.6051395576923077 0.6980321610576923 0.6020307836538461 0.6975798100961538 0.6007172668269231 0.7183079519230768 0.6367588629807692 0.7193030841346153
20 0.6730215697115385 0.7195518677884615 0.6734637860576923 0.6995248605769231 0.638748889423077 0.6985297307692308 0.6359814014423077 0.6982308509615385 0.6349899471153846 0.7194274735576923 0.6730215697115385 0.7195518677884615
20 0.707073141826923 0.7215421249999999 0.7079575985576922 0.7012663413461537 0.6728004615384615 0.7007687764423077 0.6730184399038461 0.70105203125 0.6710315456730769 0.7219153052884616 0.707073141826923 0.7215421249999999
20 0.6637347716346155 0.6996492548076922 0.665724798076923 0.67800515625 0.6272509591346154 0.6770100288461538 0.6278795504807693 0.6778315456730769 0.626587610576923 0.6986541177884615 0.6637347716346155 0.6996492548076922
20 0.6329999230769231 0.7383349663461539 0.6369799735576923 0.7166908653846153 0.6024861826923077 0.7163176923076923 0.59971596875 0.7162430048076923 0.5974005432692308 0.7374642211538462 0.6329999230769231 0.7383349663461539
20 0.6712526538461538 0.7387081298076923 0.6714737620192307 0.7189299134615385 0.6356532980769232 0.71793478125 0.6341054903846154 0.7183079519230768 0.633442141826923 0.7387081298076923 0.6712526538461538 0.7387081298076923
20 0.704419766826923 0.7413203509615385 0.7068520096153846 0.7212933437500001 0.6716948701923078 0.7202982163461538 0.6710894254807692 0.7197152259615385 0.6677148221153846 0.7398276586538461 0.704419766826923 0.7413203509615385
20 0.5308452067307692 0.7351007836538461 0.5286340745192308 0.7145762115384616 0.4932558269230769 0.7135810841346154 0.4941402836538461 0.7176859975961538 0.4932558269230769 0.7165664759615384 0.4932558269230769 0.7348520072115385 0.5308452067307692 0.7351007836538461
20 0.4877837596153846 0.4162389615384615 0.49043714182692305 0.39418023798076923 0.45270033173076923 0.3938485264423077 0.4523892980769231 0.3948054879807692 0.45034177644230766 0.41491212740384614 0.4877837596153846 0.4162389615384615
20 0.48861475 0.39484690384615384 0.4868993100961539 0.4162389615384615 0.5240464639423077 0.41723409375 0.5252257427884616 0.3953412259615385 0.48861475 0.39484690384615384
20 0.5588350961538462 0.4182292259615385 0.55942471875 0.39650220432692307 0.5249309302884615 0.3956729326923077 0.5218337427884616 0.39538419230769234 0.5196241995192308 0.4182292259615385 0.5588350961538462 0.4182292259615385
20 0.4898474855769231 0.4366391490384615 0.48896302163461536 0.41358528365384617 0.4529951418269231 0.41408284615384616 0.4503316850961539 0.4144814134615385 0.4500469663461538 0.43547815625 0.4898474855769231 0.4366391490384615
20 0.5237516538461539 0.436805 0.5246361201923077 0.41524383653846153 0.49073195192307695 0.41491212740384614 0.4873687211538461 0.41563882211538467 0.48601484375 0.436805 0.5237516538461539 0.436805
20 0.5617832740384615 0.43796598317307694 0.55942471875 0.4162389615384615 0.522572375 0.41607311057692303 0.5208049350961539 0.4162175240384615 0.5216879110576923 0.4369708509615385 0.5617832740384615 0.43796598317307694
20 0.49043714182692305 0.4561373125 0.4886682091346154 0.4337468701923077 0.4497521370192308 0.43358101923076925 0.44981728125 0.43531474759615385 0.4485728605769231 0.45530804086538457 0.49043714182692305 0.4561373125
20 0.48896302163461536 0.47537650961538463 0.49014229807692306 0.4536494855769231 0.4497521370192308 0.4534836346153846 0.44878847355769236 0.4526758581730769 0.45034177644230766 0.47371795432692304 0.48896302163461536 0.47537650961538463
20 0.48601484375 0.49487468269230767 0.4877837596153846 0.47231838221153843 0.4532899711538461 0.4734793653846153 0.44930287740384617 0.47437724759615385 0.44503504567307695 0.4943771105769231 0.48601484375 0.49487468269230767
20 0.48070811057692303 0.5134504543269232 0.4804132836538461 0.4925527043269231 0.4432661298076923 0.4927185576923077 0.4431300384615385 0.4943425240384615 0.44208685096153844 0.5137821658653846 0.48070811057692303 0.5134504543269232
20 0.4789391947115385 0.5338506346153846 0.4789391947115385 0.512621173076923 0.44267649038461543 0.512621173076923 0.44158682692307694 0.5140184495192307 0.44238167788461535 0.534016485576923 0.4789391947115385 0.5338506346153846
20 0.4745842379807692 0.5133120600961538 0.47805474519230773 0.534016485576923 0.5149070889423076 0.5346799158653845 0.5131381899038462 0.512123610576923 0.4745842379807692 0.5133120600961538
20 0.55087496875 0.5348457668269231 0.5502853437499999 0.5131187451923077 0.5116640697115384 0.5139480168269231 0.5115456754807692 0.5137290985576923 0.5131381899038462 0.5350116274038462 0.55087496875 0.5348457668269231
20 0.5841895120192308 0.5365043125 0.5859584110576923 0.5129528846153846 0.5844843221153846 0.5157724230769231 0.55087496875 0.5144455793269231 0.54755390625 0.5137290985576923 0.5470423245192307 0.5351774687499999 0.5841895120192308 0.5365043125
20 0.5880221538461539 0.5162699831730769 0.5886117764423078 0.49553808894230766 0.5473371682692307 0.49454297115384616 0.5470395024038461 0.4946318774038462 0.5488112548076923 0.5147772908653846 0.5880221538461539 0.5162699831730769
20 0.5125485349070242 0.5159382821680732 0.549106067394937 0.5151090005740856 0.5482216015955201 0.49454297070707753 0.5113692576399095 0.4938795489643905 0.5143174351095352 0.49437711085577696 0.5146320955252942 0.4949212283999831 0.5125485349070242 0.5159382821680732
20 0.5169708317307692 0.5137821658653846 0.5157915552884615 0.49205514423076924 0.4795288341346154 0.4935478413461538 0.4775950576923077 0.4946318774038462 0.47687546875 0.5152748605769231 0.5169708317307692 0.5137821658653846
20 0.579461139423077 0.5159190961538461 0.5812413028846154 0.5365043125 0.619272923076923 0.5374994447115384 0.6186833004807692 0.5152748605769231 0.579461139423077 0.5159190961538461
20 0.6239900336538462 0.5177626875 0.6225159447115385 0.49537224278846154 0.5844843221153846 0.49620151682692304 0.5840765408653846 0.4966573389423077 0.5850739447115385 0.5172651177884615 0.6239900336538462 0.5177626875
20 0.6543563677884615 0.5379970072115385 0.6549459903846154 0.5157724230769231 0.6160299350961539 0.5170992668269231 0.6164839471153846 0.5180693774038462 0.6172092115384615 0.5383287163461539 0.6543563677884615 0.5379970072115385
20 0.6861967908653847 0.5379970072115385 0.6882605336538461 0.5156065721153846 0.6519978125 0.5154407115384616 0.6514633701923077 0.5160439134615384 0.6496392572115385 0.537665295673077 0.6861967908653847 0.5379970072115385
20 0.685376451923077 0.5181018701923077 0.6847227019230769 0.5388262884615385 0.721280235576923 0.539158 0.7242284110576923 0.51826025 0.685376451923077 0.5181018701923077
20 0.6567149206730769 0.5180943990384616 0.657009733173077 0.4965332259615384 0.620157389423077 0.49636737500000006 0.6200847692307693 0.4954999326923077 0.619862576923077 0.5172651177884615 0.6567149206730769 0.5180943990384616
20 0.6912087115384615 0.5170992668269231 0.6938620769230769 0.49802592548076924 0.6531770889423077 0.49736250000000004 0.6524921778846154 0.49694669230769234 0.6549459903846154 0.5180943990384616 0.6912087115384615 0.5170992668269231
20 0.6854781033653846 0.4983576322115385 0.6879656899038462 0.5194212331730769 0.7265869663461538 0.5194212331730769 0.7286506778846153 0.4983576322115385 0.6854781033653846 0.4983576322115385
20 0.5205086322115384 0.4933819831730769 0.5216879110576923 0.47414278846153846 0.48306666586538466 0.47447449759615384 0.48273909134615384 0.4726411346153846 0.48306666586538466 0.49404539903846156 0.5205086322115384 0.4933819831730769
20 0.4877837596153846 0.45514218028846154 0.5246361201923077 0.4564690240384615 0.5234568413461539 0.4349078581730769 0.486604483173077 0.4342444350961538 0.48582551201923074 0.43531474759615385 0.48483556730769234 0.4586251394230769 0.4877837596153846 0.45514218028846154
20 0.5246361201923077 0.4755423605769231 0.5240464639423077 0.4531519254807692 0.4877837596153846 0.45497632451923076 0.48531110817307693 0.4535439134615385 0.486604483173077 0.47570821875 0.5246361201923077 0.4755423605769231
20 0.5573609759615384 0.4576300072115385 0.5591299086538462 0.4357371346153846 0.5222775649038461 0.4352395673076923 0.5208049350961539 0.43502539423076925 0.5205086322115384 0.45746416105769233 0.5573609759615384 0.4576300072115385
20 0.5218840192307692 0.4554713653846154 0.523162 0.47504480769230767 0.55971953125 0.47537650961538463 0.5603091850961538 0.45497632451923076 0.5218840192307692 0.4554713653846154
20 0.5541179879807692 0.49594254807692306 0.5547076105769231 0.49544497596153847 0.5550024543269231 0.47371795432692304 0.5199190096153846 0.474381375 0.5177185144230769 0.4726411346153846 0.5208034759615384 0.49594254807692306 0.5541179879807692 0.49594254807692306
20 0.5930340745192308 0.4190585 0.592739233173077 0.39849246875 0.55971953125 0.39733148076923075 0.5562987620192308 0.39712030288461536 0.5547076105769231 0.4185609375 0.5930340745192308 0.4190585
20 0.6275278653846155 0.41939021153846157 0.628412298076923 0.3986583197115384 0.5918547980769231 0.3988241802884615 0.5906755192307692 0.3996534543269231 0.5894962427884616 0.4192243581730769 0.6275278653846155 0.41939021153846157
20 0.6231055673076923 0.41939021153846157 0.6623164663461538 0.42055119471153846 0.6611371875000001 0.3996534543269231 0.6272330216346155 0.3988241802884615 0.6248744975961539 0.3994875889423077 0.6234003774038462 0.41939021153846157 0.6231055673076923 0.41939021153846157
20 0.5945081634615385 0.43813184374999997 0.5939185096153846 0.4178975168269231 0.5561816995192308 0.4162389615384615 0.5562987620192308 0.4165068774038462 0.5550024543269231 0.43813184374999997 0.5945081634615385 0.43813184374999997
20 0.629296764423077 0.438961125 0.6281174879807693 0.4178975168269231 0.5909703317307693 0.4177316658653846 0.5907637836538462 0.41766428365384617 0.5900858653846154 0.43912696634615384 0.629296764423077 0.438961125
20 0.55453771875 0.4365512956730769 0.5561816995192308 0.43689811778846155 0.5561816995192308 0.45713244711538464 0.5959822524038462 0.4586251394230769 0.5930340745192308 0.4357371346153846 0.55453771875 0.4365512956730769
20 0.5915599543269231 0.47769847596153847 0.5933288870192308 0.4563031730769231 0.5588350961538462 0.45547389182692305 0.5582454423076924 0.45530804086538457 0.5567713533653846 0.45497632451923076 0.5561816995192308 0.47836189663461537 0.5915599543269231 0.47769847596153847
20 0.5939185096153846 0.49726938221153844 0.5918547980769231 0.47487894711538464 0.5555920769230769 0.4758740697115385 0.5547076105769231 0.4765374927884615 0.5550024543269231 0.49710353125 0.5939185096153846 0.49726938221153844
20 0.6298864182692309 0.4982645048076923 0.6287071418269231 0.47570821875 0.5915599543269231 0.4767033509615385 0.5906755192307692 0.47769847596153847 0.5918547980769231 0.49710353125 0.6298864182692309 0.4982645048076923
20 0.6649698317307693 0.498430375 0.6632009302884616 0.4781960456730769 0.629591576923077 0.4770350625 0.6263485865384616 0.4775326346153846 0.6257589326923078 0.49909378846153846 0.6649698317307693 0.498430375
20 0.6298864182692309 0.47885946874999996 0.6298864182692309 0.456634875 0.5945081634615385 0.456634875 0.5923069927884616 0.4564374326923077 0.5915599543269231 0.47852775721153845 0.6298864182692309 0.47885946874999996
20 0.6298864182692309 0.4584592884615385 0.628412298076923 0.43739568509615384 0.5918547980769231 0.4375615408653846 0.5924444206730769 0.4375615408653846 0.5892014326923077 0.43772739423076923 0.5918547980769231 0.4581275793269231 0.6298864182692309 0.4584592884615385
20 0.6959258197115384 0.42171218749999995 0.6965154423076924 0.3999851682692308 0.6605475649038461 0.400316875 0.6591794206730769 0.4008818774038462 0.6587786346153847 0.42171218749999995 0.6959258197115384 0.42171218749999995
20 0.6951565865384615 0.4003258028846154 0.6929776105769231 0.4222097572115385 0.7315988870192308 0.4222097572115385 0.7313040745192307 0.4006485865384616 0.6951565865384615 0.4003258028846154
20 0.661432 0.44028795913461544 0.6620216538461539 0.4182292259615385 0.6257589326923078 0.4185609375 0.6252288028846155 0.4185323389423077 0.6251693100961538 0.4407855120192308 0.661432 0.44028795913461544
20 0.6634957427884616 0.45952715625 0.6620216538461539 0.4387952644230769 0.628412298076923 0.43846355528846154 0.6262576105769231 0.4384976177884615 0.6266433990384616 0.4606881394230769 0.6634957427884616 0.45952715625
20 0.6973999086538462 0.4411172403846154 0.6956309783653847 0.41939021153846157 0.6599579110576923 0.41988778125 0.6591794206730769 0.4185323389423077 0.6599579110576923 0.44161479567307693 0.6973999086538462 0.4411172403846154
20 0.7298299543269231 0.4414489447115385 0.7307144206730769 0.4215463269230769 0.6959258197115384 0.42088290384615384 0.6944516995192308 0.42088290384615384 0.694156889423077 0.44178065384615384 0.7298299543269231 0.4414489447115385
20 0.6997584639423077 0.47968875 0.6976947211538461 0.4581275793269231 0.6617268413461539 0.45829343028846153 0.6607226298076923 0.45933094951923076 0.6599579110576923 0.47885946874999996 0.6997584639423077 0.47968875
20 0.6623164663461538 0.47885946874999996 0.6626112764423078 0.4576300072115385 0.629296764423077 0.4576300072115385 0.6252288028846155 0.4564374326923077 0.6257589326923078 0.48002045192307696 0.6623164663461538 0.47885946874999996
20 0.7295351442307693 0.48084972355769234 0.7327781634615385 0.46028369471153846 0.6956309783653847 0.4599519831730769 0.6936444423076923 0.4604883581730769 0.6953361658653846 0.4798546009615385 0.7295351442307693 0.48084972355769234
20 0.6968102548076923 0.46044954567307694 0.6971050985576923 0.4387225240384615 0.661432 0.4393859447115384 0.6596938245192308 0.43878696875 0.6608423774038462 0.46044954567307694 0.6968102548076923 0.46044954567307694
20 0.6941642836538461 0.44094367067307694 0.6950413533653846 0.4621081009615385 0.7307144206730769 0.46061540624999997 0.7307144206730769 0.4393859447115384 0.6941642836538461 0.44094367067307694
20 0.7295351442307693 0.4997572091346154 0.7304196105769231 0.4780301875 0.6991688100961538 0.47902531971153844 0.6957020552884615 0.48132169230769234 0.694156889423077 0.500088920673077 0.7295351442307693 0.4997572091346154
20 0.7313040745192307 0.4803521634615385 0.6932724543269231 0.47935702163461535 0.6926828004807692 0.49892793509615385 0.6929776105769231 0.500088920673077 0.7318936995192308 0.49909378846153846 0.7313040745192307 0.4803521634615385
20 0.3968507860576923 0.41402876923076926 0.4044989423076923 0.41409395913461544 0.435500829326923 0.41338904567307694 0.43684085576923076 0.39313102403846156 0.3977984158653846 0.39227805528846155 0.3968507860576923 0.41402876923076926