20 0.04567307692307692 0.09134615384615384 0.036057692307692304 0.021634615384615384
20 0.08052884615384616 0.09014423076923077 0.036057692307692304 0.021634615384615384
20 0.11899038461538461 0.09254807692307693 0.036057692307692304 0.021634615384615384
20 0.15745192307692307 0.09254807692307693 0.03485576923076923 0.020432692307692308
20 0.19591346153846154 0.09254807692307693 0.037259615384615384 0.020432692307692308
20 0.234375 0.09375 0.037259615384615384 0.021634615384615384
20 0.2704326923076923 0.09495192307692307 0.039663461538461536 0.021634615384615384
20 0.31009615384615385 0.09495192307692307 0.037259615384615384 0.021634615384615384
20 0.052884615384615384 0.1141826923076923 0.038461538461538464 0.021634615384615384
20 0.09014423076923077 0.11298076923076923 0.038461538461538464 0.021634615384615384
20 0.12860576923076922 0.1141826923076923 0.037259615384615384 0.021634615384615384
20 0.1658653846153846 0.1141826923076923 0.036057692307692304 0.02403846153846154
20 0.20432692307692307 0.11538461538461539 0.039663461538461536 0.020432692307692308
20 0.24278846153846154 0.11658653846153846 0.037259615384615384 0.021634615384615384
20 0.28125 0.11658653846153846 0.038461538461538464 0.020432692307692308
20 0.31850961538461536 0.11778846153846154 0.037259615384615384 0.020432692307692308
20 0.056490384615384616 0.13581730769230768 0.038461538461538464 0.021634615384615384
20 0.09375 0.1346153846153846 0.039663461538461536 0.021634615384615384
20 0.1310096153846154 0.13581730769230768 0.036057692307692304 0.02283653846153846
20 0.16947115384615385 0.13581730769230768 0.038461538461538464 0.02283653846153846
20 0.20793269230769232 0.13701923076923078 0.038461538461538464 0.021634615384615384
20 0.24639423076923078 0.13822115384615385 0.039663461538461536 0.021634615384615384
20 0.28365384615384615 0.13942307692307693 0.038461538461538464 0.021634615384615384
20 0.32091346153846156 0.140625 0.036057692307692304 0.020432692307692308
20 0.05889423076923077 0.15745192307692307 0.039663461538461536 0.020432692307692308
20 0.09735576923076923 0.15745192307692307 0.039663461538461536 0.021634615384615384
20 0.13581730769230768 0.15745192307692307 0.036057692307692304 0.021634615384615384
20 0.17307692307692307 0.15865384615384615 0.039663461538461536 0.021634615384615384
20 0.21033653846153846 0.15865384615384615 0.039663461538461536 0.021634615384615384
20 0.25 0.15985576923076922 0.039663461538461536 0.021634615384615384
20 0.28846153846153844 0.16105769230769232 0.038461538461538464 0.020432692307692308
20 0.3233173076923077 0.16105769230769232 0.036057692307692304 0.021634615384615384
20 0.0625 0.17908653846153846 0.038461538461538464 0.020432692307692308
20 0.0985576923076923 0.17908653846153846 0.039663461538461536 0.021634615384615384
20 0.13942307692307693 0.18028846153846154 0.037259615384615384 0.021634615384615384
20 0.17668269230769232 0.17908653846153846 0.038461538461538464 0.021634615384615384
20 0.21514423076923078 0.18028846153846154 0.039663461538461536 0.020432692307692308
20 0.25240384615384615 0.1814903846153846 0.039663461538461536 0.020432692307692308
20 0.28966346153846156 0.1814903846153846 0.037259615384615384 0.021634615384615384
20 0.3269230769230769 0.1814903846153846 0.038461538461538464 0.020432692307692308
20 0.0673076923076923 0.19951923076923078 0.037259615384615384 0.020432692307692308
20 0.10336538461538461 0.19951923076923078 0.039663461538461536 0.021634615384615384
20 0.140625 0.20072115384615385 0.038461538461538464 0.021634615384615384
20 0.17908653846153846 0.20072115384615385 0.038461538461538464 0.020432692307692308
20 0.21754807692307693 0.20072115384615385 0.038461538461538464 0.021634615384615384
20 0.2548076923076923 0.203125 0.037259615384615384 0.021634615384615384
20 0.2932692307692308 0.203125 0.037259615384615384 0.020432692307692308
20 0.33052884615384615 0.203125 0.038461538461538464 0.020432692307692308
20 0.07211538461538461 0.22115384615384615 0.03485576923076923 0.020432692307692308
20 0.10817307692307693 0.22115384615384615 0.036057692307692304 0.020432692307692308
20 0.14543269230769232 0.22115384615384615 0.038461538461538464 0.020432692307692308
20 0.18389423076923078 0.22235576923076922 0.037259615384615384 0.020432692307692308
20 0.22115384615384615 0.22235576923076922 0.039663461538461536 0.020432692307692308
20 0.25961538461538464 0.22355769230769232 0.036057692307692304 0.020432692307692308
20 0.2956730769230769 0.22355769230769232 0.036057692307692304 0.021634615384615384
20 0.3329326923076923 0.22355769230769232 0.037259615384615384 0.021634615384615384
20 0.07211538461538461 0.2620192307692308 0.036057692307692304 0.019230769230769232
20 0.109375 0.2620192307692308 0.03485576923076923 0.019230769230769232
20 0.14543269230769232 0.2620192307692308 0.036057692307692304 0.020432692307692308
20 0.1814903846153846 0.2620192307692308 0.036057692307692304 0.021634615384615384
20 0.21754807692307693 0.26322115384615385 0.036057692307692304 0.020432692307692308
20 0.2548076923076923 0.26322115384615385 0.036057692307692304 0.020432692307692308
20 0.29086538461538464 0.2644230769230769 0.037259615384615384 0.020432692307692308
20 0.3269230769230769 0.265625 0.037259615384615384 0.020432692307692308
20 0.06850961538461539 0.2824519230769231 0.03485576923076923 0.018028846153846152
20 0.1045673076923077 0.2824519230769231 0.037259615384615384 0.019230769230769232
20 0.14543269230769232 0.2824519230769231 0.036057692307692304 0.020432692307692308
20 0.18269230769230768 0.2824519230769231 0.037259615384615384 0.020432692307692308
20 0.21875 0.28365384615384615 0.037259615384615384 0.021634615384615384
20 0.2536057692307692 0.28365384615384615 0.036057692307692304 0.020432692307692308
20 0.2956730769230769 0.2848557692307692 0.03485576923076923 0.019230769230769232
20 0.3317307692307692 0.2860576923076923 0.037259615384615384 0.019230769230769232
20 0.06490384615384616 0.30288461538461536 0.036057692307692304 0.019230769230769232
20 0.10697115384615384 0.30288461538461536 0.037259615384615384 0.019230769230769232
20 0.1466346153846154 0.30288461538461536 0.037259615384615384 0.019230769230769232
20 0.18389423076923078 0.30408653846153844 0.037259615384615384 0.019230769230769232
20 0.22115384615384615 0.30408653846153844 0.037259615384615384 0.020432692307692308
20 0.25961538461538464 0.30528846153846156 0.036057692307692304 0.020432692307692308
20 0.2980769230769231 0.30528846153846156 0.036057692307692304 0.020432692307692308
20 0.33533653846153844 0.30649038461538464 0.036057692307692304 0.019230769230769232
20 0.06971153846153846 0.32211538461538464 0.036057692307692304 0.020432692307692308
20 0.11177884615384616 0.32211538461538464 0.039663461538461536 0.020432692307692308
20 0.1502403846153846 0.3233173076923077 0.040865384615384616 0.020432692307692308
20 0.18870192307692307 0.3233173076923077 0.038461538461538464 0.020432692307692308
20 0.22596153846153846 0.3245192307692308 0.038461538461538464 0.019230769230769232
20 0.265625 0.3245192307692308 0.038461538461538464 0.020432692307692308
20 0.3016826923076923 0.32572115384615385 0.040865384615384616 0.020432692307692308
20 0.3389423076923077 0.32572115384615385 0.038461538461538464 0.020432692307692308
20 0.078125 0.3425480769230769 0.039663461538461536 0.020432692307692308
20 0.11538461538461539 0.3425480769230769 0.039663461538461536 0.020432692307692308
20 0.15384615384615385 0.34375 0.039663461538461536 0.020432692307692308
20 0.19110576923076922 0.34375 0.038461538461538464 0.020432692307692308
20 0.22956730769230768 0.34375 0.036057692307692304 0.020432692307692308
20 0.30408653846153844 0.34615384615384615 0.036057692307692304 0.019230769230769232
20 0.34375 0.3473557692307692 0.036057692307692304 0.018028846153846152
20 0.3798076923076923 0.34615384615384615 0.036057692307692304 0.019230769230769232
20 0.08173076923076923 0.3629807692307692 0.037259615384615384 0.020432692307692308
20 0.12379807692307693 0.3629807692307692 0.036057692307692304 0.020432692307692308
20 0.1622596153846154 0.3629807692307692 0.038461538461538464 0.020432692307692308
20 0.20072115384615385 0.3641826923076923 0.036057692307692304 0.020432692307692308
20 0.23798076923076922 0.36538461538461536 0.036057692307692304 0.020432692307692308
20 0.27403846153846156 0.36538461538461536 0.036057692307692304 0.020432692307692308
20 0.3112980769230769 0.36658653846153844 0.036057692307692304 0.020432692307692308
20 0.3473557692307692 0.36658653846153844 0.03365384615384615 0.019230769230769232
20 0.08653846153846154 0.38341346153846156 0.036057692307692304 0.020432692307692308
20 0.125 0.38341346153846156 0.036057692307692304 0.020432692307692308
20 0.1622596153846154 0.38341346153846156 0.036057692307692304 0.020432692307692308
20 0.19831730769230768 0.38461538461538464 0.03485576923076923 0.020432692307692308
20 0.23557692307692307 0.38461538461538464 0.03365384615384615 0.020432692307692308
20 0.27163461538461536 0.3858173076923077 0.038461538461538464 0.020432692307692308
20 0.3088942307692308 0.3858173076923077 0.03485576923076923 0.020432692307692308
20 0.34615384615384615 0.3870192307692308 0.03485576923076923 0.020432692307692308
20 0.10336538461538461 0.4170673076923077 0.036057692307692304 0.020432692307692308
20 0.0985576923076923 0.4387019230769231 0.039663461538461536 0.020432692307692308
20 0.0985576923076923 0.45913461538461536 0.039663461538461536 0.020432692307692308
20 0.10096153846153846 0.4795673076923077 0.042067307692307696 0.020432692307692308
20 0.10336538461538461 0.5012019230769231 0.039663461538461536 0.020432692307692308
20 0.10576923076923077 0.5216346153846154 0.04326923076923077 0.019230769230769232
20 0.10817307692307693 0.5420673076923077 0.038461538461538464 0.020432692307692308
20 0.14543269230769232 0.5420673076923077 0.039663461538461536 0.020432692307692308
20 0.14543269230769232 0.5216346153846154 0.039663461538461536 0.021634615384615384
20 0.14423076923076922 0.5012019230769231 0.040865384615384616 0.019230769230769232
20 0.140625 0.4795673076923077 0.039663461538461536 0.021634615384615384
20 0.13822115384615385 0.45913461538461536 0.037259615384615384 0.020432692307692308
20 0.13701923076923078 0.4387019230769231 0.03485576923076923 0.021634615384615384
20 0.14182692307692307 0.4182692307692308 0.037259615384615384 0.020432692307692308
20 0.1778846153846154 0.4182692307692308 0.038461538461538464 0.021634615384615384
20 0.17668269230769232 0.4387019230769231 0.037259615384615384 0.020432692307692308
20 0.17668269230769232 0.45913461538461536 0.038461538461538464 0.021634615384615384
20 0.1778846153846154 0.4807692307692308 0.038461538461538464 0.020432692307692308
20 0.1814903846153846 0.5012019230769231 0.039663461538461536 0.020432692307692308
20 0.18389423076923078 0.5216346153846154 0.039663461538461536 0.020432692307692308
20 0.18389423076923078 0.5420673076923077 0.036057692307692304 0.019230769230769232
20 0.21634615384615385 0.4182692307692308 0.037259615384615384 0.019230769230769232
20 0.21514423076923078 0.4387019230769231 0.038461538461538464 0.021634615384615384
20 0.21514423076923078 0.46033653846153844 0.037259615384615384 0.020432692307692308
20 0.21995192307692307 0.4807692307692308 0.038461538461538464 0.020432692307692308
20 0.22115384615384615 0.5012019230769231 0.040865384615384616 0.021634615384615384
20 0.22115384615384615 0.5216346153846154 0.039663461538461536 0.020432692307692308
20 0.22115384615384615 0.5420673076923077 0.03485576923076923 0.020432692307692308
20 0.2536057692307692 0.41947115384615385 0.03485576923076923 0.020432692307692308
20 0.25240384615384615 0.43990384615384615 0.036057692307692304 0.021634615384615384
20 0.25240384615384615 0.46033653846153844 0.037259615384615384 0.020432692307692308
20 0.25841346153846156 0.4807692307692308 0.038461538461538464 0.020432692307692308
20 0.25961538461538464 0.5012019230769231 0.038461538461538464 0.020432692307692308
20 0.25961538461538464 0.5216346153846154 0.038461538461538464 0.020432692307692308
20 0.25961538461538464 0.5420673076923077 0.037259615384615384 0.020432692307692308
20 0.2956730769230769 0.5420673076923077 0.036057692307692304 0.019230769230769232
20 0.296875 0.5216346153846154 0.036057692307692304 0.020432692307692308
20 0.2980769230769231 0.5012019230769231 0.038461538461538464 0.019230769230769232
20 0.2956730769230769 0.4807692307692308 0.039663461538461536 0.020432692307692308
20 0.2920673076923077 0.46033653846153844 0.037259615384615384 0.019230769230769232
20 0.29086538461538464 0.43990384615384615 0.037259615384615384 0.021634615384615384
20 0.29086538461538464 0.41947115384615385 0.036057692307692304 0.020432692307692308
20 0.328125 0.4206730769230769 0.03485576923076923 0.020432692307692308
20 0.328125 0.4411057692307692 0.036057692307692304 0.020432692307692308
20 0.3293269230769231 0.46033653846153844 0.038461538461538464 0.021634615384615384
20 0.33413461538461536 0.48197115384615385 0.037259615384615384 0.019230769230769232
20 0.33533653846153844 0.5012019230769231 0.036057692307692304 0.019230769230769232
20 0.33533653846153844 0.5228365384615384 0.038461538461538464 0.021634615384615384
20 0.33413461538461536 0.5420673076923077 0.037259615384615384 0.019230769230769232
20 0.3641826923076923 0.4206730769230769 0.03365384615384615 0.020432692307692308
20 0.3641826923076923 0.4411057692307692 0.036057692307692304 0.021634615384615384
20 0.36658653846153844 0.46153846153846156 0.037259615384615384 0.019230769230769232
20 0.3701923076923077 0.4807692307692308 0.037259615384615384 0.020432692307692308
20 0.37259615384615385 0.5024038461538461 0.038461538461538464 0.020432692307692308
20 0.37259615384615385 0.5228365384615384 0.039663461538461536 0.019230769230769232
20 0.3701923076923077 0.5432692307692307 0.036057692307692304 0.020432692307692308
20 0.11538461538461539 0.5793269230769231 0.038461538461538464 0.021634615384615384
20 0.11658653846153846 0.5997596153846154 0.040865384615384616 0.02283653846153846
20 0.11538461538461539 0.6213942307692307 0.038461538461538464 0.021634615384615384
20 0.1141826923076923 0.6430288461538461 0.038461538461538464 0.020432692307692308
20 0.11538461538461539 0.6634615384615384 0.039663461538461536 0.020432692307692308
20 0.11538461538461539 0.6850961538461539 0.039663461538461536 0.021634615384615384
20 0.11538461538461539 0.7055288461538461 0.038461538461538464 0.021634615384615384
20 0.15384615384615385 0.578125 0.038461538461538464 0.020432692307692308
20 0.15504807692307693 0.5997596153846154 0.039663461538461536 0.021634615384615384
20 0.15504807692307693 0.6201923076923077 0.039663461538461536 0.021634615384615384
20 0.15384615384615385 0.6418269230769231 0.038461538461538464 0.02283653846153846
20 0.15384615384615385 0.6646634615384616 0.039663461538461536 0.021634615384615384
20 0.15384615384615385 0.6850961538461539 0.039663461538461536 0.02283653846153846
20 0.15264423076923078 0.7055288461538461 0.037259615384615384 0.021634615384615384
20 0.19230769230769232 0.578125 0.036057692307692304 0.021634615384615384
20 0.1935096153846154 0.5997596153846154 0.039663461538461536 0.021634615384615384
20 0.19471153846153846 0.6213942307692307 0.040865384615384616 0.02283653846153846
20 0.1935096153846154 0.6418269230769231 0.040865384615384616 0.021634615384615384
20 0.1935096153846154 0.6634615384615384 0.038461538461538464 0.021634615384615384
20 0.19230769230769232 0.6850961538461539 0.036057692307692304 0.021634615384615384
20 0.19230769230769232 0.7055288461538461 0.037259615384615384 0.020432692307692308
20 0.22956730769230768 0.578125 0.036057692307692304 0.020432692307692308
20 0.23317307692307693 0.5997596153846154 0.039663461538461536 0.021634615384615384
20 0.23197115384615385 0.6201923076923077 0.039663461538461536 0.02283653846153846
20 0.23317307692307693 0.6418269230769231 0.038461538461538464 0.021634615384615384
20 0.23197115384615385 0.6634615384615384 0.039663461538461536 0.021634615384615384
20 0.23076923076923078 0.6838942307692307 0.040865384615384616 0.021634615384615384
20 0.23076923076923078 0.7055288461538461 0.039663461538461536 0.021634615384615384
20 0.2692307692307692 0.5793269230769231 0.037259615384615384 0.020432692307692308
20 0.2704326923076923 0.5997596153846154 0.040865384615384616 0.021634615384615384
20 0.31009615384615385 0.6009615384615384 0.036057692307692304 0.020432692307692308
20 0.3449519230769231 0.6009615384615384 0.037259615384615384 0.020432692307692308
20 0.38221153846153844 0.6009615384615384 0.037259615384615384 0.020432692307692308
20 0.27163461538461536 0.6213942307692307 0.038461538461538464 0.020432692307692308
20 0.3088942307692308 0.6213942307692307 0.038461538461538464 0.02283653846153846
20 0.3485576923076923 0.6213942307692307 0.036057692307692304 0.02283653846153846
20 0.38461538461538464 0.6213942307692307 0.037259615384615384 0.021634615384615384
20 0.2704326923076923 0.6418269230769231 0.036057692307692304 0.021634615384615384
20 0.31009615384615385 0.6418269230769231 0.038461538461538464 0.021634615384615384
20 0.3485576923076923 0.6430288461538461 0.037259615384615384 0.021634615384615384
20 0.38461538461538464 0.6430288461538461 0.036057692307692304 0.021634615384615384
20 0.23197115384615385 0.6634615384615384 0.038461538461538464 0.021634615384615384
20 0.27163461538461536 0.6634615384615384 0.036057692307692304 0.021634615384615384
20 0.3088942307692308 0.6634615384615384 0.038461538461538464 0.02283653846153846
20 0.3473557692307692 0.6622596153846154 0.038461538461538464 0.020432692307692308
20 0.38461538461538464 0.6634615384615384 0.036057692307692304 0.021634615384615384
20 0.2704326923076923 0.6850961538461539 0.038461538461538464 0.021634615384615384
20 0.3088942307692308 0.6838942307692307 0.037259615384615384 0.021634615384615384
20 0.34615384615384615 0.6850961538461539 0.036057692307692304 0.021634615384615384
20 0.38341346153846156 0.6850961538461539 0.036057692307692304 0.020432692307692308
20 0.26802884615384615 0.7055288461538461 0.038461538461538464 0.020432692307692308
20 0.30649038461538464 0.7055288461538461 0.037259615384615384 0.021634615384615384
20 0.34375 0.7055288461538461 0.036057692307692304 0.021634615384615384
20 0.38221153846153844 0.7043269230769231 0.037259615384615384 0.020432692307692308
20 0.07932692307692307 0.7355769230769231 0.036057692307692304 0.020432692307692308
20 0.11778846153846154 0.7355769230769231 0.038461538461538464 0.021634615384615384
20 0.15504807692307693 0.7355769230769231 0.038461538461538464 0.021634615384615384
20 0.19591346153846154 0.7355769230769231 0.038461538461538464 0.02283653846153846
20 0.23317307692307693 0.734375 0.036057692307692304 0.020432692307692308
20 0.27163461538461536 0.734375 0.03485576923076923 0.020432692307692308
20 0.31009615384615385 0.734375 0.036057692307692304 0.020432692307692308
20 0.34615384615384615 0.734375 0.03485576923076923 0.020432692307692308
20 0.08052884615384616 0.7572115384615384 0.037259615384615384 0.019230769230769232
20 0.11778846153846154 0.7572115384615384 0.037259615384615384 0.020432692307692308
20 0.15625 0.7572115384615384 0.038461538461538464 0.021634615384615384
20 0.19471153846153846 0.7560096153846154 0.039663461538461536 0.021634615384615384
20 0.23317307692307693 0.7560096153846154 0.038461538461538464 0.021634615384615384
20 0.27163461538461536 0.7548076923076923 0.038461538461538464 0.02283653846153846
20 0.3088942307692308 0.7548076923076923 0.037259615384615384 0.021634615384615384
20 0.34615384615384615 0.7560096153846154 0.038461538461538464 0.020432692307692308
20 0.0829326923076923 0.7776442307692307 0.039663461538461536 0.020432692307692308
20 0.12139423076923077 0.7776442307692307 0.040865384615384616 0.020432692307692308
20 0.15865384615384615 0.7776442307692307 0.039663461538461536 0.020432692307692308
20 0.19591346153846154 0.7776442307692307 0.042067307692307696 0.020432692307692308
20 0.23557692307692307 0.7776442307692307 0.039663461538461536 0.021634615384615384
20 0.27283653846153844 0.7764423076923077 0.040865384615384616 0.021634615384615384
20 0.3112980769230769 0.7764423076923077 0.039663461538461536 0.021634615384615384
20 0.34975961538461536 0.7764423076923077 0.036057692307692304 0.019230769230769232
20 0.08533653846153846 0.8004807692307693 0.038461538461538464 0.019230769230769232
20 0.12379807692307693 0.7992788461538461 0.039663461538461536 0.020432692307692308
20 0.16105769230769232 0.7992788461538461 0.039663461538461536 0.021634615384615384
20 0.20072115384615385 0.7980769230769231 0.039663461538461536 0.020432692307692308
20 0.23798076923076922 0.7980769230769231 0.039663461538461536 0.020432692307692308
20 0.2764423076923077 0.7980769230769231 0.040865384615384616 0.021634615384615384
20 0.31490384615384615 0.7980769230769231 0.039663461538461536 0.021634615384615384
20 0.35336538461538464 0.796875 0.038461538461538464 0.020432692307692308
20 0.09014423076923077 0.8197115384615384 0.038461538461538464 0.019230769230769232
20 0.12740384615384615 0.8197115384615384 0.037259615384615384 0.020432692307692308
20 0.16466346153846154 0.8209134615384616 0.037259615384615384 0.020432692307692308
20 0.203125 0.8197115384615384 0.039663461538461536 0.020432692307692308
20 0.2403846153846154 0.8185096153846154 0.038461538461538464 0.020432692307692308
20 0.27884615384615385 0.8185096153846154 0.038461538461538464 0.020432692307692308
20 0.3173076923076923 0.8185096153846154 0.037259615384615384 0.019230769230769232
20 0.3545673076923077 0.8185096153846154 0.038461538461538464 0.019230769230769232
20 0.09134615384615384 0.8413461538461539 0.038461538461538464 0.021634615384615384
20 0.12860576923076922 0.8413461538461539 0.039663461538461536 0.020432692307692308
20 0.16826923076923078 0.8413461538461539 0.039663461538461536 0.020432692307692308
20 0.20552884615384615 0.8401442307692307 0.039663461538461536 0.020432692307692308
20 0.24278846153846154 0.8401442307692307 0.038461538461538464 0.020432692307692308
20 0.28125 0.8401442307692307 0.037259615384615384 0.021634615384615384
20 0.31850961538461536 0.8389423076923077 0.037259615384615384 0.021634615384615384
20 0.3545673076923077 0.8389423076923077 0.036057692307692304 0.020432692307692308
20 0.09375 0.8617788461538461 0.037259615384615384 0.019230769230769232
20 0.1310096153846154 0.8617788461538461 0.037259615384615384 0.020432692307692308
20 0.16706730769230768 0.8605769230769231 0.039663461538461536 0.021634615384615384
20 0.20552884615384615 0.8617788461538461 0.038461538461538464 0.021634615384615384
20 0.24278846153846154 0.8605769230769231 0.038461538461538464 0.021634615384615384
20 0.28125 0.8605769230769231 0.038461538461538464 0.021634615384615384
20 0.31971153846153844 0.8605769230769231 0.037259615384615384 0.021634615384615384
20 0.3557692307692308 0.859375 0.036057692307692304 0.020432692307692308
20 0.30528846153846156 0.5793269230769231 0.038461538461538464 0.021634615384615384
20 0.34375 0.5793269230769231 0.037259615384615384 0.020432692307692308
20 0.38100961538461536 0.5793269230769231 0.03485576923076923 0.020432692307692308
20 0.43028846153846156 0.5805288461538461 0.03485576923076923 0.021634615384615384
20 0.4675480769230769 0.5805288461538461 0.03485576923076923 0.020432692307692308
20 0.5024038461538461 0.5805288461538461 0.038461538461538464 0.019230769230769232
20 0.5408653846153846 0.5817307692307693 0.038461538461538464 0.020432692307692308
20 0.578125 0.5817307692307693 0.037259615384615384 0.020432692307692308
20 0.6141826923076923 0.5817307692307693 0.036057692307692304 0.021634615384615384
20 0.6514423076923077 0.5829326923076923 0.037259615384615384 0.019230769230769232
20 0.6875 0.5817307692307693 0.03485576923076923 0.019230769230769232
20 0.42908653846153844 0.6009615384615384 0.037259615384615384 0.019230769230769232
20 0.46875 0.6021634615384616 0.036057692307692304 0.020432692307692308
20 0.5048076923076923 0.6009615384615384 0.038461538461538464 0.02283653846153846
20 0.5420673076923077 0.6009615384615384 0.036057692307692304 0.021634615384615384
20 0.5793269230769231 0.6021634615384616 0.038461538461538464 0.02403846153846154
20 0.6153846153846154 0.6021634615384616 0.037259615384615384 0.02403846153846154
20 0.6526442307692307 0.6033653846153846 0.039663461538461536 0.020432692307692308
20 0.6911057692307693 0.6033653846153846 0.038461538461538464 0.021634615384615384
20 0.43149038461538464 0.6225961538461539 0.03485576923076923 0.020432692307692308
20 0.4699519230769231 0.6225961538461539 0.038461538461538464 0.02403846153846154
20 0.5060096153846154 0.6213942307692307 0.040865384615384616 0.021634615384615384
20 0.5444711538461539 0.6225961538461539 0.038461538461538464 0.020432692307692308
20 0.5805288461538461 0.6225961538461539 0.038461538461538464 0.020432692307692308
20 0.6177884615384616 0.6237980769230769 0.037259615384615384 0.02283653846153846
20 0.6550480769230769 0.6237980769230769 0.03485576923076923 0.021634615384615384
20 0.6911057692307693 0.6237980769230769 0.038461538461538464 0.021634615384615384
20 0.43028846153846156 0.6430288461538461 0.037259615384615384 0.021634615384615384
20 0.46875 0.6442307692307693 0.038461538461538464 0.020432692307692308
20 0.5072115384615384 0.6442307692307693 0.037259615384615384 0.020432692307692308
20 0.5432692307692307 0.6430288461538461 0.037259615384615384 0.021634615384615384
20 0.5805288461538461 0.6430288461538461 0.038461538461538464 0.021634615384615384
20 0.6177884615384616 0.6442307692307693 0.038461538461538464 0.019230769230769232
20 0.65625 0.6454326923076923 0.038461538461538464 0.019230769230769232
20 0.6935096153846154 0.6430288461538461 0.036057692307692304 0.020432692307692308
20 0.42788461538461536 0.6646634615384616 0.038461538461538464 0.020432692307692308
20 0.46634615384615385 0.6646634615384616 0.038461538461538464 0.020432692307692308
20 0.5060096153846154 0.6658653846153846 0.038461538461538464 0.021634615384615384
20 0.5420673076923077 0.6646634615384616 0.036057692307692304 0.021634615384615384
20 0.5793269230769231 0.6646634615384616 0.039663461538461536 0.02283653846153846
20 0.6165865384615384 0.6646634615384616 0.037259615384615384 0.02283653846153846
20 0.6526442307692307 0.6646634615384616 0.036057692307692304 0.02283653846153846
20 0.6911057692307693 0.6658653846153846 0.03485576923076923 0.02283653846153846
20 0.4254807692307692 0.6862980769230769 0.038461538461538464 0.021634615384615384
20 0.4651442307692308 0.6850961538461539 0.038461538461538464 0.020432692307692308
20 0.5036057692307693 0.6862980769230769 0.038461538461538464 0.020432692307692308
20 0.5408653846153846 0.6862980769230769 0.037259615384615384 0.021634615384615384
20 0.5769230769230769 0.6862980769230769 0.037259615384615384 0.020432692307692308
20 0.6153846153846154 0.6862980769230769 0.037259615384615384 0.020432692307692308
20 0.6514423076923077 0.6862980769230769 0.038461538461538464 0.02283653846153846
20 0.6887019230769231 0.6862980769230769 0.03485576923076923 0.020432692307692308
20 0.4266826923076923 0.7079326923076923 0.038461538461538464 0.020432692307692308
20 0.4639423076923077 0.7079326923076923 0.036057692307692304 0.021634615384615384
20 0.5 0.7079326923076923 0.036057692307692304 0.021634615384615384
20 0.5360576923076923 0.7067307692307693 0.037259615384615384 0.020432692307692308
20 0.5745192307692307 0.7067307692307693 0.036057692307692304 0.021634615384615384
20 0.6105769230769231 0.7067307692307693 0.037259615384615384 0.02283653846153846
20 0.6490384615384616 0.7067307692307693 0.039663461538461536 0.021634615384615384
20 0.6862980769230769 0.7067307692307693 0.036057692307692304 0.021634615384615384
20 0.41947115384615385 0.421875 0.03485576923076923 0.020432692307692308
20 0.41947115384615385 0.4411057692307692 0.036057692307692304 0.020432692307692308
20 0.45552884615384615 0.4230769230769231 0.03485576923076923 0.019230769230769232
20 0.4891826923076923 0.4230769230769231 0.03485576923076923 0.020432692307692308
20 0.5252403846153846 0.4230769230769231 0.03485576923076923 0.020432692307692308
20 0.5600961538461539 0.42427884615384615 0.03245192307692308 0.020432692307692308
20 0.5949519230769231 0.42427884615384615 0.03485576923076923 0.020432692307692308
20 0.6298076923076923 0.42427884615384615 0.03245192307692308 0.018028846153846152
20 0.6634615384615384 0.4254807692307692 0.03245192307692308 0.019230769230769232
20 0.7019230769230769 0.4254807692307692 0.03485576923076923 0.020432692307692308
20 0.7379807692307693 0.4266826923076923 0.03365384615384615 0.019230769230769232
20 0.45552884615384615 0.4423076923076923 0.037259615384615384 0.021634615384615384
20 0.49038461538461536 0.4423076923076923 0.036057692307692304 0.020432692307692308
20 0.5252403846153846 0.4423076923076923 0.037259615384615384 0.020432692307692308
20 0.5600961538461539 0.44350961538461536 0.036057692307692304 0.020432692307692308
20 0.5949519230769231 0.44350961538461536 0.036057692307692304 0.02283653846153846
20 0.6298076923076923 0.44471153846153844 0.03365384615384615 0.020432692307692308
20 0.6646634615384616 0.44471153846153844 0.03245192307692308 0.020432692307692308
20 0.4206730769230769 0.46274038461538464 0.036057692307692304 0.019230769230769232
20 0.45552884615384615 0.46153846153846156 0.037259615384615384 0.020432692307692308
20 0.49158653846153844 0.46153846153846156 0.038461538461538464 0.021634615384615384
20 0.5264423076923077 0.46274038461538464 0.036057692307692304 0.020432692307692308
20 0.5612980769230769 0.46274038461538464 0.03485576923076923 0.020432692307692308
20 0.5961538461538461 0.4639423076923077 0.03485576923076923 0.020432692307692308
20 0.6310096153846154 0.4639423076923077 0.036057692307692304 0.020432692307692308
20 0.6658653846153846 0.4639423076923077 0.036057692307692304 0.020432692307692308
20 0.421875 0.48197115384615385 0.03485576923076923 0.019230769230769232
20 0.4579326923076923 0.48197115384615385 0.037259615384615384 0.020432692307692308
20 0.49278846153846156 0.48197115384615385 0.037259615384615384 0.020432692307692308
20 0.5276442307692307 0.48197115384615385 0.03485576923076923 0.020432692307692308
20 0.5637019230769231 0.4831730769230769 0.037259615384615384 0.020432692307692308
20 0.5985576923076923 0.4831730769230769 0.03485576923076923 0.020432692307692308
20 0.6322115384615384 0.484375 0.03365384615384615 0.020432692307692308
20 0.6670673076923077 0.484375 0.037259615384615384 0.020432692307692308
20 0.41947115384615385 0.5012019230769231 0.036057692307692304 0.018028846153846152
20 0.4567307692307692 0.5012019230769231 0.036057692307692304 0.020432692307692308
20 0.49158653846153844 0.5024038461538461 0.037259615384615384 0.021634615384615384
20 0.5276442307692307 0.5024038461538461 0.037259615384615384 0.020432692307692308
20 0.5637019230769231 0.5024038461538461 0.036057692307692304 0.020432692307692308
20 0.5997596153846154 0.5024038461538461 0.036057692307692304 0.020432692307692308
20 0.6334134615384616 0.5036057692307693 0.036057692307692304 0.020432692307692308
20 0.6682692307692307 0.5036057692307693 0.036057692307692304 0.020432692307692308
20 0.41466346153846156 0.5216346153846154 0.036057692307692304 0.020432692307692308
20 0.4519230769230769 0.5216346153846154 0.036057692307692304 0.020432692307692308
20 0.48677884615384615 0.5216346153846154 0.03485576923076923 0.020432692307692308
20 0.5228365384615384 0.5216346153846154 0.03485576923076923 0.021634615384615384
20 0.5588942307692307 0.5228365384615384 0.03485576923076923 0.020432692307692308
20 0.59375 0.5228365384615384 0.03485576923076923 0.019230769230769232
20 0.6298076923076923 0.5240384615384616 0.03485576923076923 0.019230769230769232
20 0.6646634615384616 0.5228365384615384 0.03365384615384615 0.019230769230769232
20 0.41586538461538464 0.5420673076923077 0.03485576923076923 0.019230769230769232
20 0.45072115384615385 0.5408653846153846 0.037259615384615384 0.019230769230769232
20 0.48677884615384615 0.5420673076923077 0.038461538461538464 0.020432692307692308
20 0.5216346153846154 0.5420673076923077 0.03485576923076923 0.020432692307692308
20 0.5576923076923077 0.5420673076923077 0.036057692307692304 0.019230769230769232
20 0.5913461538461539 0.5432692307692307 0.03365384615384615 0.020432692307692308
20 0.6262019230769231 0.5420673076923077 0.03365384615384615 0.021634615384615384
20 0.6610576923076923 0.5420673076923077 0.03485576923076923 0.020432692307692308
20 0.3713942307692308 0.2644230769230769 0.036057692307692304 0.020432692307692308
20 0.4074519230769231 0.2644230769230769 0.037259615384615384 0.021634615384615384
20 0.44471153846153844 0.265625 0.037259615384615384 0.020432692307692308
20 0.47836538461538464 0.265625 0.036057692307692304 0.020432692307692308
20 0.515625 0.265625 0.038461538461538464 0.019230769230769232
20 0.5516826923076923 0.2668269230769231 0.03485576923076923 0.021634615384615384
20 0.5877403846153846 0.26802884615384615 0.036057692307692304 0.019230769230769232
20 0.6225961538461539 0.2704326923076923 0.036057692307692304 0.021634615384615384
20 0.3713942307692308 0.2848557692307692 0.037259615384615384 0.019230769230769232
20 0.40865384615384615 0.2848557692307692 0.037259615384615384 0.020432692307692308
20 0.44471153846153844 0.2860576923076923 0.036057692307692304 0.021634615384615384
20 0.48197115384615385 0.2860576923076923 0.036057692307692304 0.020432692307692308
20 0.5180288461538461 0.2860576923076923 0.037259615384615384 0.021634615384615384
20 0.5540865384615384 0.28725961538461536 0.037259615384615384 0.020432692307692308
20 0.5901442307692307 0.28846153846153844 0.036057692307692304 0.021634615384615384
20 0.625 0.2920673076923077 0.03365384615384615 0.019230769230769232
20 0.37259615384615385 0.30528846153846156 0.037259615384615384 0.020432692307692308
20 0.4110576923076923 0.30528846153846156 0.039663461538461536 0.019230769230769232
20 0.44711538461538464 0.30649038461538464 0.037259615384615384 0.021634615384615384
20 0.484375 0.30649038461538464 0.037259615384615384 0.020432692307692308
20 0.5192307692307693 0.30649038461538464 0.036057692307692304 0.021634615384615384
20 0.5913461538461539 0.3088942307692308 0.037259615384615384 0.020432692307692308
20 0.6274038461538461 0.3112980769230769 0.036057692307692304 0.020432692307692308
20 0.37740384615384615 0.3269230769230769 0.038461538461538464 0.019230769230769232
20 0.41346153846153844 0.32572115384615385 0.037259615384615384 0.020432692307692308
20 0.4495192307692308 0.3269230769230769 0.037259615384615384 0.021634615384615384
20 0.4855769230769231 0.3269230769230769 0.038461538461538464 0.020432692307692308
20 0.5216346153846154 0.3269230769230769 0.036057692307692304 0.019230769230769232
20 0.5576923076923077 0.328125 0.036057692307692304 0.020432692307692308
20 0.5925480769230769 0.3293269230769231 0.037259615384615384 0.020432692307692308
20 0.6286057692307693 0.3317307692307692 0.036057692307692304 0.020432692307692308
20 0.41586538461538464 0.3473557692307692 0.037259615384615384 0.020432692307692308
20 0.4519230769230769 0.3473557692307692 0.037259615384615384 0.020432692307692308
20 0.48677884615384615 0.3473557692307692 0.037259615384615384 0.020432692307692308
20 0.5240384615384616 0.3485576923076923 0.038461538461538464 0.019230769230769232
20 0.5588942307692307 0.3485576923076923 0.038461538461538464 0.020432692307692308
20 0.5949519230769231 0.34975961538461536 0.037259615384615384 0.020432692307692308
20 0.6310096153846154 0.35096153846153844 0.036057692307692304 0.021634615384615384
20 0.38341346153846156 0.36658653846153844 0.037259615384615384 0.019230769230769232
20 0.41947115384615385 0.36778846153846156 0.037259615384615384 0.020432692307692308
20 0.4543269230769231 0.36778846153846156 0.038461538461538464 0.020432692307692308
20 0.49038461538461536 0.36778846153846156 0.038461538461538464 0.020432692307692308
20 0.5264423076923077 0.36778846153846156 0.036057692307692304 0.019230769230769232
20 0.5612980769230769 0.36899038461538464 0.036057692307692304 0.020432692307692308
20 0.5973557692307693 0.3701923076923077 0.036057692307692304 0.021634615384615384
20 0.6322115384615384 0.3713942307692308 0.03485576923076923 0.020432692307692308
20 0.38461538461538464 0.3870192307692308 0.03485576923076923 0.020432692307692308
20 0.4206730769230769 0.38822115384615385 0.036057692307692304 0.020432692307692308
20 0.4567307692307692 0.38822115384615385 0.036057692307692304 0.020432692307692308
20 0.49278846153846156 0.38822115384615385 0.036057692307692304 0.019230769230769232
20 0.5276442307692307 0.38822115384615385 0.036057692307692304 0.019230769230769232
20 0.5625 0.38822115384615385 0.036057692307692304 0.020432692307692308
20 0.5985576923076923 0.3894230769230769 0.03485576923076923 0.019230769230769232
20 0.6334134615384616 0.390625 0.036057692307692304 0.020432692307692308
20 0.4074519230769231 0.7259615384615384 0.036057692307692304 0.019230769230769232
20 0.44350961538461536 0.7271634615384616 0.036057692307692304 0.016826923076923076
20 0.47836538461538464 0.7271634615384616 0.03485576923076923 0.019230769230769232
20 0.5144230769230769 0.7271634615384616 0.03485576923076923 0.019230769230769232
20 0.5492788461538461 0.7271634615384616 0.036057692307692304 0.019230769230769232
20 0.5841346153846154 0.7271634615384616 0.03485576923076923 0.018028846153846152
20 0.6189903846153846 0.7271634615384616 0.03485576923076923 0.019230769230769232
20 0.6538461538461539 0.7295673076923077 0.03245192307692308 0.019230769230769232
20 0.40384615384615385 0.7451923076923077 0.03485576923076923 0.019230769230769232
20 0.4411057692307692 0.7463942307692307 0.03365384615384615 0.020432692307692308
20 0.47596153846153844 0.7463942307692307 0.03485576923076923 0.019230769230769232
20 0.5108173076923077 0.7463942307692307 0.036057692307692304 0.019230769230769232
20 0.546875 0.7475961538461539 0.03485576923076923 0.020432692307692308
20 0.5829326923076923 0.7475961538461539 0.03365384615384615 0.020432692307692308
20 0.6189903846153846 0.7475961538461539 0.036057692307692304 0.020432692307692308
20 0.6538461538461539 0.75 0.03485576923076923 0.020432692307692308
20 0.39903846153846156 0.7668269230769231 0.036057692307692304 0.020432692307692308
20 0.4362980769230769 0.7668269230769231 0.036057692307692304 0.021634615384615384
20 0.4723557692307692 0.7668269230769231 0.03485576923076923 0.021634615384615384
20 0.5084134615384616 0.7668269230769231 0.03485576923076923 0.021634615384615384
20 0.5444711538461539 0.7668269230769231 0.03485576923076923 0.020432692307692308
20 0.5793269230769231 0.7668269230769231 0.03365384615384615 0.020432692307692308
20 0.6153846153846154 0.7668269230769231 0.036057692307692304 0.019230769230769232
20 0.6514423076923077 0.7692307692307693 0.03485576923076923 0.019230769230769232
20 0.39663461538461536 0.7860576923076923 0.037259615384615384 0.020432692307692308
20 0.4338942307692308 0.7860576923076923 0.036057692307692304 0.021634615384615384
20 0.47115384615384615 0.7872596153846154 0.03485576923076923 0.020432692307692308
20 0.5060096153846154 0.7872596153846154 0.03485576923076923 0.020432692307692308
20 0.5420673076923077 0.7872596153846154 0.03245192307692308 0.019230769230769232
20 0.5769230769230769 0.7872596153846154 0.03245192307692308 0.021634615384615384
20 0.6129807692307693 0.7872596153846154 0.036057692307692304 0.019230769230769232
20 0.6478365384615384 0.7884615384615384 0.03485576923076923 0.021634615384615384
20 0.3942307692307692 0.8064903846153846 0.036057692307692304 0.020432692307692308
20 0.43028846153846156 0.8076923076923077 0.036057692307692304 0.019230769230769232
20 0.46634615384615385 0.8076923076923077 0.03485576923076923 0.019230769230769232
20 0.5024038461538461 0.8064903846153846 0.03485576923076923 0.020432692307692308
20 0.5372596153846154 0.8076923076923077 0.036057692307692304 0.020432692307692308
20 0.5733173076923077 0.8076923076923077 0.03485576923076923 0.021634615384615384
20 0.609375 0.8076923076923077 0.03485576923076923 0.021634615384615384
20 0.6442307692307693 0.8076923076923077 0.03485576923076923 0.021634615384615384
20 0.3942307692307692 0.8269230769230769 0.03485576923076923 0.020432692307692308
20 0.42908653846153844 0.8269230769230769 0.036057692307692304 0.020432692307692308
20 0.4639423076923077 0.8269230769230769 0.03485576923076923 0.020432692307692308
20 0.5 0.8269230769230769 0.03485576923076923 0.020432692307692308
20 0.5360576923076923 0.8269230769230769 0.03485576923076923 0.020432692307692308
20 0.5709134615384616 0.8269230769230769 0.03485576923076923 0.020432692307692308
20 0.6069711538461539 0.828125 0.036057692307692304 0.021634615384615384
20 0.6418269230769231 0.828125 0.03365384615384615 0.020432692307692308
20 0.3918269230769231 0.8473557692307693 0.036057692307692304 0.019230769230769232
20 0.42788461538461536 0.8473557692307693 0.036057692307692304 0.020432692307692308
20 0.4639423076923077 0.8461538461538461 0.03485576923076923 0.021634615384615384
20 0.5 0.8473557692307693 0.03485576923076923 0.020432692307692308
20 0.5348557692307693 0.8473557692307693 0.03485576923076923 0.020432692307692308
20 0.5697115384615384 0.8485576923076923 0.03365384615384615 0.019230769230769232
20 0.6045673076923077 0.8485576923076923 0.036057692307692304 0.021634615384615384
20 0.640625 0.8485576923076923 0.03485576923076923 0.019230769230769232
20 0.6550480769230769 0.11778846153846154 0.03485576923076923 0.018028846153846152
20 0.6550480769230769 0.13822115384615385 0.036057692307692304 0.021634615384615384
20 0.6574519230769231 0.15985576923076922 0.036057692307692304 0.021634615384615384
20 0.6622596153846154 0.1814903846153846 0.03485576923076923 0.021634615384615384
20 0.6971153846153846 0.18269230769230768 0.03485576923076923 0.021634615384615384
20 0.6935096153846154 0.1622596153846154 0.036057692307692304 0.021634615384615384
20 0.6911057692307693 0.14182692307692307 0.03485576923076923 0.020432692307692308
20 0.41225961538461536 0.1141826923076923 0.036057692307692304 0.020432692307692308
20 0.41225961538461536 0.13581730769230768 0.037259615384615384 0.020432692307692308
20 0.4495192307692308 0.1141826923076923 0.037259615384615384 0.020432692307692308
20 0.4855769230769231 0.1141826923076923 0.039663461538461536 0.020432692307692308
20 0.45072115384615385 0.1346153846153846 0.038461538461538464 0.020432692307692308
20 0.48677884615384615 0.1346153846153846 0.036057692307692304 0.020432692307692308
20 0.36538461538461536 0.15264423076923078 0.036057692307692304 0.021634615384615384
20 0.36538461538461536 0.17307692307692307 0.036057692307692304 0.02283653846153846
20 0.4026442307692308 0.15865384615384615 0.036057692307692304 0.020432692307692308
20 0.4423076923076923 0.15745192307692307 0.038461538461538464 0.021634615384615384
20 0.47836538461538464 0.15504807692307693 0.039663461538461536 0.021634615384615384
20 0.6177884615384616 0.12740384615384615 0.036057692307692304 0.019230769230769232
20 0.6177884615384616 0.1466346153846154 0.036057692307692304 0.020432692307692308
20 0.3762019230769231 0.1310096153846154 0.03485576923076923 0.021634615384615384
20 0.49759615384615385 0.22596153846153846 0.036057692307692304 0.020432692307692308
20 0.5348557692307693 0.22716346153846154 0.03485576923076923 0.020432692307692308
20 0.7379807692307693 0.11298076923076923 0.03485576923076923 0.020432692307692308
20 0.7728365384615384 0.11177884615384616 0.03365384615384615 0.019230769230769232
20 0.8100961538461539 0.11298076923076923 0.03485576923076923 0.020432692307692308
20 0.84375 0.11298076923076923 0.037259615384615384 0.020432692307692308
20 0.8798076923076923 0.11298076923076923 0.036057692307692304 0.020432692307692308
20 0.9158653846153846 0.11298076923076923 0.03485576923076923 0.020432692307692308
20 0.9519230769230769 0.11057692307692307 0.03365384615384615 0.020432692307692308
20 0.9831730769230769 0.11538461538461539 0.03365384615384615 0.019230769230769232
20 0.7379807692307693 0.13341346153846154 0.03485576923076923 0.021634615384615384
20 0.7728365384615384 0.13221153846153846 0.03485576923076923 0.020432692307692308
20 0.8088942307692307 0.13341346153846154 0.036057692307692304 0.021634615384615384
20 0.8449519230769231 0.13341346153846154 0.03365384615384615 0.021634615384615384
20 0.8810096153846154 0.13341346153846154 0.037259615384615384 0.021634615384615384
20 0.9158653846153846 0.13341346153846154 0.036057692307692304 0.021634615384615384
20 0.9519230769230769 0.13221153846153846 0.036057692307692304 0.020432692307692308
20 0.984375 0.13581730769230768 0.03125 0.021634615384615384
20 0.7379807692307693 0.15384615384615385 0.03365384615384615 0.019230769230769232
20 0.7740384615384616 0.15384615384615385 0.03365384615384615 0.020432692307692308
20 0.8088942307692307 0.15384615384615385 0.038461538461538464 0.021634615384615384
20 0.8449519230769231 0.15384615384615385 0.03485576923076923 0.020432692307692308
20 0.8798076923076923 0.15504807692307693 0.03485576923076923 0.021634615384615384
20 0.9170673076923077 0.15504807692307693 0.03365384615384615 0.020432692307692308
20 0.9519230769230769 0.15144230769230768 0.036057692307692304 0.021634615384615384
20 0.9855769230769231 0.15745192307692307 0.028846153846153848 0.020432692307692308
20 0.7379807692307693 0.17548076923076922 0.03485576923076923 0.021634615384615384
20 0.7728365384615384 0.17427884615384615 0.03365384615384615 0.020432692307692308
20 0.8100961538461539 0.17548076923076922 0.03485576923076923 0.019230769230769232
20 0.8449519230769231 0.17548076923076922 0.03485576923076923 0.020432692307692308
20 0.8810096153846154 0.17548076923076922 0.03485576923076923 0.019230769230769232
20 0.9170673076923077 0.17548076923076922 0.03485576923076923 0.020432692307692308
20 0.953125 0.17307692307692307 0.036057692307692304 0.020432692307692308
20 0.9855769230769231 0.1778846153846154 0.028846153846153848 0.021634615384615384
20 0.7391826923076923 0.19591346153846154 0.036057692307692304 0.019230769230769232
20 0.7740384615384616 0.19591346153846154 0.03485576923076923 0.021634615384615384
20 0.8088942307692307 0.19591346153846154 0.03365384615384615 0.021634615384615384
20 0.8461538461538461 0.19591346153846154 0.03485576923076923 0.020432692307692308
20 0.8822115384615384 0.19591346153846154 0.036057692307692304 0.020432692307692308
20 0.9170673076923077 0.19591346153846154 0.036057692307692304 0.021634615384615384
20 0.953125 0.1935096153846154 0.03485576923076923 0.019230769230769232
20 0.9855769230769231 0.19951923076923078 0.028846153846153848 0.020432692307692308
20 0.7403846153846154 0.21634615384615385 0.036057692307692304 0.019230769230769232
20 0.7752403846153846 0.21634615384615385 0.036057692307692304 0.021634615384615384
20 0.8100961538461539 0.21634615384615385 0.037259615384615384 0.021634615384615384
20 0.8473557692307693 0.21634615384615385 0.037259615384615384 0.020432692307692308
20 0.8810096153846154 0.21634615384615385 0.037259615384615384 0.020432692307692308
20 0.9170673076923077 0.21634615384615385 0.03485576923076923 0.020432692307692308
20 0.953125 0.2127403846153846 0.036057692307692304 0.020432692307692308
20 0.9855769230769231 0.21995192307692307 0.028846153846153848 0.020432692307692308
20 0.9543269230769231 0.23317307692307693 0.03485576923076923 0.020432692307692308
20 0.9855769230769231 0.23918269230769232 0.028846153846153848 0.018028846153846152
20 0.9182692307692307 0.23677884615384615 0.03485576923076923 0.020432692307692308
20 0.8834134615384616 0.23677884615384615 0.037259615384615384 0.020432692307692308
20 0.8473557692307693 0.23677884615384615 0.03485576923076923 0.020432692307692308
20 0.8112980769230769 0.23677884615384615 0.036057692307692304 0.020432692307692308
20 0.7764423076923077 0.23557692307692307 0.036057692307692304 0.019230769230769232
20 0.7415865384615384 0.23677884615384615 0.037259615384615384 0.020432692307692308
20 0.6923076923076923 0.2668269230769231 0.03365384615384615 0.020432692307692308
20 0.7283653846153846 0.2668269230769231 0.03485576923076923 0.021634615384615384
20 0.7644230769230769 0.2668269230769231 0.03365384615384615 0.020432692307692308
20 0.7992788461538461 0.26802884615384615 0.03485576923076923 0.020432692307692308
20 0.8353365384615384 0.26802884615384615 0.03485576923076923 0.020432692307692308
20 0.8713942307692307 0.2692307692307692 0.03365384615384615 0.020432692307692308
20 0.9050480769230769 0.2692307692307692 0.03245192307692308 0.020432692307692308
20 0.9399038461538461 0.2704326923076923 0.03365384615384615 0.019230769230769232
20 0.6923076923076923 0.2860576923076923 0.03485576923076923 0.020432692307692308
20 0.7271634615384616 0.28725961538461536 0.03365384615384615 0.021634615384615384
20 0.7620192307692307 0.28846153846153844 0.03365384615384615 0.02283653846153846
20 0.7980769230769231 0.28966346153846156 0.03485576923076923 0.021634615384615384
20 0.8353365384615384 0.29086538461538464 0.03365384615384615 0.021634615384615384
20 0.8701923076923077 0.29086538461538464 0.03485576923076923 0.020432692307692308
20 0.90625 0.29086538461538464 0.03485576923076923 0.020432692307692308
20 0.9411057692307693 0.2920673076923077 0.03125 0.019230769230769232
20 0.6862980769230769 0.3088942307692308 0.036057692307692304 0.019230769230769232
20 0.7235576923076923 0.3088942307692308 0.03485576923076923 0.020432692307692308
20 0.7596153846153846 0.3088942307692308 0.036057692307692304 0.020432692307692308
20 0.7956730769230769 0.31009615384615385 0.03485576923076923 0.021634615384615384
20 0.8317307692307693 0.31009615384615385 0.03365384615384615 0.020432692307692308
20 0.8677884615384616 0.3112980769230769 0.03485576923076923 0.021634615384615384
20 0.9050480769230769 0.3112980769230769 0.038461538461538464 0.020432692307692308
20 0.9411057692307693 0.3125 0.03485576923076923 0.020432692307692308
20 0.6838942307692307 0.3293269230769231 0.036057692307692304 0.020432692307692308
20 0.7211538461538461 0.3293269230769231 0.036057692307692304 0.021634615384615384
20 0.7584134615384616 0.3293269230769231 0.03485576923076923 0.021634615384615384
20 0.7944711538461539 0.33052884615384615 0.03485576923076923 0.020432692307692308
20 0.8305288461538461 0.3317307692307692 0.036057692307692304 0.021634615384615384
20 0.8689903846153846 0.3317307692307692 0.03485576923076923 0.021634615384615384
20 0.9050480769230769 0.3112980769230769 0.03485576923076923 0.020432692307692308
20 0.9050480769230769 0.3317307692307692 0.036057692307692304 0.020432692307692308
20 0.9423076923076923 0.3329326923076923 0.03365384615384615 0.019230769230769232
20 0.6850961538461539 0.34975961538461536 0.036057692307692304 0.020432692307692308
20 0.7199519230769231 0.34975961538461536 0.036057692307692304 0.021634615384615384
20 0.7560096153846154 0.35096153846153844 0.03485576923076923 0.020432692307692308
20 0.7944711538461539 0.35096153846153844 0.036057692307692304 0.020432692307692308
20 0.8305288461538461 0.35096153846153844 0.03485576923076923 0.020432692307692308
20 0.8677884615384616 0.35216346153846156 0.036057692307692304 0.021634615384615384
20 0.9038461538461539 0.35216346153846156 0.03485576923076923 0.020432692307692308
20 0.9411057692307693 0.35336538461538464 0.03485576923076923 0.019230769230769232
20 0.6850961538461539 0.3701923076923077 0.036057692307692304 0.019230769230769232
20 0.7199519230769231 0.3701923076923077 0.036057692307692304 0.020432692307692308
20 0.7560096153846154 0.3713942307692308 0.03485576923076923 0.019230769230769232
20 0.7956730769230769 0.3713942307692308 0.03485576923076923 0.020432692307692308
20 0.8305288461538461 0.37259615384615385 0.03485576923076923 0.020432692307692308
20 0.8665865384615384 0.37259615384615385 0.03485576923076923 0.020432692307692308
20 0.9038461538461539 0.37259615384615385 0.03365384615384615 0.020432692307692308
20 0.9423076923076923 0.3737980769230769 0.03485576923076923 0.021634615384615384
20 0.6862980769230769 0.390625 0.03485576923076923 0.019230769230769232
20 0.7223557692307693 0.390625 0.03485576923076923 0.019230769230769232
20 0.7596153846153846 0.390625 0.036057692307692304 0.019230769230769232
20 0.7956730769230769 0.3918269230769231 0.03485576923076923 0.021634615384615384
20 0.8329326923076923 0.3918269230769231 0.03485576923076923 0.020432692307692308
20 0.8677884615384616 0.39302884615384615 0.03485576923076923 0.020432692307692308
20 0.9038461538461539 0.39302884615384615 0.036057692307692304 0.020432692307692308
20 0.9387019230769231 0.3942307692307692 0.03485576923076923 0.019230769230769232
20 0.6983173076923077 0.44591346153846156 0.03365384615384615 0.019230769230769232
20 0.7319711538461539 0.44591346153846156 0.03485576923076923 0.020432692307692308
20 0.7668269230769231 0.44591346153846156 0.03485576923076923 0.019230769230769232
20 0.8016826923076923 0.44591346153846156 0.036057692307692304 0.019230769230769232
20 0.8377403846153846 0.44711538461538464 0.03365384615384615 0.019230769230769232
20 0.8725961538461539 0.44711538461538464 0.03485576923076923 0.020432692307692308
20 0.9074519230769231 0.4483173076923077 0.03485576923076923 0.019230769230769232
20 0.9423076923076923 0.4495192307692308 0.03365384615384615 0.019230769230769232
20 0.9423076923076923 0.43028846153846156 0.03485576923076923 0.019230769230769232
20 0.9086538461538461 0.42788461538461536 0.03365384615384615 0.019230769230769232
20 0.8737980769230769 0.42788461538461536 0.03485576923076923 0.019230769230769232
20 0.8401442307692307 0.42788461538461536 0.03365384615384615 0.018028846153846152
20 0.8052884615384616 0.4266826923076923 0.036057692307692304 0.019230769230769232
20 0.7716346153846154 0.4266826923076923 0.03365384615384615 0.018028846153846152
20 0.9423076923076923 0.46875 0.03485576923076923 0.019230769230769232
20 0.9074519230769231 0.4675480769230769 0.03485576923076923 0.019230769230769232
20 0.8725961538461539 0.4675480769230769 0.036057692307692304 0.020432692307692308
20 0.8377403846153846 0.46634615384615385 0.03365384615384615 0.019230769230769232
20 0.8028846153846154 0.46634615384615385 0.036057692307692304 0.019230769230769232
20 0.7692307692307693 0.46634615384615385 0.03365384615384615 0.018028846153846152
20 0.734375 0.46634615384615385 0.036057692307692304 0.019230769230769232
20 0.6995192307692307 0.4651442307692308 0.03485576923076923 0.019230769230769232
20 0.703125 0.4855769230769231 0.03485576923076923 0.019230769230769232
20 0.7379807692307693 0.484375 0.03125 0.019230769230769232
20 0.7704326923076923 0.4855769230769231 0.03245192307692308 0.019230769230769232
20 0.8028846153846154 0.4855769230769231 0.03245192307692308 0.019230769230769232
20 0.8389423076923077 0.48677884615384615 0.03485576923076923 0.018028846153846152
20 0.8725961538461539 0.48677884615384615 0.036057692307692304 0.019230769230769232
20 0.9086538461538461 0.48677884615384615 0.03485576923076923 0.020432692307692308
20 0.9423076923076923 0.4879807692307692 0.03485576923076923 0.019230769230769232
20 0.7019230769230769 0.5048076923076923 0.03485576923076923 0.019230769230769232
20 0.7367788461538461 0.5048076923076923 0.03365384615384615 0.018028846153846152
20 0.7716346153846154 0.5060096153846154 0.03485576923076923 0.020432692307692308
20 0.8052884615384616 0.5060096153846154 0.03485576923076923 0.019230769230769232
20 0.8401442307692307 0.5060096153846154 0.03485576923076923 0.020432692307692308
20 0.8737980769230769 0.5060096153846154 0.03485576923076923 0.019230769230769232
20 0.9074519230769231 0.5060096153846154 0.03245192307692308 0.019230769230769232
20 0.9411057692307693 0.5072115384615384 0.03365384615384615 0.018028846153846152
20 0.7019230769230769 0.5240384615384616 0.036057692307692304 0.018028846153846152
20 0.7367788461538461 0.5240384615384616 0.03365384615384615 0.019230769230769232
20 0.7704326923076923 0.5240384615384616 0.03485576923076923 0.020432692307692308
20 0.8052884615384616 0.5240384615384616 0.03485576923076923 0.019230769230769232
20 0.8389423076923077 0.5252403846153846 0.03365384615384615 0.021634615384615384
20 0.8737980769230769 0.5252403846153846 0.036057692307692304 0.019230769230769232
20 0.9074519230769231 0.5264423076923077 0.03485576923076923 0.019230769230769232
20 0.9411057692307693 0.5264423076923077 0.03245192307692308 0.019230769230769232
20 0.7007211538461539 0.5420673076923077 0.03365384615384615 0.019230769230769232
20 0.7367788461538461 0.5432692307692307 0.03365384615384615 0.019230769230769232
20 0.7692307692307693 0.5432692307692307 0.036057692307692304 0.019230769230769232
20 0.8040865384615384 0.5444711538461539 0.03485576923076923 0.019230769230769232
20 0.8040865384615384 0.5444711538461539 0.03365384615384615 0.019230769230769232
20 0.8389423076923077 0.5444711538461539 0.03365384615384615 0.019230769230769232
20 0.8737980769230769 0.5444711538461539 0.03365384615384615 0.018028846153846152
20 0.90625 0.5444711538461539 0.03245192307692308 0.018028846153846152
20 0.9399038461538461 0.5444711538461539 0.03245192307692308 0.019230769230769232
20 0.7211538461538461 0.5805288461538461 0.03485576923076923 0.020432692307692308
20 0.7572115384615384 0.5805288461538461 0.03365384615384615 0.020432692307692308
20 0.7920673076923077 0.5805288461538461 0.03365384615384615 0.020432692307692308
20 0.8269230769230769 0.5817307692307693 0.03485576923076923 0.019230769230769232
20 0.8629807692307693 0.5805288461538461 0.036057692307692304 0.020432692307692308
20 0.8990384615384616 0.5817307692307693 0.03485576923076923 0.020432692307692308
20 0.9338942307692307 0.5829326923076923 0.03365384615384615 0.019230769230769232
20 0.9663461538461539 0.5829326923076923 0.03365384615384615 0.020432692307692308
20 0.7247596153846154 0.5997596153846154 0.030048076923076924 0.020432692307692308
20 0.7584134615384616 0.6009615384615384 0.036057692307692304 0.019230769230769232
20 0.7932692307692307 0.6009615384615384 0.037259615384615384 0.020432692307692308
20 0.8305288461538461 0.6009615384615384 0.036057692307692304 0.020432692307692308
20 0.8653846153846154 0.6009615384615384 0.036057692307692304 0.020432692307692308
20 0.9014423076923077 0.6033653846153846 0.036057692307692304 0.019230769230769232
20 0.9375 0.6033653846153846 0.03485576923076923 0.019230769230769232
20 0.96875 0.6033653846153846 0.03125 0.019230769230769232
20 0.7247596153846154 0.6201923076923077 0.03125 0.021634615384615384
20 0.7596153846153846 0.6201923076923077 0.036057692307692304 0.020432692307692308
20 0.796875 0.6201923076923077 0.036057692307692304 0.020432692307692308
20 0.8317307692307693 0.6225961538461539 0.03485576923076923 0.020432692307692308
20 0.8677884615384616 0.6225961538461539 0.036057692307692304 0.019230769230769232
20 0.9050480769230769 0.6225961538461539 0.03485576923076923 0.020432692307692308
20 0.9387019230769231 0.6237980769230769 0.036057692307692304 0.020432692307692308
20 0.9711538461538461 0.6225961538461539 0.030048076923076924 0.020432692307692308
20 0.7259615384615384 0.6394230769230769 0.03485576923076923 0.020432692307692308
20 0.7608173076923077 0.640625 0.038461538461538464 0.019230769230769232
20 0.7980769230769231 0.6418269230769231 0.036057692307692304 0.020432692307692308
20 0.8353365384615384 0.6418269230769231 0.038461538461538464 0.019230769230769232
20 0.8713942307692307 0.6430288461538461 0.037259615384615384 0.019230769230769232
20 0.9074519230769231 0.6430288461538461 0.036057692307692304 0.020432692307692308
20 0.9435096153846154 0.6430288461538461 0.036057692307692304 0.020432692307692308
20 0.9771634615384616 0.6430288461538461 0.03485576923076923 0.019230769230769232
20 0.7259615384615384 0.6598557692307693 0.03245192307692308 0.021634615384615384
20 0.7632211538461539 0.6610576923076923 0.037259615384615384 0.019230769230769232
20 0.8004807692307693 0.6622596153846154 0.03485576923076923 0.020432692307692308
20 0.8377403846153846 0.6622596153846154 0.036057692307692304 0.020432692307692308
20 0.8737980769230769 0.6622596153846154 0.036057692307692304 0.020432692307692308
20 0.9098557692307693 0.6622596153846154 0.036057692307692304 0.020432692307692308
20 0.9447115384615384 0.6634615384615384 0.036057692307692304 0.019230769230769232
20 0.9795673076923077 0.6646634615384616 0.03485576923076923 0.019230769230769232
20 0.7307692307692307 0.6814903846153846 0.037259615384615384 0.019230769230769232
20 0.7668269230769231 0.6814903846153846 0.036057692307692304 0.019230769230769232
20 0.8040865384615384 0.6814903846153846 0.036057692307692304 0.021634615384615384
20 0.8401442307692307 0.6826923076923077 0.036057692307692304 0.020432692307692308
20 0.8762019230769231 0.6826923076923077 0.03485576923076923 0.020432692307692308
20 0.9110576923076923 0.6838942307692307 0.036057692307692304 0.020432692307692308
20 0.9471153846153846 0.6838942307692307 0.03365384615384615 0.020432692307692308
20 0.9807692307692307 0.6838942307692307 0.03245192307692308 0.019230769230769232
20 0.7331730769230769 0.7019230769230769 0.036057692307692304 0.020432692307692308
20 0.7704326923076923 0.7007211538461539 0.03485576923076923 0.019230769230769232
20 0.8064903846153846 0.7019230769230769 0.03485576923076923 0.019230769230769232
20 0.8413461538461539 0.7019230769230769 0.037259615384615384 0.020432692307692308
20 0.8774038461538461 0.703125 0.03485576923076923 0.020432692307692308
20 0.9134615384615384 0.703125 0.036057692307692304 0.019230769230769232
20 0.9483173076923077 0.7043269230769231 0.03485576923076923 0.020432692307692308
20 0.9819711538461539 0.7043269230769231 0.03125 0.020432692307692308
20 0.7151442307692307 0.7295673076923077 0.036057692307692304 0.018028846153846152
20 0.7487980769230769 0.7307692307692307 0.03365384615384615 0.018028846153846152
20 0.7824519230769231 0.7295673076923077 0.03485576923076923 0.018028846153846152
20 0.8185096153846154 0.7295673076923077 0.03365384615384615 0.016826923076923076
20 0.8509615384615384 0.7307692307692307 0.03485576923076923 0.019230769230769232
20 0.8858173076923077 0.7307692307692307 0.03245192307692308 0.018028846153846152
20 0.9194711538461539 0.7307692307692307 0.03485576923076923 0.019230769230769232
20 0.9519230769230769 0.7307692307692307 0.03245192307692308 0.019230769230769232
20 0.7019230769230769 0.7487980769230769 0.03485576923076923 0.019230769230769232
20 0.7391826923076923 0.7487980769230769 0.03365384615384615 0.019230769230769232
20 0.7740384615384616 0.75 0.036057692307692304 0.020432692307692308
20 0.8088942307692307 0.7487980769230769 0.03485576923076923 0.019230769230769232
20 0.8485576923076923 0.75 0.03485576923076923 0.019230769230769232
20 0.8822115384615384 0.75 0.03245192307692308 0.019230769230769232
20 0.9170673076923077 0.75 0.03245192307692308 0.018028846153846152
20 0.9483173076923077 0.75 0.03365384615384615 0.018028846153846152
20 0.6983173076923077 0.7692307692307693 0.03485576923076923 0.019230769230769232
20 0.7319711538461539 0.7680288461538461 0.03365384615384615 0.016826923076923076
20 0.7680288461538461 0.7692307692307693 0.03485576923076923 0.019230769230769232
20 0.8016826923076923 0.7692307692307693 0.03485576923076923 0.019230769230769232
20 0.8365384615384616 0.7680288461538461 0.03245192307692308 0.019230769230769232
20 0.8701923076923077 0.7692307692307693 0.03245192307692308 0.018028846153846152
20 0.9074519230769231 0.7680288461538461 0.03245192307692308 0.019230769230769232
20 0.9435096153846154 0.7680288461538461 0.036057692307692304 0.020432692307692308
20 0.6935096153846154 0.7872596153846154 0.036057692307692304 0.018028846153846152
20 0.7295673076923077 0.7884615384615384 0.03365384615384615 0.019230769230769232
20 0.7632211538461539 0.7884615384615384 0.036057692307692304 0.019230769230769232
20 0.7980769230769231 0.7884615384615384 0.03365384615384615 0.019230769230769232
20 0.8317307692307693 0.7872596153846154 0.03245192307692308 0.016826923076923076
20 0.8677884615384616 0.7884615384615384 0.03485576923076923 0.018028846153846152
20 0.9014423076923077 0.7872596153846154 0.03365384615384615 0.019230769230769232
20 0.9362980769230769 0.7872596153846154 0.03245192307692308 0.018028846153846152
20 0.6875 0.8064903846153846 0.03365384615384615 0.020432692307692308
20 0.7211538461538461 0.8064903846153846 0.03365384615384615 0.020432692307692308
20 0.7548076923076923 0.8064903846153846 0.03365384615384615 0.018028846153846152
20 0.7908653846153846 0.8076923076923077 0.03485576923076923 0.019230769230769232
20 0.8245192307692307 0.8076923076923077 0.036057692307692304 0.020432692307692308
20 0.8257211538461539 0.8076923076923077 0.03485576923076923 0.019230769230769232
20 0.859375 0.8064903846153846 0.03485576923076923 0.020432692307692308
20 0.8930288461538461 0.8064903846153846 0.03485576923076923 0.019230769230769232
20 0.9254807692307693 0.8052884615384616 0.03365384615384615 0.019230769230769232
20 0.6838942307692307 0.8269230769230769 0.03485576923076923 0.018028846153846152
20 0.7175480769230769 0.8269230769230769 0.03245192307692308 0.019230769230769232
20 0.7524038461538461 0.8269230769230769 0.03485576923076923 0.018028846153846152
20 0.7872596153846154 0.8269230769230769 0.03485576923076923 0.019230769230769232
20 0.8221153846153846 0.8269230769230769 0.03365384615384615 0.019230769230769232
20 0.8545673076923077 0.8257211538461539 0.03125 0.016826923076923076
20 0.8882211538461539 0.8257211538461539 0.03245192307692308 0.018028846153846152
20 0.9230769230769231 0.8245192307692307 0.03485576923076923 0.019230769230769232
20 0.6742788461538461 0.8449519230769231 0.03125 0.020432692307692308
20 0.7079326923076923 0.8461538461538461 0.03365384615384615 0.019230769230769232
20 0.7415865384615384 0.8449519230769231 0.03485576923076923 0.018028846153846152
20 0.7764423076923077 0.8461538461538461 0.03365384615384615 0.019230769230769232
20 0.8100961538461539 0.8461538461538461 0.03485576923076923 0.019230769230769232
20 0.84375 0.8461538461538461 0.03245192307692308 0.018028846153846152
20 0.8774038461538461 0.8449519230769231 0.03485576923076923 0.018028846153846152
20 0.9098557692307693 0.8449519230769231 0.03245192307692308 0.018028846153846152
20 0.5393518509615385 0.091796875 0.5081018509615385 0.08268229086538462 0.4924768509615385 0.09993489663461538 0.5225694447115384 0.109375 0.5393518509615385 0.091796875
20 0.5046296298076923 0.12369791586538462 0.5214120360576924 0.1416015625 0.5538194447115384 0.13444010336538462 0.5370370360576924 0.11588541586538462 0.5046296298076923 0.12369791586538462
20 0.5549768509615385 0.12174479086538462 0.5700231490384615 0.1044921875 0.5387731490384615 0.09440104086538462 0.5243055552884616 0.11263020913461538 0.5549768509615385 0.12174479086538462
20 0.3952546298076923 0.21484375 0.41261574038461535 0.19661458413461538 0.3825231490384615 0.18587239663461538 0.3640046298076923 0.20345052163461538 0.3952546298076923 0.21484375
20 0.3796296298076923 0.185546875 0.4103009254807692 0.19563802163461538 0.4299768509615385 0.1787109375 0.3993055552884615 0.16666666586538462 0.38136574038461535 0.1845703125 0.3796296298076923 0.185546875
20 0.41956018509615384 0.2333984375 0.439236110576923 0.21516927163461538 0.40972222115384616 0.2041015625 0.3912037043269231 0.2236328125 0.41956018509615384 0.2333984375
20 0.43865740625 0.2158203125 0.4577546298076923 0.19661458413461538 0.42534722115384616 0.18684895913461538 0.40740740625 0.20377604086538462 0.43865740625 0.2158203125
20 0.4537037043269231 0.19661458413461538 0.4716435192307692 0.17708333413461538 0.4415509254807692 0.16829427163461538 0.423611110576923 0.18619791586538462 0.4537037043269231 0.19661458413461538
20 0.5376157403846153 0.16569010336538462 0.5648148149038461 0.15234375 0.5358796298076923 0.13606770913461538 0.513888889423077 0.15006510336538462 0.5376157403846153 0.16569010336538462
20 0.5752314807692308 0.158203125 0.5995370360576924 0.14225260336538462 0.5752314807692308 0.12858072836538462 0.5520833341346154 0.142578125 0.5752314807692308 0.158203125
20 0.4299768509615385 0.228515625 0.45949074038461535 0.23763020913461538 0.4768518509615385 0.220703125 0.4484953701923077 0.20963541586538462 0.4305555552884615 0.2275390625 0.4299768509615385 0.228515625
20 0.4421296298076923 0.20833333413461538 0.4762731490384615 0.21809895913461538 0.49479166586538464 0.20084635336538462 0.4658564807692308 0.19075520913461538 0.4421296298076923 0.20833333413461538
20 0.4942129639423077 0.201171875 0.5115740745192308 0.18326822836538462 0.4814814807692308 0.17122395913461538 0.4629629639423077 0.18912760336538462 0.4942129639423077 0.201171875
20 0.515625 0.18326822836538462 0.5416666658653846 0.17024739663461538 0.5162037043269231 0.15397135336538462 0.48958333413461536 0.16829427163461538 0.515625 0.18326822836538462
20 0.5214120360576924 0.2177734375 0.5422453701923077 0.20084635336538462 0.5086805552884616 0.18912760336538462 0.48958333413461536 0.2080078125 0.4901620360576923 0.208984375 0.5214120360576924 0.2177734375
20 0.5350706153846153 0.20363386538461536 0.5543981490384615 0.22102864663461538 0.5879629639423076 0.20833333413461538 0.564236110576923 0.19173177163461538 0.5350706153846153 0.20363386538461536
20 0.5387731490384615 0.201171875 0.5700231490384615 0.18717447836538462 0.5405092596153847 0.17057291586538462 0.5179398149038461 0.18522135336538462 0.5387731490384615 0.201171875
20 0.5619212956730769 0.181640625 0.5879629639423076 0.16861979086538462 0.564236110576923 0.15266927163461538 0.5370370360576924 0.16764322836538462 0.5619212956730769 0.181640625
20 0.5717592596153847 0.23893229086538462 0.6018518509615385 0.22916666586538462 0.5815972211538462 0.21061197836538462 0.5515046298076923 0.2236328125 0.5717592596153847 0.23893229086538462
20 0.5914351850961539 0.21809895913461538 0.6244212956730769 0.2158203125 0.6203703701923077 0.19498697836538462 0.5856481490384615 0.20052083413461538 0.5914351850961539 0.21809895913461538
20 0.6273148149038461 0.21712239663461538 0.6631944447115384 0.21256510336538462 0.6556712956730769 0.1923828125 0.6221064807692307 0.19694010336538462 0.6273148149038461 0.21712239663461538
20 0.576388889423077 0.20084635336538462 0.6122685192307692 0.1943359375 0.6012731490384615 0.173828125 0.5625 0.18098958413461538 0.576388889423077 0.20084635336538462
20 0.6099537043269231 0.19173177163461538 0.6446759254807692 0.18391927163461538 0.6331018509615384 0.1650390625 0.6001157403846153 0.17252604086538462 0.6099537043269231 0.19173177163461538
20 0.6030092596153847 0.240234375 0.6377314807692307 0.2392578125 0.6377314807692307 0.21907552163461538 0.5995370360576924 0.220703125 0.6030092596153847 0.240234375
20 0.6475694447115384 0.23990885336538462 0.6793981490384616 0.23177083413461538 0.6689814807692307 0.21223958413461538 0.6354166658653846 0.21940104086538462 0.6475694447115384 0.23990885336538462
20 0.6880787043269231 0.22233072836538462 0.7129629639423077 0.2080078125 0.6886574062499999 0.19303385336538462 0.6620370360576923 0.20638020913461538 0.6880787043269231 0.22233072836538462
20 0.5700231490384615 0.13151041586538462 0.5706018509615385 0.12727864663461538 0.578125 0.12727864663461538 0.5787037043269231 0.13118489663461538 0.5908564807692308 0.13444010336538462 0.6006944447115384 0.11588541586538462 0.5671296298076923 0.10904947836538462 0.5578703701923077 0.12825520913461538 0.5700231490384615 0.13151041586538462